1300	-5000	1	0
1300	-5000	1	0
1300	-5000	1	0
1300	-5000	1	0
1300	-5000	1	0
1300	-5000	1	0
1300	-5000	1	0
1300	-5000	1	0
1300	-5000	1	-7.23598e-05
1300	-5000	1	-0.000289449
1300	-4999.99	1	-0.000651287
1300	-4999.99	0.999999	-0.00115789
1300	-4999.98	0.999998	-0.0018092
1300	-4999.98	0.999997	-0.00260516
1300	-4999.97	0.999994	-0.00354577
1300	-4999.96	0.999989	-0.00463105
1300	-4999.95	0.999983	-0.00586103
1300	-4999.94	0.999974	-0.00723562
1300	-4999.92	0.999962	-0.00875472
1300	-4999.91	0.999946	-0.0104183
1300	-4999.89	0.999925	-0.0122265
1300	-4999.88	0.999899	-0.0141792
1300	-4999.86	0.999868	-0.0162763
1300	-4999.84	0.999829	-0.0185178
1300	-4999.82	0.999781	-0.0209035
1300	-4999.8	0.999725	-0.0234336
1300	-4999.77	0.999659	-0.0261039
1300	-4999.75	0.999582	-0.0289103
1300	-4999.72	0.999493	-0.0318527
1299.99	-4999.7	0.99939	-0.0349312
1299.99	-4999.67	0.999272	-0.0381456
1299.99	-4999.64	0.999139	-0.0414959
1299.99	-4999.61	0.998988	-0.0449818
1299.99	-4999.58	0.998818	-0.0486032
1299.99	-4999.54	0.998628	-0.0523601
1299.99	-4999.51	0.998417	-0.0562523
1299.98	-4999.47	0.998182	-0.0602756
1299.98	-4999.44	0.997915	-0.0645344
1299.98	-4999.4	0.997607	-0.069144
1299.98	-4999.35	0.997246	-0.074162
1299.97	-4999.31	0.996824	-0.0796335
1299.97	-4999.26	0.996342	-0.0854589
1299.96	-4999.2	0.995808	-0.0914716
1299.96	-4999.15	0.995226	-0.0975988
1299.95	-4999.09	0.994594	-0.10384
1299.95	-4999.04	0.993902	-0.110271
1299.94	-4998.98	0.993058	-0.117625
1299.93	-4998.9	0.99194	-0.126706
1299.92	-4998.8	0.9904	-0.138232
1299.9	-4998.67	0.988207	-0.153123
1299.87	-4998.51	0.985146	-0.171721
1299.84	-4998.32	0.981002	-0.193996
1299.79	-4998.1	0.978499	-0.206249
1299.73	-4997.82	0.978399	-0.206728
1299.67	-4997.54	0.978249	-0.207433
1299.61	-4997.25	0.978065	-0.208299
1299.53	-4996.89	0.977845	-0.209328
1299.46	-4996.54	0.977649	-0.210245
1299.39	-4996.21	0.977453	-0.211152
1299.3	-4995.81	0.977186	-0.212386
1299.22	-4995.44	0.976944	-0.213495
1299.14	-4995.08	0.976702	-0.214601
1299.06	-4994.71	0.976458	-0.215707
1298.98	-4994.34	0.976209	-0.21683
1298.9	-4993.97	0.975955	-0.217972
1298.82	-4993.6	0.975698	-0.219118
1298.73	-4993.23	0.975438	-0.220273
1298.65	-4992.86	0.975174	-0.221438
1298.56	-4992.47	0.974903	-0.222631
1298.47	-4992.08	0.974623	-0.223853
1298.38	-4991.68	0.974338	-0.225089
1298.28	-4991.26	0.974048	-0.22634
1298.18	-4990.81	0.973754	-0.227602
1298.07	-4990.35	0.973425	-0.229008
1297.95	-4989.85	0.973059	-0.230556
1297.82	-4989.32	0.972692	-0.2321
1297.69	-4988.77	0.972325	-0.233632
1297.55	-4988.18	0.971913	-0.235341
1297.4	-4987.56	0.971452	-0.237235
1297.24	-4986.92	0.970988	-0.239129
1297.07	-4986.24	0.970518	-0.241027
1296.9	-4985.53	0.970042	-0.242936
1296.71	-4984.79	0.969495	-0.245113
1296.52	-4984.02	0.968872	-0.247561
1296.31	-4983.22	0.968237	-0.250034
1296.1	-4982.39	0.967588	-0.252533
1295.87	-4981.53	0.966924	-0.255064
1295.63	-4980.64	0.966177	-0.257879
1295.39	-4979.71	0.965341	-0.26099
1295.13	-4978.76	0.964477	-0.264167
1294.86	-4977.78	0.963578	-0.267428
1294.57	-4976.76	0.962638	-0.27079
1294.28	-4975.72	0.961582	-0.274519
1293.97	-4974.64	0.960402	-0.278619
1293.65	-4973.54	0.959169	-0.282832
1293.31	-4972.4	0.957887	-0.287147
1292.96	-4971.24	0.956494	-0.291752
1292.59	-4970.05	0.954988	-0.296643
1292.21	-4968.83	0.953423	-0.301637
1291.81	-4967.58	0.951788	-0.306757
1291.4	-4966.3	0.950079	-0.312011
1290.96	-4964.99	0.948223	-0.317605
1290.51	-4963.66	0.946217	-0.323533
1290.04	-4962.29	0.944127	-0.329583
1289.55	-4960.91	0.941947	-0.335761
1289.04	-4959.49	0.939677	-0.342063
1288.51	-4958.04	0.937239	-0.348687
1287.96	-4956.57	0.934624	-0.355637
1287.39	-4955.08	0.931901	-0.362712
1286.79	-4953.56	0.929067	-0.369911
1286.17	-4952.01	0.926117	-0.377236
1285.52	-4950.44	0.922977	-0.384854
1284.85	-4948.85	0.91964	-0.392763
1284.15	-4947.23	0.91617	-0.400789
1283.43	-4945.59	0.912577	-0.408905
1282.68	-4943.94	0.90883	-0.417167
1281.92	-4942.29	0.904936	-0.425549
1281.14	-4940.64	0.900942	-0.43394
1280.34	-4939	0.896848	-0.442339
1279.52	-4937.36	0.892692	-0.450667
1278.7	-4935.74	0.888491	-0.458895
1277.85	-4934.12	0.884215	-0.46708
1277	-4932.51	0.879865	-0.475223
1276.12	-4930.91	0.875441	-0.483325
1275.23	-4929.32	0.870999	-0.491284
1274.33	-4927.73	0.866544	-0.499101
1273.42	-4926.15	0.862018	-0.506877
1272.49	-4924.58	0.857425	-0.51461
1271.54	-4923.02	0.852764	-0.522296
1270.58	-4921.47	0.848086	-0.529859
1269.61	-4919.93	0.84339	-0.537302
1268.63	-4918.39	0.838629	-0.544703
1267.63	-4916.87	0.833804	-0.552061
1266.62	-4915.35	0.828984	-0.559272
1265.59	-4913.84	0.824174	-0.566337
1264.55	-4912.34	0.819303	-0.573361
1263.5	-4910.85	0.814373	-0.580342
1262.44	-4909.37	0.809383	-0.587281
1261.36	-4907.9	0.804393	-0.594098
1260.28	-4906.44	0.799404	-0.600793
1259.18	-4904.98	0.79436	-0.607447
1258.06	-4903.54	0.789261	-0.614058
1256.94	-4902.11	0.78419	-0.62052
1255.81	-4900.68	0.779151	-0.626836
1254.66	-4899.26	0.774062	-0.63311
1253.5	-4897.86	0.768922	-0.639343
1252.33	-4896.46	0.763732	-0.645533
1251.15	-4895.07	0.758539	-0.651628
1249.96	-4893.7	0.753342	-0.657629
1248.76	-4892.33	0.748099	-0.663587
1247.55	-4890.97	0.742809	-0.669503
1246.33	-4889.62	0.737544	-0.675299
1245.09	-4888.29	0.732307	-0.680975
1243.85	-4886.96	0.727026	-0.68661
1242.6	-4885.64	0.721702	-0.692204
1241.33	-4884.33	0.716335	-0.697756
1240.06	-4883.03	0.710978	-0.703214
1238.78	-4881.74	0.705631	-0.70858
1237.49	-4880.46	0.700243	-0.713904
1236.18	-4879.19	0.694817	-0.719187
1234.87	-4877.93	0.689351	-0.724427
1233.55	-4876.69	0.683848	-0.729625
1232.22	-4875.45	0.678306	-0.73478
1230.88	-4874.22	0.672725	-0.739892
1229.54	-4873	0.667107	-0.744962
1228.18	-4871.79	0.661506	-0.74994
1226.81	-4870.6	0.655924	-0.754827
1225.44	-4869.41	0.650307	-0.759672
1224.06	-4868.23	0.644655	-0.764473
1222.67	-4867.07	0.639115	-0.769111
1221.27	-4865.91	0.633689	-0.773588
1219.86	-4864.77	0.628237	-0.778022
1218.45	-4863.63	0.622768	-0.782407
1217.03	-4862.51	0.617302	-0.786727
1215.6	-4861.39	0.61196	-0.790888
1214.16	-4860.28	0.606767	-0.79488
1212.72	-4859.19	0.601626	-0.798778
1211.27	-4858.1	0.596524	-0.802595
1209.81	-4857.03	0.591487	-0.806315
1208.35	-4855.96	0.586513	-0.80994
1206.88	-4854.9	0.581576	-0.813492
1205.4	-4853.85	0.576684	-0.816967
1203.92	-4852.81	0.57184	-0.820365
1202.43	-4851.78	0.567175	-0.823597
1200.94	-4850.76	0.562686	-0.826671
1199.44	-4849.74	0.558241	-0.829679
1197.94	-4848.73	0.553838	-0.832625
1196.42	-4847.73	0.5496	-0.835428
1194.9	-4846.73	0.545522	-0.838097
1193.37	-4845.74	0.541472	-0.840719
1191.83	-4844.75	0.537455	-0.843293
1190.28	-4843.77	0.533478	-0.845814
1188.72	-4842.79	0.529679	-0.848198
1187.16	-4841.82	0.526056	-0.85045
1185.58	-4840.85	0.522474	-0.852655
1184	-4839.88	0.518935	-0.854814
1182.41	-4838.92	0.515548	-0.856861
1180.8	-4837.95	0.512317	-0.858796
1179.19	-4837	0.509144	-0.860682
1177.56	-4836.04	0.506026	-0.862518
1175.92	-4835.07	0.503069	-0.864246
1174.26	-4834.11	0.500277	-0.865866
1172.59	-4833.15	0.497552	-0.867434
1170.9	-4832.18	0.4949	-0.86895
1169.19	-4831.21	0.492326	-0.870411
1167.47	-4830.24	0.489899	-0.871779
1165.73	-4829.27	0.487625	-0.873053
1163.98	-4828.29	0.485445	-0.874267
1162.21	-4827.31	0.483365	-0.875419
1160.43	-4826.33	0.481503	-0.876444
1158.63	-4825.34	0.479862	-0.877344
1156.82	-4824.35	0.478332	-0.878179
1154.99	-4823.36	0.476919	-0.878947
1153.15	-4822.36	0.475631	-0.879645
1151.3	-4821.36	0.474444	-0.880286
1149.42	-4820.35	0.473366	-0.880866
1147.54	-4819.34	0.472371	-0.8814
1145.64	-4818.33	0.471426	-0.881906
1143.73	-4817.3	0.47052	-0.88239
1141.8	-4816.28	0.469652	-0.882851
1139.86	-4815.25	0.468787	-0.883311
1137.91	-4814.21	0.467942	-0.883759
1135.94	-4813.17	0.46715	-0.884178
1133.97	-4812.13	0.466457	-0.884544
1131.99	-4811.09	0.465869	-0.884854
1130	-4810.04	0.46532	-0.885143
1127.99	-4808.98	0.464804	-0.885414
1125.97	-4807.92	0.464282	-0.885688
1123.94	-4806.86	0.463738	-0.885972
1121.89	-4805.79	0.463252	-0.886226
1119.83	-4804.71	0.462817	-0.886454
1117.76	-4803.63	0.462477	-0.886631
1115.67	-4802.54	0.462248	-0.886751
1113.57	-4801.45	0.462026	-0.886866
1111.45	-4800.34	0.461832	-0.886967
1109.32	-4799.24	0.461681	-0.887046
1107.18	-4798.12	0.461376	-0.887205
1105.03	-4797	0.460813	-0.887497
1102.86	-4795.87	0.460253	-0.887788
1100.67	-4794.74	0.459702	-0.888073
1098.47	-4793.61	0.459192	-0.888337
1096.26	-4792.46	0.45927	-0.888296
1094.04	-4791.31	0.460188	-0.887821
1091.8	-4790.15	0.461195	-0.887299
1089.55	-4788.98	0.46232	-0.886713
1087.07	-4787.68	0.46408	-0.885793
1084.79	-4786.49	0.466204	-0.884677
1082.51	-4785.28	0.468402	-0.883516
1080.22	-4784.06	0.470649	-0.88232
1077.91	-4782.83	0.472933	-0.881099
1075.6	-4781.59	0.475218	-0.879868
1073.27	-4780.33	0.477511	-0.878626
1070.94	-4779.06	0.479851	-0.87735
1068.59	-4777.77	0.482242	-0.876038
1066.24	-4776.47	0.484631	-0.874719
1063.87	-4775.16	0.486997	-0.873404
1061.5	-4773.83	0.48939	-0.872065
1059.11	-4772.49	0.491843	-0.870684
1056.72	-4771.13	0.49436	-0.869257
1054.31	-4769.76	0.496855	-0.867834
1051.9	-4768.37	0.499308	-0.866425
1049.47	-4766.97	0.501769	-0.865001
1047.04	-4765.56	0.504239	-0.863564
1044.6	-4764.12	0.506717	-0.862113
1042.14	-4762.68	0.50915	-0.860678
1039.68	-4761.22	0.511538	-0.859261
1037.21	-4759.74	0.513934	-0.85783
1034.73	-4758.25	0.516339	-0.856384
1032.24	-4756.75	0.518631	-0.854998
1029.74	-4755.23	0.520813	-0.853671
1027.23	-4753.69	0.523003	-0.852331
1024.71	-4752.14	0.525201	-0.850978
1022.18	-4750.58	0.527407	-0.849613
1019.64	-4749	0.529561	-0.848272
1017.1	-4747.41	0.531663	-0.846956
1014.54	-4745.8	0.533773	-0.845628
1011.98	-4744.18	0.535891	-0.844287
1009.4	-4742.54	0.538018	-0.842933
1006.82	-4740.89	0.540481	-0.841356
1004.23	-4739.22	0.543279	-0.839552
1001.63	-4737.53	0.546084	-0.837731
999.029	-4735.83	0.548894	-0.835892
996.416	-4734.11	0.552692	-0.833386
993.8	-4732.37	0.557469	-0.830198
991.181	-4730.6	0.562242	-0.826973
988.559	-4728.81	0.567009	-0.823712
985.935	-4726.99	0.57177	-0.820414
983.308	-4725.15	0.576368	-0.817191
980.679	-4723.29	0.580802	-0.814045
978.047	-4721.4	0.585232	-0.810866
975.413	-4719.49	0.589657	-0.807654
972.776	-4717.56	0.594078	-0.804407
970.138	-4715.6	0.598392	-0.801204
967.498	-4713.62	0.602599	-0.798044
964.855	-4711.62	0.606803	-0.794852
962.211	-4709.59	0.611002	-0.791629
959.566	-4707.54	0.615196	-0.788374
956.919	-4705.47	0.619411	-0.785067
954.271	-4703.37	0.623645	-0.781708
951.623	-4701.24	0.627873	-0.778316
948.974	-4699.1	0.632095	-0.774891
946.325	-4696.93	0.636264	-0.771472
943.675	-4694.73	0.64038	-0.768059
941.026	-4692.51	0.64449	-0.764613
938.376	-4690.27	0.648593	-0.761135
935.727	-4688	0.65269	-0.757625
933.078	-4685.71	0.656462	-0.754359
930.429	-4683.4	0.659898	-0.751355
927.778	-4681.06	0.663284	-0.748368
925.126	-4678.7	0.666597	-0.745418
922.473	-4676.32	0.66957	-0.742749
919.817	-4673.92	0.672207	-0.740363
917.158	-4671.5	0.674779	-0.73802
914.495	-4669.06	0.677293	-0.735713
911.829	-4666.6	0.679751	-0.733443
909.161	-4664.12	0.683377	-0.730066
906.496	-4661.61	0.688156	-0.725562
903.836	-4659.07	0.69286	-0.721072
901.182	-4656.51	0.697492	-0.716592
898.532	-4653.92	0.70202	-0.712157
895.888	-4651.3	0.706445	-0.707767
893.249	-4648.65	0.710805	-0.703389
890.615	-4645.97	0.715088	-0.699034
887.986	-4643.27	0.719277	-0.694723
885.363	-4640.54	0.723197	-0.690642
882.744	-4637.79	0.726836	-0.686811
880.128	-4635.01	0.730343	-0.683081
877.516	-4632.21	0.733703	-0.67947
874.907	-4629.38	0.736806	-0.676104
872.299	-4626.53	0.739662	-0.672978
869.693	-4623.65	0.742406	-0.669951
867.088	-4620.76	0.745066	-0.666991
864.484	-4617.84	0.747668	-0.664072
861.881	-4614.9	0.750268	-0.661133
859.279	-4611.94	0.752883	-0.658155
856.678	-4608.95	0.755487	-0.655163
854.079	-4605.94	0.758083	-0.652158
851.482	-4602.92	0.760622	-0.649195
848.886	-4599.86	0.763083	-0.6463
846.291	-4596.79	0.765476	-0.643464
843.698	-4593.7	0.767772	-0.640723
841.105	-4590.58	0.770329	-0.637646
838.517	-4587.44	0.773189	-0.634175
835.932	-4584.28	0.776033	-0.630693
833.352	-4581.09	0.778859	-0.627199
830.776	-4577.88	0.781668	-0.623695
828.204	-4574.65	0.784162	-0.620556
825.635	-4571.39	0.786347	-0.617785
823.068	-4568.11	0.788524	-0.615005
820.502	-4564.82	0.790691	-0.612215
817.939	-4561.5	0.792859	-0.609404
815.377	-4558.15	0.794945	-0.606682
812.818	-4554.79	0.797055	-0.603906
810.261	-4551.41	0.799343	-0.600875
807.708	-4548	0.801768	-0.597636
805.162	-4544.56	0.807539	-0.589814
802.653	-4541.08	0.816488	-0.577363
800.188	-4537.55	0.825301	-0.564692
797.77	-4533.97	0.833981	-0.551793
795.169	-4529.98	0.843398	-0.53729
793.087	-4526.67	0.851117	-0.524976
790.829	-4522.95	0.85971	-0.510782
788.415	-4518.82	0.869091	-0.494651
786.288	-4515.02	0.877558	-0.47947
784.226	-4511.18	0.885927	-0.463824
782.233	-4507.31	0.894178	-0.447711
780.309	-4503.4	0.902311	-0.431085
778.459	-4499.45	0.910293	-0.413965
776.683	-4495.46	0.917888	-0.396839
774.98	-4491.44	0.925066	-0.379805
773.353	-4487.39	0.931984	-0.362499
771.801	-4483.31	0.938632	-0.344921
770.326	-4479.2	0.944995	-0.327086
768.929	-4475.07	0.951032	-0.309093
767.611	-4470.91	0.956736	-0.290956
766.373	-4466.72	0.962116	-0.272639
765.215	-4462.51	0.967162	-0.254162
764.138	-4458.28	0.971862	-0.235549
763.143	-4454.03	0.976113	-0.217263
762.226	-4449.77	0.979966	-0.199164
761.39	-4445.49	0.983553	-0.180621
760.635	-4441.19	0.986859	-0.161586
759.956	-4436.88	0.98814	-0.153558
759.281	-4432.58	0.987639	-0.156746
758.593	-4428.27	0.987135	-0.159886
757.89	-4423.97	0.986614	-0.163076
757.174	-4419.68	0.98607	-0.166333
756.451	-4415.38	0.987211	-0.159418
755.787	-4411.08	0.989841	-0.142181
755.198	-4406.76	0.992194	-0.124705
754.686	-4402.44	0.994254	-0.107047
754.252	-4398.11	0.996016	-0.0891732
753.895	-4393.78	0.997497	-0.0707032
753.621	-4389.44	0.998665	-0.05166
753.43	-4385.09	0.999475	-0.0324003
753.322	-4380.75	0.999916	-0.0129264
753.3	-4376.4	0.999977	0.00679751
753.364	-4372.06	0.999656	0.0262093
753.511	-4367.71	0.998972	0.0453309
753.742	-4363.38	0.997902	0.064741
754.057	-4359.05	0.996442	0.0842755
754.456	-4354.72	0.994674	0.103066
754.934	-4350.41	0.992642	0.12109
755.491	-4346.11	0.990285	0.139051
756.125	-4341.82	0.987604	0.156964
756.837	-4337.54	0.984612	0.174752
757.624	-4333.28	0.981563	0.191137
758.479	-4329.03	0.978566	0.205935
759.396	-4324.79	0.975455	0.220198
760.374	-4320.57	0.972231	0.234023
761.41	-4316.37	0.969137	0.246521
762.497	-4312.18	0.966215	0.257736
763.632	-4308	0.963236	0.268656
764.813	-4303.84	0.960209	0.279284
766.039	-4299.69	0.957151	0.289589
767.308	-4295.55	0.9544	0.298531
768.612	-4291.43	0.952005	0.306082
769.948	-4287.32	0.94969	0.313192
771.313	-4283.22	0.947474	0.319833
772.705	-4279.13	0.945749	0.324898
774.114	-4275.05	0.94457	0.32831
775.537	-4270.97	0.943624	0.331018
776.969	-4266.9	0.942956	0.332917
778.408	-4262.83	0.942574	0.333997
779.849	-4258.76	0.942811	0.333327
781.283	-4254.7	0.943651	0.330943
782.705	-4250.63	0.944721	0.327875
784.113	-4246.55	0.945933	0.324361
785.504	-4242.47	0.947399	0.320053
786.875	-4238.39	0.94913	0.314884
788.222	-4234.29	0.950956	0.309326
789.545	-4230.19	0.952864	0.303398
790.842	-4226.08	0.954842	0.297115
792.111	-4221.96	0.95698	0.290153
793.351	-4217.83	0.959263	0.282514
794.558	-4213.68	0.961576	0.274539
795.731	-4209.52	0.963912	0.266221
796.869	-4205.34	0.966184	0.257852
797.972	-4201.15	0.968384	0.249463
799.04	-4196.94	0.97057	0.240818
800.071	-4192.72	0.972724	0.231967
801.067	-4188.48	0.974831	0.222944
802.025	-4184.21	0.976878	0.213795
802.946	-4179.93	0.978845	0.204601
803.829	-4175.62	0.980715	0.195442
804.674	-4171.3	0.98248	0.186369
805.483	-4166.95	0.98414	0.177394
806.254	-4162.58	0.985694	0.168545
806.989	-4158.19	0.98713	0.159917
807.688	-4153.77	0.988445	0.151577
808.353	-4149.34	0.989644	0.143546
808.985	-4144.89	0.990742	0.135761
809.584	-4140.41	0.99175	0.128191
810.151	-4135.92	0.992667	0.120878
810.687	-4131.41	0.993502	0.113816
811.194	-4126.87	0.994268	0.106914
811.671	-4122.32	0.994935	0.100521
812.122	-4117.75	0.995507	0.0946924
812.548	-4113.16	0.996021	0.0891174
812.95	-4108.56	0.996477	0.0838662
813.33	-4103.93	0.996879	0.0789492
813.689	-4099.29	0.99717	0.0751742
814.035	-4094.63	0.997369	0.0724983
814.37	-4089.95	0.997544	0.0700359
814.696	-4085.26	0.997701	0.0677674
815.012	-4080.55	0.997788	0.0664702
815.326	-4075.82	0.99781	0.0661489
815.64	-4071.08	0.997821	0.0659794
815.955	-4066.32	0.997827	0.0658927
816.27	-4061.55	0.997829	0.0658559
816.585	-4056.76	0.997865	0.0653062
816.898	-4051.95	0.997935	0.0642305
817.206	-4047.13	0.998002	0.063179
817.511	-4042.29	0.998064	0.0621877
817.811	-4037.43	0.998121	0.0612804
818.109	-4032.56	0.998172	0.0604297
818.403	-4027.67	0.99822	0.059636
818.695	-4022.77	0.99826	0.0589656
818.984	-4017.85	0.998293	0.0584118
819.272	-4012.91	0.998321	0.0579251
819.558	-4007.96	0.998344	0.0575192
819.844	-4002.99	0.998361	0.0572316
820.129	-3998.01	0.99837	0.0570765
820.416	-3993.01	0.998292	0.0584301
820.716	-3987.99	0.99812	0.0612917
821.031	-3982.96	0.997931	0.0642963
821.362	-3977.91	0.997722	0.0674551
821.711	-3972.85	0.997492	0.0707747
822.078	-3967.78	0.99723	0.074381
822.465	-3962.69	0.996937	0.0782055
822.874	-3957.58	0.996628	0.0820469
823.303	-3952.47	0.996303	0.0859054
823.753	-3947.33	0.995994	0.089419
824.222	-3942.19	0.9957	0.0926356
824.709	-3937.03	0.99539	0.095915
825.215	-3931.85	0.99507	0.0991761
825.739	-3926.66	0.994747	0.102367
826.281	-3921.46	0.994406	0.105625
826.843	-3916.24	0.994044	0.108979
827.423	-3911.01	0.993675	0.112295
828.023	-3905.76	0.993296	0.115598
828.642	-3900.5	0.992905	0.11891
829.281	-3895.23	0.992501	0.122236
829.939	-3889.94	0.992085	0.125572
830.617	-3884.65	0.991656	0.128914
831.315	-3879.33	0.991215	0.132264
832.032	-3874.01	0.990776	0.135508
832.769	-3868.67	0.99035	0.13859
833.525	-3863.32	0.989913	0.141679
834.3	-3857.96	0.989464	0.144776
835.093	-3852.58	0.989077	0.147401
835.901	-3847.18	0.98879	0.149315
836.722	-3841.78	0.988498	0.151236
837.555	-3836.36	0.988201	0.153165
838.408	-3830.93	0.986251	0.165252
839.38	-3825.5	0.981299	0.192489
840.505	-3820.08	0.975589	0.219605
841.784	-3814.68	0.969126	0.246566
843.217	-3809.3	0.961931	0.273293
844.795	-3803.94	0.957387	0.288809
846.41	-3798.58	0.957744	0.287623
848.022	-3793.2	0.95829	0.285796
849.626	-3787.8	0.959082	0.283128
851.217	-3782.38	0.960626	0.277844
852.772	-3776.93	0.963039	0.269363
854.283	-3771.45	0.965446	0.260605
855.747	-3765.95	0.967841	0.251563
857.163	-3760.41	0.97024	0.242147
858.528	-3754.85	0.97289	0.231267
859.827	-3749.25	0.975861	0.218394
861.056	-3743.62	0.978726	0.20517
862.21	-3737.96	0.981468	0.191624
863.289	-3732.26	0.984219	0.176955
864.28	-3726.53	0.986991	0.160775
865.178	-3720.78	0.989526	0.144358
865.983	-3714.99	0.991809	0.127726
866.693	-3709.17	0.993836	0.110862
867.36	-3702.74	0.995755	0.0920473
867.816	-3697.45	0.997072	0.0764746
868.227	-3691.55	0.998262	0.0589258
868.559	-3685.04	0.999225	0.0393685
868.751	-3679.1	0.999748	0.0224445
868.847	-3673.14	0.999979	0.00650284
868.848	-3667.16	0.999957	-0.00928701
868.755	-3661.17	0.999692	-0.0248061
868.569	-3655.16	0.9992	-0.0399981
868.292	-3649.14	0.998516	-0.05445
867.93	-3643.11	0.997675	-0.0681508
867.484	-3637.07	0.996675	-0.0814765
866.958	-3631.02	0.995531	-0.0944382
866.351	-3624.96	0.994242	-0.107162
865.665	-3618.89	0.992748	-0.120212
864.897	-3612.81	0.99106	-0.13342
864.046	-3606.73	0.989269	-0.146107
863.116	-3600.65	0.987402	-0.158233
862.11	-3594.56	0.985445	-0.169993
861.029	-3588.46	0.983421	-0.181337
859.877	-3582.36	0.981304	-0.192466
858.651	-3576.26	0.979005	-0.203838
857.35	-3570.16	0.976516	-0.215445
855.974	-3564.06	0.974093	-0.226147
854.531	-3557.95	0.971773	-0.235917
853.023	-3551.85	0.969312	-0.245832
851.447	-3545.74	0.96671	-0.255876
849.804	-3539.64	0.963964	-0.266033
848.092	-3533.54	0.961064	-0.276325
846.31	-3527.44	0.95803	-0.286667
844.457	-3521.34	0.954903	-0.296916
842.534	-3515.25	0.9517	-0.30703
840.542	-3509.16	0.948406	-0.317057
838.481	-3503.08	0.944985	-0.327113
836.349	-3497.01	0.941426	-0.337219
834.147	-3490.94	0.937722	-0.347387
831.873	-3484.89	0.933863	-0.357632
829.527	-3478.84	0.930336	-0.366708
827.122	-3472.8	0.927238	-0.374473
824.661	-3466.76	0.924166	-0.381991
822.145	-3460.73	0.921118	-0.389282
819.576	-3454.7	0.918051	-0.396462
816.953	-3448.68	0.915071	-0.403293
814.28	-3442.66	0.912206	-0.409733
811.559	-3436.64	0.909333	-0.41607
808.789	-3430.63	0.906457	-0.422298
805.971	-3424.63	0.903631	-0.428312
803.11	-3418.62	0.902497	-0.430697
800.242	-3412.61	0.903086	-0.42946
797.376	-3406.57	0.903762	-0.428036
794.512	-3400.51	0.904468	-0.426541
791.653	-3394.43	0.905955	-0.423373
788.816	-3388.33	0.908316	-0.418284
786.008	-3382.19	0.910837	-0.412766
783.231	-3376.02	0.913448	-0.406955
780.488	-3369.82	0.91614	-0.400859
777.78	-3363.59	0.918765	-0.394805
775.106	-3357.32	0.92128	-0.388899
772.466	-3351.02	0.923761	-0.382969
769.86	-3344.69	0.926189	-0.37706
767.29	-3338.33	0.929026	-0.370013
764.767	-3331.93	0.932226	-0.361876
762.294	-3325.49	0.9353	-0.353856
759.87	-3319.02	0.938251	-0.345955
757.495	-3312.51	0.941114	-0.33809
755.174	-3305.96	0.94547	-0.325708
752.954	-3299.37	0.951145	-0.308744
750.847	-3292.72	0.956518	-0.291675
748.855	-3286.01	0.961573	-0.274549
746.979	-3279.26	0.966292	-0.257447
745.214	-3272.46	0.969859	-0.243666
743.527	-3265.62	0.972375	-0.233422
741.908	-3258.75	0.974645	-0.223756
740.351	-3251.85	0.976681	-0.214697
738.847	-3244.92	0.977282	-0.211943
737.334	-3237.99	0.976533	-0.21537
735.795	-3231.06	0.975707	-0.21908
734.229	-3224.14	0.974801	-0.223078
732.635	-3217.23	0.973806	-0.22738
731.008	-3210.32	0.972375	-0.233423
729.332	-3203.44	0.970482	-0.241173
727.6	-3196.56	0.968459	-0.249172
725.811	-3189.71	0.966312	-0.257374
723.964	-3182.87	0.964068	-0.265654
722.057	-3176.04	0.961469	-0.274912
720.079	-3169.23	0.958491	-0.285122
718.028	-3162.44	0.955421	-0.295245
715.905	-3155.67	0.952285	-0.305211
713.71	-3148.92	0.949037	-0.315166
711.444	-3142.19	0.945696	-0.325052
709.107	-3135.49	0.942374	-0.334562
706.703	-3128.8	0.93912	-0.343588
704.235	-3122.13	0.935962	-0.352101
701.707	-3115.48	0.932817	-0.360349
699.119	-3108.85	0.929648	-0.368449
696.473	-3102.24	0.926491	-0.376316
693.771	-3095.65	0.923319	-0.384034
691.012	-3089.08	0.920097	-0.391691
688.198	-3082.53	0.916808	-0.399328
685.328	-3076	0.913456	-0.406938
682.402	-3069.49	0.910039	-0.414522
679.421	-3063	0.90656	-0.422078
676.386	-3056.54	0.903459	-0.428675
673.306	-3050.09	0.900789	-0.434257
670.186	-3043.66	0.898183	-0.439621
667.027	-3037.24	0.895692	-0.444675
663.832	-3030.84	0.89332	-0.44942
660.601	-3024.45	0.891047	-0.45391
657.338	-3018.07	0.88884	-0.458217
654.043	-3011.71	0.886689	-0.462367
650.717	-3005.36	0.884624	-0.466305
647.363	-2999.02	0.882864	-0.469629
643.985	-2992.69	0.881413	-0.472346
640.588	-2986.37	0.880087	-0.474813
637.172	-2980.05	0.8789	-0.477006
633.739	-2973.74	0.877867	-0.478905
630.292	-2967.44	0.876986	-0.480517
626.833	-2961.13	0.876256	-0.481846
623.363	-2954.83	0.875662	-0.482925
619.537	-2947.9	0.875174	-0.483808
616.052	-2941.6	0.875189	-0.483781
612.57	-2935.29	0.875668	-0.482914
609.44	-2929.61	0.876239	-0.481877
605.97	-2923.29	0.877025	-0.480444
602.164	-2916.33	0.878072	-0.478528
598.717	-2909.99	0.879395	-0.476092
595.289	-2903.64	0.881084	-0.472959
591.883	-2897.27	0.882944	-0.469479
588.501	-2890.88	0.884975	-0.465639
585.145	-2884.48	0.886082	-0.463528
581.793	-2878.07	0.886286	-0.463138
578.444	-2871.66	0.886689	-0.462366
575.1	-2865.24	0.88729	-0.461211
571.764	-2858.81	0.888088	-0.459674
568.439	-2852.37	0.889162	-0.457593
565.129	-2845.92	0.890501	-0.454981
561.837	-2839.46	0.891965	-0.452105
558.566	-2832.99	0.893462	-0.44914
555.314	-2826.5	0.894952	-0.446162
552.085	-2819.99	0.897095	-0.441837
548.891	-2813.47	0.899872	-0.436154
545.738	-2806.92	0.902611	-0.430457
542.624	-2800.35	0.905266	-0.424846
539.544	-2793.76	0.905277	-0.424823
536.436	-2787.18	0.902662	-0.43035
533.286	-2780.61	0.899965	-0.435962
530.094	-2774.07	0.897246	-0.44153
526.86	-2767.53	0.894601	-0.446866
523.588	-2761.02	0.892527	-0.450994
520.29	-2754.51	0.891132	-0.453744
516.971	-2748.01	0.890087	-0.455791
513.639	-2741.51	0.889426	-0.45708
510.297	-2735.02	0.889164	-0.457588
506.955	-2728.52	0.890146	-0.455675
503.635	-2722	0.892376	-0.451294
500.348	-2715.47	0.895021	-0.446024
497.1	-2708.91	0.898043	-0.439907
493.898	-2702.32	0.901359	-0.433072
490.748	-2695.71	0.905453	-0.424446
487.667	-2689.06	0.9102	-0.414168
484.661	-2682.37	0.914975	-0.40351
481.732	-2675.64	0.91979	-0.392411
478.886	-2668.87	0.924621	-0.380888
476.133	-2662.07	0.932637	-0.360817
473.566	-2655.18	0.943229	-0.332142
471.209	-2648.22	0.952953	-0.303117
469.066	-2641.18	0.961782	-0.273816
467.139	-2634.08	0.969958	-0.243272
465.442	-2626.92	0.977377	-0.211506
463.978	-2619.7	0.983707	-0.179782
462.745	-2612.43	0.988912	-0.148504
461.741	-2605.13	0.993008	-0.118051
460.955	-2597.79	0.995852	-0.0909902
460.354	-2590.44	0.997723	-0.0674449
459.923	-2583.06	0.998985	-0.0450514
459.654	-2575.68	0.999718	-0.0237307
459.539	-2568.28	0.999994	-0.00349661
459.57	-2560.88	0.999888	0.0149424
459.731	-2553.48	0.999503	0.0315342
460.011	-2546.08	0.998898	0.0469325
460.402	-2538.68	0.998126	0.0612002
460.892	-2531.28	0.997504	0.0706133
461.43	-2523.88	0.997177	0.0750897
461.998	-2516.48	0.996934	0.0782423
462.586	-2509.08	0.996799	0.0799482
463.182	-2501.67	0.996782	0.0801626
463.773	-2494.26	0.99705	0.0767487
464.324	-2486.84	0.997541	0.0700895
464.825	-2479.41	0.998021	0.062883
465.271	-2471.98	0.998468	0.055335
465.664	-2464.54	0.998706	0.0508479
466.039	-2457.1	0.998779	0.0493934
466.402	-2449.65	0.998868	0.0475693
466.751	-2442.19	0.99897	0.0453842
467.083	-2434.73	0.999079	0.0429
467.388	-2427.27	0.999422	0.0339897
467.597	-2419.79	0.999824	0.0187537
467.691	-2412.32	0.999994	0.00348595
467.672	-2404.83	0.999931	-0.0117761
467.538	-2397.34	0.999636	-0.0269924
467.295	-2389.85	0.999263	-0.0383738
466.984	-2382.36	0.998949	-0.0458335
466.618	-2374.86	0.998595	-0.052996
466.198	-2367.34	0.998211	-0.0597904
465.733	-2359.81	0.998071	-0.0620798
465.269	-2352.26	0.998207	-0.0598628
464.823	-2344.69	0.99836	-0.057256
464.397	-2337.1	0.998527	-0.0542661
463.993	-2329.49	0.998704	-0.0508976
463.606	-2321.86	0.998524	-0.0543147
463.158	-2314.2	0.997905	-0.0646957
462.627	-2306.52	0.997178	-0.075071
462.015	-2298.81	0.996342	-0.0854514
461.32	-2291.08	0.995397	-0.095835
460.546	-2283.33	0.994776	-0.102086
459.741	-2275.55	0.99457	-0.104073
458.918	-2267.75	0.994392	-0.105761
458.08	-2259.91	0.994238	-0.107199
457.231	-2252.06	0.994199	-0.107556
456.381	-2244.19	0.994277	-0.106831
455.537	-2236.31	0.994367	-0.105991
454.7	-2228.43	0.994459	-0.105122
453.87	-2220.55	0.994551	-0.104253
453.046	-2212.67	0.994615	-0.103642
452.226	-2204.79	0.994648	-0.103317
451.409	-2196.91	0.994679	-0.103026
450.595	-2189.04	0.994708	-0.102741
449.782	-2181.17	0.994688	-0.102941
448.965	-2173.3	0.994616	-0.103626
448.143	-2165.43	0.994545	-0.104311
447.316	-2157.57	0.994471	-0.10501
446.484	-2149.71	0.994393	-0.105752
445.645	-2141.85	0.994202	-0.107531
444.786	-2133.99	0.993893	-0.110346
443.905	-2126.14	0.993573	-0.113193
443.002	-2118.29	0.993244	-0.116044
442.076	-2110.45	0.992878	-0.119135
441.123	-2102.59	0.992472	-0.122468
440.142	-2094.73	0.992055	-0.125803
439.133	-2086.86	0.991627	-0.129137
438.096	-2078.98	0.991188	-0.132462
437.03	-2071.09	0.990671	-0.136273
435.929	-2063.19	0.990072	-0.140558
434.792	-2055.28	0.989471	-0.144732
433.621	-2047.36	0.988875	-0.14875
432.415	-2039.43	0.988241	-0.152905
431.173	-2031.49	0.987575	-0.157146
429.895	-2023.55	0.986931	-0.161141
428.584	-2015.6	0.986307	-0.164917
427.241	-2007.64	0.985709	-0.168457
425.876	-1999.66	0.986193	-0.1656
424.564	-1991.67	0.987701	-0.156355
423.325	-1983.65	0.989159	-0.14685
422.163	-1975.6	0.990563	-0.137061
421.08	-1967.53	0.991902	-0.127008
420.084	-1959.44	0.993826	-0.110946
419.25	-1951.31	0.996016	-0.0891792
418.59	-1943.15	0.997688	-0.0679608
418.101	-1934.97	0.998875	-0.047418
417.777	-1926.76	0.999623	-0.0274739
417.607	-1918.54	0.999888	-0.0149469
417.501	-1910.3	0.999951	-0.00985517
417.435	-1902.04	0.999986	-0.0052496
417.406	-1893.77	1	-0.000926883
417.412	-1885.49	0.999995	0.00317467
417.455	-1877.2	0.999947	0.0103046
417.58	-1868.89	0.999754	0.0221732
417.804	-1860.57	0.99942	0.0340425
418.127	-1852.24	0.998946	0.0459109
418.55	-1843.9	0.99833	0.0577668
419.073	-1835.56	0.997583	0.0694809
419.694	-1827.2	0.996723	0.0808896
420.41	-1818.84	0.995756	0.0920315
421.22	-1810.47	0.994685	0.102965
422.116	-1802.1	0.994445	0.10526
422.968	-1793.71	0.995509	0.0946651
423.731	-1785.3	0.996481	0.0838215
424.403	-1776.87	0.997351	0.0727455
424.98	-1768.41	0.998209	0.0598281
425.435	-1759.94	0.999019	0.0442812
425.758	-1751.44	0.99959	0.0286395
425.949	-1742.93	0.999915	0.0130142
426.007	-1734.4	0.999997	-0.00241699
425.934	-1725.85	0.999847	-0.0174931
425.734	-1717.3	0.999484	-0.032108
425.41	-1708.73	0.998933	-0.046188
424.966	-1700.16	0.99821	-0.0598014
424.408	-1691.58	0.997447	-0.0714098
423.762	-1682.99	0.99677	-0.0803035
423.039	-1674.4	0.996028	-0.0890404
422.24	-1665.79	0.995215	-0.0977053
421.364	-1657.18	0.994329	-0.106343
420.414	-1648.57	0.993565	-0.113264
419.416	-1639.94	0.993081	-0.11743
418.382	-1631.31	0.992639	-0.121107
417.315	-1622.67	0.992217	-0.124521
416.217	-1614.01	0.991802	-0.127783
415.091	-1605.35	0.991656	-0.128909
413.97	-1596.67	0.991922	-0.126851
412.866	-1587.98	0.99221	-0.124573
411.674	-1578.39	0.992549	-0.121847
410.717	-1570.54	0.992832	-0.11952
409.571	-1560.92	0.993171	-0.116668
408.55	-1552.16	0.993451	-0.114259
407.549	-1543.38	0.993685	-0.112207
406.66	-1535.47	0.993857	-0.110669
405.591	-1525.78	0.994219	-0.107371
404.655	-1516.95	0.99472	-0.102622
403.759	-1508.11	0.995207	-0.0977891
402.906	-1499.25	0.995691	-0.0927283
402.098	-1490.37	0.996173	-0.0873996
401.337	-1481.47	0.996619	-0.0821659
400.62	-1472.56	0.997019	-0.0771599
399.947	-1463.62	0.997387	-0.0722412
399.316	-1454.67	0.997719	-0.0675019
398.726	-1445.71	0.998017	-0.0629437
398.176	-1436.73	0.998285	-0.0585398
397.664	-1427.73	0.998529	-0.0542279
397.19	-1418.72	0.998753	-0.049928
396.754	-1409.69	0.998959	-0.0456239
396.356	-1400.64	0.999135	-0.0415926
395.993	-1391.58	0.999284	-0.0378346
395.663	-1382.51	0.999419	-0.0340729
395.366	-1373.42	0.999541	-0.0303076
395.103	-1364.31	0.999624	-0.0274101
394.86	-1355.2	0.999678	-0.0253808
394.636	-1346.06	0.999727	-0.0233492
394.43	-1336.92	0.999773	-0.0213154
394.242	-1327.76	0.999814	-0.0192791
394.073	-1318.58	0.999861	-0.0166435
393.932	-1309.4	0.99991	-0.0134086
393.821	-1300.2	0.999948	-0.0101715
393.739	-1290.99	0.999976	-0.00693255
393.687	-1281.77	0.999993	-0.00369193
393.664	-1272.55	0.999999	-0.00133873
393.657	-1263.31	1	0.000126416
393.663	-1254.08	0.999999	0.00159195
393.683	-1244.84	0.999995	0.00305778
393.717	-1235.61	0.99999	0.0045236
393.763	-1226.37	0.999985	0.00539166
393.814	-1217.13	0.999984	0.00566205
393.868	-1207.9	0.999982	0.00593235
393.923	-1198.67	0.999981	0.00620243
393.986	-1189.44	0.999958	0.00915468
394.091	-1180.21	0.999891	0.0147887
394.248	-1170.99	0.999791	0.0204214
394.457	-1161.77	0.999661	0.0260527
394.718	-1152.55	0.999498	0.0316827
395.03	-1143.34	0.999315	0.0370134
395.39	-1134.12	0.999116	0.0420468
395.797	-1124.9	0.998895	0.0469937
396.248	-1115.68	0.998669	0.0515736
396.737	-1106.45	0.998587	0.0531394
397.224	-1097.21	0.998655	0.0518412
397.698	-1087.97	0.998728	0.0504132
398.16	-1078.72	0.9988	0.0489739
398.609	-1069.46	0.99887	0.0475233
399.052	-1060.2	0.998659	0.0517757
399.57	-1050.93	0.998085	0.0618581
400.183	-1041.66	0.997394	0.0721474
400.892	-1032.4	0.996589	0.0825197
401.698	-1023.13	0.995676	0.092892
402.599	-1013.87	0.994805	0.101804
403.575	-1004.6	0.994026	0.109147
404.619	-995.342	0.993219	0.116262
405.729	-986.081	0.992382	0.123202
406.923	-976.824	0.989883	0.141883
408.361	-967.595	0.985093	0.172023
410.08	-958.407	0.979474	0.201573
412.075	-949.268	0.973043	0.230622
414.342	-940.185	0.965813	0.259241
416.863	-931.162	0.960485	0.278331
419.509	-922.167	0.957632	0.287995
422.247	-913.193	0.954764	0.297366
425.073	-904.24	0.951875	0.306486
427.988	-895.308	0.948704	0.316167
430.999	-886.401	0.945256	0.326329
434.107	-877.52	0.941817	0.336126
437.307	-868.665	0.938393	0.345569
440.598	-859.836	0.934995	0.354662
444.293	-850.146	0.937531	0.347901
447.175	-842.158	0.945446	0.325779
450.156	-833.199	0.95375	0.300602
452.9	-824.157	0.961521	0.274733
455.633	-814.123	0.969413	0.245435
457.851	-804.925	0.976153	0.217083
459.794	-795.658	0.982339	0.187109
461.451	-786.328	0.987681	0.156479
462.817	-776.946	0.992119	0.1253
463.887	-767.518	0.99559	0.0938119
464.664	-758.054	0.997818	0.0660205
465.2	-748.568	0.999105	0.0422972
465.514	-739.064	0.999815	0.0192505
465.611	-729.549	0.999995	-0.00301803
465.503	-720.028	0.99975	-0.0223783
465.226	-710.503	0.999248	-0.0387803
464.796	-700.978	0.998527	-0.0542585
464.222	-691.453	0.997631	-0.0687972
463.512	-681.931	0.996601	-0.0823819
462.677	-672.412	0.995561	-0.0941238
461.738	-662.897	0.994566	-0.104104
460.705	-653.384	0.993549	-0.113401
459.585	-643.875	0.992492	-0.122313
458.379	-634.37	0.991367	-0.13112
457.096	-624.868	0.990848	-0.13498
455.805	-615.361	0.990995	-0.133901
454.524	-605.846	0.99114	-0.132822
453.252	-596.323	0.991288	-0.131712
451.99	-586.792	0.991462	-0.130393
450.75	-577.251	0.992351	-0.123447
449.609	-567.692	0.993818	-0.111024
448.588	-558.112	0.99513	-0.0985668
447.686	-548.514	0.996287	-0.0860911
446.903	-538.899	0.997288	-0.0735986
446.242	-529.268	0.998189	-0.0601622
445.717	-519.623	0.998951	-0.0457816
445.33	-509.964	0.999507	-0.0314003
445.081	-500.294	0.99985	-0.017301
444.967	-490.614	0.999993	-0.00386703
444.968	-480.928	0.999998	0.00175163
444.978	-471.234	1	-0.000124438
444.97	-461.534	0.999998	-0.00207062
444.942	-451.828	0.999992	-0.0040689
444.894	-442.114	0.999981	-0.00624455
444.819	-432.395	0.999925	-0.0122071
444.662	-422.669	0.99976	-0.0219188
444.411	-412.939	0.999497	-0.0317193
444.064	-403.206	0.999143	-0.0414022
443.624	-393.469	0.998715	-0.0506771
443.096	-383.73	0.998292	-0.0584199
442.501	-373.989	0.997905	-0.0646949
441.846	-364.244	0.997502	-0.0706428
441.132	-354.498	0.99707	-0.0764894
440.362	-344.748	0.996605	-0.0823348
439.534	-334.997	0.996188	-0.0872287
438.665	-325.243	0.995833	-0.0911956
437.755	-315.486	0.995445	-0.0953375
436.803	-305.726	0.995013	-0.0997441
435.829	-295.962	0.995931	-0.0901244
435.037	-286.175	0.997798	-0.0663262
434.479	-276.365	0.999096	-0.0425108
434.155	-266.538	0.999825	-0.0186918
434.065	-256.699	0.999987	0.00514295
434.187	-246.853	0.999896	0.0143978
434.307	-237.001	0.999959	0.00906977
434.376	-227.141	0.999993	0.0037342
434.391	-217.275	0.999999	-0.00170517
434.341	-207.402	0.999892	-0.0147045
434.114	-197.525	0.999375	-0.0353625
433.682	-187.649	0.998412	-0.0563304
433.041	-177.777	0.996994	-0.0774836
432.19	-167.914	0.995112	-0.0987491
431.153	-158.062	0.994596	-0.103823
430.168	-148.199	0.995701	-0.0926292
429.295	-138.318	0.996703	-0.0811397
428.536	-128.421	0.997612	-0.0690605
427.9	-118.508	0.998408	-0.0563964
427.377	-108.583	0.998633	-0.0522749
426.838	-98.6513	0.998369	-0.057091
426.25	-88.7161	0.998068	-0.0621337
425.611	-78.7775	0.99773	-0.0673377
424.916	-68.8361	0.997256	-0.0740331
424.146	-58.8937	0.996617	-0.0821805
423.293	-48.9514	0.995905	-0.0904022
422.357	-39.01	0.995115	-0.0987238
421.337	-29.0704	0.994234	-0.107236
420.231	-19.1333	0.993324	-0.115359
419.046	-9.19866	0.992396	-0.123084
417.782	0.732809	0.991377	-0.131039
416.437	10.6602	0.99026	-0.139229
415.01	20.5828	0.98928	-0.146033
413.524	30.5033	0.988458	-0.151495
411.98	40.4217	0.987549	-0.157311
410.376	50.3371	0.986536	-0.163546
408.706	60.2483	0.985407	-0.170216
406.969	70.1548	0.984568	-0.175003
405.197	80.0615	0.984053	-0.177874
403.393	89.9692	0.983474	-0.181052
401.555	99.8773	0.982838	-0.184471
399.683	109.786	0.982394	-0.18682
397.793	119.697	0.982125	-0.188229
395.885	129.612	0.981739	-0.19023
393.953	139.529	0.9812	-0.192995
391.988	149.446	0.98048	-0.196617
389.988	159.362	0.980273	-0.197648
387.994	169.287	0.98056	-0.196217
386.009	179.22	0.980632	-0.195859
384.023	189.159	0.980531	-0.196365
382.027	199.103	0.980305	-0.197491
380.016	209.051	0.979918	-0.199401
377.981	219	0.979346	-0.202193
375.913	228.95	0.978598	-0.205784
373.803	238.897	0.97761	-0.210424
371.639	248.84	0.976315	-0.216353
369.417	258.776	0.975876	-0.218327
367.202	268.721	0.976328	-0.216296
365.002	278.676	0.976489	-0.215569
362.803	288.634	0.976375	-0.216081
360.554	298.578	0.97014	-0.242547
357.871	308.41	0.955667	-0.294449
354.658	318.079	0.937987	-0.346672
350.914	327.552	0.916951	-0.398999
346.638	336.794	0.892436	-0.451174
341.82	345.763	0.85978	-0.510665
336.354	354.348	0.817573	-0.575825
330.238	362.482	0.770411	-0.637547
323.51	370.117	0.718819	-0.695197
316.214	377.21	0.663235	-0.748412
308.403	383.735	0.611398	-0.791323
300.201	389.776	0.56508	-0.825036
291.661	395.346	0.518203	-0.855258
282.821	400.442	0.471458	-0.881888
273.718	405.073	0.428319	-0.903627
264.406	409.289	0.388994	-0.92124
254.915	413.11	0.350352	-0.936618
245.267	416.542	0.312565	-0.949896
235.483	419.593	0.275948	-0.961173
225.588	422.295	0.251388	-0.967886
215.637	424.824	0.239264	-0.970955
205.649	427.238	0.229141	-0.973393
195.63	429.559	0.220953	-0.975284
185.588	431.819	0.223173	-0.974779
175.557	434.168	0.235879	-0.971783
165.552	436.658	0.25053	-0.968109
155.578	439.309	0.266678	-0.963786
145.643	442.133	0.283962	-0.958836
135.747	445.121	0.288641	-0.957437
125.831	448.072	0.280296	-0.959914
115.881	450.94	0.272087	-0.962273
105.899	453.726	0.263738	-0.964594
95.8846	456.426	0.255183	-0.966893
85.8423	459.057	0.256895	-0.966439
75.8147	461.776	0.269009	-0.963138
65.8139	464.624	0.281302	-0.959619
55.8423	467.603	0.293753	-0.955881
45.904	470.718	0.308727	-0.951151
36.0144	474.014	0.327438	-0.944873
26.1838	477.508	0.346095	-0.9382
16.4161	481.2	0.364623	-0.931155
6.71614	485.087	0.383015	-0.923742
-2.91299	489.171	0.402195	-0.915554
-17.1962	495.689	0.431912	-0.901916
-26.6061	500.296	0.451157	-0.892445
-35.9235	505.106	0.469901	-0.882719
-45.1544	510.099	0.478739	-0.877957
-54.3781	515.123	0.4777	-0.878523
-63.6164	520.139	0.47625	-0.87931
-72.8712	525.143	0.474609	-0.880197
-82.138	530.143	0.478561	-0.878054
-91.3691	535.226	0.488092	-0.872792
-100.552	540.414	0.497568	-0.867425
-109.685	545.706	0.507025	-0.861932
-118.767	551.103	0.516754	-0.856134
-127.801	556.596	0.519095	-0.854716
-136.859	562.067	0.513871	-0.857867
-145.957	567.487	0.50864	-0.860979
-155.096	572.855	0.503201	-0.86417
-164.269	578.181	0.504734	-0.863275
-173.412	583.576	0.513407	-0.858145
-182.507	589.068	0.522265	-0.852783
-191.551	594.66	0.531426	-0.847105
-200.541	600.355	0.540864	-0.84111
-209.481	606.144	0.542947	-0.839767
-218.446	611.908	0.537648	-0.843169
-227.455	617.621	0.532503	-0.846428
-236.505	623.284	0.527496	-0.849558
-245.596	628.897	0.52103	-0.853538
-254.744	634.434	0.513149	-0.8583
-263.948	639.892	0.50555	-0.862797
-273.207	645.275	0.498303	-0.867003
-282.518	650.586	0.491415	-0.870926
-291.876	655.83	0.485042	-0.874491
-301.279	661.011	0.479028	-0.877799
-310.724	666.132	0.473172	-0.88097
-320.209	671.196	0.467569	-0.883957
-329.733	676.207	0.464023	-0.885823
-339.276	681.197	0.462352	-0.886697
-348.837	686.173	0.460351	-0.887737
-358.419	691.128	0.457677	-0.889119
-368.024	696.055	0.454164	-0.890918
-377.657	700.946	0.451102	-0.892472
-387.312	705.813	0.448556	-0.893755
-396.989	710.653	0.445234	-0.895414
-406.693	715.457	0.441092	-0.897462
-416.425	720.216	0.436575	-0.899668
-426.184	724.928	0.432063	-0.901844
-435.966	729.59	0.427509	-0.904011
-445.768	734.201	0.422945	-0.906155
-455.591	738.762	0.418372	-0.908276
-465.433	743.274	0.415134	-0.90976
-475.283	747.759	0.413239	-0.910623
-485.14	752.223	0.411526	-0.911398
-495.002	756.668	0.410403	-0.911904
-504.862	761.11	0.413323	-0.910584
-514.694	765.607	0.420006	-0.907521
-524.489	770.176	0.426927	-0.904286
-534.245	774.82	0.43401	-0.900908
-543.96	779.543	0.443417	-0.896315
-553.614	784.381	0.45504	-0.890471
-563.202	789.344	0.466546	-0.884497
-572.722	794.428	0.477831	-0.878452
-582.175	799.632	0.488867	-0.872358
-591.554	804.96	0.504198	-0.863588
-600.817	810.482	0.523562	-0.851988
-609.952	816.208	0.542276	-0.840201
-618.959	822.133	0.560315	-0.82828
-627.839	828.251	0.577666	-0.816273
-636.593	834.556	0.594716	-0.803936
-645.216	841.05	0.611646	-0.791132
-653.707	847.731	0.628286	-0.777982
-662.063	854.596	0.644601	-0.764519
-670.279	861.643	0.660491	-0.750834
-678.359	868.863	0.673414	-0.739265
-686.337	876.211	0.683565	-0.72989
-694.222	883.678	0.693572	-0.720387
-702.013	891.262	0.703426	-0.710768
-709.705	898.967	0.715249	-0.69887
-717.262	906.824	0.728765	-0.684764
-724.676	914.836	0.741615	-0.670826
-731.948	922.996	0.753825	-0.657075
-739.08	931.299	0.765471	-0.643471
-746.092	939.722	0.767769	-0.640727
-753.159	948.118	0.760885	-0.648886
-760.325	956.448	0.753816	-0.657085
-767.591	964.711	0.746651	-0.665216
-774.956	972.906	0.73939	-0.673277
-782.414	981.035	0.73486	-0.678219
-789.915	989.146	0.733138	-0.680079
-797.445	997.248	0.731498	-0.681843
-805.005	1005.34	0.730064	-0.683379
-812.614	1013.41	0.716131	-0.697966
-820.486	1021.25	0.688987	-0.724773
-828.661	1028.79	0.661319	-0.750105
-837.123	1036.03	0.633289	-0.773916
-845.856	1042.96	0.604873	-0.796322
-854.848	1049.59	0.574553	-0.818467
-864.102	1055.87	0.542309	-0.840179
-873.604	1061.8	0.510121	-0.860102
-883.335	1067.38	0.47842	-0.878131
-893.274	1072.61	0.447113	-0.894478
-903.4	1077.51	0.420888	-0.907113
-913.661	1082.15	0.400265	-0.916399
-924.037	1086.58	0.380982	-0.924582
-934.514	1090.8	0.363095	-0.931752
-945.079	1094.84	0.348966	-0.937135
-955.704	1098.74	0.33883	-0.940848
-966.368	1102.53	0.330686	-0.943741
-977.059	1106.24	0.32454	-0.945872
-988.84	1110.26	0.319761	-0.947498
-999.56	1113.87	0.320528	-0.947239
-1010.26	1117.51	0.326173	-0.94531
-1020.94	1121.23	0.333098	-0.942892
-1031.58	1125.03	0.341178	-0.939999
-1042.19	1128.93	0.352076	-0.935971
-1052.74	1132.96	0.365781	-0.930701
-1063.22	1137.16	0.380804	-0.924656
-1073.63	1141.53	0.3971	-0.917775
-1083.95	1146.09	0.414709	-0.909954
-1094.18	1150.86	0.435327	-0.900273
-1104.28	1155.87	0.458463	-0.888713
-1114.24	1161.14	0.481644	-0.876367
-1124.07	1166.68	0.504481	-0.863423
-1133.7	1172.52	0.560617	-0.828075
-1142.74	1179.23	0.645432	-0.763818
-1151.02	1186.85	0.722942	-0.690909
-1158.44	1195.31	0.792262	-0.610181
-1164.93	1204.51	0.852606	-0.522555
-1170.39	1214.35	0.903562	-0.428457
-1174.77	1224.71	0.944374	-0.328873
-1178.01	1235.48	0.974216	-0.225617
-1180.07	1246.54	0.99275	-0.120195
-1180.95	1257.75	0.999901	-0.014041
-1180.65	1269.02	0.996877	0.0789663
-1179.4	1280.23	0.98746	0.157869
-1177.27	1291.33	0.972178	0.234242
-1174.28	1302.25	0.951662	0.307149
-1170.5	1312.94	0.932475	0.361235
-1166.23	1323.47	0.917769	0.397115
-1161.56	1333.85	0.902878	0.429896
-1156.52	1344.07	0.887987	0.459869
-1151.14	1354.15	0.873254	0.487266
-1145.47	1364.09	0.866849	0.49857
-1139.77	1374.04	0.869414	0.494084
-1134.12	1384.05	0.873101	0.48754
-1128.54	1394.12	0.877875	0.478889
-1123.07	1404.26	0.883807	0.467852
-1117.74	1414.51	0.89556	0.44494
-1112.75	1424.95	0.911994	0.410204
-1108.16	1435.6	0.927533	0.373742
-1104	1446.44	0.94184	0.336062
-1100.26	1457.46	0.954584	0.297941
-1096.97	1468.64	0.965723	0.259576
-1094.12	1479.96	0.975333	0.22074
-1091.72	1491.41	0.983301	0.181986
-1089.77	1502.97	0.989656	0.143459
-1088.26	1514.61	0.99409	0.108562
-1087.13	1526.32	0.997014	0.0772204
-1086.37	1538.07	0.998944	0.045948
-1085.97	1549.87	0.999889	0.0148715
-1085.94	1561.69	0.999872	-0.016018
-1086.27	1573.54	0.999105	-0.0423061
-1086.87	1585.39	0.997954	-0.0639407
-1087.74	1597.26	0.996372	-0.0851062
-1088.85	1609.14	0.994445	-0.10526
-1090.2	1621.01	0.992264	-0.124146
-1091.76	1632.89	0.990912	-0.134511
-1093.39	1644.78	0.990595	-0.136826
-1095.04	1656.7	0.990301	-0.138937
-1096.73	1668.64	0.990022	-0.140913
-1098.43	1680.6	0.990618	-0.136659
-1100.03	1692.6	0.992019	-0.126091
-1101.51	1704.64	0.993325	-0.115353
-1102.86	1716.72	0.994523	-0.104517
-1104.08	1728.84	0.995611	-0.0935841
-1105.16	1741	0.996682	-0.0813946
-1106.09	1753.2	0.997674	-0.0681663
-1106.87	1765.43	0.998471	-0.0552704
-1107.48	1777.7	0.999084	-0.0427822
-1107.95	1790	0.999526	-0.0307844
-1108.3	1802.33	0.999382	-0.0351654
-1108.84	1814.68	0.998444	-0.0557573
-1109.63	1827.04	0.997077	-0.0764004
-1110.68	1839.41	0.99528	-0.0970429
-1111.99	1851.77	0.993048	-0.117711
-1113.54	1864.14	0.991876	-0.12721
-1115.12	1876.53	0.992082	-0.125595
-1116.69	1888.94	0.992283	-0.123995
-1118.23	1901.38	0.992521	-0.122072
-1119.72	1913.86	0.994689	-0.102929
-1120.83	1926.4	0.997774	-0.0666853
-1121.49	1938.99	0.999538	-0.0303817
-1121.69	1951.63	0.999983	0.00575012
-1121.44	1964.29	0.999134	0.0416091
-1120.76	1976.96	0.998212	0.0597703
-1120	1989.65	0.99819	0.0601419
-1119.23	2002.37	0.998197	0.0600279
-1118.47	2015.11	0.998224	0.0595706
-1117.71	2027.88	0.998262	0.0589299
-1116.93	2040.68	0.997544	0.0700396
-1115.92	2053.48	0.995672	0.0929352
-1114.6	2066.28	0.993274	0.11579
-1112.99	2079.07	0.990348	0.138601
-1111.09	2091.84	0.986896	0.161355
-1108.92	2104.6	0.986476	0.163908
-1106.89	2117.41	0.989279	0.146038
-1105.09	2130.28	0.99183	0.127567
-1103.52	2143.2	0.994102	0.108449
-1102.2	2156.18	0.995807	0.0914828
-1101.09	2169.2	0.997044	0.0768339
-1100.16	2182.26	0.998075	0.0620198
-1099.42	2195.36	0.998885	0.0472098
-1098.88	2208.49	0.999468	0.0326162
-1098.52	2221.65	0.99982	0.0189961
-1098.34	2234.85	0.999979	0.00646971
-1098.32	2248.07	0.999984	-0.00565271
-1098.46	2261.31	0.999844	-0.0176809
-1098.74	2274.58	0.999708	-0.024161
-1099.07	2287.87	0.999695	-0.0246953
-1099.4	2301.18	0.999702	-0.0244012
-1099.72	2314.52	0.999726	-0.0234207
-1100.03	2327.89	0.999756	-0.0220688
-1100.31	2341.28	0.999853	-0.017123
-1100.49	2354.7	0.999962	-0.00874345
-1100.56	2368.15	1	-0.000450717
-1100.52	2381.62	0.999969	0.00781107
-1100.38	2395.11	0.999886	0.0150837
-1100.14	2408.63	0.999776	0.0211683
-1099.82	2422.17	0.999643	0.0267051
-1099.43	2435.73	0.9995	0.0316332
-1098.98	2449.32	0.999342	0.0362668
-1098.45	2462.93	0.999122	0.0419014
-1097.85	2476.56	0.998819	0.0485772
-1097.15	2490.21	0.998472	0.0552552
-1096.35	2503.89	0.99808	0.061935
-1095.48	2517.58	0.998047	0.0624665
-1094.65	2531.3	0.99839	0.0567138
-1093.9	2545.05	0.99872	0.0505781
-1093.24	2558.83	0.99903	0.0440281
-1092.67	2572.63	0.999305	0.0372654
-1092.19	2586.47	0.999552	0.0299165
-1091.82	2600.33	0.999755	0.0221471
-1091.56	2614.23	0.999892	0.0146653
-1091.39	2628.14	0.999972	0.00750286
-1091.33	2642.09	1	0.000509213
-1091.37	2656.06	0.999953	-0.00964429
-1091.58	2670.05	0.999736	-0.0229795
-1091.97	2684.06	0.99934	-0.0363221
-1092.56	2698.09	0.998766	-0.0496695
-1093.33	2712.14	0.997976	-0.0635888
-1094.31	2726.2	0.996953	-0.0780037
-1095.49	2740.27	0.995772	-0.0918614
-1096.87	2754.34	0.99451	-0.104646
-1098.42	2768.43	0.993159	-0.116771
-1100.13	2782.52	0.992404	-0.123018
-1101.88	2796.62	0.99235	-0.123459
-1103.64	2810.76	0.992295	-0.123897
-1105.41	2824.91	0.992247	-0.12428
-1107.19	2839.1	0.99222	-0.1245
-1108.97	2853.3	0.992476	-0.122435
-1110.69	2867.53	0.99312	-0.117101
-1112.35	2881.8	0.993734	-0.111771
-1113.92	2896.1	0.994312	-0.106505
-1115.43	2910.44	0.994899	-0.100875
-1116.85	2924.81	0.995517	-0.0945871
-1118.18	2939.21	0.996092	-0.0883228
-1119.42	2953.64	0.996619	-0.0821605
-1120.59	2968.11	0.996859	-0.0791952
-1121.75	2982.6	0.996722	-0.080899
-1122.93	2997.11	0.996583	-0.082601
-1124.15	3011.64	0.99644	-0.084309
-1125.39	3026.2	0.996288	-0.0860803
-1126.66	3040.78	0.996203	-0.087066
-1127.93	3055.39	0.99623	-0.0867534
-1129.21	3070.02	0.996257	-0.0864383
-1130.48	3084.67	0.996285	-0.0861204
-1131.74	3099.35	0.996543	-0.0830729
-1132.92	3114.06	0.997113	-0.0759277
-1134	3128.81	0.997632	-0.0687708
-1134.98	3143.58	0.998101	-0.0616025
-1135.85	3158.39	0.998518	-0.0544235
-1136.62	3173.23	0.998818	-0.0485988
-1137.32	3188.09	0.998995	-0.0448133
-1137.96	3202.99	0.999158	-0.041022
-1138.55	3217.91	0.999307	-0.0372249
-1139.09	3232.85	0.999487	-0.0320365
-1139.52	3247.83	0.999692	-0.0248366
-1139.85	3262.83	0.999843	-0.0177393
-1140.08	3277.86	0.999943	-0.010634
-1140.19	3292.91	0.999994	-0.00352093
-1140.2	3307.99	0.999993	0.00361876
-1140.11	3323.09	0.999942	0.0107943
-1139.9	3338.22	0.999838	0.0179767
-1139.55	3354.88	0.999665	0.0258845
-1139.12	3370.06	0.999598	0.0283357
-1138.74	3383.74	0.999655	0.0262753
-1138.32	3400.48	0.999718	0.0237573
-1137.97	3415.73	0.99977	0.0214482
-1137.66	3431	0.99982	0.0189521
-1137.39	3446.29	0.999861	0.0166659
-1137.14	3461.6	0.999893	0.0146406
-1136.93	3476.91	0.999922	0.0124862
-1136.75	3492.21	0.999947	0.0103191
-1136.61	3507.51	0.999962	0.00875336
-1136.48	3522.81	0.99997	0.00778843
-1136.37	3538.11	0.999977	0.00682349
-1136.27	3553.4	0.999983	0.00585855
-1136.18	3568.68	0.999988	0.00489359
-1136.11	3583.96	0.999992	0.00392864
-1136.07	3599.24	0.999999	0.00116421
-1136.08	3614.51	0.999994	-0.00339938
-1136.15	3629.78	0.999968	-0.00796015
-1136.3	3645.02	0.999922	-0.0125173
-1136.53	3660.26	0.999833	-0.0182572
-1136.85	3675.46	0.999683	-0.0251756
-1137.27	3690.64	0.999485	-0.0320845
-1137.8	3705.78	0.99924	-0.0389843
-1138.43	3720.88	0.998947	-0.0458746
-1139.15	3735.94	0.998818	-0.0486131
-1139.87	3750.97	0.998885	-0.0472054
-1140.57	3765.96	0.998951	-0.0457996
-1141.25	3780.91	0.999014	-0.0443958
-1141.91	3795.83	0.999075	-0.0429941
-1142.53	3810.72	0.99925	-0.0387182
-1143.06	3825.56	0.999501	-0.031575
-1143.49	3840.35	0.999701	-0.024446
-1143.81	3855.09	0.99985	-0.0173286
-1144.02	3869.78	0.999928	-0.0119631
-1144.18	3884.42	0.999965	-0.0083471
-1144.28	3899	0.999989	-0.00473741
-1144.33	3913.53	0.999999	-0.00116565
-1144.32	3928.01	0.999998	0.00208752
-1144.28	3942.44	0.999987	0.00511286
-1144.19	3956.81	0.999968	0.00801059
-1144.06	3971.13	0.999942	0.0107256
-1143.89	3985.4	0.99991	0.0134422
-1143.68	3999.62	0.999878	0.0155895
-1143.45	4013.78	0.999853	0.0171686
-1143.2	4027.89	0.999824	0.0187512
-1142.93	4041.95	0.999793	0.0203372
-1142.63	4055.95	0.99976	0.0219266
-1142.33	4069.91	0.999793	0.0203361
-1142.07	4083.81	0.999879	0.0155705
-1141.88	4097.66	0.999941	0.0108182
-1141.76	4111.46	0.999982	0.00607949
-1141.7	4125.21	0.999996	0.00292141
-1141.67	4138.9	0.999999	0.00134152
-1141.66	4152.54	1	-0.000229831
-1141.67	4166.14	0.999998	-0.00179264
-1141.7	4179.67	0.999994	-0.00334689
-1141.75	4193.16	0.999988	-0.00489274
-1141.83	4206.6	0.999979	-0.0064302
-1141.92	4219.98	0.999968	-0.00795924
-1142.04	4233.31	0.999955	-0.00947987
-1142.17	4246.59	0.999928	-0.0119719
-1142.35	4259.81	0.999881	-0.0154338
-1142.57	4272.99	0.999822	-0.018884
-1142.84	4286.11	0.999751	-0.0223224
-1143.15	4299.18	0.999668	-0.0257491
-1143.49	4312.19	0.999654	-0.0262881
-1143.82	4325.15	0.999713	-0.0239441
-1144.12	4338.07	0.999767	-0.0215981
-1144.38	4350.93	0.999815	-0.0192499
-1144.62	4363.74	0.999823	-0.0187921
-1144.87	4376.49	0.999796	-0.0202215
-1145.13	4389.2	0.999766	-0.0216427
-1145.42	4401.85	0.999734	-0.0230557
-1145.71	4414.45	0.999733	-0.0230954
-1145.99	4427	0.999763	-0.021764
-1146.26	4439.5	0.999791	-0.0204291
-1146.51	4451.95	0.999818	-0.0190906
-1146.74	4464.34	0.999842	-0.0177487
-1146.95	4476.69	0.999858	-0.0168729
-1147.16	4488.98	0.999864	-0.0164626
-1147.36	4501.22	0.999871	-0.0160473
-1147.55	4513.41	0.999878	-0.0156271
-1147.74	4525.55	0.999891	-0.0147849
-1147.91	4537.63	0.999909	-0.0135215
-1148.06	4549.67	0.999925	-0.0122546
-1148.21	4561.65	0.99994	-0.0109842
-1148.33	4573.58	0.999953	-0.00971027
-1148.44	4585.46	0.999971	-0.00762317
-1148.51	4597.29	0.999989	-0.00472421
-1148.56	4609.07	0.999998	-0.0018246
-1148.56	4620.8	0.999999	0.00107563
-1148.54	4632.47	0.999997	0.00230549
-1148.52	4644.09	0.999998	0.00186779
-1148.5	4655.66	0.999999	0.00143635
-1148.48	4667.18	0.999999	0.00101117
-1148.47	4678.65	0.999999	0.00138318
-1148.45	4690.07	0.999997	0.002551
-1148.42	4701.44	0.999993	0.00372234
-1148.37	4712.75	0.999988	0.00489718
-1148.31	4724.01	0.999982	0.00607544
-1148.24	4735.22	0.999982	0.00607003
-1148.17	4746.38	0.999988	0.00488299
-1148.13	4757.49	0.999993	0.00370342
-1148.09	4768.55	0.999997	0.00253132
-1148.07	4779.56	0.999997	0.00249806
-1148.03	4790.51	0.999994	0.00360164
-1147.99	4801.41	0.999989	0.00470874
-1147.93	4812.27	0.999983	0.00581925
-1147.87	4823.07	0.999976	0.0069332
-1147.79	4833.81	0.999976	0.006929
-1147.72	4844.51	0.999983	0.00580857
-1147.66	4855.16	0.999989	0.00469546
-1147.62	4865.75	0.999993	0.0036668
-1147.58	4876.3	0.999996	0.00281895
-1147.55	4886.79	0.999997	0.00246113
-1147.53	4897.23	0.999997	0.00249493
-1147.5	4907.63	0.999997	0.00253193
-1147.48	4917.96	0.999997	0.00256626
-1147.45	4928.25	0.999998	0.00215329
-1147.43	4938.49	0.999999	0.00115857
-1147.43	4948.68	1	-0.000117374
-1147.43	4958.81	0.999999	-0.00164958
-1147.46	4968.9	0.999994	-0.00344767
-1147.5	4978.93	0.999974	-0.00727361
-1147.6	4988.91	0.999912	-0.0132675
-1147.75	4998.84	0.999803	-0.0198564
-1147.98	5008.72	0.999634	-0.0270628
-1148.31	5019.53	0.999362	-0.0357045
-1148.69	5029.3	0.998945	-0.0459275
-1149.19	5039.01	0.998286	-0.0585321
-1149.8	5048.66	0.997412	-0.0719015
-1150.55	5058.26	0.996306	-0.0858737
-1151.43	5067.79	0.994957	-0.100307
-1152.44	5077.25	0.993078	-0.117455
-1153.63	5086.64	0.990533	-0.137277
-1154.99	5095.96	0.98753	-0.15743
-1156.54	5105.19	0.984054	-0.177872
-1158.28	5114.34	0.979767	-0.20014
-1160.22	5123.4	0.974542	-0.224206
-1162.38	5132.35	0.968642	-0.24846
-1164.74	5141.2	0.962059	-0.272843
-1167.32	5149.94	0.954786	-0.297295
-1170.1	5158.56	0.946455	-0.322836
-1173.1	5167.06	0.936999	-0.349333
-1176.33	5175.41	0.926808	-0.375534
-1179.76	5183.63	0.915945	-0.401304
-1183.41	5191.7	0.904451	-0.426577
-1187.25	5199.63	0.892349	-0.451346
-1191.29	5207.4	0.879641	-0.475639
-1195.51	5215.01	0.866334	-0.499464
-1199.92	5222.46	0.852446	-0.522815
-1204.49	5229.74	0.8385	-0.544902
-1209.22	5236.87	0.824578	-0.565749
-1214.1	5243.83	0.810241	-0.586097
-1219.13	5250.63	0.795599	-0.605824
-1224.28	5257.26	0.780757	-0.624835
-1229.56	5263.73	0.765704	-0.643193
-1234.96	5270.04	0.75037	-0.661019
-1240.47	5276.18	0.734723	-0.678367
-1246.09	5282.15	0.718757	-0.695262
-1251.81	5287.95	0.702476	-0.711708
-1257.62	5293.59	0.687433	-0.726248
-1263.51	5299.08	0.673815	-0.738901
-1269.46	5304.43	0.660216	-0.751075
-1275.46	5309.63	0.646641	-0.762794
-1281.52	5314.7	0.633105	-0.774066
-1287.63	5319.62	0.619946	-0.784645
-1293.78	5324.41	0.607116	-0.794613
-1299.96	5329.08	0.594219	-0.804303
-1306.18	5333.61	0.581212	-0.813752
-1312.43	5338.01	0.568291	-0.822828
-1318.71	5342.29	0.555303	-0.831648
-1325.01	5346.44	0.541943	-0.840415
-1331.33	5350.46	0.528381	-0.849007
-1337.68	5354.36	0.514718	-0.85736
-1344.05	5358.13	0.503469	-0.864013
-1350.42	5361.8	0.494604	-0.869119
-1356.8	5365.4	0.485504	-0.874234
-1363.21	5368.92	0.476151	-0.879363
-1369.65	5372.38	0.466577	-0.884481
-1376.14	5375.76	0.453404	-0.891305
-1382.67	5379.02	0.436622	-0.899645
-1389.27	5382.16	0.419688	-0.907668
-1395.92	5385.18	0.40261	-0.915372
-1402.63	5388.07	0.38541	-0.922745
-1403.98	5388.63	0.383684	-0.923464
-1403.98	5388.63	0.383684	-0.923464
-1403.98	5388.63	0.383684	-0.923464
-1403.98	5388.63	0.383684	-0.923464
-1403.98	5388.63	0.383684	-0.923464
-1403.98	5388.63	0.383684	-0.923464
-1403.98	5388.63	0.383684	-0.923464
-1403.98	5388.63	0.383684	-0.923464
-1403.98	5388.63	0.383684	-0.923464
-1403.98	5388.63	0.383684	-0.923464
-1403.98	5388.63	0.383684	-0.923464
-1403.98	5388.63	0.383684	-0.923464
-1403.98	5388.63	0.383684	-0.923464
-1403.98	5388.63	0.383684	-0.923464
-1403.98	5388.63	0.383684	-0.923464
-1403.98	5388.63	0.383684	-0.923464
-1403.98	5388.63	0.383684	-0.923464
-1403.98	5388.63	0.383684	-0.923464
-1403.98	5388.63	0.383684	-0.923464
-1403.98	5388.63	0.383684	-0.923464
-1403.98	5388.63	0.383684	-0.923464
-1403.98	5388.63	0.383684	-0.923464
-1403.98	5388.63	0.383684	-0.923464
-1403.98	5388.63	0.383684	-0.923464
-1403.98	5388.63	0.383684	-0.923464
-1403.98	5388.63	0.383684	-0.923464
-1403.98	5388.63	0.383684	-0.923464
-1403.98	5388.63	0.383684	-0.923464
-1403.98	5388.63	0.383684	-0.923464
-1403.98	5388.63	0.383684	-0.923464
-1403.98	5388.63	0.383684	-0.923464
-1403.98	5388.63	0.383684	-0.923464
-1403.98	5388.63	0.383684	-0.923464
-1403.98	5388.63	0.383684	-0.923464
-1403.98	5388.63	0.383684	-0.923464
-1403.98	5388.63	0.383684	-0.923464
-1403.98	5388.63	0.383684	-0.923464
-1403.98	5388.63	0.383684	-0.923464
-1403.98	5388.63	0.383684	-0.923464
-1403.98	5388.63	0.383684	-0.923464
-1403.98	5388.63	0.383684	-0.923464
-1403.98	5388.63	0.383684	-0.923464
-1403.98	5388.63	0.383684	-0.923464
-1403.98	5388.63	0.383684	-0.923464
-1403.98	5388.63	0.383684	-0.923464
-1403.98	5388.63	0.383684	-0.923464
-1403.98	5388.63	0.383684	-0.923464
-1403.98	5388.63	0.383684	-0.923464
-1403.98	5388.63	0.383684	-0.923464
