1300	-5000	1	0
1300	-5000	1	0
1300	-5000	1	0
1300	-5000	1	0
1300	-5000	1	0
1300	-5000	1	0
1300	-5000	1	0
1300	-5000	1	0
1300	-5000	1	0
1300	-5000	1	0
1300	-5000	1	0
1300	-5000	1	0
1300	-5000	1	0
1300	-5000	1	0
1300	-5000	1	0
1300	-5000	1	0
1300	-5000	1	0
1300	-5000	1	0
1300	-5000	1	0
1300	-5000	1	0
1300	-5000	1	0
1300	-5000	1	0
1300	-5000	1	0
1300	-5000	1	0
1300	-5000	1	0
1300	-5000	1	0
1300	-5000	1	0
1300	-5000	1	0
1300	-5000	1	0
1300	-5000	1	0
1300	-5000	1	0
1300	-5000	1	0
1300	-5000	1	0
1300	-5000	1	0
1300	-5000	1	0
1300	-5000	1	0
1300	-5000	1	0
1300	-5000	1	0
1300	-5000	1	0
1300	-5000	1	-0.000130094
1300	-5000	1	-0.000462661
1300	-4999.99	1	-0.000939933
1300	-4999.99	0.999999	-0.00156187
1300	-4999.98	0.999997	-0.0023285
1300	-4999.97	0.999995	-0.00323983
1300	-4999.96	0.999991	-0.00429589
1300	-4999.95	0.999983	-0.00585058
1300	-4999.93	0.999965	-0.00830875
1300	-4999.9	0.999931	-0.0117217
1300	-4999.86	0.999871	-0.0160901
1300	-4999.82	0.999771	-0.0214141
1300	-4999.76	0.999616	-0.0277007
1299.99	-4999.7	0.999389	-0.0349502
1299.99	-4999.63	0.999068	-0.0431622
1299.99	-4999.55	0.998629	-0.0523435
1299.98	-4999.46	0.998046	-0.0624881
1299.98	-4999.37	0.997289	-0.0735894
1299.97	-4999.26	0.996326	-0.0856447
1299.96	-4999.15	0.995122	-0.0986502
1299.95	-4999.03	0.993641	-0.112593
1299.93	-4998.9	0.991845	-0.12745
1299.91	-4998.76	0.989692	-0.143216
1299.89	-4998.62	0.987112	-0.160031
1299.86	-4998.46	0.984025	-0.178028
1299.83	-4998.29	0.980367	-0.197183
1299.8	-4998.12	0.976067	-0.217468
1299.75	-4997.93	0.971047	-0.238888
1299.7	-4997.74	0.965207	-0.261485
1299.64	-4997.53	0.961896	-0.273415
1299.58	-4997.32	0.961698	-0.274111
1299.52	-4997.09	0.961501	-0.274803
1299.45	-4996.85	0.961304	-0.275491
1299.38	-4996.59	0.961107	-0.276175
1299.3	-4996.33	0.960894	-0.276916
1299.22	-4996.05	0.960665	-0.277708
1299.14	-4995.77	0.96044	-0.278485
1299.06	-4995.49	0.960218	-0.279251
1298.97	-4995.2	0.959985	-0.280051
1298.89	-4994.91	0.959741	-0.280887
1298.8	-4994.63	0.959495	-0.281724
1298.72	-4994.34	0.95925	-0.28256
1298.63	-4994.05	0.959003	-0.283396
1298.55	-4993.75	0.958752	-0.284243
1298.46	-4993.45	0.958496	-0.285105
1298.36	-4993.13	0.958236	-0.285977
1298.26	-4992.8	0.957972	-0.286862
1298.16	-4992.46	0.957702	-0.287761
1298.05	-4992.09	0.957398	-0.288771
1297.94	-4991.71	0.95706	-0.28989
1297.81	-4991.31	0.956718	-0.291018
1297.69	-4990.89	0.95637	-0.292158
1297.55	-4990.45	0.955983	-0.293423
1297.41	-4990	0.955555	-0.294814
1297.27	-4989.53	0.955118	-0.296225
1297.11	-4989.04	0.954674	-0.297655
1296.96	-4988.53	0.95422	-0.299106
1296.79	-4988	0.953714	-0.300716
1296.62	-4987.45	0.953153	-0.302487
1296.44	-4986.89	0.952583	-0.304279
1296.25	-4986.31	0.952005	-0.306083
1296.06	-4985.71	0.951388	-0.307995
1295.86	-4985.09	0.950734	-0.310006
1295.65	-4984.46	0.950083	-0.311998
1295.44	-4983.81	0.949437	-0.313957
1295.21	-4983.14	0.9488	-0.315877
1294.98	-4982.45	0.948128	-0.31789
1294.75	-4981.74	0.94742	-0.319992
1294.5	-4981.02	0.946721	-0.322054
1294.25	-4980.28	0.946029	-0.324081
1293.99	-4979.52	0.945301	-0.326199
1293.72	-4978.75	0.944524	-0.328442
1293.44	-4977.96	0.943726	-0.330728
1293.16	-4977.15	0.942907	-0.333056
1292.87	-4976.32	0.942068	-0.335423
1292.57	-4975.47	0.941168	-0.337938
1292.26	-4974.61	0.940209	-0.340599
1291.94	-4973.73	0.939226	-0.3433
1291.61	-4972.84	0.93822	-0.346039
1291.27	-4971.93	0.937155	-0.348915
1290.92	-4971	0.936027	-0.351927
1290.57	-4970.05	0.934876	-0.354975
1290.2	-4969.09	0.933701	-0.358053
1289.82	-4968.11	0.932507	-0.361152
1289.43	-4967.12	0.931242	-0.364401
1289.04	-4966.1	0.929903	-0.367805
1288.63	-4965.08	0.928535	-0.371244
1288.21	-4964.03	0.927136	-0.374726
1287.78	-4962.97	0.925673	-0.378326
1287.34	-4961.9	0.924142	-0.38205
1286.88	-4960.81	0.922569	-0.385833
1286.42	-4959.7	0.920955	-0.38967
1285.94	-4958.58	0.919301	-0.393556
1285.45	-4957.44	0.917559	-0.397599
1284.95	-4956.29	0.915727	-0.4018
1284.44	-4955.12	0.913851	-0.406049
1283.91	-4953.94	0.911929	-0.410349
1283.37	-4952.74	0.909955	-0.414708
1282.81	-4951.53	0.907873	-0.419246
1282.24	-4950.3	0.905679	-0.423964
1281.66	-4949.06	0.903428	-0.42874
1281.06	-4947.8	0.901121	-0.433567
1280.44	-4946.53	0.898728	-0.438507
1279.81	-4945.25	0.896237	-0.443576
1279.17	-4943.95	0.893666	-0.448733
1278.5	-4942.64	0.891013	-0.453979
1277.83	-4941.31	0.888281	-0.459301
1277.13	-4939.98	0.885435	-0.464762
1276.42	-4938.63	0.882479	-0.470352
1275.69	-4937.26	0.879449	-0.475993
1274.94	-4935.89	0.876343	-0.481687
1274.17	-4934.5	0.873135	-0.487478
1273.38	-4933.1	0.869822	-0.493366
1272.58	-4931.69	0.866429	-0.499301
1271.75	-4930.27	0.862957	-0.505277
1270.91	-4928.83	0.859379	-0.511339
1270.04	-4927.39	0.855689	-0.51749
1269.16	-4925.94	0.851906	-0.523695
1268.25	-4924.47	0.848019	-0.529966
1267.33	-4923	0.844024	-0.536305
1266.38	-4921.52	0.839899	-0.542743
1265.41	-4920.03	0.835639	-0.549279
1264.42	-4918.53	0.831266	-0.555874
1263.4	-4917.02	0.826782	-0.562523
1262.36	-4915.51	0.822187	-0.569217
1261.3	-4913.98	0.817486	-0.575948
1260.22	-4912.46	0.812671	-0.582722
1259.11	-4910.92	0.807727	-0.589556
1257.98	-4909.38	0.802637	-0.596467
1256.82	-4907.83	0.797429	-0.603412
1255.64	-4906.28	0.792137	-0.610344
1254.43	-4904.72	0.786758	-0.617262
1253.19	-4903.16	0.781293	-0.624165
1251.94	-4901.6	0.775753	-0.631036
1250.65	-4900.03	0.770144	-0.637871
1249.34	-4898.46	0.764438	-0.644697
1248.01	-4896.89	0.75864	-0.65151
1246.64	-4895.31	0.752721	-0.65834
1245.25	-4893.74	0.746683	-0.66518
1243.84	-4892.16	0.740549	-0.672003
1242.39	-4890.58	0.734315	-0.678809
1240.92	-4889	0.727984	-0.685594
1239.43	-4887.42	0.721576	-0.692336
1237.9	-4885.85	0.715094	-0.699028
1236.35	-4884.27	0.708511	-0.7057
1234.76	-4882.69	0.701834	-0.712341
1233.15	-4881.12	0.694987	-0.719022
1231.52	-4879.55	0.687936	-0.725771
1229.85	-4877.98	0.680792	-0.732477
1228.15	-4876.41	0.673569	-0.739124
1226.43	-4874.85	0.666286	-0.745696
1224.67	-4873.3	0.659045	-0.752104
1222.89	-4871.74	0.651899	-0.758306
1221.07	-4870.2	0.644736	-0.764406
1219.23	-4868.66	0.637583	-0.770382
1217.36	-4867.12	0.630483	-0.776203
1215.46	-4865.59	0.623452	-0.781861
1213.53	-4864.06	0.616461	-0.787385
1211.57	-4862.54	0.609506	-0.792781
1209.59	-4861.03	0.602583	-0.798056
1207.58	-4859.52	0.595807	-0.803128
1205.54	-4858.01	0.589238	-0.80796
1203.47	-4856.52	0.582696	-0.81269
1201.37	-4855.02	0.576181	-0.817322
1199.25	-4853.54	0.56981	-0.821776
1197.1	-4852.06	0.563645	-0.826017
1194.93	-4850.58	0.557518	-0.830165
1192.73	-4849.11	0.551431	-0.83422
1190.5	-4847.65	0.545389	-0.838183
1188.25	-4846.19	0.539602	-0.84192
1185.97	-4844.74	0.534181	-0.84537
1183.66	-4843.29	0.528821	-0.848734
1181.33	-4841.85	0.523529	-0.852008
1178.98	-4840.41	0.51851	-0.855072
1176.36	-4838.83	0.513409	-0.858144
1174.2	-4837.54	0.509321	-0.860577
1171.77	-4836.12	0.504879	-0.86319
1169.08	-4834.55	0.500124	-0.865954
1166.61	-4833.13	0.496201	-0.868208
1164.11	-4831.7	0.492685	-0.870208
1161.59	-4830.28	0.489323	-0.872102
1159.05	-4828.86	0.486128	-0.873888
1156.49	-4827.44	0.483279	-0.875466
1153.91	-4826.02	0.480785	-0.876839
1151.31	-4824.6	0.478484	-0.878096
1148.69	-4823.18	0.476383	-0.879238
1146.05	-4821.75	0.474483	-0.880265
1143.39	-4820.32	0.472892	-0.88112
1140.71	-4818.88	0.471589	-0.881819
1138.01	-4817.44	0.470416	-0.882445
1135.3	-4816	0.469302	-0.883038
1132.56	-4814.55	0.468183	-0.883632
1129.81	-4813.09	0.467049	-0.884231
1127.04	-4811.63	0.465913	-0.88483
1124.26	-4810.16	0.464776	-0.885428
1121.45	-4808.69	0.463623	-0.886032
1118.62	-4807.21	0.462455	-0.886642
1115.78	-4805.73	0.461286	-0.887252
1112.92	-4804.25	0.460114	-0.88786
1110.04	-4802.76	0.458941	-0.888467
1107.14	-4801.26	0.457896	-0.889006
1104.23	-4799.76	0.456981	-0.889477
1101.29	-4798.26	0.456064	-0.889947
1098.34	-4796.75	0.45516	-0.89041
1095.37	-4795.23	0.45433	-0.890834
1092.39	-4793.71	0.454238	-0.89088
1089.38	-4792.17	0.45486	-0.890563
1086.36	-4790.63	0.455531	-0.89022
1083.33	-4789.08	0.456211	-0.889872
1080.28	-4787.51	0.457132	-0.889399
1077.22	-4785.94	0.458294	-0.8888
1074.14	-4784.35	0.459463	-0.888197
1071.05	-4782.75	0.460676	-0.887568
1067.95	-4781.13	0.462281	-0.886733
1064.83	-4779.5	0.464244	-0.885707
1061.7	-4777.86	0.466262	-0.884647
1058.55	-4776.2	0.468372	-0.883532
1055.4	-4774.52	0.470532	-0.882383
1052.23	-4772.83	0.472737	-0.881203
1049.05	-4771.12	0.475027	-0.879971
1045.86	-4769.39	0.47741	-0.87868
1042.66	-4767.65	0.479855	-0.877348
1039.44	-4765.89	0.48225	-0.876033
1036.22	-4764.11	0.484581	-0.874746
1032.98	-4762.31	0.486915	-0.873449
1029.73	-4760.49	0.489252	-0.872142
1026.48	-4758.66	0.491593	-0.870825
1023.21	-4756.81	0.493863	-0.86954
1019.93	-4754.94	0.496036	-0.868302
1016.63	-4753.06	0.498127	-0.867104
1013.33	-4751.16	0.500104	-0.865965
1010.02	-4749.24	0.50208	-0.864821
1006.69	-4747.3	0.504063	-0.863667
1003.35	-4745.35	0.505927	-0.862576
1000	-4743.38	0.507641	-0.861568
996.641	-4741.4	0.509208	-0.860644
993.268	-4739.4	0.511206	-0.859458
989.885	-4737.38	0.51369	-0.857976
986.491	-4735.34	0.516158	-0.856493
983.088	-4733.29	0.518625	-0.855002
979.676	-4731.21	0.522314	-0.852753
976.259	-4729.11	0.527216	-0.849732
972.839	-4726.98	0.532104	-0.846679
969.415	-4724.81	0.536978	-0.843596
965.989	-4722.62	0.541883	-0.840454
962.56	-4720.4	0.546817	-0.837252
959.129	-4718.15	0.551737	-0.834018
955.696	-4715.86	0.556641	-0.830753
952.262	-4713.55	0.561519	-0.827464
948.826	-4711.21	0.566413	-0.824121
945.389	-4708.83	0.571332	-0.820719
941.952	-4706.43	0.576232	-0.817286
938.514	-4703.99	0.581115	-0.813821
935.075	-4701.52	0.58594	-0.810355
931.637	-4699.03	0.590706	-0.806887
928.199	-4696.5	0.595452	-0.803391
924.761	-4693.93	0.600169	-0.799873
921.324	-4691.34	0.604839	-0.796348
917.887	-4688.72	0.609246	-0.792981
914.45	-4686.07	0.6134	-0.789773
911.012	-4683.39	0.617508	-0.786565
907.575	-4680.68	0.621575	-0.783355
904.137	-4677.94	0.625649	-0.780104
900.699	-4675.17	0.629741	-0.776805
897.262	-4672.37	0.633814	-0.773485
893.826	-4669.54	0.637848	-0.770162
890.391	-4666.68	0.642959	-0.765901
886.963	-4663.79	0.649149	-0.760661
883.546	-4660.85	0.6553	-0.755369
880.139	-4657.88	0.661411	-0.750024
876.742	-4654.86	0.667481	-0.744627
873.357	-4651.81	0.673416	-0.739264
869.982	-4648.71	0.679216	-0.733939
866.619	-4645.58	0.684977	-0.728565
863.267	-4642.41	0.690689	-0.723152
859.927	-4639.2	0.696291	-0.71776
856.599	-4635.95	0.701765	-0.712409
853.283	-4632.66	0.707158	-0.707055
849.978	-4629.34	0.71249	-0.701682
846.687	-4625.98	0.717762	-0.696288
843.408	-4622.58	0.723091	-0.690753
840.144	-4619.14	0.728471	-0.685076
836.895	-4615.66	0.733783	-0.679384
833.338	-4611.79	0.739558	-0.673093
830.122	-4608.23	0.746035	-0.665906
826.933	-4604.63	0.753706	-0.657212
823.774	-4600.97	0.761278	-0.648425
820.645	-4597.26	0.768752	-0.639547
817.548	-4593.51	0.776125	-0.630579
814.484	-4589.7	0.783665	-0.621183
811.456	-4585.84	0.791372	-0.611335
808.465	-4581.93	0.798976	-0.601363
805.513	-4577.96	0.806463	-0.591285
802.598	-4573.95	0.812085	-0.583539
799.703	-4569.9	0.815948	-0.578126
796.826	-4565.81	0.819872	-0.572547
793.966	-4561.69	0.823878	-0.566767
791.125	-4557.54	0.82738	-0.561643
788.297	-4553.35	0.830336	-0.557263
785.481	-4549.14	0.833272	-0.552863
782.678	-4544.89	0.836187	-0.548444
779.887	-4540.62	0.83908	-0.544008
777.114	-4536.31	0.845467	-0.534027
774.4	-4531.95	0.855154	-0.518374
771.758	-4527.51	0.864557	-0.502534
769.189	-4523.02	0.873674	-0.486512
766.694	-4518.46	0.8825	-0.470312
764.276	-4513.84	0.891225	-0.453561
761.938	-4509.15	0.899825	-0.43625
759.683	-4504.41	0.908102	-0.418749
757.513	-4499.61	0.916066	-0.401027
755.43	-4494.75	0.923679	-0.383167
753.434	-4489.83	0.93095	-0.365146
751.528	-4484.85	0.937932	-0.346818
749.714	-4479.83	0.944611	-0.328193
747.994	-4474.74	0.950851	-0.309649
746.367	-4469.61	0.956663	-0.291198
744.835	-4464.44	0.962161	-0.272481
743.399	-4459.21	0.967332	-0.253513
742.063	-4453.94	0.97215	-0.23436
740.815	-4448.63	0.973605	-0.228239
739.55	-4443.31	0.971965	-0.235124
738.244	-4437.97	0.970334	-0.241768
736.898	-4432.63	0.968711	-0.248193
735.51	-4427.28	0.966514	-0.256615
734.064	-4421.93	0.963663	-0.26712
732.555	-4416.57	0.960684	-0.277645
730.982	-4411.22	0.957548	-0.288274
729.344	-4405.86	0.954234	-0.299062
727.639	-4400.51	0.950504	-0.310711
725.86	-4395.17	0.946341	-0.32317
724.004	-4389.83	0.941953	-0.335744
722.072	-4384.49	0.937322	-0.348464
720.06	-4379.17	0.932446	-0.36131
717.968	-4373.86	0.927222	-0.374513
715.793	-4368.57	0.921559	-0.388239
713.531	-4363.29	0.915522	-0.402269
711.181	-4358.03	0.909186	-0.416391
708.742	-4352.79	0.902566	-0.430552
706.214	-4347.57	0.895816	-0.444425
703.598	-4342.38	0.888938	-0.458028
700.894	-4337.21	0.881755	-0.471707
698.102	-4332.07	0.874265	-0.485449
695.221	-4326.96	0.866442	-0.499278
692.249	-4321.87	0.858439	-0.512915
689.189	-4316.83	0.850294	-0.526308
686.04	-4311.81	0.841883	-0.539661
682.803	-4306.83	0.833237	-0.552916
679.477	-4301.88	0.824655	-0.565636
676.068	-4296.98	0.816172	-0.57781
672.575	-4292.1	0.80755	-0.5898
669.001	-4287.27	0.798816	-0.601575
665.346	-4282.48	0.789961	-0.613157
661.611	-4277.72	0.781478	-0.623933
657.802	-4273	0.773376	-0.633947
653.922	-4268.32	0.765138	-0.643866
649.97	-4263.67	0.756767	-0.653684
645.947	-4259.06	0.74829	-0.663371
641.853	-4254.49	0.740014	-0.672592
637.692	-4249.95	0.731941	-0.681368
633.466	-4245.46	0.723769	-0.690043
629.173	-4241	0.715484	-0.698629
624.817	-4236.58	0.708129	-0.706083
620.406	-4232.18	0.701816	-0.712358
615.944	-4227.82	0.695635	-0.718395
611.432	-4223.48	0.689598	-0.724192
606.872	-4219.17	0.683626	-0.729833
602.264	-4214.88	0.677776	-0.735268
597.609	-4210.61	0.672117	-0.740445
592.909	-4206.37	0.666592	-0.745423
588.164	-4202.15	0.661136	-0.750266
583.377	-4197.96	0.656471	-0.754351
578.553	-4193.78	0.652665	-0.757646
573.696	-4189.61	0.649042	-0.760753
568.805	-4185.45	0.645591	-0.763683
563.883	-4181.31	0.642741	-0.766083
558.935	-4177.16	0.640431	-0.768016
553.96	-4173.03	0.638114	-0.769942
548.959	-4168.89	0.635773	-0.771876
543.932	-4164.76	0.63335	-0.773866
538.877	-4160.64	0.629347	-0.777124
533.782	-4156.54	0.623762	-0.781615
528.644	-4152.46	0.618044	-0.786144
523.462	-4148.41	0.612171	-0.790725
518.236	-4144.39	0.605412	-0.795912
512.958	-4140.41	0.59781	-0.801638
507.629	-4136.47	0.590147	-0.807296
502.249	-4132.56	0.582424	-0.812885
496.817	-4128.7	0.574652	-0.818398
491.334	-4124.89	0.565982	-0.824418
485.794	-4121.12	0.556497	-0.83085
480.197	-4117.41	0.547073	-0.837085
474.543	-4113.75	0.537608	-0.843195
468.835	-4110.15	0.527539	-0.849531
463.066	-4106.61	0.516588	-0.856234
457.239	-4103.13	0.505566	-0.862788
451.352	-4099.72	0.494594	-0.869124
445.408	-4096.38	0.483796	-0.875181
439.408	-4093.1	0.473958	-0.880548
433.359	-4089.87	0.465409	-0.885096
427.264	-4086.7	0.456821	-0.889558
421.123	-4083.57	0.448188	-0.893939
414.936	-4080.5	0.440438	-0.897783
408.71	-4077.47	0.434024	-0.900901
402.447	-4074.47	0.427498	-0.904016
396.146	-4071.52	0.420884	-0.907114
389.809	-4068.6	0.414293	-0.910143
383.434	-4065.72	0.40778	-0.91308
377.023	-4062.88	0.401364	-0.915919
370.577	-4060.07	0.395104	-0.918637
364.096	-4057.31	0.389003	-0.921236
357.581	-4054.58	0.38332	-0.923616
351.034	-4051.88	0.378192	-0.925727
344.456	-4049.21	0.373247	-0.927732
337.848	-4046.56	0.368472	-0.929639
331.212	-4043.95	0.366318	-0.93049
324.559	-4041.32	0.368021	-0.929818
317.896	-4038.68	0.369862	-0.929087
311.222	-4036.01	0.371836	-0.928298
304.537	-4033.33	0.373947	-0.92745
297.843	-4030.62	0.376205	-0.926536
291.14	-4027.89	0.378563	-0.925575
284.428	-4025.14	0.380956	-0.924593
277.706	-4022.36	0.383354	-0.923601
270.976	-4019.56	0.385595	-0.922668
263.562	-4016.45	0.387782	-0.921751
256.812	-4013.61	0.389758	-0.920917
250.052	-4010.74	0.391732	-0.920079
243.282	-4007.85	0.393714	-0.919233
236.504	-4004.94	0.399361	-0.916794
229.736	-4001.95	0.408715	-0.912662
222.984	-3998.9	0.418236	-0.908338
216.249	-3995.76	0.427893	-0.903829
209.531	-3992.55	0.437389	-0.899272
202.833	-3989.25	0.446692	-0.894688
196.153	-3985.88	0.455907	-0.890027
189.493	-3982.44	0.464862	-0.885383
182.852	-3978.92	0.473482	-0.880803
176.231	-3975.33	0.48163	-0.876374
169.627	-3971.67	0.489267	-0.872134
163.039	-3967.94	0.4965	-0.868037
156.467	-3964.15	0.503328	-0.864095
149.911	-3960.3	0.511925	-0.85903
143.385	-3956.37	0.522284	-0.852771
136.892	-3952.35	0.532282	-0.846567
130.431	-3948.25	0.541963	-0.840402
124.004	-3944.06	0.551614	-0.834099
117.611	-3939.79	0.561285	-0.827623
111.253	-3935.44	0.57081	-0.821082
104.933	-3931	0.580229	-0.814453
98.6493	-3926.48	0.589473	-0.807788
92.4035	-3921.88	0.598315	-0.801261
86.1939	-3917.2	0.606764	-0.794882
80.0202	-3912.45	0.615024	-0.788508
73.8827	-3907.62	0.623133	-0.782116
67.7819	-3902.72	0.631294	-0.775543
61.7202	-3897.74	0.639486	-0.768802
55.6981	-3892.69	0.647493	-0.762071
49.7159	-3887.56	0.655335	-0.755339
43.7738	-3882.36	0.663015	-0.748606
37.8714	-3877.09	0.670072	-0.742296
32.0041	-3871.76	0.676511	-0.736432
26.1706	-3866.36	0.682804	-0.730601
20.3709	-3860.91	0.688971	-0.724789
14.6046	-3855.39	0.694737	-0.719264
8.86878	-3849.81	0.700131	-0.714014
3.16271	-3844.19	0.705428	-0.708782
-2.51369	-3838.5	0.710596	-0.703601
-8.16171	-3832.77	0.714834	-0.699295
-13.7914	-3826.99	0.718164	-0.695874
-19.4056	-3821.17	0.721416	-0.692502
-25.0045	-3815.32	0.724591	-0.689179
-30.5884	-3809.43	0.72767	-0.685927
-36.1603	-3803.5	0.728935	-0.684583
-41.7428	-3797.56	0.728354	-0.685201
-47.3425	-3791.61	0.7276	-0.686001
-52.9611	-3785.66	0.726681	-0.686975
-58.5999	-3779.7	0.725627	-0.688088
-64.2599	-3773.74	0.724504	-0.68927
-69.9413	-3767.78	0.723369	-0.690461
-75.6443	-3761.81	0.722257	-0.691625
-81.3685	-3755.84	0.721213	-0.692713
-87.1146	-3749.87	0.719205	-0.694798
-92.8953	-3743.9	0.716211	-0.697884
-98.7132	-3737.95	0.713236	-0.700924
-104.568	-3732.02	0.710241	-0.703959
-110.461	-3726.09	0.707226	-0.706988
-116.393	-3720.18	0.702544	-0.71164
-122.384	-3714.31	0.696238	-0.717811
-128.439	-3708.48	0.690017	-0.723793
-134.556	-3702.68	0.683903	-0.729573
-140.732	-3696.93	0.67907	-0.734074
-146.952	-3691.2	0.675532	-0.737331
-153.211	-3685.49	0.672139	-0.740425
-159.509	-3679.79	0.66889	-0.743361
-165.844	-3674.11	0.66578	-0.746148
-172.217	-3668.45	0.660395	-0.750918
-178.655	-3662.83	0.652664	-0.757647
-185.163	-3657.27	0.64495	-0.764225
-191.74	-3651.77	0.637224	-0.770679
-198.383	-3646.31	0.630874	-0.775885
-205.077	-3640.9	0.625912	-0.779894
-211.819	-3635.52	0.620956	-0.783845
-218.609	-3630.17	0.616092	-0.787674
-225.444	-3624.85	0.611414	-0.791311
-232.321	-3619.55	0.608681	-0.793415
-239.222	-3614.26	0.607835	-0.794064
-246.142	-3608.97	0.607039	-0.794672
-253.081	-3603.68	0.606241	-0.795281
-260.038	-3598.38	0.605442	-0.79589
-267.015	-3593.08	0.603971	-0.797006
-274.018	-3587.78	0.601826	-0.798627
-281.048	-3582.49	0.599675	-0.800244
-288.107	-3577.22	0.597517	-0.801856
-295.192	-3571.95	0.596026	-0.802965
-302.298	-3566.68	0.595203	-0.803575
-309.423	-3561.4	0.594365	-0.804195
-316.566	-3556.13	0.593476	-0.804852
-323.73	-3550.85	0.592544	-0.805538
-330.913	-3545.57	0.591833	-0.806061
-338.113	-3540.29	0.591348	-0.806416
-345.33	-3535	0.590862	-0.806773
-352.564	-3529.71	0.590374	-0.80713
-359.814	-3524.4	0.589652	-0.807657
-367.084	-3519.1	0.588695	-0.808355
-374.374	-3513.8	0.587736	-0.809053
-381.684	-3508.49	0.586774	-0.809751
-389.013	-3503.19	0.58581	-0.810448
-396.363	-3497.88	0.584605	-0.811318
-403.735	-3492.58	0.583157	-0.81236
-411.131	-3487.28	0.581705	-0.813399
-418.549	-3481.98	0.58025	-0.814438
-425.991	-3476.68	0.579029	-0.815307
-433.453	-3471.39	0.578041	-0.816008
-440.935	-3466.1	0.577051	-0.816708
-448.437	-3460.8	0.576058	-0.817409
-455.959	-3455.51	0.575064	-0.818109
-463.502	-3450.21	0.57382	-0.818981
-471.067	-3444.92	0.572326	-0.820026
-478.656	-3439.63	0.570852	-0.821053
-486.268	-3434.34	0.569496	-0.821994
-493.903	-3429.06	0.567124	-0.823633
-501.571	-3423.8	0.563695	-0.825983
-509.275	-3418.56	0.560318	-0.828277
-517.014	-3413.35	0.55693	-0.830559
-524.789	-3408.15	0.553531	-0.832829
-532.598	-3402.98	0.547967	-0.8365
-540.467	-3397.88	0.539254	-0.842143
-548.403	-3392.84	0.530775	-0.847513
-556.402	-3387.87	0.522401	-0.8527
-564.463	-3382.98	0.514029	-0.857773
-572.585	-3378.15	0.508664	-0.860965
-580.736	-3373.34	0.507857	-0.861441
-588.906	-3368.52	0.507241	-0.861804
-597.913	-3363.23	0.506733	-0.862103
-606.119	-3358.41	0.505824	-0.862637
-614.346	-3353.59	0.50449	-0.863418
-622.595	-3348.78	0.503337	-0.86409
-630.864	-3343.96	0.502319	-0.864682
-639.152	-3339.15	0.501367	-0.865235
-647.46	-3334.34	0.501326	-0.865258
-655.779	-3329.52	0.502269	-0.864711
-664.107	-3324.68	0.503317	-0.864102
-672.443	-3319.82	0.504406	-0.863467
-680.781	-3314.92	0.51288	-0.85846
-689.056	-3309.9	0.528697	-0.848811
-697.251	-3304.71	0.544561	-0.838721
-705.36	-3299.35	0.560476	-0.828171
-713.378	-3293.84	0.576412	-0.817159
-721.3	-3288.15	0.593246	-0.805022
-729.111	-3282.29	0.610706	-0.791857
-736.806	-3276.25	0.627545	-0.77858
-744.384	-3270.03	0.643693	-0.765284
-751.859	-3263.67	0.648454	-0.761254
-759.365	-3257.32	0.642126	-0.766599
-766.938	-3251.02	0.635606	-0.772013
-774.576	-3244.77	0.628947	-0.777448
-782.281	-3238.59	0.622225	-0.782838
-790.057	-3232.46	0.611539	-0.791214
-797.948	-3226.45	0.596785	-0.802401
-805.961	-3220.58	0.58193	-0.813239
-814.095	-3214.85	0.567059	-0.823678
-822.344	-3209.26	0.552184	-0.833722
-830.705	-3203.81	0.538805	-0.842431
-839.159	-3198.47	0.527009	-0.84986
-847.7	-3193.23	0.515361	-0.856973
-856.325	-3188.11	0.503845	-0.863794
-865.03	-3183.09	0.495179	-0.868791
-873.788	-3178.13	0.48944	-0.872037
-882.593	-3173.21	0.483958	-0.875091
-891.442	-3168.35	0.478756	-0.877948
-900.334	-3163.53	0.473858	-0.880601
-909.263	-3158.74	0.473095	-0.881011
-918.195	-3153.92	0.476504	-0.879172
-927.114	-3149.07	0.480275	-0.877118
-936.015	-3144.18	0.48436	-0.874869
-944.878	-3139.21	0.50399	-0.86371
-953.565	-3133.95	0.53858	-0.842574
-962.027	-3128.35	0.572636	-0.81981
-970.25	-3122.4	0.606048	-0.795428
-978.218	-3116.12	0.638659	-0.76949
-985.909	-3109.5	0.673244	-0.73942
-993.27	-3102.53	0.70911	-0.705098
-1000.28	-3095.2	0.742916	-0.669385
-1006.91	-3087.54	0.774628	-0.632417
-1013.17	-3079.57	0.801903	-0.597454
-1019.09	-3071.35	0.825122	-0.564955
-1024.68	-3062.9	0.846732	-0.53202
-1029.94	-3054.25	0.866762	-0.498723
-1034.85	-3045.39	0.885249	-0.465117
-1039.43	-3036.37	0.900158	-0.435563
-1043.73	-3027.21	0.911913	-0.410384
-1047.78	-3017.94	0.922719	-0.385473
-1051.58	-3008.57	0.932599	-0.360915
-1055.13	-2999.1	0.941588	-0.336768
-1058.45	-2989.55	0.948577	-0.316547
-1061.58	-2979.94	0.953856	-0.300265
-1064.55	-2970.28	0.95874	-0.284283
-1067.36	-2960.58	0.963316	-0.268368
-1070.01	-2950.83	0.966548	-0.256485
-1072.57	-2941.05	0.968586	-0.248679
-1075.06	-2931.24	0.970532	-0.240974
-1077.47	-2921.39	0.972355	-0.233508
-1079.81	-2911.52	0.974044	-0.226358
-1082.08	-2901.62	0.975315	-0.220816
-1084.31	-2891.69	0.976234	-0.216719
-1086.5	-2881.74	0.977133	-0.21263
-1088.66	-2871.77	0.978015	-0.208536
-1090.77	-2861.78	0.978602	-0.205762
-1092.87	-2851.77	0.978906	-0.204311
-1094.96	-2841.74	0.979208	-0.20286
-1097.03	-2831.7	0.979507	-0.201409
-1099.09	-2821.65	0.979805	-0.199957
-1101.14	-2811.57	0.980238	-0.197823
-1103.16	-2801.48	0.980802	-0.195004
-1105.16	-2791.37	0.981359	-0.192183
-1107.13	-2781.25	0.981908	-0.18936
-1109.08	-2771.1	0.982588	-0.185799
-1110.98	-2760.93	0.983425	-0.181318
-1112.84	-2750.74	0.984323	-0.176375
-1114.65	-2740.53	0.98527	-0.171006
-1116.4	-2730.3	0.986228	-0.165393
-1118.09	-2720.04	0.987295	-0.158899
-1119.72	-2709.76	0.988436	-0.151637
-1121.27	-2699.45	0.989509	-0.144471
-1122.75	-2689.12	0.990512	-0.13743
-1124.15	-2678.77	0.991457	-0.130433
-1125.49	-2668.39	0.992442	-0.122717
-1126.74	-2657.99	0.993448	-0.114288
-1127.9	-2647.57	0.994371	-0.105951
-1128.98	-2637.12	0.99521	-0.0977603
-1129.97	-2626.66	0.996005	-0.0892942
-1130.87	-2616.17	0.996748	-0.0805873
-1131.69	-2605.66	0.9974	-0.0720707
-1132.41	-2595.13	0.99797	-0.0636831
-1133.05	-2584.59	0.998468	-0.055328
-1133.6	-2574.02	0.998914	-0.0465864
-1134.05	-2563.44	0.999298	-0.0374583
-1134.41	-2552.84	0.999599	-0.0283231
-1134.67	-2542.23	0.999816	-0.0191817
-1134.84	-2531.6	0.999949	-0.0101067
-1134.91	-2520.96	0.999994	-0.00334057
-1134.93	-2510.3	0.999999	0.00102397
-1134.9	-2499.63	0.999987	0.00509911
-1134.83	-2488.95	0.99996	0.00896849
-1134.72	-2478.25	0.99992	0.012681
-1134.57	-2467.54	0.999911	0.0133782
-1134.44	-2456.82	0.999938	0.0111373
-1134.33	-2446.09	0.99996	0.0088935
-1134.24	-2435.34	0.999978	0.00663229
-1134.18	-2424.58	0.999989	0.00464647
-1134.14	-2413.8	0.999996	0.00288592
-1134.11	-2403.02	0.999999	0.00105777
-1134.11	-2392.22	1	-0.000773439
-1134.13	-2381.4	0.999997	-0.00258664
-1134.15	-2370.58	1	0.000137739
-1134.12	-2359.74	0.999972	0.00746921
-1134.01	-2348.89	0.999888	0.0149554
-1133.81	-2338.02	0.999745	0.0226029
-1133.54	-2327.15	0.999633	0.0271054
-1133.24	-2316.26	0.999598	0.0283614
-1132.92	-2305.36	0.999564	0.0295213
-1132.6	-2294.45	0.999536	0.0304743
-1132.26	-2283.53	0.999513	0.0311985
-1131.92	-2272.59	0.999577	0.0290948
-1131.63	-2261.64	0.999738	0.0229068
-1131.4	-2250.67	0.999861	0.0166593
-1131.25	-2239.69	0.999947	0.010304
-1131.16	-2228.7	0.999992	0.00389183
-1131.14	-2217.69	0.999976	0.00696256
-1130.98	-2206.67	0.999704	0.0243246
-1130.64	-2195.64	0.999126	0.0417966
-1130.1	-2184.61	0.998235	0.0593892
-1129.38	-2173.58	0.997737	0.06724
-1128.66	-2162.53	0.998174	0.0604095
-1128.02	-2151.46	0.998562	0.0536077
-1127.46	-2140.38	0.998905	0.0467867
-1126.97	-2129.28	0.999202	0.0399405
-1126.56	-2118.17	0.999548	0.0300492
-1126.29	-2107.03	0.999878	0.0155894
-1126.18	-2095.88	0.999999	0.00111822
-1126.23	-2084.72	0.999911	-0.0133612
-1126.45	-2073.55	0.999587	-0.0287355
-1126.84	-2062.37	0.998971	-0.0453492
-1127.42	-2051.18	0.998095	-0.061699
-1128.19	-2039.99	0.99697	-0.0777876
-1129.13	-2028.81	0.995597	-0.0937403
-1130.26	-2017.62	0.99403	-0.109108
-1131.55	-2006.44	0.99233	-0.123619
-1133.01	-1995.26	0.990417	-0.138112
-1134.63	-1984.09	0.988291	-0.152583
-1136.42	-1972.94	0.985952	-0.16703
-1138.36	-1961.79	0.986156	-0.165822
-1140.13	-1950.6	0.989997	-0.141088
-1141.61	-1939.35	0.993219	-0.116254
-1142.82	-1928.05	0.99582	-0.0913353
-1143.75	-1916.71	0.997797	-0.0663471
-1144.39	-1905.33	0.998998	-0.0447464
-1144.83	-1893.93	0.9996	-0.0282796
-1145.08	-1882.51	0.99993	-0.0117978
-1145.14	-1871.07	0.999989	0.00469471
-1145.01	-1859.61	0.999755	0.0221384
-1144.67	-1848.14	0.999159	0.0409999
-1144.11	-1836.67	0.998207	0.0598555
-1143.33	-1825.19	0.996898	0.0786985
-1142.34	-1813.71	0.995233	0.0975221
-1141.13	-1802.24	0.993241	0.116071
-1139.7	-1790.78	0.990952	0.134216
-1138.07	-1779.33	0.988331	0.152324
-1136.02	-1766.75	0.985063	0.172194
-1133.99	-1755.34	0.986072	0.166317
-1132.19	-1743.86	0.990651	0.136421
-1130.75	-1732.32	0.994325	0.106383
-1129.65	-1720.73	0.99709	0.076232
-1128.9	-1709.09	0.998942	0.0459942
-1128.49	-1697.42	0.999758	0.0219764
-1128.32	-1685.73	0.999991	0.00421286
-1128.35	-1674.02	0.999908	-0.0135618
-1128.59	-1662.3	0.999509	-0.0313422
-1129.05	-1650.57	0.998793	-0.0491228
-1129.7	-1638.83	0.998146	-0.0608723
-1130.44	-1627.08	0.99778	-0.0665969
-1131.25	-1615.32	0.997381	-0.0723232
-1132.13	-1603.55	0.996949	-0.078051
-1133.08	-1591.77	0.996758	-0.0804626
-1134.02	-1579.98	0.99683	-0.0795584
-1134.96	-1568.17	0.996902	-0.0786546
-1135.89	-1556.34	0.996973	-0.0777513
-1136.81	-1544.5	0.997043	-0.0768486
-1137.71	-1532.63	0.997362	-0.0725896
-1138.54	-1520.75	0.997887	-0.0649696
-1139.28	-1508.85	0.998355	-0.057343
-1139.93	-1496.93	0.998764	-0.0497102
-1140.48	-1484.98	0.999133	-0.0416302
-1140.94	-1473.02	0.999452	-0.0331029
-1141.3	-1461.04	0.999698	-0.0245699
-1141.55	-1449.04	0.999871	-0.016032
-1141.7	-1437.02	0.999972	-0.00748948
-1141.75	-1424.98	0.999999	0.00108696
-1141.7	-1412.93	0.999953	0.00969665
-1141.54	-1400.87	0.999832	0.0183089
-1141.28	-1388.79	0.999638	0.0269231
-1140.91	-1376.7	0.999441	0.0334219
-1140.49	-1364.6	0.999285	0.0378052
-1140.01	-1352.48	0.99911	0.042189
-1139.47	-1340.35	0.998915	0.0465731
-1138.89	-1328.21	0.998701	0.0509575
-1138.25	-1316.05	0.998538	0.0540564
-1137.58	-1303.88	0.998438	0.0558698
-1136.89	-1291.7	0.998335	0.0576829
-1136.18	-1279.5	0.998229	0.0594957
-1135.44	-1267.29	0.998251	0.0591257
-1134.73	-1255.06	0.998399	0.0565713
-1134.05	-1242.81	0.99854	0.0540142
-1133.4	-1230.55	0.998675	0.0514544
-1132.78	-1218.26	0.998804	0.0488919
-1132.19	-1205.96	0.998947	0.0458789
-1131.64	-1193.65	0.9991	0.0424151
-1131.14	-1181.31	0.999241	0.0389479
-1130.67	-1168.96	0.99937	0.0354774
-1130.25	-1156.58	0.999488	0.0320037
-1129.87	-1144.19	0.999606	0.0280718
-1129.54	-1131.79	0.99972	0.0236815
-1129.27	-1119.36	0.999814	0.0192874
-1129.05	-1106.92	0.999889	0.0148896
-1128.89	-1094.46	0.999962	0.0086858
-1128.82	-1081.99	1	0.000674895
-1128.86	-1069.49	0.999973	-0.00734124
-1128.99	-1056.98	0.999882	-0.0153621
-1129.22	-1044.46	0.999726	-0.0233871
-1129.55	-1031.93	0.999638	-0.0269077
-1129.88	-1019.37	0.999664	-0.0259228
-1130.2	-1006.81	0.999689	-0.0249384
-1130.51	-994.221	0.999713	-0.0239545
-1130.82	-981.621	0.999543	-0.0302373
-1131.27	-969.009	0.999041	-0.0437862
-1131.89	-956.388	0.998355	-0.0573351
-1132.69	-943.76	0.997485	-0.0708814
-1133.65	-931.128	0.99643	-0.0844227
-1134.77	-918.493	0.996285	-0.0861224
-1135.81	-905.834	0.997109	-0.0759791
-1136.72	-893.15	0.997831	-0.0658239
-1137.51	-880.441	0.99845	-0.0556577
-1138.17	-867.709	0.998965	-0.0454817
-1138.73	-854.955	0.998705	-0.0508757
-1139.49	-842.197	0.997417	-0.0718336
-1140.51	-829.44	0.995687	-0.0927716
-1141.81	-816.692	0.993517	-0.11368
-1143.38	-803.958	0.990907	-0.13455
-1145.18	-791.239	0.990238	-0.139384
-1146.91	-778.494	0.991748	-0.128202
-1148.51	-765.714	0.993132	-0.117
-1149.96	-752.9	0.99439	-0.105777
-1151.27	-740.053	0.995522	-0.0945352
-1152.42	-727.175	0.997072	-0.0764682
-1153.28	-714.256	0.998671	-0.051547
-1153.82	-701.304	0.999647	-0.0265814
-1154.03	-688.324	0.999999	-0.00158699
-1153.92	-675.326	0.999726	0.0234208
-1153.49	-662.318	0.998823	0.0485118
-1152.72	-649.308	0.997283	0.0736697
-1151.63	-636.304	0.995108	0.098793
-1150.21	-623.315	0.992299	0.123866
-1148.46	-610.348	0.989447	0.144893
-1146.48	-597.398	0.986808	0.161896
-1144.26	-584.468	0.983875	0.17886
-1141.83	-571.561	0.980648	0.195778
-1139.16	-558.681	0.977129	0.212645
-1136.27	-545.833	0.973091	0.230423
-1133.13	-533.025	0.96848	0.249093
-1129.75	-520.264	0.963508	0.267679
-1126.11	-507.554	0.958177	0.286175
-1122.26	-494.888	0.957636	0.287982
-1118.52	-482.172	0.96198	0.273119
-1114.97	-469.383	0.966096	0.258182
-1111.62	-456.524	0.969983	0.243174
-1108.47	-443.598	0.973638	0.228098
-1105.52	-430.605	0.978355	0.206934
-1102.91	-417.525	0.983739	0.179602
-1100.66	-404.361	0.988363	0.152115
-1098.6	-389.795	0.992564	0.121728
-1097.12	-376.488	0.995404	0.095765
-1095.96	-363.131	0.99744	0.0715051
-1095.13	-349.732	0.998886	0.047189
-1094.63	-336.3	0.999739	0.0228311
-1094.45	-322.844	0.999999	-0.00155428
-1094.62	-309.37	0.999503	-0.031515
-1095.24	-295.892	0.997752	-0.0670181
-1096.33	-282.429	0.994737	-0.102457
-1097.91	-268.995	0.990462	-0.137785
-1099.97	-255.61	0.984929	-0.172959
-1102.48	-242.285	0.980136	-0.198327
-1105.26	-228.995	0.976833	-0.214004
-1108.25	-215.734	0.973277	-0.229635
-1111.46	-202.507	0.969468	-0.245217
-1114.91	-189.321	0.963482	-0.267773
-1118.72	-176.221	0.954827	-0.297163
-1122.94	-163.227	0.94527	-0.32629
-1127.56	-150.354	0.934818	-0.355127
-1132.58	-137.612	0.923481	-0.383645
-1137.95	-124.995	0.920124	-0.391627
-1143.26	-112.333	0.925283	-0.379278
-1148.41	-99.586	0.930278	-0.366856
-1153.39	-86.7553	0.935108	-0.354363
-1158.22	-73.8487	0.937295	-0.348536
-1163.03	-60.9184	0.936964	-0.349426
-1167.86	-47.977	0.936631	-0.350317
-1172.71	-35.0244	0.936297	-0.35121
-1177.58	-22.0608	0.935961	-0.352103
-1182.42	-9.06962	0.943026	-0.332719
-1186.82	4.09544	0.956232	-0.292609
-1190.66	17.4507	0.967739	-0.251956
-1193.94	30.9729	0.977522	-0.210833
-1196.67	44.6342	0.983777	-0.179396
-1199.05	58.378	0.987459	-0.157878
-1201.13	72.1872	0.990671	-0.136276
-1202.92	86.0552	0.993412	-0.114599
-1204.4	99.9757	0.995679	-0.0928572
-1205.59	113.941	0.997138	-0.0756056
-1206.58	127.939	0.998022	-0.0628722
-1207.39	141.966	0.998743	-0.0501234
-1208.02	156.018	0.999302	-0.0373612
-1208.48	170.094	0.99963	-0.0271968
-1208.82	184.19	0.999807	-0.0196353
-1209.06	198.305	0.999927	-0.01207
-1209.19	212.438	0.99999	-0.0045015
-1209.21	226.588	0.999995	0.00307005
-1209.13	240.755	0.999972	0.00744193
-1209.02	254.938	0.999963	0.00861255
-1208.89	269.138	0.999952	0.00978254
-1208.74	283.355	0.99994	0.0109519
-1208.58	297.588	0.999927	0.0121207
-1208.41	311.837	0.999944	0.0105755
-1208.28	326.104	0.99998	0.00631494
-1208.21	340.387	0.999998	0.00205092
-1208.21	354.688	0.999998	-0.00221651
-1208.26	369.005	0.999979	-0.00648725
-1208.38	383.338	0.999942	-0.0107707
-1208.56	397.688	0.999886	-0.0150667
-1208.8	412.053	0.999812	-0.0193659
-1209.11	426.433	0.99972	-0.023668
-1209.47	440.829	0.999653	-0.0263248
-1209.85	455.241	0.999626	-0.0273356
-1210.25	469.669	0.999598	-0.0283481
-1210.67	484.114	0.999569	-0.0293623
-1211.1	498.574	0.999538	-0.030378
-1211.54	513.051	0.999541	-0.0302824
-1211.98	527.544	0.999577	-0.0290747
-1212.39	542.055	0.999612	-0.0278677
-1212.79	556.583	0.999645	-0.0266611
-1213.16	571.128	0.99978	-0.0209866
-1213.41	585.693	0.999941	-0.0108404
-1213.5	600.275	1	-0.000689104
-1213.45	614.875	0.999955	0.00946609
-1213.26	629.489	0.999807	0.0196237
-1212.93	644.117	0.999734	0.0230563
-1212.61	658.76	0.999805	0.0197622
-1212.34	673.419	0.999864	0.0164656
-1212.12	688.09	0.999913	0.0131673
-1211.91	702.77	0.999691	0.0248775
-1211.38	717.447	0.998669	0.0515774
-1210.47	732.106	0.996935	0.0782334
-1209.16	746.732	0.994491	0.104826
-1207.47	761.315	0.991338	0.131338
-1205.4	775.844	0.988068	0.154021
-1203.02	790.324	0.984939	0.172901
-1200.38	804.752	0.981451	0.191715
-1197.46	819.122	0.977603	0.210456
-1194.26	833.43	0.973398	0.229119
-1190.82	847.676	0.971286	0.237916
-1187.34	861.909	0.971531	0.236911
-1183.87	876.142	0.971776	0.235906
-1180.42	890.374	0.972019	0.234901
-1176.99	904.604	0.971731	0.236091
-1173.51	918.821	0.970903	0.239474
-1169.99	933.022	0.970063	0.242854
-1166.42	947.207	0.969211	0.246231
-1162.79	961.375	0.968348	0.249604
-1159.15	975.532	0.969977	0.243197
-1155.69	989.731	0.973904	0.226962
-1152.47	1003.98	0.977558	0.210666
-1149.49	1018.28	0.98094	0.194313
-1146.75	1032.62	0.984433	0.17576
-1144.31	1047.02	0.987917	0.154987
-1142.16	1061.47	0.990964	0.13413
-1140.32	1075.97	0.993573	0.113196
-1138.79	1090.53	0.995741	0.0921984
-1137.56	1105.13	0.997468	0.0711209
-1136.64	1119.76	0.998751	0.0499728
-1136.03	1134.43	0.999585	0.028791
-1135.74	1149.13	0.999971	0.00758521
-1135.75	1163.84	0.999921	-0.0125738
-1136.05	1178.56	0.999498	-0.0316775
-1136.62	1193.3	0.99871	-0.0507794
-1137.49	1208.03	0.997556	-0.0698728
-1138.63	1222.76	0.996036	-0.0889507
-1140.05	1237.49	0.994741	-0.102425
-1141.61	1252.21	0.993897	-0.110311
-1143.29	1266.94	0.99299	-0.118195
-1145.09	1281.67	0.992021	-0.126076
-1147.01	1296.4	0.990988	-0.133954
-1149.05	1311.13	0.990294	-0.138988
-1151.13	1325.87	0.989984	-0.141182
-1153.24	1340.62	0.989668	-0.143377
-1155.4	1355.38	0.989347	-0.145574
-1157.58	1370.15	0.989021	-0.147772
-1159.78	1384.94	0.990035	-0.140819
-1161.79	1399.76	0.992196	-0.124685
-1163.56	1414.64	0.994095	-0.108511
-1165.09	1429.55	0.995731	-0.0923016
-1166.37	1444.51	0.997593	-0.0693361
-1167.23	1459.51	0.999216	-0.039587
-1167.65	1474.55	0.999952	-0.0097899
-1167.61	1489.6	0.999799	0.0200286
-1167.13	1504.67	0.998757	0.0498418
-1166.21	1519.73	0.99725	0.0741118
-1164.98	1534.78	0.995681	0.0928453
-1163.46	1549.83	0.993758	0.111553
-1161.66	1564.85	0.991484	0.130229
-1159.57	1579.86	0.988337	0.152284
-1157.1	1594.82	0.984089	0.177676
-1154.25	1609.73	0.979187	0.202961
-1151.01	1624.58	0.973632	0.228122
-1147.39	1639.36	0.967429	0.253142
-1143.41	1654.06	0.963114	0.269095
-1139.26	1668.73	0.961131	0.276092
-1135.01	1683.38	0.959098	0.283076
-1130.64	1698.02	0.957012	0.290047
-1126.16	1712.64	0.954876	0.297004
-1121.61	1727.26	0.958112	0.286392
-1117.4	1741.99	0.966137	0.25803
-1113.62	1756.85	0.973325	0.22943
-1110.27	1771.84	0.97967	0.200616
-1107.38	1786.93	0.98584	0.167689
-1105.02	1802.13	0.991434	0.130612
-1103.24	1817.43	0.995635	0.0933321
-1102.03	1832.8	0.998436	0.0559033
-1101.4	1848.22	0.999831	0.0183779
-1101.34	1863.66	0.9999	-0.0141768
-1101.73	1879.12	0.999129	-0.0417213
-1102.54	1894.58	0.9976	-0.0692475
-1103.79	1910.02	0.99531	-0.096735
-1105.47	1925.44	0.991342	-0.131303
-1107.79	1940.79	0.984323	-0.176373
-1110.81	1956.03	0.975252	-0.221098
-1114.52	1971.13	0.964143	-0.265383
-1118.93	1986.06	0.951018	-0.309136
-1124	2000.8	0.940533	-0.339703
-1129.37	2015.45	0.936302	-0.351196
-1134.92	2030.05	0.931928	-0.362643
-1140.66	2044.59	0.927413	-0.374039
-1146.59	2059.06	0.922759	-0.385378
-1152.7	2073.46	0.914136	-0.405407
-1159.24	2087.65	0.898893	-0.438168
-1166.29	2101.6	0.882478	-0.470354
-1173.84	2115.28	0.864913	-0.501921
-1181.82	2128.71	0.864695	-0.502298
-1189.38	2142.38	0.890133	-0.4557
-1196.19	2156.42	0.913061	-0.407823
-1202.25	2170.8	0.933414	-0.358802
-1207.54	2185.48	0.951135	-0.308776
-1212.02	2200.42	0.969042	-0.246895
-1215.38	2215.64	0.98592	-0.167218
-1217.48	2231.09	0.996258	-0.0864344
-1218.32	2246.65	0.999987	-0.00508639
-1217.89	2262.22	0.997086	0.0762903
-1216.2	2277.7	0.987502	0.157605
-1213.24	2292.99	0.971005	0.23906
-1209.01	2307.97	0.947524	0.319684
-1203.54	2322.54	0.917518	0.397694
-1196.91	2336.61	0.887581	0.460652
-1189.46	2350.28	0.863764	0.503897
-1181.36	2363.57	0.838489	0.544919
-1172.63	2376.47	0.811851	0.583864
-1162.33	2390.18	0.781071	0.624442
-1152.41	2402.22	0.767286	0.641305
-1142.4	2414.22	0.768991	0.639259
-1132.43	2426.24	0.770987	0.636851
-1122.5	2438.3	0.77305	0.634345
-1112.65	2450.42	0.788887	0.614538
-1103.3	2462.9	0.817147	0.57643
-1094.57	2475.79	0.84365	0.536894
-1086.52	2489	0.868596	0.495521
-1079.18	2502.45	0.89196	0.452115
-1072.64	2516.11	0.919582	0.392899
-1067.22	2530.03	0.948248	0.31753
-1062.98	2544.16	0.970601	0.240693
-1059.93	2558.39	0.986627	0.162997
-1058.02	2572.62	0.995934	0.0900859
-1057.13	2586.76	0.999732	0.0231352
-1057.17	2600.72	0.999116	-0.0420275
-1058.1	2614.46	0.99444	-0.105301
-1059.86	2627.92	0.986017	-0.166645
-1062.39	2641.05	0.976076	-0.217429
-1065.47	2653.87	0.966168	-0.257915
-1069.03	2666.36	0.954905	-0.296911
-1073.02	2678.51	0.942314	-0.334731
-1077.42	2690.31	0.928382	-0.371628
-1082.18	2701.76	0.919951	-0.392033
-1087	2713.01	0.91824	-0.396024
-1091.8	2724.1	0.916868	-0.399191
-1096.57	2735.03	0.915716	-0.401827
-1101.29	2745.82	0.919474	-0.39315
-1105.77	2756.53	0.927752	-0.373197
-1109.95	2767.19	0.935585	-0.353102
-1113.84	2777.79	0.942936	-0.332974
-1117.46	2788.31	0.950457	-0.310856
-1120.76	2798.77	0.958	-0.286768
-1123.76	2809.16	0.964836	-0.262854
-1126.46	2819.46	0.970959	-0.239245
-1128.87	2829.67	0.976429	-0.215837
-1131	2839.77	0.980938	-0.194321
-1132.9	2849.76	0.984588	-0.174888
-1134.58	2859.65	0.98777	-0.155915
-1136.05	2869.45	0.99054	-0.137221
-1137.33	2879.18	0.992635	-0.121146
-1138.46	2888.88	0.994196	-0.107589
-1139.45	2898.59	0.995566	-0.0940664
-1140.32	2908.3	0.996724	-0.0808745
-1141.06	2918.03	0.997672	-0.0681908
-1141.68	2927.76	0.998252	-0.0590992
-1142.23	2937.49	0.998576	-0.0533492
-1142.73	2947.22	0.998866	-0.0476033
-1143.17	2956.95	0.999124	-0.0418562
-1143.56	2966.68	0.999348	-0.0361116
-1143.89	2976.41	0.999539	-0.0303699
-1144.16	2986.14	0.999697	-0.0246274
-1144.38	2995.87	0.999822	-0.0188846
-1144.54	3005.6	0.999914	-0.0131414
-1144.65	3015.32	0.999962	-0.0086747
-1144.72	3025.05	0.999985	-0.00548455
-1144.76	3034.77	0.999997	-0.00229449
-1144.77	3044.48	1	0.000895506
-1144.75	3054.2	0.999996	0.00280667
-1144.72	3063.91	0.999994	0.00343899
-1144.68	3073.62	0.999992	0.00407138
-1144.64	3083.34	0.999989	0.00470393
-1144.59	3093.05	0.999982	0.00597505
-1144.53	3102.76	0.999969	0.00785381
-1144.44	3112.47	0.999953	0.00965817
-1144.34	3122.18	0.999935	0.0114189
-1144.23	3131.89	0.999913	0.0131797
-1144.09	3141.59	0.999915	0.0130237
-1143.98	3151.3	0.99994	0.0109507
-1143.88	3161.01	0.999961	0.00886506
-1143.8	3170.72	0.999977	0.00672324
-1143.74	3180.43	0.99999	0.00448726
-1143.7	3190.13	0.999992	0.00411685
-1143.66	3199.84	0.999984	0.00567544
-1143.6	3209.54	0.999973	0.00732107
-1143.52	3219.25	0.999958	0.00911704
-1143.43	3228.95	0.999959	0.00909683
-1143.35	3238.66	0.999974	0.00718443
-1143.28	3248.36	0.999986	0.00527231
-1143.24	3258.06	0.999994	0.00336063
-1143.21	3267.76	0.999996	0.00272572
-1143.18	3277.45	0.999994	0.00336742
-1143.15	3287.15	0.999992	0.00400928
-1143.11	3296.83	0.999989	0.00465121
-1143.06	3306.52	0.999986	0.00529322
-1143.01	3316.21	0.999988	0.00497935
-1142.96	3325.89	0.999993	0.0037096
-1142.93	3335.56	0.999997	0.00244007
-1142.91	3345.24	0.999999	0.00117085
-1142.91	3354.91	1	-9.76884e-05
-1142.91	3364.58	0.999999	-0.00136554
-1142.93	3374.25	0.999997	-0.00263309
-1142.96	3383.92	0.999992	-0.00390032
-1143.01	3393.58	0.999987	-0.00516725
-1143.06	3403.24	0.999985	-0.0054815
-1143.11	3412.89	0.999988	-0.00484323
-1143.15	3422.55	0.999991	-0.00420488
-1143.19	3432.2	0.999994	-0.00356639
-1143.22	3441.85	0.999996	-0.00292773
-1143.25	3451.49	0.999994	-0.00355662
-1143.29	3461.13	0.999985	-0.00545289
-1143.35	3470.77	0.999973	-0.00734875
-1143.43	3480.41	0.999957	-0.00924429
-1143.52	3490.04	0.999957	-0.00924215
-1143.61	3499.68	0.999973	-0.0073425
-1143.67	3509.3	0.999985	-0.00544282
-1143.71	3518.93	0.999994	-0.00354312
-1143.74	3528.55	0.999999	-0.0016434
-1143.75	3538.17	0.999999	-0.00132297
-1143.77	3547.79	0.999997	-0.00258166
-1143.8	3557.41	0.999993	-0.00384005
-1143.84	3567.02	0.999987	-0.00509812
-1143.89	3576.63	0.999989	-0.00478044
-1143.93	3586.24	0.999996	-0.00288714
-1143.95	3595.84	1	-0.000993837
-1143.95	3605.44	1	0.000899473
-1143.94	3615.04	0.999996	0.00279278
-1143.91	3624.64	0.999993	0.00374126
-1143.87	3634.23	0.999993	0.003745
-1143.83	3643.82	0.999993	0.00374889
-1143.8	3653.41	0.999993	0.00375301
-1143.76	3663.95	0.999992	0.00407143
-1143.72	3672.58	0.999989	0.00464004
-1143.67	3683.12	0.999986	0.00533509
-1143.62	3691.74	0.999983	0.00590383
-1143.56	3702.27	0.999978	0.00659912
-1143.49	3711.84	0.999976	0.00691703
-1143.42	3721.41	0.999976	0.00692078
-1143.36	3730.97	0.999976	0.00692469
-1143.29	3740.54	0.999976	0.00692884
-1143.23	3750.1	0.999982	0.00599387
-1143.18	3759.66	0.999992	0.00411981
-1143.14	3769.21	0.999997	0.00224612
-1143.13	3778.76	1	0.000372801
-1143.13	3788.31	0.999999	-0.00150021
-1143.15	3797.86	0.999998	-0.00181027
-1143.17	3807.41	1	-0.000557451
-1143.17	3816.95	1	0.000695448
-1143.15	3826.49	0.999998	0.00194835
-1143.13	3836.02	0.999999	0.00164088
-1143.13	3845.56	1	-0.000226793
-1143.13	3855.09	0.999998	-0.00209416
-1143.16	3864.62	0.999992	-0.00396114
-1143.2	3874.14	0.99999	-0.00458133
-1143.25	3883.66	0.999992	-0.00395489
-1143.28	3893.18	0.999994	-0.00332829
-1143.31	3902.7	0.999996	-0.00270154
-1143.33	3912.22	0.999998	-0.00207463
-1143.35	3921.73	0.999997	-0.0023811
-1143.38	3931.24	0.999993	-0.0036211
-1143.42	3940.75	0.999988	-0.00486178
-1143.47	3950.27	0.999981	-0.00610353
-1143.53	3959.8	0.999977	-0.00672279
-1143.6	3969.34	0.999977	-0.00671943
-1143.66	3978.87	0.999977	-0.00671646
-1143.72	3988.41	0.999977	-0.00671348
-1143.79	3997.94	0.999977	-0.00671035
-1143.85	4007.47	0.99998	-0.00639542
-1143.91	4016.99	0.999983	-0.00576868
-1143.96	4026.52	0.999987	-0.00514178
-1144.01	4036.04	0.99999	-0.00451473
-1144.05	4045.55	0.999992	-0.0038876
-1144.09	4055.07	0.999991	-0.00419422
-1144.13	4064.58	0.999985	-0.00543444
-1144.19	4074.09	0.999978	-0.00667434
-1144.25	4083.6	0.999969	-0.00791401
-1144.33	4093.1	0.999969	-0.00791119
-1144.4	4102.6	0.999978	-0.00666595
-1144.46	4112.1	0.999985	-0.00542063
-1144.51	4121.6	0.999991	-0.00417522
-1144.55	4131.09	0.999991	-0.00417087
-1144.59	4140.58	0.999985	-0.00540743
-1144.65	4150.07	0.999978	-0.00664368
-1144.71	4159.56	0.999969	-0.0078796
-1144.79	4169.04	0.999958	-0.00911522
-1144.88	4178.52	0.999961	-0.00880334
-1144.96	4188	0.999976	-0.00694419
-1145.02	4197.47	0.999987	-0.00508509
-1145.06	4206.94	0.999995	-0.00322598
-1145.08	4216.41	0.999997	-0.00229459
-1145.1	4225.88	0.999997	-0.00229085
-1145.13	4235.34	0.999997	-0.00228696
-1145.15	4244.8	0.999997	-0.00228291
-1145.17	4254.26	0.999997	-0.00227872
-1145.19	4263.72	0.999998	-0.00196645
-1145.21	4273.17	0.999999	-0.0013461
-1145.22	4282.62	1	-0.000725603
-1145.22	4292.07	1	-0.000104952
-1145.22	4301.52	0.999999	0.00113048
-1145.2	4310.96	0.999996	0.0029806
-1145.17	4320.4	0.999988	0.00483071
-1145.11	4329.84	0.999978	0.00668081
-1145.05	4339.27	0.999976	0.00699269
-1144.98	4348.7	0.999983	0.00576652
-1144.94	4358.13	0.99999	0.00454057
-1144.9	4367.56	0.999995	0.00331484
-1144.87	4376.98	0.999998	0.00208941
-1144.85	4386.4	0.999998	0.00178546
-1144.83	4395.82	0.999997	0.00240283
-1144.81	4405.24	0.999995	0.00302027
-1144.78	4414.65	0.999993	0.00363787
-1144.74	4424.06	0.999995	0.0030292
-1144.72	4433.47	0.999999	0.00119433
-1144.72	4442.87	1	-0.000640154
-1144.73	4452.27	0.999997	-0.00247426
-1144.76	4461.67	0.999991	-0.00430805
-1144.81	4471.07	0.999986	-0.00522311
-1144.86	4480.46	0.999986	-0.00521945
-1144.91	4489.86	0.999986	-0.00521555
-1144.95	4499.24	0.999986	-0.00521151
-1145	4508.63	0.999986	-0.0052077
-1145.05	4518.01	0.999986	-0.00520403
-1145.1	4527.4	0.999986	-0.00520014
-1145.15	4536.77	0.999987	-0.0051961
-1145.2	4546.15	0.999987	-0.0051919
-1145.25	4555.52	0.999985	-0.0054928
-1145.3	4564.89	0.999981	-0.0060988
-1145.36	4574.26	0.999978	-0.00670456
-1145.43	4583.62	0.999973	-0.00731009
-1145.5	4592.99	0.999969	-0.00791539
-1145.57	4602.35	0.999971	-0.00760793
-1145.64	4611.7	0.99998	-0.00638787
-1145.69	4621.06	0.999987	-0.00516772
-1145.74	4630.41	0.999992	-0.00394749
-1145.77	4639.76	0.999992	-0.00394321
-1145.81	4649.1	0.999987	-0.00515475
-1145.87	4658.45	0.99998	-0.00636597
-1145.93	4667.79	0.999971	-0.00757688
-1146	4677.13	0.999971	-0.00757406
-1146.07	4686.46	0.99998	-0.00635766
-1146.12	4695.8	0.999987	-0.00514124
-1146.17	4705.13	0.999992	-0.00392475
-1146.2	4714.45	0.999996	-0.00270817
-1146.22	4723.78	0.999997	-0.00240086
-1146.25	4733.1	0.999995	-0.00300274
-1146.28	4742.42	0.999994	-0.00360439
-1146.31	4751.74	0.999991	-0.00420582
-1146.35	4761.05	0.99999	-0.00450473
-1146.39	4770.36	0.99999	-0.00450115
-1146.44	4779.67	0.99999	-0.00449741
-1146.48	4788.98	0.99999	-0.00449344
-1146.52	4798.28	0.99999	-0.00448924
-1146.56	4807.59	0.999991	-0.00418369
-1146.6	4816.88	0.999994	-0.00357678
-1146.63	4826.18	0.999996	-0.00296971
-1146.65	4835.47	0.999997	-0.00236256
-1146.68	4844.76	0.999996	-0.00296101
-1146.71	4854.05	0.999989	-0.00476489
-1146.76	4863.34	0.999978	-0.00656837
-1146.83	4872.62	0.999965	-0.00837146
-1146.91	4881.9	0.999948	-0.0101742
-1147.01	4891.18	0.999942	-0.0107731
-1147.11	4900.45	0.999948	-0.0101683
-1147.2	4909.72	0.999954	-0.00956335
-1147.29	4918.99	0.99996	-0.00895829
-1147.37	4928.26	0.999957	-0.00925445
-1147.46	4937.52	0.999944	-0.0105505
-1147.56	4946.78	0.999927	-0.0121033
-1147.68	4956.04	0.999903	-0.0139313
-1147.82	4965.3	0.999872	-0.0159712
-1147.98	4974.55	0.999812	-0.0194011
-1148.17	4983.8	0.999705	-0.0243021
-1148.42	4993.05	0.999563	-0.0295717
-1148.71	5002.29	0.99938	-0.0352196
-1149.06	5011.52	0.999148	-0.0412756
-1149.47	5020.76	0.998818	-0.0486053
-1149.95	5029.98	0.998369	-0.0570948
-1150.5	5039.2	0.997834	-0.0657882
-1151.14	5048.41	0.997206	-0.0746961
-1151.87	5057.61	0.996324	-0.0856598
-1152.71	5066.8	0.995111	-0.098758
-1153.67	5075.98	0.993679	-0.112261
-1154.76	5085.13	0.992014	-0.126129
-1155.97	5094.27	0.990107	-0.140313
-1157.32	5103.39	0.987584	-0.157091
-1158.84	5112.48	0.984306	-0.176472
-1160.54	5121.53	0.980569	-0.196175
-1162.42	5130.55	0.976361	-0.216144
-1164.48	5139.52	0.971685	-0.236281
-1166.73	5148.45	0.96598	-0.258616
-1169.2	5157.31	0.959118	-0.283006
-1171.89	5166.11	0.951637	-0.307226
-1174.81	5174.83	0.943545	-0.331244
-1177.94	5183.47	0.934472	-0.356037
-1181.31	5192.02	0.924319	-0.381622
-1184.91	5200.48	0.913372	-0.407125
-1188.74	5208.83	0.901593	-0.432584
-1192.81	5217.06	0.889013	-0.457881
-1197.11	5225.18	0.87568	-0.482892
-1201.63	5233.16	0.861646	-0.507509
-1206.38	5241.02	0.846928	-0.531707
-1211.34	5248.73	0.831547	-0.555454
-1216.52	5256.3	0.815405	-0.578891
-1221.92	5263.72	0.79846	-0.602048
-1227.52	5270.97	0.780911	-0.624642
-1233.32	5278.06	0.762799	-0.646635
-1239.33	5284.98	0.744211	-0.667945
-1245.52	5291.73	0.725089	-0.688656
-1251.9	5298.3	0.705376	-0.708834
-1258.46	5304.68	0.685266	-0.728293
-1265.2	5310.88	0.664709	-0.747102
-1272.1	5316.89	0.645288	-0.76394
-1279.14	5322.73	0.627953	-0.778252
-1286.31	5328.4	0.610307	-0.792165
-1293.6	5333.92	0.592399	-0.805645
-1301.01	5339.27	0.574306	-0.818641
-1308.54	5344.45	0.55678	-0.83066
-1316.17	5349.47	0.540218	-0.841525
-1323.89	5354.35	0.523526	-0.85201
-1331.71	5359.07	0.506646	-0.862154
-1339.61	5363.63	0.489572	-0.871963
-1348.4	5368.47	0.474379	-0.880321
-1356.45	5372.76	0.464651	-0.885494
-1364.55	5376.96	0.455096	-0.890443
-1372.68	5381.08	0.445994	-0.895036
-1380.86	5385.11	0.437526	-0.899206
-1389.07	5389.06	0.425146	-0.905125
-1397.34	5392.88	0.408794	-0.912627
-1405.68	5396.54	0.393099	-0.919496
-1407.35	5397.26	0.391563	-0.920152
-1407.35	5397.26	0.391563	-0.920152
-1407.35	5397.26	0.391563	-0.920152
-1407.35	5397.26	0.391563	-0.920152
-1407.35	5397.26	0.391563	-0.920152
-1407.35	5397.26	0.391563	-0.920152
-1407.35	5397.26	0.391563	-0.920152
-1407.35	5397.26	0.391563	-0.920152
-1407.35	5397.26	0.391563	-0.920152
-1407.35	5397.26	0.391563	-0.920152
-1407.35	5397.26	0.391563	-0.920152
-1407.35	5397.26	0.391563	-0.920152
-1407.35	5397.26	0.391563	-0.920152
-1407.35	5397.26	0.391563	-0.920152
-1407.35	5397.26	0.391563	-0.920152
-1407.35	5397.26	0.391563	-0.920152
-1407.35	5397.26	0.391563	-0.920152
-1407.35	5397.26	0.391563	-0.920152
-1407.35	5397.26	0.391563	-0.920152
-1407.35	5397.26	0.391563	-0.920152
-1407.35	5397.26	0.391563	-0.920152
-1407.35	5397.26	0.391563	-0.920152
-1407.35	5397.26	0.391563	-0.920152
-1407.35	5397.26	0.391563	-0.920152
-1407.35	5397.26	0.391563	-0.920152
-1407.35	5397.26	0.391563	-0.920152
-1407.35	5397.26	0.391563	-0.920152
-1407.35	5397.26	0.391563	-0.920152
-1407.35	5397.26	0.391563	-0.920152
-1407.35	5397.26	0.391563	-0.920152
-1407.35	5397.26	0.391563	-0.920152
-1407.35	5397.26	0.391563	-0.920152
-1407.35	5397.26	0.391563	-0.920152
-1407.35	5397.26	0.391563	-0.920152
-1407.35	5397.26	0.391563	-0.920152
-1407.35	5397.26	0.391563	-0.920152
-1407.35	5397.26	0.391563	-0.920152
-1407.35	5397.26	0.391563	-0.920152
-1407.35	5397.26	0.391563	-0.920152
-1407.35	5397.26	0.391563	-0.920152
-1407.35	5397.26	0.391563	-0.920152
