1170	-5100	1	0
1170	-5100	1	0
1170	-5100	1	0
1170	-5100	1	0
1170	-5100	1	0
1170	-5100	1	0
1170	-5100	1	0
1170	-5100	1	0
1170	-5100	1	0
1170	-5100	1	0
1170	-5100	1	0
1170	-5100	1	0
1170	-5100	1	0
1170	-5100	1	0
1170	-5100	1	-5.55512e-05
1170	-5100	1	-0.00022221
1170	-5100	1	-0.000499944
1170	-5099.99	1	-0.000888717
1170	-5099.99	0.999999	-0.00138854
1170	-5099.98	0.999998	-0.00199943
1170	-5099.98	0.999996	-0.00272139
1170	-5099.97	0.999994	-0.00355432
1170	-5099.96	0.99999	-0.00449812
1170	-5099.95	0.999985	-0.00555279
1170	-5099.94	0.999977	-0.00671835
1170	-5099.93	0.999968	-0.00799471
1170	-5099.92	0.999956	-0.00938179
1170	-5099.91	0.999941	-0.0108796
1170	-5099.89	0.999922	-0.0124881
1170	-5099.88	0.999899	-0.0142074
1170	-5099.86	0.999871	-0.0160372
1170	-5099.84	0.999838	-0.0179776
1170	-5099.83	0.999799	-0.0200284
1170	-5099.81	0.999753	-0.0222064
1170	-5099.79	0.9997	-0.0245112
1170	-5099.77	0.999637	-0.0269259
1170	-5099.74	0.999566	-0.0294505
1170	-5099.72	0.999485	-0.0320849
1169.99	-5099.69	0.999377	-0.0352842
1169.99	-5099.65	0.999201	-0.0399617
1169.99	-5099.6	0.998907	-0.046746
1169.99	-5099.52	0.998424	-0.0561279
1169.98	-5099.41	0.997656	-0.0684274
1169.97	-5099.28	0.996496	-0.0836414
1169.96	-5099.13	0.994809	-0.101762
1169.94	-5098.95	0.992435	-0.122774
1169.91	-5098.74	0.989187	-0.146657
1169.87	-5098.51	0.987227	-0.159321
1169.83	-5098.26	0.987219	-0.159372
1169.79	-5097.98	0.98721	-0.159426
1169.74	-5097.67	0.987201	-0.159481
1169.68	-5097.34	0.987192	-0.159538
1169.63	-5096.99	0.987192	-0.159538
1169.57	-5096.61	0.987201	-0.159483
1169.5	-5096.2	0.987209	-0.159429
1169.43	-5095.77	0.987218	-0.159376
1169.36	-5095.32	0.987226	-0.159328
1169.28	-5094.84	0.987235	-0.159268
1169.2	-5094.33	0.987246	-0.159202
1169.11	-5093.8	0.987254	-0.159155
1169.02	-5093.25	0.987258	-0.15913
1168.93	-5092.67	0.987257	-0.159132
1168.83	-5092.06	0.987254	-0.159151
1168.73	-5091.44	0.987248	-0.159189
1168.63	-5090.78	0.987236	-0.159265
1168.52	-5090.1	0.987217	-0.15938
1168.4	-5089.4	0.987194	-0.159523
1168.28	-5088.67	0.987167	-0.159694
1168.16	-5087.91	0.987131	-0.159912
1168.04	-5087.13	0.987087	-0.160186
1167.91	-5086.33	0.987031	-0.160527
1167.77	-5085.5	0.986966	-0.16093
1167.63	-5084.65	0.986889	-0.161401
1167.49	-5083.77	0.986797	-0.161959
1167.34	-5082.87	0.98669	-0.162614
1167.19	-5081.94	0.986574	-0.163317
1167.03	-5080.99	0.986449	-0.16407
1166.86	-5080.01	0.986305	-0.164931
1166.7	-5079.01	0.986143	-0.165896
1166.52	-5077.98	0.985964	-0.166959
1166.35	-5076.93	0.98577	-0.1681
1166.16	-5075.86	0.985561	-0.169322
1165.97	-5074.76	0.985334	-0.170638
1165.78	-5073.63	0.98509	-0.172037
1165.58	-5072.48	0.984829	-0.17353
1165.37	-5071.31	0.984554	-0.175083
1165.15	-5070.11	0.984265	-0.176696
1164.93	-5068.89	0.983955	-0.178416
1164.71	-5067.65	0.983622	-0.180245
1164.47	-5066.38	0.983293	-0.182031
1164.23	-5065.08	0.98297	-0.183766
1163.99	-5063.76	0.982626	-0.185598
1163.73	-5062.42	0.982259	-0.187531
1163.47	-5061.06	0.981868	-0.189566
1163.2	-5059.67	0.981466	-0.191636
1162.92	-5058.25	0.981053	-0.193738
1162.64	-5056.81	0.980617	-0.195936
1162.34	-5055.35	0.980154	-0.198236
1162.04	-5053.87	0.979677	-0.200583
1161.73	-5052.36	0.979183	-0.202979
1161.41	-5050.82	0.97866	-0.205487
1161.08	-5049.27	0.978104	-0.208114
1160.75	-5047.69	0.977516	-0.210863
1160.4	-5046.08	0.976916	-0.213625
1160.04	-5044.46	0.976304	-0.216405
1159.67	-5042.81	0.975654	-0.219318
1159.29	-5041.14	0.97497	-0.222336
1158.9	-5039.44	0.973894	-0.227003
1158.5	-5037.72	0.972402	-0.233312
1158.08	-5035.98	0.970852	-0.23968
1157.64	-5034.22	0.969243	-0.246106
1157.18	-5032.44	0.967574	-0.252588
1156.7	-5030.64	0.965834	-0.259163
1156.21	-5028.81	0.96402	-0.265828
1155.7	-5026.97	0.962142	-0.27255
1155.16	-5025.11	0.960197	-0.279323
1154.61	-5023.22	0.958182	-0.28616
1154.03	-5021.32	0.956095	-0.293056
1153.44	-5019.39	0.953939	-0.3
1152.82	-5017.45	0.951711	-0.306996
1152.18	-5015.49	0.949409	-0.314044
1151.52	-5013.51	0.94705	-0.321086
1150.83	-5011.51	0.944635	-0.328124
1150.13	-5009.49	0.942143	-0.335211
1149.4	-5007.46	0.939574	-0.342346
1148.64	-5005.41	0.93694	-0.349491
1147.86	-5003.34	0.93424	-0.356644
1147.06	-5001.25	0.93146	-0.363843
1146.23	-4999.15	0.928598	-0.371088
1145.37	-4997.03	0.925651	-0.378378
1144.49	-4994.89	0.922654	-0.385628
1143.59	-4992.74	0.919607	-0.39284
1142.65	-4990.57	0.916474	-0.400094
1141.69	-4988.39	0.913255	-0.407389
1140.7	-4986.2	0.909947	-0.414725
1139.69	-4983.98	0.906594	-0.422003
1138.64	-4981.76	0.903199	-0.429223
1137.57	-4979.52	0.899713	-0.436481
1136.47	-4977.27	0.896138	-0.443776
1135.34	-4975	0.892529	-0.45099
1134.18	-4972.73	0.888889	-0.458123
1132.99	-4970.44	0.885158	-0.465291
1131.77	-4968.14	0.881335	-0.472493
1130.52	-4965.82	0.877417	-0.479728
1129.24	-4963.5	0.873474	-0.486871
1127.93	-4961.16	0.869506	-0.493922
1126.58	-4958.82	0.865445	-0.501005
1125.21	-4956.46	0.861288	-0.508117
1123.81	-4954.1	0.857119	-0.515118
1122.37	-4951.72	0.852943	-0.522004
1120.9	-4949.34	0.84867	-0.528923
1119.4	-4946.95	0.8443	-0.53587
1117.86	-4944.55	0.839834	-0.542843
1116.3	-4942.14	0.835368	-0.54969
1114.7	-4939.73	0.830919	-0.556394
1113.06	-4937.31	0.826401	-0.563082
1111.4	-4934.88	0.821812	-0.569759
1109.7	-4932.45	0.816084	-0.577933
1107.96	-4930.01	0.808626	-0.588324
1106.17	-4927.58	0.800992	-0.598675
1104.33	-4925.15	0.793179	-0.608989
1102.45	-4922.73	0.785172	-0.619277
1100.53	-4920.32	0.776966	-0.629543
1098.55	-4917.91	0.768576	-0.639758
1096.53	-4915.5	0.760011	-0.649911
1094.46	-4913.11	0.751301	-0.65996
1092.35	-4910.73	0.742555	-0.669785
1090.18	-4908.35	0.733865	-0.679296
1087.97	-4905.99	0.725187	-0.688552
1085.71	-4903.63	0.716533	-0.697553
1083.41	-4901.29	0.708097	-0.706116
1081.06	-4898.96	0.69998	-0.714162
1078.67	-4896.63	0.691904	-0.72199
1076.23	-4894.32	0.683862	-0.729612
1073.76	-4892.02	0.67586	-0.73703
1071.23	-4889.72	0.668006	-0.744156
1068.67	-4887.44	0.660396	-0.750917
1066.07	-4885.17	0.652949	-0.757402
1063.42	-4882.91	0.64569	-0.763599
1060.74	-4880.66	0.638804	-0.76937
1058.02	-4878.41	0.632413	-0.774631
1055.26	-4876.17	0.626331	-0.779557
1052.46	-4873.94	0.620573	-0.784148
1049.63	-4871.71	0.615118	-0.788435
1046.77	-4869.49	0.610372	-0.792115
1043.87	-4867.27	0.606565	-0.795034
1040.95	-4865.05	0.60311	-0.797658
1038	-4862.82	0.600076	-0.799943
1035.02	-4860.59	0.597724	-0.801702
1032.01	-4858.36	0.596146	-0.802876
1028.98	-4856.11	0.594973	-0.803746
1025.93	-4853.86	0.594063	-0.804418
1022.86	-4851.59	0.593271	-0.805003
1019.77	-4849.31	0.592801	-0.805349
1016.66	-4847.02	0.592802	-0.805348
1013.53	-4844.72	0.592968	-0.805226
1010.06	-4842.16	0.593346	-0.804948
1006.89	-4839.82	0.593799	-0.804613
1003.7	-4837.47	0.594376	-0.804188
1000.5	-4835.1	0.595178	-0.803594
997.597	-4832.95	0.596104	-0.802907
994.036	-4830.3	0.597518	-0.801856
990.783	-4827.88	0.598996	-0.800752
987.516	-4825.43	0.600658	-0.799506
984.236	-4822.96	0.602577	-0.798061
980.942	-4820.47	0.604726	-0.796434
977.637	-4817.95	0.606913	-0.794769
974.319	-4815.41	0.609118	-0.793079
970.99	-4812.85	0.611503	-0.791242
967.65	-4810.26	0.614075	-0.789248
964.3	-4807.65	0.617762	-0.786365
960.947	-4805	0.622544	-0.782584
957.591	-4802.31	0.627487	-0.778627
954.234	-4799.59	0.632598	-0.774481
950.877	-4796.84	0.637876	-0.770139
947.521	-4794.04	0.64339	-0.765539
944.167	-4791.21	0.649113	-0.760692
940.818	-4788.33	0.654961	-0.755663
937.472	-4785.41	0.660955	-0.750425
934.133	-4782.45	0.666933	-0.745118
930.8	-4779.45	0.67286	-0.73977
927.473	-4776.4	0.67887	-0.734259
924.154	-4773.31	0.684952	-0.728588
920.845	-4770.18	0.691093	-0.722765
917.545	-4767	0.698551	-0.71556
914.266	-4763.77	0.707323	-0.70689
911.011	-4760.48	0.716151	-0.697946
907.781	-4757.13	0.724968	-0.688782
904.578	-4753.73	0.733669	-0.679507
901.402	-4750.26	0.742234	-0.670141
898.255	-4746.74	0.750697	-0.660647
895.137	-4743.16	0.759048	-0.651035
892.05	-4739.53	0.767298	-0.641291
888.995	-4735.83	0.775131	-0.631801
885.969	-4732.08	0.782557	-0.622579
882.973	-4728.28	0.789865	-0.61328
880.008	-4724.42	0.796995	-0.603985
877.073	-4720.52	0.80366	-0.595089
874.167	-4716.56	0.80986	-0.586623
871.289	-4712.55	0.815837	-0.578282
868.438	-4708.49	0.821583	-0.570089
865.614	-4704.39	0.827124	-0.56202
862.816	-4700.23	0.832307	-0.554315
860.044	-4696.04	0.837163	-0.546953
857.295	-4691.8	0.841885	-0.539657
854.57	-4687.52	0.846471	-0.532434
851.87	-4683.19	0.850725	-0.525611
849.19	-4678.83	0.854645	-0.519212
846.531	-4674.42	0.858416	-0.512954
843.892	-4669.97	0.862022	-0.506871
841.272	-4665.49	0.865128	-0.501551
838.665	-4660.97	0.867732	-0.497032
836.07	-4656.42	0.870145	-0.492796
833.485	-4651.84	0.872371	-0.488844
830.909	-4647.22	0.874424	-0.485163
828.34	-4642.57	0.87612	-0.482093
825.774	-4637.9	0.877468	-0.479635
823.21	-4633.19	0.878655	-0.477458
820.645	-4628.47	0.879667	-0.47559
818.079	-4623.71	0.880375	-0.474278
815.507	-4618.93	0.88079	-0.473506
812.928	-4614.13	0.881064	-0.472997
810.34	-4609.31	0.881213	-0.47272
807.742	-4604.47	0.881242	-0.472666
805.133	-4599.6	0.881068	-0.47299
802.51	-4594.72	0.880675	-0.473721
799.871	-4589.82	0.880146	-0.474703
797.215	-4584.9	0.879506	-0.475887
794.541	-4579.96	0.8787	-0.477374
791.847	-4575.01	0.877751	-0.479117
789.131	-4570.05	0.876772	-0.480907
786.395	-4565.07	0.875814	-0.48265
783.637	-4560.08	0.87493	-0.484249
780.86	-4555.06	0.874141	-0.485672
778.063	-4550.04	0.873464	-0.486888
775.249	-4545	0.872921	-0.487861
772.418	-4539.94	0.872524	-0.488572
769.574	-4534.86	0.872577	-0.488477
766.721	-4529.76	0.873087	-0.487565
763.862	-4524.63	0.873725	-0.486419
761	-4519.48	0.874443	-0.485129
758.134	-4514.31	0.875257	-0.483658
755.267	-4509.11	0.876277	-0.481808
752.401	-4503.89	0.877489	-0.479596
749.537	-4498.63	0.878754	-0.477275
746.676	-4493.35	0.879992	-0.474988
743.817	-4488.04	0.881134	-0.472867
740.962	-4482.71	0.882103	-0.471056
738.113	-4477.37	0.882849	-0.469657
735.272	-4472.02	0.883361	-0.468694
732.436	-4466.67	0.883671	-0.468108
729.603	-4461.32	0.883658	-0.468133
726.768	-4455.98	0.883315	-0.46878
723.93	-4450.63	0.882803	-0.469744
721.086	-4445.29	0.882156	-0.470957
718.235	-4439.96	0.881392	-0.472385
715.375	-4434.64	0.880512	-0.474024
712.506	-4429.32	0.87949	-0.475918
709.625	-4424	0.878296	-0.478118
706.731	-4418.7	0.876959	-0.480564
703.822	-4413.41	0.875527	-0.483169
700.898	-4408.13	0.874005	-0.485917
697.958	-4402.85	0.872371	-0.488845
695.001	-4397.59	0.870618	-0.49196
692.025	-4392.34	0.868834	-0.495104
689.031	-4387.11	0.867019	-0.498276
686.018	-4381.88	0.865081	-0.501632
682.985	-4376.67	0.863009	-0.505189
679.931	-4371.48	0.860806	-0.508934
676.856	-4366.29	0.858873	-0.512189
673.763	-4361.12	0.857224	-0.514944
670.655	-4355.96	0.855473	-0.517848
667.529	-4350.82	0.853593	-0.520941
664.385	-4345.68	0.851697	-0.524035
661.224	-4340.56	0.849841	-0.527038
658.045	-4335.45	0.847831	-0.530267
654.847	-4330.36	0.845668	-0.53371
651.306	-4324.77	0.843108	-0.537744
648.064	-4319.71	0.840775	-0.541385
644.801	-4314.66	0.838445	-0.544987
641.517	-4309.63	0.835958	-0.548794
638.21	-4304.61	0.833296	-0.552827
634.88	-4299.61	0.830435	-0.557116
631.522	-4294.63	0.826326	-0.563192
628.122	-4289.68	0.8209	-0.571072
624.675	-4284.77	0.815122	-0.579289
621.179	-4279.89	0.808943	-0.587887
617.631	-4275.06	0.802308	-0.59691
614.028	-4270.26	0.795447	-0.606023
610.373	-4265.51	0.788358	-0.615217
606.662	-4260.8	0.780804	-0.624776
602.895	-4256.14	0.772828	-0.634616
599.065	-4251.53	0.761473	-0.648197
595.141	-4247.01	0.746557	-0.665322
591.115	-4242.57	0.73099	-0.682389
586.989	-4238.23	0.714757	-0.699373
582.762	-4233.99	0.697863	-0.716232
578.435	-4229.86	0.680685	-0.732576
574.014	-4225.83	0.663438	-0.748232
569.501	-4221.9	0.646046	-0.763299
564.9	-4218.08	0.628635	-0.7777
560.217	-4214.36	0.612016	-0.790845
555.46	-4210.74	0.596224	-0.802818
550.633	-4207.21	0.580492	-0.814266
545.74	-4203.78	0.564845	-0.825197
540.785	-4200.44	0.549332	-0.835604
535.77	-4197.2	0.534981	-0.844864
530.705	-4194.03	0.521935	-0.852985
525.594	-4190.95	0.509359	-0.860554
520.44	-4187.94	0.497335	-0.867558
515.247	-4185	0.48591	-0.874009
510.018	-4182.12	0.476358	-0.879251
504.763	-4179.3	0.468682	-0.883367
499.486	-4176.52	0.461571	-0.887103
494.189	-4173.78	0.454917	-0.890534
488.874	-4171.09	0.449463	-0.893299
483.545	-4168.42	0.445259	-0.895402
478.206	-4165.78	0.441551	-0.897236
472.858	-4163.15	0.438363	-0.898798
467.503	-4160.55	0.435696	-0.900094
462.142	-4157.96	0.434076	-0.900876
456.779	-4155.38	0.433441	-0.901182
451.417	-4152.8	0.433099	-0.901346
446.054	-4150.23	0.432863	-0.90146
440.693	-4147.65	0.43291	-0.901437
435.334	-4145.08	0.433215	-0.901291
429.976	-4142.5	0.433394	-0.901204
424.621	-4139.93	0.433339	-0.901231
419.266	-4137.35	0.433095	-0.901348
413.912	-4134.78	0.433032	-0.901379
408.559	-4132.21	0.433202	-0.901297
403.208	-4129.64	0.433355	-0.901223
397.859	-4127.06	0.433504	-0.901152
392.512	-4124.49	0.433788	-0.901015
387.167	-4121.92	0.434183	-0.900825
381.824	-4119.34	0.434478	-0.900682
376.484	-4116.76	0.43463	-0.900609
371.145	-4114.19	0.434671	-0.900589
365.807	-4111.61	0.434791	-0.900531
360.472	-4109.03	0.435033	-0.900414
355.138	-4106.46	0.435271	-0.900299
349.806	-4103.88	0.435479	-0.900199
344.477	-4101.3	0.435607	-0.900137
339.148	-4098.72	0.435642	-0.90012
333.821	-4096.14	0.435595	-0.900143
328.496	-4093.56	0.43548	-0.900198
323.171	-4090.99	0.435338	-0.900267
317.847	-4088.41	0.436391	-0.899757
312.53	-4085.83	0.438636	-0.898665
307.221	-4083.23	0.440882	-0.897565
301.919	-4080.62	0.44314	-0.896452
296.626	-4078	0.445663	-0.895201
291.342	-4075.36	0.448441	-0.893812
286.067	-4072.7	0.451272	-0.892386
280.802	-4070.03	0.454299	-0.890849
275.548	-4067.34	0.457597	-0.88916
270.305	-4064.63	0.46135	-0.887218
265.076	-4061.9	0.465437	-0.885081
259.861	-4059.15	0.469531	-0.882916
254.66	-4056.37	0.473615	-0.880732
249.472	-4053.57	0.477686	-0.878531
244.3	-4050.74	0.481745	-0.876312
239.141	-4047.89	0.485793	-0.874074
233.997	-4045.02	0.489831	-0.871817
228.868	-4042.13	0.493858	-0.869542
223.753	-4039.21	0.497752	-0.86732
218.652	-4036.27	0.501571	-0.865117
213.565	-4033.31	0.505569	-0.862786
208.494	-4030.33	0.50978	-0.860305
203.439	-4027.32	0.514095	-0.857733
198.401	-4024.28	0.518439	-0.855115
193.379	-4021.22	0.522917	-0.852384
188.375	-4018.14	0.527678	-0.849445
183.39	-4015.03	0.53268	-0.846317
178.424	-4011.88	0.537671	-0.843154
173.478	-4008.71	0.542593	-0.839996
168.553	-4005.52	0.547581	-0.836753
163.647	-4002.29	0.552665	-0.833403
158.763	-3999.03	0.557841	-0.829948
153.9	-3995.75	0.562737	-0.826636
149.057	-3992.43	0.567362	-0.823468
144.234	-3989.09	0.57205	-0.820219
139.432	-3985.73	0.576743	-0.816925
134.649	-3982.34	0.581298	-0.813691
129.887	-3978.92	0.585704	-0.810525
125.144	-3975.48	0.590029	-0.807382
120.421	-3972.01	0.594225	-0.804299
115.717	-3968.52	0.598333	-0.801248
111.032	-3965	0.602172	-0.798367
106.364	-3961.47	0.605748	-0.795656
101.713	-3957.92	0.609292	-0.792946
97.0789	-3954.34	0.612811	-0.79023
92.4618	-3950.75	0.616083	-0.787681
87.8601	-3947.14	0.619111	-0.785303
83.2734	-3943.51	0.62208	-0.782953
78.7014	-3939.87	0.624924	-0.780686
74.1435	-3936.21	0.627612	-0.778526
69.5988	-3932.54	0.629922	-0.776658
65.0653	-3928.85	0.631877	-0.775069
60.542	-3925.16	0.63372	-0.773563
56.0283	-3921.45	0.63547	-0.772125
51.5238	-3917.74	0.636933	-0.770919
47.0268	-3914.02	0.638163	-0.769901
42.5369	-3910.29	0.639392	-0.768881
38.0539	-3906.56	0.64059	-0.767883
33.5778	-3902.82	0.641682	-0.76697
29.1075	-3899.08	0.642454	-0.766324
24.6411	-3895.33	0.64283	-0.766009
20.1774	-3891.58	0.64314	-0.765749
15.7163	-3887.83	0.643383	-0.765544
11.2572	-3884.09	0.643553	-0.765402
6.80035	-3880.34	0.644278	-0.764792
2.35059	-3876.58	0.64582	-0.763489
-2.09074	-3872.82	0.647258	-0.762271
-6.52404	-3869.05	0.648635	-0.7611
-10.9495	-3865.27	0.650078	-0.759867
-15.3663	-3861.49	0.651642	-0.758527
-19.7742	-3857.69	0.653151	-0.757227
-24.1738	-3853.89	0.654545	-0.756023
-28.5656	-3850.09	0.655798	-0.754936
-32.9471	-3846.27	0.662945	-0.748668
-37.2648	-3842.38	0.678774	-0.734347
-41.4989	-3838.4	0.694143	-0.719837
-45.6482	-3834.33	0.709075	-0.705133
-49.7158	-3830.18	0.717112	-0.696958
-53.7697	-3826.02	0.715202	-0.698918
-57.8343	-3821.87	0.713089	-0.701074
-61.911	-3817.73	0.710723	-0.703472
-66.0012	-3813.61	0.708081	-0.706131
-70.107	-3809.51	0.704433	-0.709771
-74.2371	-3805.43	0.699408	-0.714723
-78.3954	-3801.39	0.694129	-0.71985
-82.5829	-3797.37	0.688599	-0.725142
-86.8004	-3793.39	0.682814	-0.730592
-91.0488	-3789.45	0.676779	-0.736187
-95.3289	-3785.54	0.670509	-0.741901
-99.6413	-3781.67	0.664007	-0.747727
-103.987	-3777.84	0.657277	-0.753649
-108.365	-3774.05	0.651555	-0.758601
-112.765	-3770.28	0.647588	-0.761991
-117.184	-3766.54	0.643774	-0.765216
-121.62	-3762.83	0.640148	-0.768252
-126.072	-3759.13	0.635901	-0.771771
-130.547	-3755.46	0.630623	-0.776089
-135.045	-3751.83	0.625528	-0.780202
-139.565	-3748.22	0.620621	-0.784111
-144.562	-3744.29	0.615459	-0.788169
-148.668	-3741.1	0.611708	-0.791084
-153.245	-3737.57	0.608166	-0.79381
-158.296	-3733.72	0.604614	-0.796519
-162.901	-3730.23	0.601729	-0.798701
-167.517	-3726.76	0.599432	-0.800426
-172.14	-3723.31	0.597742	-0.801689
-176.769	-3719.86	0.596438	-0.802659
-181.401	-3716.42	0.59552	-0.80334
-186.036	-3712.99	0.594957	-0.803757
-190.671	-3709.56	0.59487	-0.803822
-195.305	-3706.13	0.595098	-0.803653
-199.936	-3702.7	0.595328	-0.803483
-204.566	-3699.27	0.595558	-0.803312
-209.193	-3695.84	0.595792	-0.803139
-213.818	-3692.41	0.596029	-0.802963
-218.441	-3688.97	0.596265	-0.802787
-223.062	-3685.54	0.596502	-0.802612
-227.681	-3682.11	0.596738	-0.802436
-232.298	-3678.67	0.596975	-0.80226
-236.913	-3675.24	0.597211	-0.802084
-241.525	-3671.8	0.597447	-0.801909
-246.135	-3668.37	0.597683	-0.801733
-250.743	-3664.93	0.597919	-0.801557
-255.348	-3661.49	0.600311	-0.799767
-259.935	-3658.03	0.604844	-0.796344
-264.502	-3654.55	0.609358	-0.792895
-269.048	-3651.04	0.613852	-0.789421
-273.574	-3647.5	0.616307	-0.787506
-278.093	-3643.97	0.616663	-0.787227
-282.611	-3640.43	0.616873	-0.787063
-287.126	-3636.89	0.616936	-0.787013
-291.641	-3633.35	0.616861	-0.787072
-296.153	-3629.81	0.618525	-0.785765
-300.652	-3626.26	0.621901	-0.783096
-305.135	-3622.68	0.625114	-0.780533
-309.602	-3619.09	0.628184	-0.778065
-314.056	-3615.49	0.628912	-0.777476
-318.513	-3611.89	0.627298	-0.77878
-322.976	-3608.3	0.62553	-0.7802
-327.446	-3604.73	0.623591	-0.78175
-331.924	-3601.16	0.621458	-0.783448
-336.412	-3597.61	0.619003	-0.785388
-340.91	-3594.07	0.616244	-0.787556
-345.42	-3590.56	0.613314	-0.789839
-349.942	-3587.06	0.610223	-0.792229
-354.477	-3583.57	0.607093	-0.79463
-359.024	-3580.11	0.603936	-0.797033
-363.584	-3576.67	0.600638	-0.799521
-368.157	-3573.24	0.597209	-0.802085
-372.744	-3569.84	0.593653	-0.804721
-377.345	-3566.46	0.590182	-0.80727
-381.96	-3563.1	0.586827	-0.809713
-386.586	-3559.76	0.583429	-0.812164
-391.226	-3556.44	0.580023	-0.8146
-395.879	-3553.13	0.57673	-0.816935
-400.543	-3549.85	0.57357	-0.819156
-405.219	-3546.59	0.570421	-0.821353
-409.906	-3543.35	0.567278	-0.823526
-414.604	-3540.12	0.564201	-0.825637
-419.313	-3536.91	0.5615	-0.827477
-424.03	-3533.72	0.559206	-0.829028
-428.755	-3530.54	0.557103	-0.830443
-433.486	-3527.37	0.555211	-0.83171
-438.223	-3524.21	0.553631	-0.832762
-442.964	-3521.07	0.552318	-0.833633
-447.709	-3517.93	0.551138	-0.834414
-452.457	-3514.79	0.550115	-0.835089
-457.207	-3511.67	0.549274	-0.835643
-461.961	-3508.55	0.546354	-0.837554
-466.729	-3505.45	0.541357	-0.840793
-471.514	-3502.39	0.53661	-0.84383
-476.315	-3499.35	0.532177	-0.846633
-481.13	-3496.34	0.527954	-0.849273
-485.959	-3493.35	0.523928	-0.851763
-490.8	-3490.38	0.520164	-0.854066
-495.653	-3487.44	0.516583	-0.856237
-500.516	-3484.51	0.51315	-0.858299
-505.39	-3481.61	0.510019	-0.860163
-510.273	-3478.72	0.507179	-0.861841
-515.164	-3475.85	0.504405	-0.863467
-520.063	-3473	0.501634	-0.86508
-524.97	-3470.16	0.499018	-0.866592
-529.884	-3467.34	0.496617	-0.86797
-534.805	-3464.53	0.494378	-0.869247
-539.731	-3461.74	0.492321	-0.870414
-544.663	-3458.95	0.490453	-0.871468
-549.599	-3456.18	0.48882	-0.872385
-554.538	-3453.42	0.487403	-0.873177
-559.481	-3450.66	0.486152	-0.873874
-564.427	-3447.91	0.485063	-0.874479
-569.374	-3445.17	0.484138	-0.874992
-574.323	-3442.44	0.483347	-0.875429
-579.273	-3439.71	0.482673	-0.875801
-584.224	-3436.98	0.48215	-0.876089
-589.175	-3434.26	0.481814	-0.876274
-594.126	-3431.53	0.481659	-0.876359
-599.076	-3428.81	0.481678	-0.876348
-604.024	-3426.09	0.481879	-0.876238
-608.971	-3423.37	0.482235	-0.876042
-613.915	-3420.65	0.482744	-0.875761
-618.854	-3417.92	0.486629	-0.873609
-623.774	-3415.16	0.49388	-0.86953
-628.669	-3412.36	0.501291	-0.865279
-633.538	-3409.51	0.508825	-0.86087
-638.383	-3406.63	0.513073	-0.858345
-643.22	-3403.74	0.514005	-0.857787
-648.052	-3400.84	0.514945	-0.857223
-652.88	-3397.94	0.515828	-0.856692
-657.704	-3395.03	0.51655	-0.856257
-662.524	-3392.12	0.51995	-0.854197
-667.324	-3389.17	0.526076	-0.850438
-672.102	-3386.2	0.53211	-0.846676
-677.333	-3382.89	0.538679	-0.842511
-681.592	-3380.15	0.544022	-0.839071
-686.303	-3377.08	0.549745	-0.835332
-690.992	-3373.98	0.55516	-0.831744
-695.66	-3370.84	0.560538	-0.828129
-700.306	-3367.68	0.565862	-0.8245
-704.931	-3364.49	0.570855	-0.821051
-709.537	-3361.27	0.575381	-0.817886
-714.123	-3358.03	0.579838	-0.814732
-718.691	-3354.76	0.584211	-0.811602
-723.694	-3351.14	0.5889	-0.808206
-728.224	-3347.83	0.592672	-0.805444
-732.738	-3344.5	0.595952	-0.80302
-737.237	-3341.15	0.599131	-0.800651
-741.722	-3337.78	0.602254	-0.798305
-746.193	-3334.39	0.605335	-0.795971
-750.651	-3331	0.607726	-0.794147
-755.098	-3327.59	0.609446	-0.792828
-759.538	-3324.17	0.611161	-0.791506
-763.969	-3320.74	0.612874	-0.790181
-768.391	-3317.3	0.614253	-0.789109
-772.808	-3313.86	0.615301	-0.788292
-777.219	-3310.41	0.616347	-0.787474
-781.624	-3306.96	0.617392	-0.786656
-786.024	-3303.51	0.618435	-0.785836
-790.417	-3300.04	0.621006	-0.783806
-794.793	-3296.56	0.625094	-0.780549
-799.15	-3293.06	0.629165	-0.777272
-803.487	-3289.53	0.633217	-0.773975
-807.805	-3285.98	0.637143	-0.770746
-812.105	-3282.41	0.640929	-0.7676
-816.385	-3278.83	0.644618	-0.764504
-820.648	-3275.22	0.648106	-0.76155
-824.894	-3271.59	0.651308	-0.758813
-829.124	-3267.95	0.653877	-0.756601
-833.343	-3264.3	0.655807	-0.754928
-837.551	-3260.63	0.657406	-0.753537
-841.752	-3256.96	0.658671	-0.752431
-845.946	-3253.29	0.659423	-0.751772
-850.137	-3249.61	0.659713	-0.751518
-854.326	-3245.93	0.659801	-0.75144
-858.513	-3242.26	0.659739	-0.751495
-862.7	-3238.58	0.659578	-0.751636
-866.888	-3234.91	0.659266	-0.75191
-871.076	-3231.24	0.658838	-0.752285
-875.265	-3227.57	0.658411	-0.752659
-879.455	-3223.91	0.657983	-0.753033
-883.646	-3220.25	0.65745	-0.753498
-887.84	-3216.59	0.656808	-0.754058
-892.035	-3212.94	0.65616	-0.754622
-896.233	-3209.29	0.655511	-0.755186
-900.433	-3205.65	0.654862	-0.755748
-904.635	-3202.01	0.65413	-0.756382
-908.839	-3198.38	0.653338	-0.757066
-913.047	-3194.75	0.652572	-0.757727
-917.257	-3191.13	0.651807	-0.758384
-921.47	-3187.51	0.651043	-0.759041
-925.685	-3183.89	0.650315	-0.759665
-929.903	-3180.29	0.649669	-0.760217
-934.122	-3176.68	0.649109	-0.760695
-938.344	-3173.08	0.648618	-0.761114
-942.566	-3169.49	0.647989	-0.76165
-946.791	-3165.9	0.647245	-0.762282
-951.018	-3162.31	0.646607	-0.762824
-955.247	-3158.73	0.646086	-0.763265
-959.478	-3155.15	0.645589	-0.763685
-963.709	-3151.57	0.645116	-0.764085
-967.942	-3148	0.644795	-0.764355
-972.175	-3144.43	0.644678	-0.764454
-976.407	-3140.86	0.644822	-0.764333
-980.637	-3137.29	0.645169	-0.76404
-984.864	-3133.72	0.645727	-0.763568
-989.086	-3130.15	0.646583	-0.762843
-993.303	-3126.57	0.647742	-0.761859
-997.514	-3122.98	0.64923	-0.760592
-1001.72	-3119.39	0.651065	-0.759022
-1005.91	-3115.79	0.653271	-0.757124
-1010.09	-3112.17	0.655856	-0.754886
-1014.25	-3108.54	0.658793	-0.752324
-1018.4	-3104.9	0.661904	-0.749589
-1022.53	-3101.23	0.665107	-0.746748
-1026.65	-3097.56	0.668495	-0.743717
-1030.75	-3093.86	0.672056	-0.740501
-1034.82	-3090.14	0.675713	-0.737165
-1038.88	-3086.4	0.683602	-0.729855
-1042.88	-3082.6	0.695646	-0.718385
-1046.82	-3078.74	0.70768	-0.706533
-1050.68	-3074.81	0.719726	-0.694258
-1054.48	-3070.82	0.731958	-0.68135
-1058.21	-3066.76	0.744339	-0.667801
-1061.86	-3062.63	0.756601	-0.653877
-1065.43	-3058.44	0.768626	-0.639698
-1068.92	-3054.18	0.780367	-0.625321
-1072.33	-3049.85	0.79157	-0.611079
-1075.67	-3045.47	0.802219	-0.59703
-1078.92	-3041.03	0.812534	-0.582914
-1082.1	-3036.54	0.822528	-0.568725
-1085.2	-3031.99	0.832217	-0.55445
-1088.22	-3027.39	0.840995	-0.541043
-1091.16	-3022.75	0.848906	-0.528544
-1094.04	-3018.06	0.856572	-0.516027
-1096.85	-3013.34	0.863995	-0.5035
-1099.59	-3008.57	0.870865	-0.491522
-1102.27	-3003.77	0.877191	-0.480141
-1104.88	-2998.94	0.883256	-0.46889
-1107.43	-2994.08	0.889036	-0.457836
-1109.93	-2989.18	0.894538	-0.446993
-1112.36	-2984.26	0.899547	-0.436825
-1114.73	-2979.31	0.904097	-0.427327
-1117.06	-2974.34	0.908439	-0.418018
-1119.33	-2969.34	0.912582	-0.408893
-1121.55	-2964.33	0.916528	-0.39997
-1123.73	-2959.29	0.919896	-0.392162
-1125.87	-2954.24	0.922683	-0.38556
-1127.97	-2949.18	0.925264	-0.379324
-1130.03	-2944.1	0.927681	-0.373374
-1132.07	-2939.01	0.929756	-0.368177
-1134.07	-2933.92	0.931494	-0.363756
-1136.06	-2928.81	0.933106	-0.359602
-1138.02	-2923.7	0.934602	-0.355695
-1139.95	-2918.58	0.935996	-0.352011
-1141.87	-2913.45	0.937163	-0.348892
-1143.78	-2908.32	0.938148	-0.346233
-1145.67	-2903.19	0.939125	-0.343575
-1147.54	-2898.05	0.940094	-0.340914
-1149.4	-2892.91	0.941056	-0.338251
-1151.24	-2887.76	0.941736	-0.336353
-1153.08	-2882.61	0.942139	-0.335221
-1154.91	-2877.47	0.942541	-0.33409
-1156.73	-2872.32	0.942942	-0.332958
-1158.54	-2867.16	0.943251	-0.332081
-1160.36	-2862.01	0.94347	-0.331459
-1162.16	-2856.86	0.943688	-0.330837
-1163.97	-2851.71	0.943905	-0.330216
-1165.77	-2846.56	0.944123	-0.329595
-1167.57	-2841.41	0.944301	-0.329082
-1169.36	-2836.26	0.944467	-0.328606
-1171.15	-2831.11	0.944686	-0.327977
-1172.94	-2825.96	0.944956	-0.327198
-1174.72	-2820.81	0.945267	-0.326297
-1176.49	-2815.66	0.945485	-0.325666
-1178.27	-2810.5	0.945614	-0.32529
-1180.04	-2805.35	0.945796	-0.32476
-1181.81	-2800.2	0.94603	-0.324079
-1183.57	-2795.05	0.946267	-0.323386
-1185.33	-2789.9	0.946505	-0.32269
-1187.08	-2784.75	0.946789	-0.321856
-1188.83	-2779.6	0.947127	-0.32086
-1190.57	-2774.45	0.94753	-0.319666
-1192.31	-2769.29	0.947965	-0.318376
-1194.04	-2764.14	0.948413	-0.317036
-1195.76	-2758.98	0.948938	-0.315463
-1197.47	-2753.83	0.949546	-0.313627
-1199.16	-2748.66	0.951594	-0.307357
-1200.81	-2743.49	0.955637	-0.294548
-1202.38	-2738.29	0.959625	-0.281281
-1203.87	-2733.07	0.96356	-0.267492
-1205.3	-2727.83	0.967416	-0.253191
-1206.64	-2722.57	0.97118	-0.238345
-1207.9	-2717.29	0.974802	-0.223071
-1209.08	-2712	0.978182	-0.207751
-1210.17	-2706.69	0.981313	-0.192416
-1211.18	-2701.36	0.984187	-0.177134
-1212.11	-2696.02	0.98672	-0.162428
-1212.96	-2690.66	0.988899	-0.148588
-1213.73	-2685.3	0.990842	-0.135024
-1214.44	-2679.93	0.99257	-0.121675
-1215.07	-2674.54	0.994042	-0.108998
-1215.63	-2669.16	0.995258	-0.0972662
-1216.13	-2663.77	0.996312	-0.0857994
-1216.57	-2658.37	0.99721	-0.0746415
-1216.95	-2652.97	0.997962	-0.0638131
-1217.28	-2647.57	0.998543	-0.0539581
-1217.55	-2642.17	0.998968	-0.0454088
-1217.78	-2636.76	0.999306	-0.0372571
-1217.98	-2630.82	0.999586	-0.0287661
-1218.11	-2625.95	0.999745	-0.022594
-1218.22	-2620.01	0.99987	-0.0161107
-1218.3	-2614.6	0.999944	-0.0106055
-1218.34	-2609.2	0.999985	-0.00545126
-1218.36	-2603.8	1	-0.000613486
-1218.36	-2598.4	0.999994	0.00352149
-1218.33	-2593	0.999976	0.00696363
-1218.29	-2587.6	0.999948	0.0101772
-1218.22	-2582.21	0.999912	0.0132851
-1218.15	-2576.81	0.99987	0.0161101
-1218.05	-2571.42	0.999826	0.018669
-1217.95	-2566.02	0.999775	0.0212275
-1217.83	-2560.63	0.999717	0.0237856
-1217.69	-2555.25	0.999653	0.0263433
-1217.55	-2549.86	0.99959	0.0286344
-1217.39	-2544.47	0.999531	0.0306383
-1217.22	-2539.09	0.999471	0.032534
-1217.04	-2533.71	0.999414	0.0342272
-1216.85	-2528.32	0.999367	0.0355877
-1216.66	-2522.94	0.999325	0.0367265
-1216.46	-2517.57	0.999283	0.0378613
-1216.25	-2512.19	0.999239	0.0389961
-1216.04	-2506.81	0.999194	0.0401309
-1215.82	-2501.44	0.999154	0.0411293
-1215.6	-2496.07	0.999119	0.0419572
-1215.37	-2490.7	0.999087	0.0427274
-1215.14	-2485.33	0.999055	0.0434741
-1214.9	-2479.96	0.999028	0.0440879
-1214.67	-2474.59	0.999006	0.0445686
-1214.43	-2469.23	0.998985	0.0450494
-1214.18	-2463.86	0.998963	0.0455303
-1213.94	-2458.5	0.998942	0.0459848
-1213.69	-2453.14	0.99893	0.0462568
-1213.44	-2447.78	0.998924	0.0463687
-1213.19	-2442.42	0.99892	0.0464632
-1212.94	-2437.06	0.998919	0.0464837
-1212.69	-2431.71	0.998929	0.0462606
-1212.45	-2426.35	0.998949	0.0458282
-1212.2	-2421	0.998971	0.0453589
-1211.96	-2415.64	0.998993	0.0448722
-1211.72	-2410.29	0.999016	0.0443556
-1211.49	-2404.94	0.99904	0.0437963
-1211.25	-2399.59	0.999066	0.0431999
-1211.02	-2394.24	0.999093	0.0425863
-1210.8	-2388.89	0.999119	0.0419729
-1210.57	-2383.55	0.999144	0.0413595
-1210.35	-2378.2	0.99917	0.0407463
-1210.14	-2372.86	0.999194	0.0401333
-1209.92	-2367.52	0.999219	0.0395205
-1209.71	-2362.17	0.999243	0.0389079
-1209.51	-2356.83	0.999266	0.0382954
-1209.3	-2351.49	0.99929	0.0376829
-1209.1	-2346.15	0.999313	0.0370707
-1208.91	-2340.82	0.999335	0.0364586
-1208.71	-2335.48	0.999357	0.0358467
-1208.52	-2330.14	0.999379	0.0352349
-1208.34	-2324.81	0.9994	0.0346232
-1208.15	-2319.48	0.999421	0.0340118
-1207.97	-2314.14	0.999442	0.0334006
-1207.79	-2308.81	0.999467	0.032658
-1207.62	-2303.48	0.999495	0.0317838
-1207.45	-2298.15	0.999522	0.0309099
-1207.29	-2292.83	0.999549	0.0300363
-1207.13	-2287.5	0.999575	0.0291628
-1206.98	-2282.17	0.9996	0.0282896
-1206.83	-2276.85	0.999624	0.0274166
-1206.69	-2271.53	0.999648	0.0265438
-1206.55	-2266.2	0.99967	0.0256712
-1206.41	-2260.88	0.999689	0.0249302
-1206.28	-2255.56	0.999704	0.0243206
-1206.15	-2250.24	0.999719	0.0237112
-1206.03	-2244.93	0.999733	0.023102
-1205.91	-2239.61	0.999747	0.022493
-1205.79	-2234.29	0.999761	0.021884
-1205.67	-2228.98	0.999774	0.0212753
-1205.56	-2223.67	0.999786	0.0206668
-1205.45	-2218.35	0.999799	0.0200585
-1205.35	-2213.04	0.999811	0.0194503
-1205.25	-2207.73	0.999822	0.0188422
-1205.15	-2202.42	0.999834	0.0182343
-1205.05	-2197.12	0.999845	0.0176266
-1204.96	-2191.81	0.999855	0.0170191
-1204.87	-2186.51	0.999865	0.0164117
-1204.78	-2181.2	0.999875	0.0158044
-1204.7	-2175.9	0.999885	0.0151972
-1204.62	-2170.6	0.999894	0.0145903
-1204.55	-2165.3	0.999902	0.0139836
-1204.47	-2160	0.999911	0.0133769
-1204.4	-2154.7	0.999918	0.0127705
-1204.34	-2149.4	0.999926	0.0121642
-1204.28	-2144.11	0.999933	0.0115582
-1204.22	-2138.81	0.99994	0.0109523
-1204.16	-2133.52	0.999946	0.0103465
-1204.11	-2128.22	0.999953	0.00974082
-1204.05	-2122.93	0.999958	0.00913542
-1204.01	-2117.64	0.999964	0.00853009
-1203.96	-2112.35	0.999969	0.00792483
-1203.92	-2107.07	0.999973	0.0073198
-1203.89	-2101.78	0.999977	0.00671499
-1203.85	-2096.5	0.999981	0.00611041
-1203.82	-2091.21	0.999985	0.00550591
-1203.79	-2085.93	0.999988	0.00490148
-1203.77	-2080.65	0.999991	0.00429727
-1203.75	-2075.37	0.999993	0.0036933
-1203.73	-2070.09	0.999995	0.0032194
-1203.71	-2064.81	0.999996	0.00287558
-1203.7	-2059.53	0.999997	0.00253196
-1203.69	-2054.26	0.999998	0.00218852
-1203.67	-2048.98	0.999998	0.00184531
-1203.65	-2043.71	0.999905	0.0137684
-1203.53	-2038.43	0.99928	0.0379509
-1203.28	-2033.16	0.998069	0.0621128
-1202.9	-2027.9	0.996274	0.0862397
-1202.41	-2022.64	0.995175	0.0981143
-1201.89	-2017.39	0.995209	0.0977721
-1201.37	-2012.13	0.995242	0.0974301
-1200.86	-2006.88	0.995276	0.0970883
-1200.35	-2001.63	0.995309	0.0967467
-1199.84	-1996.38	0.995466	0.0951153
-1199.34	-1991.14	0.995741	0.0921936
-1198.86	-1985.89	0.996011	0.0892323
-1198.4	-1980.64	0.996283	0.0861394
-1197.95	-1975.39	0.996571	0.0827474
-1197.53	-1970.14	0.996866	0.0791029
-1197.08	-1964.36	0.997184	0.0749973
-1196.73	-1959.64	0.997437	0.0715529
-1196.36	-1954.38	0.99771	0.0676374
-1195.98	-1948.61	0.997991	0.063356
-1195.65	-1943.36	0.998228	0.0595082
-1195.35	-1938.1	0.998454	0.0555862
-1195.06	-1932.85	0.998667	0.0516199
-1194.8	-1927.6	0.998859	0.0477504
-1194.56	-1922.35	0.999031	0.0440035
-1194.33	-1917.1	0.999189	0.0402567
-1194.13	-1911.85	0.999333	0.0365261
-1193.95	-1906.6	0.99946	0.0328678
-1193.78	-1901.35	0.999565	0.0294905
-1193.63	-1896.1	0.99965	0.0264425
-1193.5	-1890.85	0.999721	0.0236077
-1193.38	-1885.6	0.99978	0.0209574
-1193.28	-1880.36	0.999828	0.0185516
-1193.18	-1875.11	0.999866	0.0163599
-1193.1	-1869.87	0.999898	0.0142539
-1193.03	-1864.62	0.999925	0.0122602
-1192.97	-1859.38	0.999946	0.010427
-1192.92	-1854.14	0.999961	0.00887321
-1192.88	-1848.9	0.999972	0.00752762
-1192.84	-1843.66	0.999981	0.00619923
-1192.81	-1838.42	0.999988	0.00487036
-1192.79	-1833.18	0.999993	0.00366866
-1192.77	-1827.92	0.999997	0.00259407
-1192.76	-1822.65	0.999999	0.00151829
-1192.75	-1817.37	1	0.000441247
-1192.75	-1812.08	1	-0.000637778
-1192.76	-1806.77	0.999999	-0.00172436
-1192.77	-1801.43	0.999996	-0.00281837
-1192.79	-1796.07	0.999992	-0.00391475
-1192.81	-1790.69	0.999987	-0.00501348
-1192.84	-1785.28	0.999982	-0.0059874
-1192.88	-1779.85	0.999977	-0.00683638
-1192.92	-1774.4	0.99997	-0.00770546
-1192.96	-1768.92	0.999963	-0.0086078
-1193.01	-1763.42	0.999954	-0.00955384
-1193.06	-1757.9	0.999944	-0.0105467
-1193.12	-1752.35	0.999933	-0.0115584
-1193.19	-1746.78	0.999921	-0.0125729
-1193.26	-1741.19	0.999908	-0.0135897
-1193.34	-1735.59	0.999895	-0.0144721
-1193.43	-1729.97	0.999884	-0.0152198
-1193.51	-1724.34	0.999872	-0.0159684
-1193.6	-1718.71	0.99986	-0.0167174
-1193.7	-1713.08	0.999847	-0.0174664
-1193.8	-1707.44	0.999834	-0.0182161
-1193.9	-1701.81	0.99982	-0.0189664
-1194.01	-1696.18	0.999806	-0.0197165
-1194.13	-1690.55	0.99979	-0.0204706
-1194.24	-1684.93	0.999777	-0.0211087
-1194.36	-1679.3	0.999766	-0.0216483
-1194.49	-1673.67	0.999753	-0.0222096
-1194.61	-1668.05	0.999741	-0.0227706
-1194.74	-1662.43	0.999728	-0.0233284
-1194.87	-1656.81	0.999716	-0.0238468
-1195.01	-1651.19	0.999705	-0.0242895
-1195.15	-1645.57	0.999695	-0.0246856
-1195.29	-1639.96	0.999686	-0.0250744
-1195.43	-1634.34	0.999676	-0.0254631
-1195.57	-1628.73	0.999666	-0.0258516
-1195.72	-1623.11	0.999656	-0.0262401
-1195.86	-1617.5	0.999645	-0.0266284
-1196.02	-1611.89	0.999635	-0.0270166
-1196.17	-1606.29	0.999628	-0.0272647
-1196.32	-1600.68	0.999625	-0.0273727
-1196.47	-1595.07	0.999622	-0.0274807
-1196.63	-1589.47	0.999619	-0.0275885
-1196.78	-1583.87	0.99962	-0.0275567
-1196.94	-1578.27	0.999625	-0.0273851
-1197.09	-1572.67	0.99963	-0.0272135
-1197.24	-1567.07	0.999634	-0.0270417
-1197.39	-1561.47	0.999639	-0.0268698
-1197.54	-1555.87	0.999644	-0.0266982
-1197.69	-1550.28	0.999648	-0.0265269
-1197.84	-1544.69	0.999653	-0.0263555
-1197.99	-1539.09	0.999657	-0.026184
-1198.13	-1533.5	0.999662	-0.0260127
-1198.28	-1527.91	0.999666	-0.0258415
-1198.42	-1522.33	0.99967	-0.0256703
-1198.57	-1516.74	0.999675	-0.0254989
-1198.71	-1511.15	0.999679	-0.0253275
-1198.85	-1505.57	0.999684	-0.0251564
-1198.99	-1499.99	0.999688	-0.0249855
-1199.13	-1494.4	0.999692	-0.0248145
-1199.27	-1488.82	0.999696	-0.0246435
-1199.4	-1483.24	0.999701	-0.0244723
-1199.54	-1477.67	0.999705	-0.0243014
-1199.68	-1472.09	0.999709	-0.0241308
-1199.81	-1466.51	0.999713	-0.02396
-1199.94	-1460.94	0.999717	-0.0237892
-1200.07	-1455.37	0.999721	-0.0236186
-1200.21	-1449.8	0.999725	-0.0234482
-1200.34	-1444.23	0.999729	-0.0232776
-1200.47	-1438.66	0.999733	-0.023107
-1200.59	-1433.09	0.999737	-0.0229362
-1200.72	-1427.52	0.999744	-0.0226272
-1200.85	-1421.96	0.999754	-0.0221798
-1200.97	-1416.4	0.999764	-0.0217323
-1201.09	-1410.83	0.999773	-0.0212847
-1201.21	-1405.27	0.999783	-0.0208375
-1201.32	-1399.71	0.999792	-0.0203907
-1201.43	-1394.15	0.999801	-0.0199437
-1201.54	-1388.6	0.999809	-0.0195252
-1201.65	-1383.04	0.999817	-0.0191382
-1201.76	-1377.49	0.999824	-0.0187547
-1201.86	-1371.93	0.999831	-0.0183787
-1201.96	-1366.38	0.999838	-0.0180209
-1202.06	-1360.83	0.999843	-0.0177201
-1202.16	-1355.28	0.999847	-0.0174968
-1202.25	-1349.73	0.99985	-0.0173186
-1202.35	-1344.18	0.999853	-0.0171748
-1202.45	-1338.64	0.999854	-0.0170736
-1202.54	-1333.09	0.999856	-0.0169935
-1202.63	-1327.55	0.999857	-0.0169138
-1202.73	-1322.01	0.999858	-0.0168344
-1202.82	-1316.47	0.99986	-0.0167549
-1202.91	-1310.93	0.999861	-0.0166751
-1203.01	-1305.39	0.999862	-0.0165952
-1203.1	-1299.85	0.999864	-0.0165156
-1203.19	-1294.32	0.999865	-0.0164363
-1203.28	-1288.78	0.999866	-0.0163568
-1203.37	-1283.25	0.999868	-0.0162771
-1203.46	-1277.72	0.999871	-0.0160603
-1203.55	-1272.19	0.999877	-0.0157063
-1203.63	-1266.66	0.999882	-0.015352
-1203.72	-1261.13	0.999888	-0.0149976
-1203.8	-1255.61	0.999893	-0.014643
-1203.88	-1250.08	0.999898	-0.0142889
-1203.96	-1244.56	0.999903	-0.0139354
-1204.03	-1239.03	0.999908	-0.0135816
-1204.11	-1233.51	0.999913	-0.0132277
-1204.18	-1227.99	0.999917	-0.0128737
-1204.25	-1222.47	0.999922	-0.0125201
-1204.32	-1216.96	0.999926	-0.0121671
-1204.39	-1211.44	0.99993	-0.0118138
-1204.45	-1205.92	0.999934	-0.0114605
-1204.51	-1200.41	0.999937	-0.0112443
-1204.57	-1194.9	0.999938	-0.0111655
-1204.64	-1189.39	0.999939	-0.0110864
-1204.7	-1183.88	0.999939	-0.0110071
-1204.76	-1178.37	0.99994	-0.0109277
-1204.82	-1172.86	0.999941	-0.0108486
-1204.88	-1167.36	0.999942	-0.0107698
-1204.94	-1161.85	0.999943	-0.0106908
-1204.99	-1156.35	0.999944	-0.0106117
-1205.05	-1150.85	0.999945	-0.0105328
-1205.11	-1145.34	0.999945	-0.0104541
-1205.17	-1139.84	0.999946	-0.0103753
-1205.22	-1134.35	0.999947	-0.0102962
-1205.28	-1128.85	0.999948	-0.010217
-1205.34	-1123.35	0.999949	-0.0101381
-1205.39	-1117.86	0.99995	-0.0100314
-1205.45	-1112.37	0.999951	-0.00986224
-1205.5	-1106.87	0.999954	-0.00963467
-1205.55	-1101.38	0.999956	-0.00937219
-1205.6	-1095.89	0.999959	-0.00909892
-1205.65	-1090.41	0.999961	-0.00882553
-1205.7	-1084.92	0.999963	-0.00855203
-1205.75	-1079.43	0.999966	-0.00827842
-1205.79	-1073.95	0.999968	-0.00800509
-1205.84	-1068.47	0.99997	-0.00773224
-1205.88	-1062.98	0.999972	-0.00745929
-1205.92	-1057.5	0.999974	-0.00718621
-1205.96	-1052.02	0.999976	-0.00691333
-1205.99	-1046.55	0.999978	-0.00664078
-1206.03	-1041.07	0.99998	-0.00636813
-1206.06	-1035.59	0.999981	-0.00609535
-1206.1	-1030.12	0.999983	-0.00582247
-1206.13	-1024.65	0.999985	-0.00554983
-1206.16	-1019.17	0.999986	-0.00527766
-1206.19	-1013.7	0.999987	-0.00500539
-1206.21	-1008.23	0.999989	-0.00473299
-1206.24	-1002.77	0.99999	-0.00446079
-1206.26	-997.3	0.999991	-0.00418893
-1206.28	-991.835	0.999992	-0.00391696
-1206.3	-986.371	0.999993	-0.00364487
-1206.32	-980.908	0.999994	-0.00337267
-1206.34	-975.446	0.999995	-0.00310071
-1206.36	-969.986	0.999996	-0.00282923
-1206.37	-964.527	0.999997	-0.00255764
-1206.39	-959.069	0.999997	-0.00228592
-1206.4	-953.613	1	-0.000940222
-1206.4	-948.158	0.999998	0.0020164
-1206.38	-942.704	0.999988	0.004973
-1206.34	-936.706	0.999966	0.00822517
-1206.3	-931.8	0.999941	0.0108859
-1206.22	-925.805	0.999918	0.0127951
-1206.15	-920.356	0.999915	0.0130659
-1206.08	-914.909	0.999911	0.0133368
-1206.01	-909.463	0.999907	0.0136078
-1205.93	-904.019	0.999906	0.0137437
-1205.86	-898.575	0.999906	0.0137444
-1205.78	-893.133	0.999906	0.0137452
-1205.71	-887.693	0.999906	0.0137462
-1205.63	-882.253	0.999906	0.0137472
-1205.56	-876.815	0.999905	0.0137482
-1205.48	-871.378	0.999905	0.0137489
-1205.41	-865.942	0.999905	0.0137497
-1205.34	-860.508	0.999905	0.0137507
-1205.26	-855.074	0.999905	0.0137517
-1205.19	-849.642	0.999907	0.0136181
-1205.11	-844.212	0.999911	0.0133497
-1205.04	-838.782	0.999914	0.0130815
-1204.97	-833.354	0.999918	0.0128134
-1204.9	-827.927	0.999921	0.0125453
-1204.83	-822.501	0.999925	0.0122772
-1204.77	-817.077	0.999928	0.0120093
-1204.7	-811.654	0.999931	0.0117415
-1204.64	-806.232	0.999934	0.0114738
-1204.58	-800.811	0.999937	0.0112061
-1204.52	-795.391	0.99994	0.0109384
-1204.46	-789.973	0.999943	0.0106708
-1204.4	-784.556	0.999946	0.0104034
-1204.35	-779.14	0.999949	0.0101361
-1204.29	-773.726	0.999951	0.00986874
-1204.24	-768.312	0.999954	0.00960142
-1204.19	-762.9	0.999956	0.00933425
-1204.14	-757.489	0.999959	0.00906719
-1204.09	-752.08	0.999961	0.00880025
-1204.04	-746.672	0.999964	0.00853331
-1204	-741.264	0.999966	0.00826636
-1203.95	-735.859	0.999968	0.00799953
-1203.91	-730.454	0.99997	0.00773282
-1203.87	-725.051	0.999972	0.00746614
-1203.83	-719.648	0.999974	0.0071995
-1203.79	-714.247	0.999976	0.00693297
-1203.75	-708.848	0.999978	0.00666656
-1203.72	-703.449	0.99998	0.0064003
-1203.68	-698.052	0.999981	0.00613404
-1203.65	-692.656	0.999983	0.00586778
-1203.62	-687.262	0.999984	0.00560163
-1203.59	-681.868	0.999986	0.0053356
-1203.56	-676.476	0.999987	0.00506972
-1203.54	-671.085	0.999988	0.00480384
-1203.51	-665.695	0.99999	0.00453792
-1203.49	-660.307	0.999991	0.00427211
-1203.47	-654.919	0.999992	0.00400646
-1203.44	-649.533	0.999992	0.00387398
-1203.42	-644.148	0.999992	0.00387466
-1203.4	-638.765	0.999993	0.00386864
-1203.38	-633.382	0.999993	0.00382843
-1203.36	-628.001	0.999993	0.00372074
-1203.34	-622.622	0.999994	0.00355217
-1203.32	-617.243	0.999994	0.00336289
-1203.31	-611.866	0.999995	0.00317379
-1203.29	-606.489	0.999996	0.00298489
-1203.27	-601.115	0.999996	0.00279614
-1203.26	-595.741	0.999997	0.00260724
-1203.24	-590.368	0.999997	0.00241822
-1203.23	-584.997	0.999998	0.00222939
-1203.22	-579.627	0.999998	0.00204072
-1203.21	-574.259	0.999998	0.00185197
-1203.2	-568.891	0.999999	0.00166318
-1203.19	-563.525	0.999999	0.00147458
-1203.18	-558.16	0.999999	0.00128613
-1203.18	-552.796	0.999999	0.00109784
-1203.17	-547.434	1	0.000909433
-1203.17	-542.072	1	0.00072091
-1203.16	-536.712	1	0.000532541
-1203.16	-531.353	1	0.000344362
-1203.16	-525.996	1	0.000156373
-1203.16	-520.639	1	-3.17676e-05
-1203.16	-515.284	1	-0.000220023
-1203.16	-509.93	1	-0.000408087
-1203.16	-504.577	1	-0.000595999
-1203.17	-499.226	1	-0.000783988
-1203.17	-493.876	1	-0.000972052
-1203.18	-488.527	0.999999	-0.00115993
-1203.19	-483.179	0.999999	-0.00134761
-1203.19	-477.832	0.999999	-0.00153514
-1203.19	-472.487	0.999965	0.00835109
-1203.11	-467.141	0.999599	0.0283078
-1202.91	-461.799	0.998835	0.0482537
-1202.61	-456.461	0.997673	0.0681806
-1202.21	-451.13	0.99695	0.0780407
-1201.8	-445.801	0.996965	0.0778534
-1201.38	-440.473	0.996979	0.0776663
-1200.97	-435.147	0.996994	0.0774793
-1200.55	-429.822	0.997009	0.0772858
-1200.14	-424.497	0.997106	0.0760283
-1199.74	-419.174	0.997285	0.0736369
-1199.35	-413.85	0.997473	0.0710518
-1198.98	-408.527	0.997669	0.0682461
-1198.62	-403.204	0.997876	0.0651398
-1198.28	-397.881	0.998089	0.06179
-1197.96	-392.557	0.998297	0.0583434
-1197.65	-387.235	0.998498	0.0547863
-1197.37	-381.912	0.998694	0.0510985
-1197.11	-376.589	0.998876	0.047405
-1196.86	-371.267	0.999045	0.0436964
-1196.64	-365.945	0.999206	0.0398379
-1196.43	-360.623	0.999357	0.0358597
-1196.25	-355.302	0.999494	0.0318157
-1196.09	-349.982	0.999615	0.0277561
-1195.95	-344.662	0.999719	0.0236969
-1195.83	-339.342	0.999807	0.0196381
-1195.74	-334.024	0.999879	0.0155797
-1195.66	-328.706	0.999931	0.0117843
-1195.61	-323.389	0.999966	0.00825198
-1195.57	-318.074	0.999989	0.00472026
-1195.55	-312.759	0.999999	0.00118924
-1195.56	-307.446	0.999998	-0.00207881
-1195.57	-302.134	0.999987	-0.00508389
-1195.61	-296.823	0.999967	-0.00808824
-1195.66	-291.513	0.999938	-0.0110918
-1195.72	-286.205	0.999901	-0.0140878
-1195.8	-280.898	0.999855	-0.0170431
-1195.9	-275.593	0.999802	-0.0199174
-1196.01	-270.29	0.999742	-0.0227273
-1196.14	-264.987	0.999674	-0.0255171
-1196.28	-259.687	0.999607	-0.0280215
-1196.43	-254.388	0.999543	-0.03023
-1196.6	-249.09	0.999475	-0.0324108
-1196.77	-243.794	0.999403	-0.0345476
-1196.96	-238.5	0.999329	-0.0366174
-1197.18	-232.678	0.999257	-0.0385531
-1197.36	-227.916	0.999208	-0.0397888
-1197.6	-222.097	0.999151	-0.0411999
-1197.82	-216.809	0.999102	-0.0423713
-1198.05	-211.522	0.999057	-0.0434166
-1198.28	-206.237	0.999023	-0.044186
-1198.51	-200.953	0.999003	-0.044643
-1198.75	-195.67	0.998992	-0.044888
-1198.99	-190.389	0.998991	-0.044921
-1199.22	-185.108	0.999002	-0.0446663
-1199.46	-179.829	0.999024	-0.044166
-1199.69	-174.551	0.999052	-0.0435336
-1199.92	-169.274	0.999085	-0.0427596
-1200.14	-163.998	0.999122	-0.041906
-1200.36	-158.723	0.999157	-0.0410434
-1200.58	-153.449	0.999192	-0.0401814
-1200.79	-148.176	0.999227	-0.0393193
-1200.99	-142.904	0.99926	-0.0384697
-1201.19	-137.633	0.99929	-0.0376663
-1201.39	-132.363	0.999319	-0.0369103
-1201.58	-127.094	0.999346	-0.0361675
-1201.77	-121.826	0.999372	-0.0354247
-1201.96	-116.56	0.999398	-0.0346818
-1202.14	-111.294	0.999424	-0.0339395
-1202.32	-106.029	0.999449	-0.0331977
-1202.49	-100.766	0.999473	-0.0324558
-1202.66	-95.503	0.999497	-0.0317139
-1202.83	-90.2415	0.99952	-0.0309725
-1202.99	-84.9811	0.999543	-0.0302315
-1203.14	-79.7218	0.999564	-0.0295104
-1203.3	-74.4635	0.999585	-0.0288188
-1203.45	-69.2063	0.999604	-0.0281367
-1203.59	-63.9503	0.999627	-0.027326
-1203.74	-58.6952	0.999652	-0.0263869
-1203.87	-53.4412	0.999676	-0.0254478
-1204	-48.1883	0.9997	-0.0245085
-1204.13	-42.9365	0.999719	-0.0236987
-1204.25	-37.6857	0.999735	-0.0230183
-1204.37	-32.4361	0.99975	-0.0223379
-1204.49	-27.1875	0.999765	-0.0216603
-1204.6	-21.9401	0.99978	-0.0209854
-1204.71	-16.6937	0.999796	-0.0201824
-1204.81	-11.4485	0.999815	-0.0192511
-1204.91	-6.20434	0.999832	-0.0183198
-1205.01	-0.961278	0.999849	-0.0173951
-1205.1	4.28069	0.999864	-0.0164969
-1205.18	9.52155	0.999878	-0.0156222
-1205.26	14.7613	0.999891	-0.014751
-1205.34	20	0.999903	-0.0138968
-1205.41	25.2375	0.999914	-0.0130985
-1205.48	30.4739	0.999922	-0.0125039
-1205.54	35.7091	0.999927	-0.0120743
-1205.6	40.9432	0.999932	-0.0116445
-1205.66	46.1762	0.999937	-0.0112146
-1205.72	51.408	0.999942	-0.0107846
-1205.78	56.6386	0.999946	-0.010355
-1205.83	61.8681	0.999951	-0.00992595
-1205.88	67.0964	0.999955	-0.00949674
-1205.93	72.3236	0.999959	-0.00906742
-1205.98	77.5497	0.999963	-0.00863843
-1206.02	82.7745	0.999966	-0.00820979
-1206.06	87.9982	0.99997	-0.00778103
-1206.1	93.2208	0.999973	-0.00735216
-1206.14	98.4422	0.999976	-0.00692317
-1206.17	103.662	0.999979	-0.00649464
-1206.21	108.882	0.999982	-0.0060666
-1206.24	114.099	0.999984	-0.00563844
-1206.27	119.316	0.999986	-0.00521017
-1206.29	124.532	0.999989	-0.00478225
-1206.32	129.746	0.999991	-0.00435466
-1206.34	134.96	0.999992	-0.00392696
-1206.36	140.172	0.999994	-0.00349914
-1206.38	145.383	0.999995	-0.00307121
-1206.39	150.592	0.999997	-0.00264374
-1206.4	155.801	0.999998	-0.00221673
-1206.41	161.009	0.999998	-0.00178959
-1206.42	166.215	0.999999	-0.00136235
-1206.43	171.42	0.999999	-0.00106305
-1206.43	176.624	1	-0.000891692
-1206.44	181.827	1	-0.000720183
-1206.44	187.028	1	-0.00054856
-1206.44	192.229	1	-0.000376822
-1206.45	197.428	1	-0.00020539
-1206.45	202.626	1	-3.42624e-05
-1206.45	207.823	1	0.000136979
-1206.44	213.019	1	0.000308336
-1206.44	218.214	1	0.000479844
-1206.44	223.407	1	0.000651048
-1206.44	228.6	1	0.000821946
-1206.43	233.791	1	0.000992959
-1206.43	238.981	0.999999	0.00116409
-1206.42	244.17	0.999999	0.00133537
-1206.41	249.357	0.999999	0.00150634
-1206.4	254.544	0.999999	0.00167701
-1206.4	259.729	0.999998	0.00184779
-1206.39	264.913	0.999998	0.00201869
-1206.37	270.096	0.999998	0.0021894
-1206.36	275.278	0.999997	0.00235709
-1206.35	280.459	0.999997	0.00250526
-1206.34	285.638	0.999997	0.00263015
-1206.32	290.817	0.999996	0.00274863
-1206.31	295.994	0.999996	0.00286685
-1206.29	301.17	0.999996	0.00298476
-1206.28	306.345	0.999995	0.00308692
-1206.26	311.519	0.999995	0.0031668
-1206.25	316.691	0.999995	0.00322406
-1206.23	321.863	0.999995	0.00323634
-1206.21	327.033	0.999995	0.00319747
-1206.2	332.202	0.999995	0.00312331
-1206.18	337.37	0.999995	0.00302043
-1206.16	342.537	0.999996	0.00287536
-1206.15	347.703	0.999996	0.00266856
-1206.14	352.867	0.999997	0.00241729
-1206.12	358.031	0.999998	0.00215694
-1206.11	363.193	0.999998	0.00189647
-1206.1	368.354	0.999999	0.00163215
-1206.1	373.514	0.999999	0.00132617
-1206.09	378.673	1	0.000943215
-1206.09	383.83	1	0.00051494
-1206.09	388.987	1	8.00259e-05
-1206.09	394.142	1	-0.00035504
-1206.09	399.296	1	-0.000789839
-1206.09	404.449	0.999999	-0.00122433
-1206.1	409.601	0.999998	-0.00178498
-1206.11	414.752	0.999997	-0.00247178
-1206.13	419.902	0.999995	-0.00315827
-1206.14	425.05	0.999993	-0.00384445
-1206.16	430.197	0.99999	-0.00453033
-1206.19	435.344	0.999987	-0.00509024
-1206.22	440.489	0.999985	-0.00552423
-1206.25	445.632	0.999982	-0.00595796
-1206.28	450.775	0.99998	-0.00638767
-1206.31	455.916	0.999977	-0.00680724
-1206.35	461.057	0.999974	-0.00722036
-1206.38	466.196	0.999971	-0.00763322
-1206.42	471.334	0.999968	-0.0080458
-1206.47	476.471	0.999964	-0.00845808
-1206.51	481.607	0.999962	-0.00874497
-1206.56	486.741	0.99996	-0.00890652
-1206.6	491.875	0.999959	-0.0090678
-1206.65	497.007	0.999957	-0.00922881
-1206.7	502.138	0.999956	-0.00939001
-1206.75	507.268	0.999954	-0.00955137
-1206.79	512.397	0.999953	-0.00971245
-1206.84	517.525	0.999951	-0.00987327
-1206.9	522.651	0.99995	-0.0100338
-1206.95	527.776	0.999948	-0.0101947
-1207	532.901	0.999946	-0.0103558
-1207.05	538.024	0.999945	-0.0105167
-1207.11	543.146	0.999943	-0.0106773
-1207.16	548.267	0.999941	-0.0108381
-1207.22	553.387	0.99994	-0.0109991
-1207.27	558.505	0.999938	-0.0111598
-1207.33	563.623	0.999936	-0.0113151
-1207.39	568.739	0.999935	-0.0114322
-1207.45	573.855	0.999936	-0.0113556
-1207.51	578.969	0.999939	-0.0110008
-1207.56	584.082	0.999945	-0.0105036
-1207.61	589.194	0.999951	-0.00986531
-1207.66	594.304	0.999959	-0.00910401
-1207.71	599.414	0.999966	-0.00824836
-1207.75	604.523	0.999973	-0.00734628
-1207.78	609.631	0.999979	-0.00644418
-1207.81	614.737	0.999985	-0.00554202
-1207.84	619.842	0.999989	-0.00464037
-1207.86	624.947	0.999993	-0.0037395
-1207.88	630.05	0.999996	-0.0028386
-1207.89	635.152	0.999998	-0.00193764
-1207.9	640.253	0.999999	-0.00103669
-1207.9	645.353	1	-0.000235739
-1207.9	650.452	1	0.000415445
-1207.9	655.556	0.999999	0.00106721
-1207.89	660.666	0.999999	0.0017192
-1207.88	665.783	0.999997	0.00237218
-1207.87	670.909	0.999995	0.00302683
-1207.85	676.046	0.999993	0.00368127
-1207.83	681.193	0.999991	0.00433534
-1207.81	686.352	0.999988	0.00498911
-1207.78	691.523	0.999984	0.0056426
-1207.75	696.708	0.999981	0.00619899
-1207.72	701.906	0.999978	0.00660985
-1207.68	707.118	0.999975	0.00702003
-1207.64	712.867	0.999972	0.00747043
-1207.61	717.583	0.999969	0.00784153
-1207.56	722.836	0.999966	0.00825765
-1207.52	728.63	0.999962	0.00872413
-1207.47	733.911	0.999958	0.00920781
-1207.42	739.207	0.999952	0.00979097
-1207.37	744.515	0.999945	0.0104783
-1207.31	749.838	0.999936	0.0112737
-1207.25	755.174	0.999926	0.0121628
-1207.18	760.523	0.999914	0.0131198
-1207.11	765.886	0.9999	0.0141422
-1207.03	771.263	0.999879	0.0155279
-1206.94	776.653	0.99985	0.017298
-1206.84	782.057	0.999816	0.0191686
-1206.73	787.474	0.999777	0.0211098
-1206.62	792.904	0.999742	0.0227039
-1206.49	798.348	0.999713	0.0239441
-1206.36	803.806	0.999682	0.0252077
-1206.22	809.276	0.99965	0.0264737
-1206.07	814.76	0.999615	0.0277422
-1205.91	820.258	0.999583	0.0288797
-1205.75	825.769	0.999554	0.0298791
-1205.58	831.293	0.999523	0.0308737
-1205.41	836.831	0.999492	0.0318707
-1205.23	842.382	0.99946	0.0328699
-1205.05	847.946	0.999431	0.0337311
-1204.86	853.524	0.999407	0.0344358
-1204.66	859.115	0.999384	0.0351036
-1204.46	864.72	0.999361	0.0357486
-1204.26	870.337	0.999343	0.0362507
-1204.06	875.965	0.99933	0.0366108
-1203.85	881.602	0.999317	0.0369617
-1203.64	887.247	0.999305	0.0372886
-1203.43	892.895	0.999293	0.037587
-1203.21	898.544	0.999283	0.0378733
-1203	904.192	0.999272	0.0381586
-1202.78	909.838	0.999261	0.0384437
-1202.57	915.482	0.99925	0.0387214
-1202.35	921.126	0.999241	0.0389418
-1202.13	926.768	0.999242	0.0389216
-1201.91	932.408	0.999252	0.0386639
-1201.69	938.047	0.999264	0.0383522
-1201.47	943.685	0.999276	0.0380331
-1201.26	949.322	0.999289	0.0377143
-1201.05	954.957	0.999301	0.0373915
-1200.84	960.591	0.999313	0.0370615
-1200.63	966.224	0.999325	0.0367283
-1200.42	971.856	0.999337	0.0363951
-1200.22	977.486	0.999334	0.036484
-1200.01	983.115	0.999315	0.0369952
-1199.8	988.743	0.999296	0.0375063
-1199.59	994.369	0.999277	0.0380173
-1199.38	999.993	0.999258	0.0385282
-1199.16	1005.62	0.999238	0.0390388
-1198.94	1011.24	0.999218	0.0395492
-1198.71	1016.86	0.999197	0.0400595
-1198.49	1022.48	0.999177	0.0405696
-1198.26	1028.09	0.999156	0.0410796
-1198.03	1033.71	0.999135	0.0415894
-1197.79	1039.32	0.999113	0.042099
-1197.55	1044.94	0.999092	0.0426085
-1197.31	1050.55	0.99907	0.0431179
-1197.07	1056.16	0.999048	0.0436271
-1196.82	1061.77	0.999026	0.0441361
-1196.57	1067.37	0.999003	0.044645
-1196.32	1072.98	0.99898	0.0451538
-1196.07	1078.58	0.998957	0.0456624
-1195.81	1084.19	0.998934	0.0461708
-1195.55	1089.79	0.99891	0.046679
-1195.29	1095.39	0.998886	0.047187
-1195.02	1100.99	0.998862	0.047695
-1194.75	1106.58	0.998838	0.0482027
-1194.48	1112.18	0.998813	0.0487102
-1194.21	1117.77	0.998788	0.0492176
-1193.93	1123.36	0.998763	0.0497249
-1193.65	1128.95	0.998738	0.0502321
-1193.37	1134.54	0.998712	0.050739
-1193.09	1140.13	0.998686	0.0512457
-1192.8	1145.72	0.99866	0.0517523
-1192.51	1151.3	0.998634	0.0522587
-1192.21	1156.89	0.998607	0.0527651
-1191.91	1162.47	0.998386	0.0567956
-1191.58	1168.05	0.997928	0.0643476
-1191.2	1173.62	0.997412	0.0718955
-1190.79	1179.19	0.99684	0.0794388
-1190.33	1184.76	0.99621	0.0869771
-1189.83	1190.32	0.995864	0.0908576
-1189.32	1195.88	0.995843	0.0910842
-1188.81	1201.44	0.995822	0.0913108
-1188.3	1206.99	0.995802	0.0915372
-1187.79	1212.55	0.995819	0.0913483
-1187.28	1218.1	0.995874	0.090744
-1186.78	1223.66	0.995929	0.0901398
-1186.27	1229.21	0.995984	0.0895355
-1185.78	1234.76	0.996038	0.0889311
-1185.28	1240.31	0.996104	0.088189
-1184.79	1245.86	0.996181	0.0873092
-1184.31	1251.41	0.996258	0.0864294
-1183.83	1256.96	0.996334	0.0855495
-1183.36	1262.5	0.996409	0.08467
-1182.89	1268.05	0.996483	0.0837909
-1182.42	1273.59	0.996557	0.0829118
-1181.96	1279.14	0.99663	0.0820326
-1181.51	1284.68	0.996702	0.0811534
-1181.06	1290.22	0.996773	0.0802747
-1180.62	1295.76	0.996843	0.0793967
-1180.18	1301.3	0.996913	0.0785185
-1179.74	1306.84	0.996981	0.0776403
-1179.31	1312.38	0.997049	0.0767626
-1178.89	1317.92	0.997117	0.0758853
-1178.47	1323.45	0.997183	0.0750079
-1178.05	1328.99	0.997249	0.0741305
-1177.64	1334.52	0.997313	0.0732529
-1177.24	1340.06	0.997377	0.072376
-1176.84	1345.59	0.997441	0.0714997
-1176.45	1351.12	0.997503	0.0706233
-1176.06	1356.65	0.997565	0.0697469
-1175.67	1362.18	0.997626	0.0688709
-1175.29	1367.71	0.997686	0.0679953
-1174.92	1373.24	0.997745	0.0671197
-1174.55	1378.77	0.997803	0.0662441
-1174.18	1384.29	0.997863	0.0653441
-1173.82	1389.82	0.997928	0.0643435
-1173.47	1395.34	0.998001	0.0632045
-1173.12	1400.86	0.998076	0.0620035
-1172.78	1406.39	0.99815	0.0608025
-1172.45	1411.91	0.998222	0.0596019
-1172.12	1417.43	0.998293	0.058402
-1171.77	1423.5	0.998369	0.057082
-1171.49	1428.47	0.998431	0.0560021
-1171.15	1434.54	0.998504	0.0546822
-1170.88	1439.5	0.998555	0.0537399
-1170.56	1445.57	0.998609	0.0527229
-1170.27	1451.08	0.998659	0.0517701
-1169.98	1456.6	0.998713	0.0507124
-1169.71	1462.11	0.998773	0.0495198
-1169.44	1467.62	0.998834	0.048269
-1169.17	1473.13	0.998894	0.0470184
-1168.92	1478.64	0.998952	0.045768
-1168.67	1484.15	0.999009	0.0445176
-1168.42	1489.66	0.999087	0.0427216
-1168.19	1495.17	0.999184	0.0403799
-1167.98	1500.67	0.999276	0.0380382
-1167.77	1506.18	0.999363	0.0356965
-1167.58	1511.68	0.999444	0.0333549
-1167.4	1517.19	0.999515	0.0311506
-1167.23	1522.69	0.999577	0.0290837
-1167.08	1528.19	0.999635	0.0270168
-1166.93	1533.69	0.999689	0.0249501
-1166.8	1539.19	0.999738	0.0228842
-1166.68	1544.69	0.999783	0.0208192
-1166.57	1550.19	0.999824	0.0187543
-1166.47	1555.69	0.999861	0.0167026
-1166.38	1561.18	0.999891	0.0147335
-1166.31	1566.68	0.999915	0.0130583
-1166.24	1572.17	0.999932	0.0116933
-1166.18	1577.66	0.999945	0.0104804
-1166.12	1583.15	0.999956	0.00938898
-1166.07	1588.64	0.999965	0.00840097
-1166.03	1594.13	0.999972	0.00748299
-1165.99	1599.62	0.999978	0.00658683
-1165.96	1605.11	0.999984	0.00569058
-1165.93	1610.59	0.999989	0.00479426
-1165.9	1616.08	0.999992	0.00389785
-1165.88	1621.56	0.999995	0.003138
-1165.87	1627.04	0.999997	0.00251472
-1165.85	1632.52	0.999998	0.00189137
-1165.85	1638	0.999999	0.00126793
-1165.84	1643.47	1	0.000644914
-1165.84	1648.95	1	5.63443e-05
-1165.84	1654.43	1	-0.000446242
-1165.84	1659.9	1	-0.000892905
-1165.85	1665.37	0.999999	-0.00133568
-1165.86	1670.84	0.999998	-0.00175792
-1165.87	1676.31	0.999998	-0.00211773
-1165.88	1681.78	0.999997	-0.00242172
-1165.89	1687.25	0.999996	-0.0027119
-1165.91	1692.71	0.999995	-0.00300228
-1165.92	1698.18	0.999997	-0.00261463
-1165.94	1703.64	0.999999	-0.00154899
-1165.94	1709.1	1	-0.000483588
-1165.94	1714.56	1	0.000563623
-1165.94	1720.02	0.999999	0.0015757
-1165.93	1725.48	0.999996	0.0027058
-1165.91	1730.94	0.999992	0.00397086
-1165.88	1736.39	0.999986	0.00523569
-1165.85	1741.85	0.999979	0.00650722
-1165.82	1747.3	0.99997	0.00778522
-1165.77	1752.75	0.999959	0.00906272
-1165.72	1758.2	0.999947	0.0103399
-1165.66	1763.65	0.999933	0.0116169
-1165.59	1769.1	0.999917	0.0128936
-1165.52	1774.55	0.9999	0.0141698
-1165.44	1779.99	0.999881	0.0154454
-1165.35	1785.43	0.99986	0.0167207
-1165.26	1790.88	0.999838	0.0179957
-1165.16	1796.32	0.999814	0.0192636
-1165.05	1801.76	0.999789	0.0205209
-1164.94	1807.2	0.999763	0.0217747
-1164.82	1812.63	0.999735	0.0230282
-1164.69	1818.07	0.999705	0.0242776
-1164.55	1823.5	0.999678	0.0253739
-1164.41	1828.93	0.999654	0.0263083
-1164.27	1834.36	0.999629	0.0272227
-1164.12	1839.79	0.999604	0.0281299
-1163.96	1845.22	0.999578	0.0290369
-1163.8	1850.65	0.999548	0.0300779
-1163.64	1856.07	0.999512	0.031253
-1163.47	1861.5	0.999474	0.0324277
-1163.29	1866.92	0.999435	0.0336023
-1163.1	1872.34	0.9994	0.0346421
-1162.91	1877.76	0.999368	0.0355472
-1162.72	1883.18	0.999335	0.0364521
-1162.52	1888.59	0.999302	0.0373567
-1162.31	1894.01	0.999268	0.0382612
-1162.11	1899.42	0.999233	0.0391652
-1161.89	1904.84	0.999197	0.0400688
-1161.67	1910.25	0.999161	0.0409654
-1161.45	1915.66	0.999125	0.0418242
-1161.22	1921.06	0.999092	0.0426107
-1160.99	1926.47	0.999062	0.0433111
-1160.75	1931.88	0.999035	0.0439267
-1160.51	1937.28	0.999012	0.0444407
-1160.27	1942.68	0.998996	0.0447918
-1160.03	1948.08	0.998997	0.0447785
-1159.79	1953.48	0.999013	0.0444207
-1159.55	1958.88	0.999034	0.0439548
-1159.31	1964.28	0.999055	0.0434585
-1159.08	1969.67	0.999077	0.0429584
-1158.85	1975.07	0.999098	0.0424585
-1158.62	1980.46	0.999119	0.0419587
-1158.39	1985.86	0.99914	0.041459
-1158.17	1991.25	0.99916	0.040983
-1157.95	1996.64	0.999171	0.0407083
-1157.73	2002.03	0.999175	0.040621
-1157.51	2007.42	0.999177	0.0405506
-1157.3	2012.8	0.99918	0.040487
-1157.08	2018.19	0.999183	0.0404234
-1156.86	2023.57	0.999185	0.0403598
-1156.64	2028.96	0.999188	0.0402963
-1156.43	2034.34	0.99919	0.0402328
-1156.21	2039.72	0.999193	0.0401694
-1155.99	2045.1	0.999195	0.040106
-1155.78	2050.48	0.999198	0.0400424
-1155.56	2055.86	0.999201	0.039979
-1155.35	2061.23	0.999203	0.0399156
-1155.13	2066.61	0.999206	0.0398522
-1154.92	2071.98	0.999208	0.0397887
-1154.7	2077.35	0.999211	0.0397253
-1154.49	2082.72	0.999213	0.039662
-1154.28	2088.09	0.999216	0.0395988
-1154.06	2093.46	0.999218	0.0395354
-1153.85	2098.83	0.999221	0.0394721
-1153.64	2104.2	0.999223	0.0394087
-1153.43	2109.56	0.999226	0.0393455
-1153.22	2114.93	0.999228	0.0392793
-1153.01	2120.29	0.999231	0.0392062
-1152.8	2125.65	0.999235	0.0391098
-1152.59	2131.01	0.999243	0.0388994
-1152.38	2136.37	0.999259	0.0384873
-1152.18	2141.73	0.999301	0.0373782
-1151.98	2147.08	0.999364	0.0356589
-1151.79	2152.44	0.999425	0.0338989
-1151.61	2157.79	0.999484	0.0321118
-1151.45	2163.15	0.99954	0.0303181
-1151.29	2168.5	0.999593	0.028525
-1151.14	2173.85	0.999643	0.0267327
-1151	2179.2	0.999689	0.0249405
-1150.87	2184.55	0.999732	0.0231487
-1150.75	2189.9	0.999772	0.0213574
-1150.64	2195.25	0.999809	0.0195668
-1150.54	2200.6	0.999842	0.0177764
-1150.45	2205.95	0.999872	0.0159863
-1150.36	2211.29	0.999899	0.0142003
-1150.29	2216.63	0.999921	0.0125605
-1150.23	2221.98	0.999939	0.0110659
-1150.17	2227.32	0.999954	0.00958299
-1150.12	2232.66	0.999967	0.00815689
-1150.08	2238	0.999977	0.00683803
-1150.05	2243.34	0.999984	0.00563707
-1150.02	2248.68	0.99999	0.00451468
-1150	2254.01	0.999994	0.00346832
-1149.98	2259.35	0.999997	0.00250218
-1149.97	2264.68	0.999998	0.00174716
-1149.96	2270.01	0.999999	0.00125282
-1149.96	2275.34	1	0.000819398
-1149.96	2280.67	1	0.00039882
-1149.95	2286	1	-2.159e-05
-1149.96	2291.33	1	-0.000441787
-1149.96	2296.66	1	-0.000861907
-1149.96	2301.98	0.999999	-0.00128198
-1149.97	2307.3	0.999999	-0.00170202
-1149.98	2312.63	0.999998	-0.00212187
-1149.99	2317.95	0.999997	-0.00254145
-1150.01	2323.27	0.999996	-0.00296099
-1150.02	2328.59	0.999994	-0.0033805
-1150.04	2333.91	0.999993	-0.00369495
-1150.06	2339.22	0.999993	-0.00385186
-1150.08	2344.54	0.999992	-0.00400869
-1150.11	2349.85	0.999991	-0.00416547
-1150.13	2355.7	0.999991	-0.00433789
-1150.15	2360.48	0.99999	-0.00447893
-1150.18	2365.79	0.999989	-0.0046356
-1150.2	2371.1	0.999989	-0.00479223
-1150.23	2376.93	0.999988	-0.00496449
-1150.26	2382.24	0.999988	-0.00499024
-1150.28	2387.55	0.999988	-0.00488514
-1150.31	2392.32	0.999989	-0.00479052
-1150.33	2398.15	0.999989	-0.00467484
-1150.36	2403.46	0.99999	-0.00456963
-1150.38	2408.76	0.99999	-0.00446458
-1150.4	2414.06	0.99999	-0.00435963
-1150.43	2419.35	0.999991	-0.00425466
-1150.45	2424.65	0.999991	-0.00414964
-1150.47	2429.95	0.999992	-0.0040447
-1150.49	2435.24	0.999992	-0.00393987
-1150.51	2440.53	0.999993	-0.003835
-1150.53	2445.83	0.999993	-0.0037301
-1150.55	2451.12	0.999993	-0.00362516
-1150.57	2456.41	0.999994	-0.00352033
-1150.59	2461.7	0.999994	-0.00341566
-1150.61	2466.98	0.999995	-0.00331094
-1150.63	2472.27	0.999995	-0.00320619
-1150.64	2477.55	0.999995	-0.00310152
-1150.66	2482.84	0.999996	-0.00299692
-1150.67	2488.12	0.999996	-0.00289232
-1150.69	2493.4	0.999996	-0.00278768
-1150.7	2498.68	0.999996	-0.00268301
-1150.72	2503.96	0.999997	-0.00257845
-1150.73	2509.24	0.999997	-0.002474
-1150.74	2514.52	0.999997	-0.00238295
-1150.76	2519.79	0.999997	-0.00234541
-1150.77	2525.07	0.999997	-0.00237772
-1150.78	2530.34	0.999997	-0.00248175
-1150.79	2535.61	0.999996	-0.00267073
-1150.81	2540.88	0.999996	-0.00293604
-1150.83	2546.15	0.999995	-0.00324133
-1150.84	2551.42	0.999994	-0.00355329
-1150.86	2556.69	0.999992	-0.00389772
-1150.88	2561.95	0.999991	-0.00432122
-1150.91	2567.22	0.999988	-0.00480084
-1150.93	2572.48	0.999986	-0.00528991
-1150.96	2577.74	0.999983	-0.00577891
-1150.99	2583	0.99998	-0.00626772
-1151.03	2588.26	0.999977	-0.00675633
-1151.07	2593.52	0.999974	-0.00724476
-1151.1	2598.78	0.999969	-0.00786245
-1151.15	2604.03	0.999963	-0.00860938
-1151.19	2609.29	0.999956	-0.00935612
-1151.24	2614.54	0.999949	-0.0101027
-1151.3	2619.8	0.999941	-0.010849
-1151.36	2625.05	0.999934	-0.0114659
-1151.42	2630.3	0.999929	-0.0119535
-1151.48	2635.55	0.999923	-0.012441
-1151.55	2640.79	0.999916	-0.0129282
-1151.62	2646.04	0.99991	-0.0134152
-1151.69	2651.28	0.999903	-0.0139022
-1151.76	2656.53	0.999896	-0.0143891
-1151.84	2661.77	0.999889	-0.0148759
-1151.92	2667.01	0.999882	-0.0153596
-1152	2672.25	0.999878	-0.0156489
-1152.08	2677.49	0.999877	-0.0156549
-1152.16	2682.73	0.99988	-0.0155006
-1152.24	2687.97	0.999884	-0.0152258
-1152.32	2693.2	0.99989	-0.0148391
-1152.4	2698.44	0.999897	-0.0143255
-1152.47	2703.67	0.999906	-0.013722
-1152.54	2708.9	0.999914	-0.0130958
-1152.61	2714.13	0.999922	-0.0124696
-1152.68	2719.36	0.99993	-0.0118438
-1152.74	2724.59	0.999937	-0.0112182
-1152.79	2729.82	0.999944	-0.0105927
-1152.85	2735.04	0.99995	-0.00996724
-1152.9	2740.27	0.999956	-0.00934185
-1152.95	2745.49	0.999962	-0.0087168
-1152.99	2750.72	0.999967	-0.00809209
-1153.03	2755.94	0.999972	-0.00746741
-1153.07	2761.16	0.999977	-0.00684277
-1153.1	2766.38	0.999981	-0.00621843
-1153.13	2771.6	0.999984	-0.0055944
-1153.16	2776.81	0.999988	-0.0049704
-1153.19	2782.03	0.999991	-0.00434644
-1153.21	2787.25	0.999993	-0.00372255
-1153.23	2792.46	0.999995	-0.00322698
-1153.24	2797.67	0.999996	-0.00285974
-1153.26	2802.88	0.999997	-0.00249254
-1153.27	2808.09	0.999998	-0.00212538
-1153.28	2813.3	0.999999	-0.00163054
-1153.29	2818.51	0.999999	-0.00100802
-1153.29	2823.72	1	-0.000385535
-1153.29	2828.92	1	0.000236909
-1153.29	2834.13	1	0.000859277
-1153.28	2839.33	0.999999	0.0014813
-1153.27	2844.53	0.999998	0.00210298
-1153.26	2849.73	0.999996	0.00272458
-1153.25	2854.93	0.999994	0.00334615
-1153.23	2860.13	0.999993	0.00383992
-1153.21	2865.33	0.999991	0.0041993
-1153.18	2870.52	0.99999	0.00448139
-1153.16	2875.72	0.999989	0.00460552
-1153.14	2880.91	0.99999	0.00456829
-1153.11	2886.11	0.99999	0.00442124
-1153.09	2891.3	0.999991	0.00420941
-1153.07	2896.49	0.999992	0.00390393
-1153.05	2901.68	0.999994	0.00345613
-1153.03	2906.87	0.999996	0.00289125
-1153.02	2912.05	0.999997	0.00228712
-1153.01	2917.24	0.999999	0.00168317
-1153	2922.42	0.999999	0.00107942
-1153	2927.61	1	0.0004759
-1153	2932.79	1	-0.000127547
-1153	2937.97	1	-0.000730918
-1153	2943.15	0.999999	-0.00133406
-1153.01	2948.33	0.999998	-0.00193697
-1153.02	2953.51	0.999997	-0.00253977
-1153.04	2958.68	0.999995	-0.00314245
-1153.05	2963.86	0.999993	-0.00373838
-1153.07	2969.03	0.999991	-0.00430512
-1153.1	2974.2	0.999988	-0.00483242
-1153.12	2979.38	0.999986	-0.00534286
-1153.15	2984.55	0.999983	-0.00585326
-1153.18	2989.72	0.99998	-0.00636347
-1153.22	2994.88	0.999977	-0.00684827
-1153.26	3000.57	0.999974	-0.00717053
-1153.29	3005.22	0.999973	-0.00728683
-1153.33	3010.9	0.999973	-0.00734878
-1153.37	3015.55	0.999974	-0.00726375
-1153.41	3021.22	0.999976	-0.00694185
-1153.44	3025.87	0.999979	-0.00655595
-1153.48	3031.55	0.999982	-0.00604722
-1153.51	3036.71	0.999984	-0.00558478
-1153.53	3041.86	0.999987	-0.00512237
-1153.56	3046.5	0.999989	-0.00470638
-1153.58	3052.18	0.999991	-0.00419823
-1153.6	3056.81	0.999993	-0.00378247
-1153.62	3062.48	0.999995	-0.00327432
-1153.64	3067.64	0.999996	-0.00281236
-1153.65	3072.79	0.999997	-0.00247682
-1153.66	3077.94	0.999997	-0.0022677
-1153.67	3083.09	0.999998	-0.00205858
-1153.68	3087.72	0.999998	-0.00187037
-1153.69	3092.87	0.999999	-0.00166125
-1153.7	3098.53	0.999999	-0.0013054
-1153.71	3103.15	1	-0.000890738
-1153.71	3108.3	1	-0.000429999
-1153.71	3113.44	1	3.07095e-05
-1153.71	3119.1	1	0.00053721
-1153.71	3124.23	1	0.000997415
-1153.7	3128.86	0.999999	0.0014116
-1153.69	3134.51	0.999998	0.00191782
-1153.68	3139.65	0.999997	0.00237803
-1153.67	3144.78	0.999996	0.00283793
-1153.65	3149.92	0.999995	0.00329752
-1153.63	3155.05	0.999993	0.00375711
-1153.61	3160.18	0.999991	0.0042167
-1153.59	3164.8	0.99999	0.00452752
-1153.57	3169.93	0.999989	0.0046739
-1153.55	3175.06	0.999989	0.00466209
-1153.52	3180.18	0.99999	0.00452171
-1153.5	3185.82	0.999991	0.00433812
-1153.48	3190.95	0.999991	0.00417119
-1153.45	3196.07	0.999992	0.00400422
-1153.44	3200.68	0.999993	0.00383116
-1153.42	3205.8	0.999994	0.00355113
-1153.4	3211.43	0.999995	0.00312212
-1153.38	3216.04	0.999996	0.00274306
-1153.37	3221.67	0.999997	0.0022798
-1153.36	3226.79	0.999998	0.00185881
-1153.35	3231.9	0.999999	0.00143801
-1153.34	3237.02	0.999999	0.0010174
-1153.34	3242.13	1	0.000596795
-1153.34	3247.24	1	0.000176225
-1153.34	3252.36	1	-0.000244155
-1153.34	3256.95	1	-0.000622367
-1153.34	3262.57	0.999999	-0.00108457
-1153.35	3267.17	0.999999	-0.00146271
-1153.36	3272.79	0.999998	-0.00192468
-1153.37	3277.38	0.999997	-0.00230248
-1153.38	3283	0.999996	-0.00276406
-1153.4	3288.1	0.999995	-0.00305894
-1153.41	3293.21	0.999995	-0.00322907
-1153.43	3298.31	0.999994	-0.00339906
-1153.45	3303.41	0.999994	-0.00356888
-1153.47	3308.5	0.999993	-0.00373856
-1153.49	3313.6	0.999992	-0.00390835
-1153.51	3318.7	0.999992	-0.00407826
-1153.53	3323.79	0.999991	-0.00424801
-1153.55	3328.89	0.99999	-0.00441761
-1153.57	3333.98	0.999989	-0.00458729
-1153.6	3339.07	0.999989	-0.00475704
-1153.62	3344.16	0.999988	-0.00492664
-1153.64	3348.75	0.999987	-0.00507915
-1153.67	3354.34	0.999986	-0.00526538
-1153.7	3359.43	0.999985	-0.00543479
-1153.73	3364.52	0.999984	-0.00560431
-1153.76	3369.6	0.999983	-0.00577368
-1153.79	3374.69	0.999982	-0.0059429
-1153.82	3379.77	0.999981	-0.00623628
-1153.85	3384.85	0.999978	-0.00665383
-1153.88	3389.93	0.999975	-0.00707122
-1153.92	3395.01	0.999972	-0.00748842
-1153.96	3400.09	0.999969	-0.00790543
-1154	3405.17	0.999966	-0.00819851
-1154.04	3410.24	0.999965	-0.00835212
-1154.08	3415.32	0.999964	-0.00843989
-1154.13	3420.39	0.999965	-0.00842353
-1154.17	3425.47	0.999965	-0.00834064
-1154.21	3430.55	0.999966	-0.0082452
-1154.25	3435.63	0.999967	-0.00814999
-1154.3	3440.73	0.999968	-0.00805527
-1154.34	3445.84	0.999968	-0.00797146
-1154.38	3450.96	0.999969	-0.00791512
-1154.42	3456.09	0.999969	-0.00789575
-1154.46	3461.24	0.999969	-0.00790364
-1154.5	3466.4	0.999969	-0.00793259
-1154.54	3471.58	0.999968	-0.00800526
-1154.58	3476.78	0.999967	-0.00814179
-1154.62	3481.99	0.999965	-0.00831348
-1154.67	3487.23	0.999964	-0.00848758
-1154.71	3492.48	0.999962	-0.00866415
-1154.76	3497.75	0.999961	-0.00883893
-1154.81	3503.03	0.999959	-0.00901192
-1154.86	3508.34	0.999958	-0.00918747
-1154.9	3513.66	0.999956	-0.00936557
-1154.95	3519.01	0.999954	-0.00954256
-1155.01	3524.37	0.999953	-0.00971849
-1155.06	3529.75	0.999951	-0.00989697
-1155.11	3535.14	0.999949	-0.010078
-1155.17	3540.56	0.999947	-0.0102616
-1155.22	3545.99	0.999947	-0.0103082
-1155.28	3551.45	0.999948	-0.0102179
-1155.34	3556.92	0.999949	-0.0101299
-1155.39	3562.41	0.99995	-0.0100442
-1155.45	3567.91	0.99995	-0.00995548
-1155.5	3573.44	0.999951	-0.00986359
-1155.56	3578.98	0.999952	-0.00977407
-1155.61	3584.54	0.999953	-0.00968687
-1155.66	3590.12	0.999954	-0.00960199
-1155.72	3595.72	0.999955	-0.0095127
-1155.77	3601.34	0.999956	-0.00941893
-1155.82	3606.97	0.999956	-0.0093275
-1155.88	3612.62	0.999957	-0.00923843
-1155.93	3618.29	0.999958	-0.00914627
-1155.98	3623.98	0.999959	-0.00905102
-1156.03	3629.69	0.99996	-0.0089581
-1156.08	3635.41	0.999961	-0.0088675
-1156.13	3641.15	0.999961	-0.00877927
-1156.18	3646.91	0.999962	-0.00868658
-1156.23	3652.69	0.999963	-0.00858942
-1156.29	3659.64	0.999964	-0.00847544
-1156.34	3665.46	0.999965	-0.00838301
-1156.39	3671.29	0.999966	-0.00828749
-1156.44	3677.13	0.999967	-0.00817363
-1156.49	3683	0.999968	-0.00800197
-1156.53	3688.87	0.99997	-0.00770764
-1156.58	3694.75	0.999974	-0.00725164
-1156.62	3700.63	0.999978	-0.00667175
-1156.66	3706.51	0.999982	-0.0060508
-1156.69	3712.39	0.999985	-0.00541483
-1156.72	3717.69	0.999989	-0.00477718
-1156.74	3723.57	0.999992	-0.00393478
-1156.76	3729.44	0.999996	-0.00298335
-1156.78	3735.91	0.999998	-0.00191094
-1156.79	3741.2	0.999999	-0.00103358
-1156.79	3747.07	1	-5.87986e-05
-1156.79	3753.53	0.999999	0.00101283
-1156.78	3758.81	0.999998	0.00188903
-1156.77	3764.68	0.999996	0.00286251
-1156.75	3770.55	0.999993	0.00383591
-1156.73	3776.42	0.999988	0.00480889
-1156.7	3782.28	0.999983	0.00578129
-1156.66	3788.15	0.999977	0.00675357
-1156.62	3794.01	0.99997	0.00772573
-1156.57	3799.87	0.999962	0.00869781
-1156.52	3805.73	0.999954	0.00955127
-1156.46	3811.59	0.999948	0.0102269
-1156.39	3818.03	0.99994	0.01097
-1156.33	3823.89	0.999932	0.0116455
-1156.26	3829.74	0.999926	0.0121731
-1156.19	3835.01	0.999922	0.0125149
-1156.11	3841.44	0.999916	0.0129326
-1156.03	3847.29	0.999911	0.0133123
-1155.95	3853.14	0.999906	0.013692
-1155.87	3858.98	0.999901	0.0140638
-1155.79	3864.83	0.999896	0.0144278
-1155.71	3870.67	0.999891	0.0147917
-1155.62	3876.51	0.999885	0.0151557
-1155.53	3882.35	0.99988	0.0155194
-1155.44	3888.19	0.999874	0.015883
-1155.34	3894.03	0.999868	0.0162465
-1155.25	3899.87	0.999862	0.01661
-1155.15	3905.7	0.999856	0.0169734
-1155.05	3911.53	0.999852	0.0171898
-1154.95	3917.36	0.999851	0.017259
-1154.85	3923.19	0.99985	0.0173282
-1154.75	3929.02	0.999849	0.0173974
-1154.65	3934.85	0.999847	0.0174665
-1154.54	3940.68	0.999846	0.0175356
-1154.44	3946.5	0.999845	0.0176048
-1154.34	3952.32	0.999844	0.0176739
-1154.24	3958.14	0.999843	0.0177429
-1154.13	3963.96	0.999842	0.0177675
-1154.03	3969.78	0.999845	0.017603
-1153.93	3975.6	0.999852	0.0172046
-1153.83	3981.42	0.99986	0.016705
-1153.73	3987.23	0.999869	0.0161937
-1153.64	3993.04	0.999877	0.0156825
-1153.55	3998.85	0.999885	0.0151715
-1153.46	4004.67	0.999893	0.0146606
-1153.38	4010.47	0.9999	0.0141498
-1153.3	4016.28	0.999907	0.0136392
-1153.22	4022.09	0.999914	0.0131288
-1153.15	4027.89	0.99992	0.0126185
-1153.07	4033.7	0.999927	0.0121084
-1153	4039.5	0.999933	0.0115984
-1152.94	4045.3	0.999939	0.0110886
-1152.88	4051.1	0.999944	0.0105789
-1152.81	4056.9	0.999949	0.0100693
-1152.76	4062.69	0.999954	0.00955994
-1152.7	4068.49	0.999959	0.0090507
-1152.65	4074.28	0.999964	0.00854161
-1152.6	4080.07	0.999968	0.00803267
-1152.56	4085.87	0.999972	0.00752388
-1152.52	4091.66	0.999975	0.00701524
-1152.48	4097.44	0.999979	0.00650675
-1152.44	4103.23	0.999982	0.00599842
-1152.41	4109.02	0.999985	0.00549023
-1152.38	4114.8	0.999988	0.0049822
-1152.35	4120.58	0.99999	0.00447431
-1152.32	4126.36	0.999992	0.00397085
-1152.3	4132.14	0.999994	0.00350497
-1152.28	4137.92	0.999995	0.00309485
-1152.27	4143.7	0.999996	0.00270732
-1152.25	4149.47	0.999997	0.00246821
-1152.24	4155.25	0.999997	0.00240317
-1152.22	4161.02	0.999997	0.00244502
-1152.21	4166.79	0.999997	0.00261935
-1152.19	4172.56	0.999996	0.00284495
-1152.18	4178.33	0.999995	0.00307036
-1152.16	4184.1	0.999995	0.00329558
-1152.14	4189.87	0.999994	0.0035208
-1152.12	4195.63	0.999993	0.00374602
-1152.1	4201.39	0.999992	0.00397112
-1152.07	4207.15	0.999991	0.00419611
-1152.05	4212.92	0.99999	0.00438806
-1152.02	4218.67	0.99999	0.00450655
-1152	4224.43	0.99999	0.00457822
-1151.97	4230.19	0.99999	0.00449888
-1151.94	4235.94	0.999991	0.00427492
-1151.92	4241.7	0.999992	0.00405104
-1151.9	4247.45	0.999993	0.00382723
-1151.88	4253.2	0.999994	0.0036035
-1151.86	4258.95	0.999994	0.00337981
-1151.84	4264.69	0.999995	0.00315615
-1151.82	4270.44	0.999996	0.00293258
-1151.8	4276.19	0.999996	0.00270907
-1151.79	4281.93	0.999997	0.00248565
-1151.77	4287.67	0.999997	0.0022623
-1151.76	4293.41	0.999998	0.00203902
-1151.75	4299.15	0.999998	0.00181583
-1151.74	4304.89	0.999998	0.00173663
-1151.73	4310.63	0.999998	0.00180145
-1151.72	4316.36	0.999998	0.00186629
-1151.71	4322.1	0.999998	0.00193118
-1151.7	4327.83	0.999998	0.00199615
-1151.69	4333.56	0.999998	0.002061
-1151.67	4339.29	0.999998	0.00212569
-1151.66	4345.02	0.999998	0.00219043
-1151.65	4350.74	0.999997	0.00225524
-1151.64	4356.47	0.999997	0.00231998
-1151.62	4362.19	0.999997	0.0023846
-1151.61	4367.92	0.999997	0.00244926
-1151.59	4373.64	0.999997	0.00251398
-1151.58	4379.36	0.999997	0.00257876
-1151.56	4385.08	0.999997	0.00264341
-1151.55	4390.8	0.999996	0.00270791
-1151.53	4396.51	0.999996	0.00277248
-1151.52	4402.23	0.999996	0.0028371
-1151.5	4407.94	0.999996	0.0027871
-1151.49	4413.65	0.999997	0.00256519
-1151.47	4419.36	0.999997	0.00234336
-1151.46	4425.07	0.999998	0.0021216
-1151.45	4430.78	0.999998	0.00189989
-1151.44	4436.49	0.999999	0.00167822
-1151.43	4442.19	0.999999	0.00145661
-1151.42	4447.89	0.999999	0.00123509
-1151.41	4453.6	0.999999	0.00101363
-1151.41	4459.3	1	0.000906488
-1151.4	4465	1	0.000970758
-1151.4	4470.69	0.999999	0.0010351
-1151.39	4476.39	0.999999	0.0010995
-1151.39	4482.09	0.999999	0.00116392
-1151.38	4487.78	0.999999	0.00122826
-1151.37	4493.47	0.999999	0.00129246
-1151.36	4499.17	0.999999	0.0013567
-1151.36	4504.86	0.999999	0.00142097
-1151.35	4511.11	0.999999	0.00147272
-1151.34	4516.23	0.999999	0.00146458
-1151.33	4522.49	0.999999	0.00137354
-1151.32	4528.17	0.999999	0.00124807
-1151.32	4533.85	0.999999	0.00111536
-1151.31	4539.53	1	0.000982568
-1151.3	4545.21	1	0.00084974
-1151.3	4550.89	1	0.000717027
-1151.3	4556.57	1	0.000584428
-1151.29	4562.25	1	0.000451791
-1151.29	4567.92	1	0.000319116
-1151.29	4573.6	1	0.000186555
-1151.29	4579.27	1	5.41088e-05
-1151.29	4584.94	1	-7.8223e-05
-1151.29	4590.61	1	-0.000210631
-1151.29	4596.28	1	-0.000343116
-1151.29	4601.94	1	-0.000475486
-1151.3	4607.61	1	-0.000607741
-1151.3	4613.27	1	-0.000739882
-1151.3	4618.93	1	-0.0008721
-1151.31	4624.6	0.999999	-0.00100439
-1151.32	4630.26	0.999999	-0.00113657
-1151.32	4635.91	0.999999	-0.00126864
-1151.33	4641.57	0.999999	-0.0014007
-1151.34	4647.23	0.999999	-0.0015328
-1151.35	4652.88	0.999999	-0.00166483
-1151.36	4658.53	0.999998	-0.00179674
-1151.37	4664.19	0.999998	-0.00192854
-1151.38	4669.84	0.999998	-0.00206041
-1151.39	4675.49	0.999998	-0.00219236
-1151.4	4681.13	0.999997	-0.0023242
-1151.42	4686.78	0.999997	-0.00245592
-1151.43	4692.42	0.999997	-0.00258753
-1151.45	4698.07	0.999996	-0.00271917
-1151.46	4703.71	0.999996	-0.00285089
-1151.48	4709.35	0.999996	-0.00298254
-1151.49	4714.99	0.999995	-0.00311407
-1151.51	4720.63	0.999995	-0.0032456
-1151.53	4726.27	0.999994	-0.00337717
-1151.55	4731.9	0.999994	-0.00350866
-1151.57	4737.54	0.999993	-0.00364004
-1151.59	4743.17	0.999993	-0.0037713
-1151.61	4748.8	0.999992	-0.00390264
-1151.64	4754.43	0.999992	-0.00403401
-1151.66	4760.06	0.999991	-0.00416528
-1151.68	4765.69	0.999991	-0.00429646
-1151.71	4771.31	0.99999	-0.00442754
-1151.73	4776.94	0.999989	-0.0046991
-1151.76	4782.56	0.999987	-0.0051112
-1151.79	4788.18	0.999985	-0.00552318
-1151.82	4793.8	0.999982	-0.00593505
-1151.85	4799.42	0.999981	-0.00620649
-1151.89	4805.04	0.99998	-0.00633753
-1151.93	4810.66	0.999979	-0.00646848
-1151.96	4816.27	0.999978	-0.00659932
-1152	4821.89	0.999977	-0.00673005
-1152.04	4827.5	0.999976	-0.00686085
-1152.08	4833.11	0.999976	-0.00699169
-1152.12	4838.72	0.999975	-0.00712242
-1152.16	4844.33	0.999974	-0.00725307
-1152.2	4849.94	0.999973	-0.00738376
-1152.24	4855.54	0.999972	-0.00751445
-1152.28	4861.15	0.999971	-0.00764502
-1152.32	4866.75	0.99997	-0.00777552
-1152.37	4872.35	0.999969	-0.0079059
-1152.41	4877.95	0.999968	-0.00803632
-1152.46	4883.55	0.999967	-0.00815549
-1152.5	4889.15	0.999966	-0.00825604
-1152.55	4894.75	0.999965	-0.00834931
-1152.6	4900.34	0.999964	-0.00844261
-1152.64	4905.94	0.999964	-0.00853595
-1152.69	4911.53	0.999963	-0.00862922
-1152.74	4917.12	0.999962	-0.00872241
-1152.79	4922.71	0.999961	-0.00881548
-1152.84	4928.3	0.999961	-0.00878775
-1152.89	4933.89	0.999962	-0.00868132
-1152.94	4939.47	0.999962	-0.00867019
-1152.99	4945.06	0.999961	-0.00878607
-1153.03	4950.64	0.999961	-0.00877978
-1153.08	4956.22	0.999962	-0.00866553
-1153.13	4961.8	0.999961	-0.00877745
-1153.18	4967.38	0.999958	-0.0091861
-1153.23	4972.96	0.999951	-0.00990873
-1153.29	4978.54	0.999942	-0.0108071
-1153.35	4984.11	0.999929	-0.0118851
-1153.42	4989.68	0.999912	-0.0132778
-1153.5	4995.26	0.999888	-0.0149624
-1153.59	5000.83	0.999859	-0.0167978
-1153.69	5006.4	0.999823	-0.0188154
-1153.8	5011.97	0.999776	-0.0211559
-1153.92	5017.53	0.999717	-0.0237985
-1154.06	5023.1	0.999643	-0.0267257
-1154.21	5028.66	0.999552	-0.0299238
-1154.39	5034.22	0.999442	-0.0334099
-1154.58	5039.78	0.999306	-0.0372361
-1154.8	5045.34	0.999141	-0.0414509
-1155.04	5050.89	0.998938	-0.0460819
-1155.31	5056.44	0.998356	-0.0573154
-1155.67	5061.99	0.997175	-0.0751192
-1156.13	5067.53	0.995637	-0.093307
-1156.69	5073.05	0.993718	-0.111916
-1157.35	5078.57	0.991326	-0.131429
-1158.12	5084.07	0.988414	-0.151779
-1159.01	5089.55	0.985035	-0.172353
-1160.02	5095.01	0.981205	-0.192967
-1161.13	5100.44	0.97695	-0.213468
-1162.36	5105.86	0.972431	-0.233191
-1163.7	5111.24	0.96771	-0.252066
-1165.14	5116.6	0.962681	-0.27064
-1166.68	5121.93	0.957346	-0.288943
-1168.32	5127.22	0.951932	-0.306308
-1170.06	5132.49	0.946489	-0.322737
-1172.07	5138.24	0.940245	-0.3405
-1173.99	5143.44	0.934358	-0.356334
-1175.79	5148.09	0.928908	-0.370311
-1177.88	5153.22	0.923084	-0.384599
-1180.04	5158.32	0.917541	-0.397641
-1182.27	5163.39	0.911905	-0.410401
-1184.8	5168.93	0.905577	-0.424183
-1187.18	5173.93	0.900324	-0.435221
-1189.61	5178.9	0.895398	-0.445266
-1191.84	5183.35	0.890903	-0.454193
-1194.37	5188.26	0.885848	-0.463976
-1197.22	5193.64	0.88022	-0.474566
-1199.86	5198.5	0.877953	-0.478747
-1202.51	5203.35	0.878612	-0.477537
-1205.14	5208.21	0.879287	-0.476293
-1207.77	5213.07	0.879965	-0.475038
-1210.39	5217.93	0.880636	-0.473794
-1213.01	5222.79	0.878947	-0.47692
-1215.39	5227.15	0.875203	-0.483756
-1218.08	5231.98	0.870791	-0.491653
-1221.09	5237.25	0.865574	-0.500781
-1223.59	5241.54	0.86019	-0.509974
-1226.72	5246.74	0.851914	-0.523682
-1229.64	5251.42	0.843958	-0.536409
-1232.62	5256.05	0.835605	-0.549331
-1235.68	5260.64	0.82686	-0.562408
-1238.81	5265.18	0.818739	-0.574166
-1241.67	5269.23	0.812084	-0.583541
-1244.91	5273.68	0.804425	-0.594054
-1248.54	5278.54	0.795616	-0.605802
-1251.9	5282.9	0.787768	-0.615972
-1255.31	5287.22	0.780154	-0.625588
-1258.77	5291.5	0.772263	-0.635303
-1262.29	5295.73	0.764072	-0.645131
-1265.5	5299.5	0.756432	-0.654072
-1269.12	5303.64	0.748141	-0.66354
-1272.79	5307.74	0.740275	-0.672304
-1276.5	5311.79	0.732015	-0.681289
-1280.65	5316.19	0.722432	-0.691442
-1284.47	5320.13	0.708093	-0.70612
-1288.4	5323.98	0.687875	-0.725829
-1292.02	5327.35	0.669059	-0.74321
-1296.14	5330.97	0.647458	-0.762101
-1300.37	5334.48	0.625116	-0.780532
-1305.13	5338.19	0.599964	-0.800027
-1309.56	5341.44	0.576796	-0.816888
-1314.08	5344.55	0.553244	-0.833019
-1318.22	5347.24	0.531776	-0.846885
-1323.37	5350.39	0.505603	-0.862766
-1327.66	5352.84	0.484352	-0.874873
-1332.49	5355.45	0.460594	-0.887611
-1337.38	5357.92	0.436766	-0.899575
-1342.34	5360.27	0.412913	-0.910771
-1347.86	5362.69	0.387513	-0.921864
-1352.94	5364.77	0.365431	-0.930838
-1358.06	5366.72	0.343499	-0.939153
-1362.7	5368.38	0.323894	-0.946093
-1367.9	5370.11	0.303008	-0.952988
-1373.66	5371.88	0.281493	-0.959563
-1378.4	5373.23	0.2641	-0.964495
-1384.22	5374.77	0.243095	-0.970002
-1389.54	5376.06	0.224234	-0.974535
-1394.89	5377.25	0.205965	-0.978559
-1400.25	5378.34	0.188305	-0.982111
-1401.33	5378.54	0.186552	-0.982445
-1401.33	5378.54	0.186552	-0.982445
-1401.33	5378.54	0.186552	-0.982445
-1401.33	5378.54	0.186552	-0.982445
-1401.33	5378.54	0.186552	-0.982445
-1401.33	5378.54	0.186552	-0.982445
-1401.33	5378.54	0.186552	-0.982445
-1401.33	5378.54	0.186552	-0.982445
-1401.33	5378.54	0.186552	-0.982445
-1401.33	5378.54	0.186552	-0.982445
-1401.33	5378.54	0.186552	-0.982445
-1401.33	5378.54	0.186552	-0.982445
-1401.33	5378.54	0.186552	-0.982445
-1401.33	5378.54	0.186552	-0.982445
-1401.33	5378.54	0.186552	-0.982445
-1401.33	5378.54	0.186552	-0.982445
-1401.33	5378.54	0.186552	-0.982445
-1401.33	5378.54	0.186552	-0.982445
-1401.33	5378.54	0.186552	-0.982445
-1401.33	5378.54	0.186552	-0.982445
-1401.33	5378.54	0.186552	-0.982445
-1401.33	5378.54	0.186552	-0.982445
-1401.33	5378.54	0.186552	-0.982445
-1401.33	5378.54	0.186552	-0.982445
-1401.33	5378.54	0.186552	-0.982445
-1401.33	5378.54	0.186552	-0.982445
-1401.33	5378.54	0.186552	-0.982445
-1401.33	5378.54	0.186552	-0.982445
-1401.33	5378.54	0.186552	-0.982445
-1401.33	5378.54	0.186552	-0.982445
-1401.33	5378.54	0.186552	-0.982445
-1401.33	5378.54	0.186552	-0.982445
-1401.33	5378.54	0.186552	-0.982445
-1401.33	5378.54	0.186552	-0.982445
