1170	-5100	1	0
1170	-5100	1	0
1170	-5100	1	0
1170	-5100	1	0
1170	-5100	1	0
1170	-5100	1	0
1170	-5100	1	0
1170	-5100	1	0
1170	-5100	1	0
1170	-5100	1	0
1170	-5100	1	0
1170	-5100	1	0
1170	-5100	1	0
1170	-5100	1	0
1170	-5100	1	0
1170	-5100	1	0
1170	-5100	1	0
1170	-5100	1	0
1170	-5100	1	-5.55512e-05
1170	-5100	1	-0.00022221
1170	-5100	1	-0.000499989
1170	-5099.99	1	-0.000888831
1170	-5099.99	0.999999	-0.00138868
1170	-5099.98	0.999998	-0.00199954
1170	-5099.98	0.999996	-0.00272144
1170	-5099.97	0.999994	-0.00355428
1170	-5099.96	0.99999	-0.00449798
1170	-5099.95	0.999985	-0.00555257
1170	-5099.94	0.999977	-0.00671804
1170	-5099.93	0.999968	-0.0079944
1170	-5099.92	0.999956	-0.00938154
1170	-5099.91	0.999941	-0.0108794
1170	-5099.89	0.999922	-0.0124879
1170	-5099.88	0.999899	-0.014207
1170	-5099.86	0.999871	-0.0160369
1170	-5099.84	0.999838	-0.0179773
1170	-5099.83	0.999799	-0.0200282
1170	-5099.81	0.999754	-0.0221895
1170	-5099.79	0.999701	-0.0244612
1170	-5099.77	0.99964	-0.026843
1170	-5099.74	0.999565	-0.0295067
1170	-5099.71	0.999461	-0.0328354
1169.99	-5099.68	0.9993	-0.0374173
1169.99	-5099.62	0.999045	-0.0437015
1169.99	-5099.55	0.99865	-0.0519406
1169.98	-5099.46	0.998047	-0.0624634
1169.98	-5099.35	0.99714	-0.075583
1169.96	-5099.21	0.995802	-0.0915384
1169.95	-5099.05	0.993888	-0.110396
1169.93	-5098.87	0.991231	-0.132137
1169.9	-5098.65	0.989615	-0.143746
1169.86	-5098.42	0.989605	-0.143812
1169.82	-5098.16	0.989595	-0.143884
1169.78	-5097.87	0.989587	-0.143933
1169.74	-5097.56	0.989584	-0.143956
1169.69	-5097.22	0.98958	-0.143983
1169.64	-5096.86	0.989575	-0.144018
1169.58	-5096.47	0.989571	-0.144045
1169.52	-5096.06	0.989568	-0.144069
1169.46	-5095.62	0.98956	-0.144121
1169.39	-5095.16	0.989547	-0.144209
1169.32	-5094.67	0.989528	-0.144343
1169.24	-5094.16	0.989502	-0.144517
1169.16	-5093.62	0.98947	-0.144736
1169.08	-5093.06	0.98943	-0.145013
1168.99	-5092.47	0.98938	-0.145353
1168.9	-5091.86	0.989321	-0.145755
1168.81	-5091.22	0.989251	-0.146226
1168.71	-5090.56	0.98917	-0.146776
1168.61	-5089.87	0.989076	-0.147407
1168.5	-5089.16	0.988969	-0.148123
1168.39	-5088.42	0.988853	-0.148898
1168.28	-5087.66	0.988727	-0.149729
1168.16	-5086.88	0.988589	-0.15064
1168.04	-5086.06	0.988437	-0.151634
1167.91	-5085.23	0.98827	-0.152718
1167.77	-5084.37	0.98809	-0.153878
1167.63	-5083.48	0.987898	-0.155102
1167.49	-5082.57	0.987693	-0.156408
1167.34	-5081.64	0.987469	-0.157812
1167.19	-5080.68	0.987235	-0.159272
1167.03	-5079.69	0.986989	-0.160789
1166.86	-5078.68	0.986724	-0.162406
1166.69	-5077.65	0.98644	-0.164122
1166.52	-5076.59	0.986134	-0.165951
1166.33	-5075.51	0.985811	-0.167861
1166.15	-5074.41	0.985469	-0.169856
1165.95	-5073.28	0.985102	-0.171973
1165.75	-5072.12	0.984709	-0.174208
1165.54	-5070.94	0.984314	-0.176424
1165.32	-5069.74	0.983919	-0.178615
1165.1	-5068.51	0.983499	-0.180911
1164.86	-5067.26	0.983053	-0.183321
1164.63	-5065.99	0.982581	-0.185837
1164.38	-5064.69	0.982098	-0.188371
1164.12	-5063.36	0.981608	-0.190906
1163.86	-5062.02	0.9811	-0.1935
1163.59	-5060.65	0.980573	-0.196157
1163.31	-5059.25	0.980036	-0.198819
1163.02	-5057.83	0.979491	-0.201488
1162.72	-5056.39	0.978925	-0.204219
1162.41	-5054.93	0.978338	-0.207013
1162.1	-5053.44	0.977729	-0.20987
1161.77	-5051.92	0.97712	-0.21269
1161.43	-5050.39	0.97651	-0.215472
1161.09	-5048.83	0.975878	-0.218317
1160.73	-5047.25	0.975223	-0.221226
1160.36	-5045.64	0.974544	-0.224198
1159.99	-5044.01	0.973866	-0.227121
1159.6	-5042.36	0.973191	-0.229998
1159.2	-5040.69	0.972492	-0.232937
1158.79	-5038.99	0.971768	-0.235939
1158.37	-5037.27	0.970621	-0.240612
1157.94	-5035.52	0.969028	-0.246952
1157.48	-5033.76	0.967375	-0.25335
1157.01	-5031.98	0.965661	-0.259804
1156.52	-5030.17	0.963888	-0.266309
1156.01	-5028.35	0.96204	-0.272908
1155.48	-5026.5	0.960118	-0.279594
1154.93	-5024.64	0.95813	-0.286335
1154.36	-5022.75	0.956075	-0.293123
1153.77	-5020.85	0.953957	-0.299945
1153.16	-5018.93	0.951777	-0.30679
1152.53	-5016.98	0.949526	-0.313687
1151.88	-5015.02	0.947202	-0.320636
1151.13	-5012.85	0.94456	-0.328339
1150.43	-5010.85	0.942101	-0.335331
1149.7	-5008.83	0.939588	-0.342309
1148.96	-5006.79	0.936998	-0.349336
1148.18	-5004.74	0.93433	-0.35641
1147.39	-5002.67	0.931582	-0.363531
1146.57	-5000.59	0.928754	-0.370696
1145.72	-4998.48	0.925844	-0.377906
1144.85	-4996.36	0.922849	-0.385161
1143.95	-4994.23	0.919769	-0.392459
1143.02	-4992.08	0.91666	-0.399668
1142.07	-4989.91	0.913523	-0.406786
1141.09	-4987.73	0.910301	-0.413947
1140.08	-4985.54	0.906992	-0.421148
1139.05	-4983.33	0.903624	-0.428326
1137.99	-4981.11	0.900199	-0.435479
1136.9	-4978.87	0.896684	-0.442671
1135.78	-4976.62	0.893079	-0.4499
1134.63	-4974.36	0.889382	-0.457165
1133.45	-4972.08	0.885652	-0.46435
1132.24	-4969.8	0.881889	-0.471457
1131	-4967.5	0.878035	-0.478597
1129.73	-4965.19	0.874086	-0.48577
1128.43	-4962.87	0.870043	-0.492975
1127.1	-4960.54	0.866007	-0.500032
1125.74	-4958.2	0.86198	-0.506943
1124.35	-4955.85	0.85786	-0.513883
1122.92	-4953.49	0.853646	-0.520854
1121.47	-4951.12	0.849426	-0.527708
1119.98	-4948.74	0.845202	-0.534447
1118.46	-4946.35	0.840884	-0.541215
1116.91	-4943.95	0.836472	-0.548009
1115.32	-4941.55	0.831965	-0.554829
1113.7	-4939.14	0.827463	-0.561521
1112.05	-4936.72	0.822969	-0.568086
1110.37	-4934.3	0.818381	-0.574676
1108.65	-4931.87	0.813697	-0.581289
1106.89	-4929.43	0.807486	-0.589887
1105.1	-4927	0.799681	-0.600425
1103.25	-4924.57	0.79169	-0.610923
1101.36	-4922.15	0.783512	-0.621377
1099.42	-4919.73	0.775169	-0.631754
1097.44	-4917.32	0.766662	-0.642051
1095.4	-4914.92	0.757965	-0.652295
1093.32	-4912.52	0.749082	-0.662477
1091.19	-4910.14	0.740059	-0.672541
1089.01	-4907.77	0.731085	-0.682286
1086.78	-4905.41	0.722215	-0.691668
1084.51	-4903.06	0.71337	-0.700787
1082.19	-4900.72	0.704558	-0.709646
1079.82	-4898.39	0.695926	-0.718114
1077.41	-4896.08	0.687479	-0.726204
1074.96	-4893.78	0.679071	-0.734073
1072.46	-4891.48	0.670696	-0.741733
1069.91	-4889.21	0.66235	-0.749195
1067.33	-4886.94	0.654189	-0.756331
1064.7	-4884.68	0.646225	-0.763147
1062.03	-4882.44	0.638328	-0.769765
1059.31	-4880.21	0.630524	-0.77617
1056.56	-4877.99	0.623406	-0.781898
1053.77	-4875.78	0.617037	-0.786935
1050.94	-4873.58	0.610912	-0.791699
1048.08	-4871.38	0.605068	-0.796174
1045.18	-4869.19	0.599523	-0.800357
1042.25	-4867.01	0.594583	-0.804035
1039.28	-4864.82	0.59025	-0.807221
1036.29	-4862.64	0.586226	-0.810148
1033.26	-4860.46	0.582527	-0.812811
1030.21	-4858.28	0.579448	-0.815009
1027.13	-4856.1	0.577005	-0.816741
1024.02	-4853.91	0.574918	-0.818211
1020.89	-4851.71	0.573161	-0.819442
1017.73	-4849.51	0.571726	-0.820445
1014.55	-4847.3	0.570722	-0.821144
1011.35	-4845.07	0.570173	-0.821524
1008.13	-4842.84	0.56989	-0.821721
1004.89	-4840.59	0.569756	-0.821814
1001.63	-4838.33	0.569883	-0.821726
998.35	-4836.05	0.570328	-0.821417
995.052	-4833.76	0.571052	-0.820914
991.737	-4831.45	0.572071	-0.820204
988.405	-4829.13	0.57335	-0.81931
985.058	-4826.78	0.574861	-0.818251
981.695	-4824.41	0.576618	-0.817014
978.319	-4822.03	0.578639	-0.815584
974.929	-4819.62	0.58093	-0.813954
971.528	-4817.18	0.583386	-0.812195
968.114	-4814.72	0.586007	-0.810306
964.689	-4812.24	0.588895	-0.80821
961.255	-4809.73	0.592052	-0.8059
957.812	-4807.19	0.596603	-0.802536
954.367	-4804.61	0.602529	-0.798097
950.923	-4802	0.608665	-0.793427
947.48	-4799.34	0.61497	-0.78855
944.04	-4796.64	0.621415	-0.783481
940.605	-4793.89	0.628088	-0.778142
937.175	-4791.1	0.634994	-0.772517
933.752	-4788.27	0.642029	-0.766681
930.337	-4785.39	0.64915	-0.76066
926.932	-4782.46	0.657341	-0.753593
923.544	-4779.47	0.666534	-0.745475
920.175	-4776.43	0.675664	-0.73721
916.826	-4773.33	0.684729	-0.728798
913.499	-4770.18	0.693689	-0.720275
910.194	-4766.96	0.702541	-0.711643
906.913	-4763.69	0.711322	-0.702866
903.656	-4760.36	0.720015	-0.693958
900.424	-4756.97	0.728574	-0.684967
897.218	-4753.53	0.736699	-0.676221
894.036	-4750.03	0.744397	-0.667737
890.879	-4746.48	0.751943	-0.659228
887.747	-4742.87	0.759348	-0.650685
884.64	-4739.21	0.766421	-0.642339
881.558	-4735.51	0.773166	-0.634204
878.5	-4731.74	0.779765	-0.626073
875.466	-4727.93	0.786211	-0.617958
872.458	-4724.07	0.792517	-0.60985
869.475	-4720.17	0.798502	-0.601992
866.515	-4716.21	0.804165	-0.594406
863.579	-4712.21	0.809688	-0.586861
860.667	-4708.16	0.815068	-0.579365
857.779	-4704.06	0.820112	-0.572203
854.911	-4699.92	0.82482	-0.565395
852.065	-4695.74	0.829375	-0.558693
849.239	-4691.52	0.833758	-0.55213
846.434	-4687.25	0.837964	-0.545726
843.647	-4682.95	0.84167	-0.539993
840.876	-4678.6	0.84488	-0.534956
838.117	-4674.22	0.847918	-0.530127
835.371	-4669.81	0.850779	-0.525523
832.636	-4665.36	0.853464	-0.521153
829.91	-4660.88	0.85584	-0.517241
827.192	-4656.36	0.857913	-0.513795
824.48	-4651.82	0.859824	-0.51059
821.772	-4647.24	0.861591	-0.507603
819.068	-4642.64	0.863128	-0.504984
816.365	-4638.01	0.864469	-0.502687
813.663	-4633.35	0.86573	-0.500512
810.96	-4628.67	0.866914	-0.498458
808.256	-4623.95	0.867887	-0.496761
805.549	-4619.22	0.868624	-0.495473
802.837	-4614.46	0.86924	-0.494391
800.119	-4609.67	0.869744	-0.493503
797.394	-4604.87	0.87016	-0.49277
794.661	-4600.04	0.870396	-0.492352
791.918	-4595.19	0.870496	-0.492176
789.166	-4590.32	0.870623	-0.491951
786.402	-4585.43	0.870819	-0.491603
783.631	-4580.52	0.871025	-0.491239
780.85	-4575.58	0.87121	-0.49091
778.059	-4570.63	0.871457	-0.490473
775.259	-4565.65	0.871766	-0.489923
772.451	-4560.65	0.872149	-0.48924
769.637	-4555.63	0.872826	-0.488032
766.821	-4550.58	0.873926	-0.486059
764.006	-4545.51	0.875116	-0.483914
761.193	-4540.41	0.876364	-0.481649
758.382	-4535.28	0.877659	-0.479285
755.574	-4530.13	0.878967	-0.476883
752.769	-4524.94	0.880268	-0.474477
749.967	-4519.73	0.881649	-0.471906
747.17	-4514.49	0.883092	-0.4692
744.379	-4509.22	0.884566	-0.466415
741.594	-4503.92	0.886074	-0.463544
738.815	-4498.59	0.887636	-0.460545
736.044	-4493.24	0.889242	-0.457438
733.282	-4487.85	0.890853	-0.454292
730.528	-4482.43	0.892388	-0.451268
727.782	-4476.98	0.893765	-0.448536
725.041	-4471.5	0.895012	-0.446041
722.305	-4466	0.896114	-0.443825
719.571	-4460.47	0.897056	-0.441916
716.838	-4454.91	0.897693	-0.440621
714.1	-4449.33	0.897926	-0.440147
711.354	-4443.72	0.897896	-0.440208
708.32	-4437.54	0.897556	-0.440899
705.545	-4431.9	0.896906	-0.442221
702.749	-4426.24	0.895947	-0.444161
699.931	-4420.57	0.894804	-0.446459
697.086	-4414.88	0.893511	-0.449042
694.215	-4409.18	0.892056	-0.451925
691.313	-4403.48	0.890273	-0.455428
688.376	-4397.76	0.888161	-0.459532
685.402	-4392.04	0.88589	-0.463895
682.389	-4386.32	0.883456	-0.468514
679.334	-4380.58	0.880902	-0.473299
676.237	-4374.85	0.878197	-0.478299
673.095	-4369.12	0.875245	-0.48368
669.906	-4363.38	0.872039	-0.489436
666.669	-4357.65	0.868599	-0.495515
663.387	-4351.93	0.865367	-0.501138
660.07	-4346.24	0.862362	-0.506293
656.72	-4340.56	0.859151	-0.511722
653.333	-4334.91	0.855707	-0.517461
649.909	-4329.28	0.85199	-0.523558
646.445	-4323.68	0.848324	-0.529477
642.945	-4318.11	0.844698	-0.535243
639.406	-4312.56	0.840761	-0.541406
635.826	-4307.04	0.836529	-0.547922
632.202	-4301.55	0.830779	-0.556602
628.514	-4296.1	0.823436	-0.567409
624.754	-4290.71	0.815686	-0.578495
620.922	-4285.37	0.807547	-0.589803
617.016	-4280.08	0.799035	-0.601285
613.036	-4274.86	0.790778	-0.612103
608.99	-4269.68	0.782825	-0.622242
604.877	-4264.56	0.774582	-0.632474
600.698	-4259.5	0.766097	-0.642725
596.453	-4254.5	0.757439	-0.652906
592.139	-4249.55	0.745418	-0.666597
587.722	-4244.7	0.72984	-0.683618
583.195	-4239.96	0.713876	-0.700272
578.561	-4235.32	0.697532	-0.716554
573.822	-4230.79	0.680813	-0.732457
568.981	-4226.38	0.664191	-0.747563
564.046	-4222.07	0.647708	-0.761888
559.018	-4217.87	0.630944	-0.775828
553.902	-4213.78	0.613944	-0.78935
548.7	-4209.8	0.59767	-0.801742
543.422	-4205.93	0.582256	-0.813005
538.074	-4202.16	0.5669	-0.823787
532.657	-4198.49	0.551642	-0.834081
527.175	-4194.93	0.536517	-0.84389
521.633	-4191.46	0.522563	-0.852601
516.039	-4188.07	0.509892	-0.860238
510.398	-4184.77	0.497605	-0.867404
504.712	-4181.55	0.485743	-0.874102
498.985	-4178.41	0.474324	-0.88035
493.221	-4175.34	0.464697	-0.88547
487.429	-4172.33	0.456905	-0.889516
481.613	-4169.36	0.449614	-0.893223
475.775	-4166.45	0.442795	-0.896623
469.917	-4163.58	0.437296	-0.899318
464.046	-4160.73	0.433096	-0.901348
458.164	-4157.92	0.42933	-0.903148
452.272	-4155.13	0.426015	-0.904716
446.372	-4152.36	0.423155	-0.906057
440.466	-4149.61	0.421351	-0.906898
434.557	-4146.87	0.420593	-0.90725
428.649	-4144.13	0.420231	-0.907417
422.741	-4141.4	0.420138	-0.90746
416.835	-4138.66	0.42015	-0.907455
410.93	-4135.93	0.420792	-0.907157
405.03	-4133.19	0.422044	-0.906575
399.136	-4130.44	0.423239	-0.906018
393.246	-4127.68	0.424248	-0.905546
387.361	-4124.92	0.425117	-0.905139
381.48	-4122.16	0.425845	-0.904796
375.602	-4119.39	0.426385	-0.904542
369.728	-4116.62	0.426837	-0.904329
363.856	-4113.85	0.427208	-0.904153
357.987	-4111.07	0.42761	-0.903963
352.121	-4108.3	0.428018	-0.90377
346.257	-4105.52	0.428277	-0.903648
340.395	-4102.74	0.428389	-0.903594
334.536	-4099.96	0.428386	-0.903596
328.677	-4097.18	0.428448	-0.903567
322.821	-4094.41	0.428571	-0.903508
316.966	-4091.63	0.428602	-0.903494
311.113	-4088.85	0.428564	-0.903511
305.262	-4086.08	0.429822	-0.902914
299.419	-4083.29	0.432424	-0.90167
293.585	-4080.48	0.435143	-0.900362
287.762	-4077.66	0.438068	-0.898942
281.949	-4074.81	0.441228	-0.897395
276.149	-4071.95	0.444881	-0.89559
270.362	-4069.06	0.449001	-0.893531
264.591	-4066.15	0.453316	-0.89135
258.835	-4063.21	0.45782	-0.889045
253.097	-4060.24	0.462463	-0.886639
247.375	-4057.24	0.467487	-0.884
241.673	-4054.2	0.472919	-0.881106
235.991	-4051.14	0.478493	-0.878091
230.33	-4048.03	0.484178	-0.87497
224.692	-4044.89	0.489822	-0.871822
219.074	-4041.72	0.495445	-0.868639
213.479	-4038.51	0.5012	-0.865331
207.908	-4035.26	0.507089	-0.861894
202.359	-4031.97	0.51304	-0.858365
196.836	-4028.65	0.518838	-0.854873
191.335	-4025.29	0.524473	-0.851427
185.859	-4021.9	0.53007	-0.847954
180.406	-4018.47	0.535601	-0.844471
174.977	-4015.01	0.540923	-0.841072
169.571	-4011.51	0.546059	-0.837747
164.187	-4007.99	0.551167	-0.834395
158.827	-4004.43	0.556255	-0.831012
153.49	-4000.83	0.561321	-0.827598
148.175	-3997.21	0.566046	-0.824374
142.882	-3993.56	0.570274	-0.821455
137.609	-3989.88	0.574486	-0.818514
132.357	-3986.18	0.578683	-0.815553
126.602	-3982.08	0.583148	-0.812366
121.391	-3978.32	0.587044	-0.809555
116.718	-3974.92	0.590507	-0.807033
111.544	-3971.12	0.594254	-0.804278
105.874	-3966.91	0.598235	-0.801321
101.251	-3963.45	0.60123	-0.799076
96.1308	-3959.59	0.604253	-0.796792
90.5168	-3955.31	0.607569	-0.794267
85.9378	-3951.8	0.610272	-0.792192
80.3591	-3947.49	0.613542	-0.789662
75.304	-3943.55	0.61609	-0.787675
70.2617	-3939.6	0.618239	-0.78599
65.2315	-3935.63	0.620384	-0.784298
60.2134	-3931.65	0.622524	-0.782601
55.2073	-3927.66	0.624428	-0.781082
50.2115	-3923.66	0.626125	-0.779722
45.2258	-3919.65	0.627849	-0.778335
40.2502	-3915.63	0.629573	-0.776942
35.2849	-3911.6	0.631294	-0.775544
30.3298	-3907.56	0.63301	-0.774144
25.3849	-3903.51	0.634722	-0.772741
20.4502	-3899.45	0.636431	-0.771334
15.5259	-3895.38	0.638136	-0.769923
10.6115	-3891.3	0.639587	-0.768719
5.70535	-3887.21	0.640782	-0.767723
0.806778	-3883.12	0.641976	-0.766725
-4.08415	-3879.02	0.643168	-0.765725
-8.96744	-3874.91	0.644359	-0.764723
-13.8423	-3870.79	0.646416	-0.762985
-18.7019	-3866.67	0.649333	-0.760504
-23.5443	-3862.52	0.65224	-0.758012
-28.3697	-3858.35	0.655138	-0.755509
-33.1708	-3854.16	0.666289	-0.745693
-37.8786	-3849.87	0.685362	-0.728203
-42.4737	-3845.45	0.703937	-0.710263
-46.9533	-3840.92	0.721964	-0.69193
-51.3151	-3836.27	0.739439	-0.673224
-55.5662	-3831.53	0.74788	-0.663834
-59.7958	-3826.76	0.747596	-0.664154
-64.0267	-3822	0.747137	-0.66467
-68.2604	-3817.25	0.746501	-0.665384
-72.4991	-3812.5	0.744703	-0.667396
-76.7546	-3807.77	0.741743	-0.670685
-81.0302	-3803.06	0.738611	-0.674132
-85.3271	-3798.37	0.735315	-0.677726
-89.646	-3793.7	0.731872	-0.681443
-93.9885	-3789.06	0.72763	-0.68597
-98.3617	-3784.44	0.722572	-0.691296
-102.768	-3779.87	0.717353	-0.69671
-107.208	-3775.32	0.711977	-0.702202
-111.681	-3770.82	0.706446	-0.707767
-116.189	-3766.34	0.700764	-0.713393
-120.732	-3761.91	0.694949	-0.719059
-125.309	-3757.52	0.689023	-0.72474
-129.922	-3753.16	0.683009	-0.73041
-134.567	-3748.84	0.678622	-0.734487
-139.231	-3744.54	0.675984	-0.736917
-143.909	-3740.27	0.673509	-0.739179
-148.599	-3736	0.671178	-0.741296
-153.301	-3731.76	0.668927	-0.743328
-158.016	-3727.53	0.665499	-0.746398
-162.753	-3723.32	0.660851	-0.750517
-167.516	-3719.15	0.656178	-0.754606
-172.302	-3715.01	0.65148	-0.758665
-177.112	-3710.9	0.648614	-0.761118
-181.929	-3706.8	0.647598	-0.761982
-186.751	-3702.7	0.646623	-0.76281
-191.576	-3698.62	0.645757	-0.763543
-196.405	-3694.54	0.645028	-0.764159
-201.235	-3690.46	0.644766	-0.76438
-206.065	-3686.39	0.644917	-0.764253
-210.892	-3682.31	0.645087	-0.764109
-215.717	-3678.24	0.645268	-0.763956
-220.54	-3674.16	0.645571	-0.7637
-225.359	-3670.09	0.64599	-0.763346
-230.176	-3666.01	0.646383	-0.763013
-234.988	-3661.93	0.646723	-0.762725
-239.798	-3657.85	0.647007	-0.762484
-244.606	-3653.77	0.647371	-0.762175
-249.409	-3649.69	0.647795	-0.761814
-254.21	-3645.6	0.64813	-0.76153
-259.008	-3641.52	0.648354	-0.761339
-263.803	-3637.44	0.648469	-0.761241
-268.597	-3633.35	0.648504	-0.761211
-273.39	-3629.27	0.648484	-0.761228
-278.181	-3625.19	0.648406	-0.761295
-282.972	-3621.11	0.648275	-0.761406
-287.763	-3617.03	0.64809	-0.761564
-292.553	-3612.95	0.647845	-0.761772
-297.344	-3608.88	0.647523	-0.762046
-302.135	-3604.81	0.647094	-0.76241
-306.928	-3600.75	0.646547	-0.762874
-311.722	-3596.68	0.646011	-0.763328
-316.518	-3592.63	0.645521	-0.763742
-321.316	-3588.57	0.644953	-0.764222
-326.115	-3584.53	0.644272	-0.764796
-330.917	-3580.49	0.643477	-0.765465
-335.723	-3576.45	0.642585	-0.766215
-340.532	-3572.42	0.641576	-0.76706
-345.345	-3568.4	0.640422	-0.768023
-350.164	-3564.39	0.639118	-0.769109
-354.988	-3560.38	0.637786	-0.770214
-359.818	-3556.39	0.636436	-0.771329
-364.654	-3552.4	0.634958	-0.772547
-369.497	-3548.43	0.633332	-0.77388
-374.347	-3544.47	0.631676	-0.775232
-379.204	-3540.52	0.629994	-0.7766
-384.069	-3536.58	0.628153	-0.77809
-388.942	-3532.65	0.626141	-0.77971
-393.824	-3528.74	0.624071	-0.781367
-398.716	-3524.84	0.621957	-0.783051
-403.617	-3520.96	0.619697	-0.784841
-408.528	-3517.09	0.617295	-0.786732
-413.45	-3513.24	0.614741	-0.788729
-418.384	-3509.4	0.612272	-0.790648
-423.328	-3505.58	0.609916	-0.792466
-428.282	-3501.78	0.607448	-0.79436
-433.246	-3498	0.604855	-0.796335
-438.223	-3494.23	0.602129	-0.798399
-443.213	-3490.48	0.596476	-0.802631
-448.236	-3486.78	0.587866	-0.808959
-453.298	-3483.13	0.579078	-0.815272
-458.398	-3479.54	0.570142	-0.821546
-463.535	-3476.01	0.560968	-0.827838
-468.711	-3472.54	0.551592	-0.834114
-473.924	-3469.13	0.542211	-0.840242
-479.173	-3465.77	0.532901	-0.846177
-484.458	-3462.47	0.523722	-0.851889
-489.776	-3459.24	0.514998	-0.857192
-495.124	-3456.05	0.506776	-0.862078
-500.501	-3452.92	0.498819	-0.866706
-505.904	-3449.83	0.491132	-0.871085
-511.333	-3446.8	0.484396	-0.874849
-516.781	-3443.8	0.478613	-0.878026
-522.247	-3440.84	0.473118	-0.880999
-527.73	-3437.91	0.467984	-0.883737
-533.228	-3435.01	0.463287	-0.886208
-538.739	-3432.14	0.459641	-0.888105
-544.258	-3429.3	0.457085	-0.889423
-549.784	-3426.46	0.455081	-0.89045
-555.313	-3423.64	0.453635	-0.891187
-560.845	-3420.83	0.452798	-0.891613
-566.378	-3418.02	0.452632	-0.891697
-571.909	-3415.21	0.452918	-0.891552
-577.437	-3412.4	0.453724	-0.891142
-582.96	-3409.59	0.455	-0.890491
-588.478	-3406.76	0.456881	-0.889528
-593.987	-3403.93	0.459428	-0.888215
-599.486	-3401.07	0.462153	-0.8868
-604.975	-3398.2	0.46496	-0.885332
-610.453	-3395.32	0.467825	-0.883821
-615.921	-3392.41	0.47072	-0.882282
-621.378	-3389.49	0.473665	-0.880705
-626.823	-3386.56	0.476715	-0.879058
-632.256	-3383.6	0.479884	-0.877332
-637.678	-3380.62	0.483106	-0.875562
-643.087	-3377.63	0.486324	-0.873778
-648.483	-3374.61	0.489536	-0.871983
-653.867	-3371.58	0.492731	-0.870181
-659.239	-3368.53	0.495893	-0.868384
-664.598	-3365.46	0.498794	-0.86672
-669.946	-3362.37	0.50132	-0.865262
-675.284	-3359.27	0.503762	-0.863842
-680.612	-3356.16	0.506087	-0.862482
-685.931	-3353.03	0.507871	-0.861433
-691.243	-3349.89	0.50893	-0.860808
-696.551	-3346.75	0.509936	-0.860212
-701.853	-3343.61	0.51089	-0.859646
-707.15	-3340.45	0.511796	-0.859107
-712.443	-3337.3	0.512567	-0.858647
-717.732	-3334.14	0.513167	-0.858289
-723.018	-3330.98	0.513767	-0.85793
-728.3	-3327.81	0.514366	-0.857571
-733.579	-3324.64	0.514857	-0.857276
-738.854	-3321.47	0.515175	-0.857085
-744.128	-3318.3	0.51546	-0.856913
-749.399	-3315.13	0.515722	-0.856756
-754.667	-3311.96	0.515983	-0.856599
-759.933	-3308.79	0.516244	-0.856441
-765.198	-3305.61	0.516505	-0.856284
-770.459	-3302.44	0.516766	-0.856127
-775.719	-3299.26	0.517027	-0.855969
-781.501	-3295.77	0.517314	-0.855796
-786.23	-3292.91	0.518938	-0.854812
-791.472	-3289.71	0.52273	-0.852498
-797.22	-3286.17	0.527101	-0.849803
-802.428	-3282.93	0.53125	-0.847215
-807.619	-3279.66	0.53551	-0.844529
-812.792	-3276.36	0.539973	-0.841682
-817.945	-3273.04	0.544632	-0.838675
-823.078	-3269.69	0.549328	-0.835607
-828.192	-3266.31	0.55402	-0.832503
-833.285	-3262.91	0.558565	-0.829461
-838.358	-3259.48	0.562964	-0.826482
-843.412	-3256.02	0.567346	-0.823479
-848.446	-3252.53	0.571713	-0.820454
-853.46	-3249.02	0.576062	-0.817406
-858.455	-3245.49	0.580268	-0.814426
-863.43	-3241.93	0.584332	-0.811515
-868.386	-3238.34	0.58838	-0.808585
-873.323	-3234.74	0.592407	-0.805639
-878.241	-3231.11	0.5964	-0.802687
-883.14	-3227.45	0.600112	-0.799916
-888.021	-3223.78	0.603557	-0.79732
-892.885	-3220.08	0.606991	-0.794709
-897.732	-3216.36	0.610413	-0.792083
-902.562	-3212.63	0.613579	-0.789634
-907.377	-3208.88	0.61649	-0.787363
-912.176	-3205.11	0.619393	-0.785081
-916.96	-3201.32	0.622287	-0.782789
-921.729	-3197.52	0.625172	-0.780487
-926.483	-3193.7	0.627927	-0.778273
-931.222	-3189.87	0.630552	-0.776147
-935.948	-3186.02	0.633176	-0.774008
-940.659	-3182.15	0.63581	-0.771845
-945.355	-3178.27	0.638448	-0.769665
-950.038	-3174.38	0.640496	-0.767962
-954.711	-3170.47	0.642005	-0.7667
-959.375	-3166.56	0.643633	-0.765335
-964.029	-3162.64	0.645383	-0.763859
-968.672	-3158.71	0.647232	-0.762293
-973.305	-3154.77	0.648807	-0.760953
-977.93	-3150.82	0.650101	-0.759848
-982.547	-3146.87	0.651499	-0.758649
-987.155	-3142.9	0.653038	-0.757325
-991.754	-3138.93	0.654612	-0.755965
-996.343	-3134.95	0.656246	-0.754547
-1000.92	-3130.96	0.658086	-0.752943
-1005.49	-3126.96	0.660131	-0.75115
-1010.04	-3122.95	0.662371	-0.749176
-1014.59	-3118.92	0.664464	-0.74732
-1019.12	-3114.88	0.666414	-0.745582
-1023.63	-3110.84	0.668558	-0.74366
-1028.14	-3106.78	0.670886	-0.74156
-1032.63	-3102.7	0.673407	-0.739272
-1037.11	-3098.62	0.676032	-0.736872
-1041.56	-3094.51	0.6788	-0.734324
-1046.01	-3090.39	0.681837	-0.731504
-1050.43	-3086.26	0.685123	-0.728427
-1054.83	-3082.09	0.693375	-0.720577
-1059.16	-3077.86	0.706371	-0.707842
-1063.41	-3073.56	0.719305	-0.694694
-1067.58	-3069.17	0.732273	-0.681011
-1071.67	-3064.71	0.745315	-0.666712
-1075.67	-3060.17	0.758615	-0.651539
-1079.57	-3055.55	0.772049	-0.635564
-1083.37	-3050.85	0.785257	-0.61917
-1087.08	-3046.07	0.798161	-0.602444
-1090.68	-3041.22	0.810246	-0.58609
-1094.18	-3036.3	0.821498	-0.570212
-1097.59	-3031.31	0.832344	-0.554259
-1100.89	-3026.25	0.842779	-0.53826
-1104.11	-3021.14	0.852817	-0.52221
-1107.22	-3015.97	0.862077	-0.506778
-1110.24	-3010.74	0.870597	-0.491997
-1113.18	-3005.47	0.878757	-0.47727
-1116.02	-3000.15	0.886535	-0.462662
-1118.78	-2994.78	0.893552	-0.448959
-1121.45	-2989.38	0.899867	-0.436164
-1124.05	-2983.94	0.905909	-0.423472
-1126.58	-2978.46	0.91171	-0.410834
-1129.02	-2972.96	0.917278	-0.398247
-1131.39	-2967.42	0.922091	-0.386974
-1133.7	-2961.85	0.926197	-0.377039
-1135.95	-2956.26	0.930142	-0.367199
-1138.13	-2950.66	0.933935	-0.357443
-1140.26	-2945.03	0.93758	-0.34777
-1142.33	-2939.38	0.940778	-0.339023
-1144.35	-2933.71	0.943562	-0.331197
-1146.33	-2928.03	0.946237	-0.323475
-1148.25	-2922.33	0.948788	-0.315913
-1150.13	-2916.62	0.951221	-0.30851
-1151.97	-2910.9	0.953362	-0.301829
-1153.77	-2905.16	0.955223	-0.295886
-1155.53	-2899.42	0.956994	-0.290106
-1157.26	-2893.67	0.958685	-0.28447
-1158.96	-2887.91	0.959915	-0.28029
-1160.63	-2882.15	0.960698	-0.277596
-1162.29	-2876.38	0.96142	-0.275084
-1163.94	-2870.61	0.962085	-0.272749
-1165.57	-2864.84	0.962696	-0.270586
-1167.19	-2859.06	0.963133	-0.269026
-1168.8	-2853.29	0.963403	-0.268056
-1170.4	-2847.51	0.96365	-0.267168
-1172	-2841.74	0.963896	-0.266278
-1173.59	-2835.96	0.964163	-0.265311
-1175.18	-2830.19	0.964348	-0.264637
-1176.77	-2824.41	0.96446	-0.26423
-1178.35	-2818.64	0.964617	-0.263653
-1179.92	-2812.86	0.964822	-0.262902
-1181.49	-2807.09	0.964928	-0.262515
-1183.06	-2801.32	0.964942	-0.262465
-1184.63	-2795.55	0.965013	-0.262203
-1186.2	-2789.78	0.965139	-0.261739
-1187.76	-2784.01	0.965323	-0.26106
-1189.32	-2778.24	0.965492	-0.260434
-1190.88	-2772.47	0.96565	-0.259848
-1192.43	-2766.7	0.965876	-0.259006
-1193.97	-2760.93	0.96617	-0.257906
-1195.51	-2755.16	0.966527	-0.256566
-1197.03	-2749.39	0.968362	-0.249549
-1198.49	-2743.6	0.971544	-0.23686
-1199.87	-2737.8	0.9746	-0.223952
-1201.18	-2731.98	0.977536	-0.210768
-1202.4	-2726.14	0.980427	-0.196881
-1203.65	-2719.7	0.983524	-0.180777
-1204.59	-2714.42	0.98586	-0.167571
-1205.56	-2708.54	0.988231	-0.152966
-1206.43	-2702.65	0.990363	-0.138498
-1207.22	-2696.75	0.992216	-0.124525
-1207.93	-2690.83	0.993797	-0.111211
-1208.56	-2684.91	0.995177	-0.0980966
-1209.17	-2678.39	0.996463	-0.0840359
-1209.64	-2672.46	0.997429	-0.0716601
-1210.04	-2666.52	0.998154	-0.0607326
-1210.38	-2660.59	0.998685	-0.0512608
-1210.66	-2654.65	0.999109	-0.042199
-1210.89	-2648.7	0.999437	-0.0335374
-1211.07	-2642.76	0.99968	-0.0253098
-1211.2	-2636.82	0.999835	-0.0181752
-1211.29	-2630.88	0.999926	-0.0121807
-1211.35	-2624.94	0.999977	-0.0067255
-1211.38	-2619	0.999998	-0.00177091
-1211.38	-2613.07	0.999997	0.00227767
-1211.36	-2607.13	0.999985	0.00550335
-1211.32	-2601.2	0.999964	0.00847332
-1211.26	-2595.27	0.999937	0.0112485
-1211.19	-2589.34	0.999905	0.0137724
-1211.1	-2583.41	0.999879	0.0155695
-1211.01	-2577.48	0.999859	0.016784
-1210.9	-2571.56	0.999838	0.0179875
-1210.8	-2565.63	0.999816	0.0191909
-1210.68	-2559.71	0.999795	0.0202441
-1210.56	-2553.79	0.999776	0.0211472
-1210.43	-2547.87	0.999757	0.0220504
-1210.3	-2541.95	0.999737	0.0229348
-1210.16	-2536.04	0.999718	0.0237389
-1210.02	-2530.12	0.999683	0.0251946
-1209.86	-2524.21	0.999626	0.0273635
-1209.7	-2518.3	0.999564	0.0295323
-1209.52	-2512.39	0.999498	0.0316888
-1209.32	-2506.48	0.999464	0.0327383
-1209.13	-2500.57	0.999468	0.0326281
-1208.94	-2494.67	0.999474	0.032416
-1208.75	-2488.77	0.999484	0.0321173
-1208.56	-2482.87	0.999497	0.0317014
-1208.37	-2476.97	0.99952	0.030996
-1208.19	-2471.07	0.99955	0.0300131
-1208.02	-2465.17	0.999582	0.0289176
-1207.85	-2459.27	0.999616	0.0277194
-1207.69	-2453.38	0.99965	0.0264459
-1207.54	-2447.48	0.999685	0.0251013
-1207.39	-2441.59	0.999719	0.0236959
-1207.26	-2435.7	0.999752	0.0222711
-1207.13	-2429.81	0.999783	0.0208468
-1207.01	-2423.92	0.999811	0.0194228
-1206.9	-2418.03	0.999838	0.0179991
-1206.8	-2412.15	0.999863	0.0165758
-1206.7	-2406.26	0.999885	0.0151531
-1206.62	-2400.38	0.999906	0.0137308
-1206.54	-2394.5	0.999922	0.0124572
-1206.47	-2388.61	0.999936	0.0113323
-1206.4	-2382.73	0.999948	0.0102079
-1206.35	-2376.86	0.999959	0.00908392
-1206.29	-2370.98	0.999968	0.00796015
-1206.25	-2365.1	0.999977	0.00683656
-1206.21	-2359.23	0.999984	0.00571346
-1206.18	-2353.36	0.999989	0.00459085
-1206.16	-2347.49	0.999994	0.00346872
-1206.14	-2341.62	0.999997	0.00249903
-1206.13	-2335.75	0.999998	0.00177222
-1206.12	-2329.88	0.999999	0.00128226
-1206.11	-2324.02	0.999999	0.0011238
-1206.1	-2318.15	0.999999	0.00131518
-1206.1	-2312.29	0.999999	0.00172721
-1206.08	-2306.43	0.999998	0.00219538
-1206.07	-2300.57	0.999996	0.00266039
-1206.05	-2294.71	0.999995	0.00309176
-1206.04	-2288.85	0.999994	0.00347384
-1206.01	-2283	0.999993	0.00382189
-1205.99	-2277.14	0.999991	0.00414396
-1205.97	-2271.29	0.99999	0.00445096
-1205.94	-2265.44	0.999989	0.0047429
-1205.91	-2259.59	0.999987	0.00501271
-1205.88	-2253.74	0.999986	0.00527123
-1205.85	-2247.89	0.999985	0.00552986
-1205.82	-2242.05	0.999983	0.00578865
-1205.78	-2236.21	0.999983	0.00589999
-1205.75	-2230.36	0.999983	0.00586391
-1205.71	-2224.52	0.999983	0.00582797
-1205.68	-2218.68	0.999983	0.00579219
-1205.65	-2212.84	0.999983	0.00575656
-1205.61	-2207.01	0.999984	0.00572075
-1205.58	-2201.17	0.999984	0.00568473
-1205.55	-2195.34	0.999984	0.00564888
-1205.51	-2189.51	0.999984	0.00561317
-1205.48	-2183.67	0.999984	0.00557731
-1205.45	-2177.84	0.999985	0.0055413
-1205.42	-2172.02	0.999985	0.00550545
-1205.38	-2166.19	0.999985	0.00546974
-1205.35	-2160.36	0.999985	0.00543419
-1205.32	-2154.54	0.999985	0.00539845
-1205.29	-2148.72	0.999986	0.00536251
-1205.26	-2142.9	0.999986	0.00532673
-1205.23	-2137.08	0.999986	0.0052911
-1205.2	-2131.26	0.999986	0.00525536
-1205.17	-2125.44	0.999986	0.0052195
-1205.14	-2119.63	0.999987	0.0051838
-1205.11	-2113.81	0.999987	0.00514824
-1205.08	-2108	0.999987	0.00511284
-1205.05	-2102.19	0.999987	0.00507722
-1205.02	-2096.38	0.999987	0.00504136
-1204.99	-2090.57	0.999987	0.00500565
-1204.96	-2084.76	0.999988	0.0049701
-1204.93	-2078.96	0.999988	0.0049347
-1204.9	-2073.15	0.999988	0.00489911
-1204.87	-2067.35	0.999988	0.00486333
-1204.84	-2061.55	0.999988	0.0048277
-1204.82	-2055.75	0.999989	0.00479222
-1204.79	-2049.95	0.999989	0.00475663
-1204.76	-2044.15	0.999989	0.00472093
-1204.73	-2038.36	0.999989	0.00467786
-1204.71	-2032.56	0.999989	0.00462312
-1204.68	-2026.77	0.99999	0.00456422
-1204.65	-2020.98	0.99999	0.00450513
-1204.63	-2015.19	0.99999	0.00444585
-1204.6	-2009.4	0.99999	0.00438672
-1204.58	-2003.61	0.999991	0.00432775
-1204.55	-1997.83	0.999991	0.00426866
-1204.53	-1992.04	0.999991	0.00420946
-1204.5	-1986.26	0.999991	0.00415041
-1204.48	-1980.48	0.999992	0.00409151
-1204.46	-1974.7	0.999992	0.00403276
-1204.43	-1968.92	0.999992	0.00397383
-1204.41	-1963.14	0.999992	0.0039147
-1204.39	-1957.37	0.999993	0.00385572
-1204.37	-1951.59	0.999993	0.00379694
-1204.34	-1945.82	0.999993	0.00373835
-1204.32	-1940.05	0.999993	0.00367952
-1204.3	-1934.28	0.999993	0.00362051
-1204.28	-1928.51	0.999994	0.00356169
-1204.26	-1922.74	0.999994	0.00350302
-1204.24	-1916.97	0.999994	0.0034442
-1204.22	-1911.21	0.999994	0.00338522
-1204.2	-1905.45	0.999994	0.00331896
-1204.18	-1899.68	0.999995	0.00319746
-1204.16	-1893.92	0.999995	0.00300265
-1204.15	-1888.16	0.999996	0.00277892
-1204.13	-1882.41	0.999997	0.00253375
-1204.12	-1876.65	0.999998	0.00222602
-1204.11	-1870.89	0.999998	0.00185145
-1204.1	-1865.14	0.999999	0.0014548
-1204.09	-1859.39	0.999999	0.00105807
-1204.08	-1853.64	1	0.000661229
-1204.08	-1847.89	1	0.000264653
-1204.08	-1842.14	1	-0.000131656
-1204.08	-1836.39	1	-0.000528003
-1204.09	-1830.65	1	-0.00092435
-1204.09	-1824.9	0.999999	-0.00132043
-1204.1	-1819.16	0.999999	-0.0017163
-1204.11	-1813.42	0.999998	-0.00211189
-1204.12	-1807.68	0.999997	-0.00250755
-1204.14	-1801.94	0.999996	-0.00290332
-1204.16	-1796.2	0.999995	-0.00329886
-1204.18	-1790.47	0.999993	-0.00369412
-1204.2	-1784.73	0.999992	-0.00397437
-1204.22	-1779	0.999992	-0.00408224
-1204.25	-1773.27	0.999991	-0.00418985
-1204.27	-1767.54	0.999991	-0.00429722
-1204.29	-1761.81	0.99999	-0.00440432
-1204.32	-1756.08	0.99999	-0.00451162
-1204.35	-1750.36	0.999989	-0.00461933
-1204.37	-1744.63	0.999989	-0.00472678
-1204.4	-1738.91	0.999988	-0.00483396
-1204.43	-1733.19	0.999988	-0.00494124
-1204.46	-1727.47	0.999987	-0.0050488
-1204.49	-1721.75	0.999987	-0.00515613
-1204.52	-1716.03	0.999986	-0.00526323
-1204.55	-1710.32	0.999986	-0.0053701
-1204.58	-1704.6	0.999985	-0.00547714
-1204.61	-1698.89	0.999984	-0.00558455
-1204.64	-1693.17	0.999984	-0.00569172
-1204.67	-1687.46	0.999983	-0.00579867
-1204.71	-1681.75	0.999983	-0.00590536
-1204.74	-1676.05	0.999982	-0.0060122
-1204.78	-1670.34	0.999981	-0.00611945
-1204.81	-1664.63	0.999981	-0.00622647
-1204.85	-1658.93	0.99998	-0.00633327
-1204.88	-1653.23	0.999979	-0.00644014
-1204.92	-1647.53	0.999979	-0.00654724
-1204.96	-1641.83	0.999978	-0.00665411
-1205	-1636.13	0.999977	-0.00676075
-1205.03	-1630.43	0.999976	-0.00686716
-1205.08	-1624.17	0.999976	-0.00698444
-1205.12	-1618.47	0.999975	-0.00709137
-1205.15	-1613.35	0.999974	-0.0071874
-1205.2	-1607.09	0.999973	-0.00730453
-1205.24	-1601.4	0.999973	-0.00741114
-1205.28	-1595.71	0.999972	-0.00751791
-1205.33	-1590.02	0.999971	-0.00762446
-1205.37	-1584.34	0.99997	-0.00773077
-1205.41	-1578.65	0.999969	-0.00783685
-1205.46	-1572.97	0.999968	-0.0079432
-1205.5	-1567.29	0.999968	-0.00804982
-1205.55	-1561.61	0.999967	-0.00815621
-1205.6	-1555.93	0.999966	-0.00826237
-1205.64	-1550.25	0.999965	-0.00836872
-1205.69	-1544.57	0.999964	-0.00847526
-1205.74	-1538.9	0.999963	-0.00858157
-1205.79	-1533.22	0.999962	-0.00868762
-1205.84	-1527.55	0.999961	-0.00879339
-1205.89	-1521.88	0.99996	-0.00889948
-1205.94	-1516.21	0.999959	-0.00900586
-1205.99	-1510.54	0.999958	-0.00911202
-1206.04	-1504.88	0.999958	-0.00921791
-1206.09	-1499.21	0.999958	-0.00918244
-1206.15	-1493.55	0.999959	-0.00900563
-1206.2	-1487.88	0.999961	-0.0088286
-1206.25	-1482.22	0.999963	-0.00865134
-1206.3	-1476.56	0.999964	-0.00847385
-1206.34	-1470.9	0.999966	-0.00829681
-1206.39	-1465.25	0.999967	-0.00812024
-1206.43	-1459.59	0.999968	-0.00794343
-1206.48	-1453.94	0.99997	-0.00776644
-1206.52	-1448.28	0.999971	-0.00758978
-1206.57	-1442.63	0.999973	-0.00741343
-1206.61	-1436.98	0.999974	-0.00722957
-1206.65	-1431.33	0.999976	-0.00699871
-1206.69	-1425.68	0.999978	-0.0066668
-1206.72	-1420.04	0.999981	-0.00620233
-1206.76	-1414.39	0.999984	-0.00559501
-1206.79	-1408.75	0.999988	-0.00486916
-1206.81	-1403.1	0.999992	-0.00409653
-1206.83	-1397.46	0.999994	-0.00332803
-1206.85	-1391.82	0.999997	-0.00257051
-1206.86	-1386.18	0.999998	-0.00181986
-1206.87	-1380.55	0.999999	-0.00106916
-1206.88	-1374.91	1	-0.000318393
-1206.88	-1369.28	1	0.000432416
-1206.87	-1363.64	0.999999	0.00118258
-1206.86	-1358.01	0.999998	0.00193212
-1206.85	-1352.38	0.999996	0.00268175
-1206.83	-1346.75	0.999994	0.00343141
-1206.81	-1341.12	0.999991	0.00415936
-1206.79	-1335.5	0.999989	0.00471016
-1206.76	-1329.87	0.999987	0.00510555
-1206.73	-1324.25	0.999985	0.00550101
-1206.7	-1318.63	0.999983	0.00589655
-1206.67	-1313	0.99998	0.00629179
-1206.63	-1307.38	0.999978	0.00668671
-1206.59	-1301.77	0.999975	0.00708172
-1206.55	-1296.15	0.999972	0.00747371
-1206.51	-1290.53	0.999969	0.00784101
-1206.46	-1284.92	0.999967	0.00815735
-1206.42	-1279.31	0.999965	0.00842376
-1206.37	-1273.69	0.999963	0.00862632
-1206.32	-1268.08	0.999962	0.0087393
-1206.27	-1262.47	0.999962	0.0086658
-1206.22	-1256.87	0.999964	0.00845218
-1206.18	-1251.26	0.999966	0.00823876
-1206.13	-1245.66	0.999968	0.00802552
-1206.09	-1240.05	0.99997	0.00780939
-1206.04	-1234.45	0.999971	0.00758284
-1206	-1228.85	0.999973	0.00734897
-1205.96	-1223.25	0.999975	0.00711529
-1205.92	-1217.65	0.999976	0.00688179
-1205.88	-1212.05	0.999978	0.00664849
-1205.85	-1206.46	0.999979	0.00641504
-1205.81	-1200.86	0.999981	0.00618147
-1205.78	-1195.27	0.999982	0.00594813
-1205.74	-1189.68	0.999984	0.00571498
-1205.71	-1184.09	0.999985	0.00548202
-1205.68	-1178.5	0.999982	0.00608267
-1205.64	-1172.91	0.999972	0.00751685
-1205.6	-1167.32	0.99996	0.00895113
-1205.55	-1161.74	0.999946	0.0103855
-1205.49	-1156.15	0.99994	0.0109862
-1205.42	-1150.57	0.999942	0.0107532
-1205.37	-1144.99	0.999945	0.0105205
-1205.31	-1139.41	0.999947	0.010288
-1205.25	-1133.83	0.999949	0.0100556
-1205.19	-1128.26	0.999952	0.00982316
-1205.14	-1122.68	0.999954	0.00959056
-1205.09	-1117.11	0.999956	0.00935814
-1205.04	-1111.53	0.999958	0.00912595
-1204.99	-1105.96	0.99996	0.00889395
-1204.94	-1100.39	0.999962	0.00866179
-1204.89	-1094.82	0.999964	0.00842952
-1204.84	-1089.25	0.999966	0.00819745
-1204.8	-1083.69	0.999968	0.00796556
-1204.75	-1078.12	0.999971	0.00759501
-1204.71	-1072.56	0.999975	0.0070858
-1204.67	-1066.99	0.999978	0.00657682
-1204.64	-1061.43	0.999982	0.00606802
-1204.61	-1055.87	0.999985	0.00555942
-1204.58	-1050.31	0.999987	0.00518928
-1204.55	-1044.76	0.999988	0.00495762
-1204.52	-1039.2	0.999989	0.00472615
-1204.5	-1033.65	0.99999	0.00449486
-1204.47	-1028.09	0.999991	0.00426354
-1204.45	-1022.54	0.999992	0.00403214
-1204.43	-1016.99	0.999993	0.00380094
-1204.4	-1011.44	0.999994	0.00356992
-1204.39	-1005.89	0.999994	0.00333909
-1204.37	-1000.34	0.999995	0.00310815
-1204.35	-994.797	0.999996	0.0028771
-1204.34	-989.253	0.999996	0.00265337
-1204.32	-983.709	0.999997	0.00243692
-1204.31	-978.167	0.999998	0.00223055
-1204.3	-972.627	0.999998	0.00203833
-1204.29	-967.088	0.999998	0.00185038
-1204.28	-961.55	0.999999	0.00166262
-1204.27	-956.013	0.999999	0.0015024
-1204.26	-950.478	0.999996	0.00269678
-1204.24	-944.943	0.999986	0.00529533
-1204.2	-939.411	0.999968	0.00797795
-1204.15	-933.879	0.999943	0.0106503
-1204.09	-928.35	0.999927	0.012048
-1204.01	-922.268	0.999926	0.0121884
-1203.95	-917.294	0.999924	0.0122894
-1203.89	-911.768	0.999923	0.0124017
-1203.82	-906.243	0.999922	0.0125141
-1203.74	-900.167	0.999922	0.0125002
-1203.67	-894.645	0.999924	0.0123375
-1203.6	-889.125	0.999926	0.012175
-1203.54	-883.605	0.999928	0.0120125
-1203.47	-878.087	0.99993	0.0118502
-1203.41	-872.57	0.999932	0.0116879
-1203.34	-867.055	0.999934	0.0115256
-1203.28	-861.54	0.999935	0.0113632
-1203.22	-856.027	0.999937	0.0112009
-1203.16	-850.516	0.999939	0.0110387
-1203.09	-845.005	0.999941	0.0108765
-1203.04	-839.496	0.999943	0.0107143
-1202.98	-833.988	0.999944	0.0105521
-1202.92	-828.482	0.999946	0.0103901
-1202.86	-822.976	0.999948	0.0102283
-1202.81	-817.472	0.999949	0.0100663
-1202.75	-811.969	0.999951	0.00990432
-1202.7	-806.468	0.999953	0.00974243
-1202.64	-800.968	0.999954	0.00958066
-1202.59	-795.469	0.999956	0.009419
-1202.54	-789.971	0.999958	0.00912074
-1202.49	-784.475	0.999962	0.00868585
-1202.44	-778.98	0.999966	0.00825106
-1202.4	-773.486	0.999969	0.00781643
-1202.36	-767.994	0.999973	0.00738191
-1202.32	-762.502	0.999975	0.00708388
-1202.28	-757.012	0.999976	0.00692237
-1202.24	-751.524	0.999977	0.00676097
-1202.2	-746.036	0.999978	0.00659965
-1202.17	-740.55	0.999979	0.00643844
-1202.13	-735.065	0.99998	0.0062772
-1202.1	-729.582	0.999981	0.00611592
-1202.07	-724.099	0.999982	0.00595475
-1202.03	-718.618	0.999983	0.00579366
-1202	-713.139	0.999984	0.00563268
-1201.97	-707.66	0.999985	0.00547166
-1201.94	-702.183	0.999986	0.00531061
-1201.91	-696.707	0.999987	0.00514967
-1201.89	-691.232	0.999988	0.00498881
-1201.86	-685.759	0.999988	0.00482794
-1201.83	-680.287	0.999989	0.00466708
-1201.81	-674.816	0.99999	0.00450629
-1201.78	-669.346	0.999991	0.00434562
-1201.76	-663.878	0.999991	0.00418506
-1201.74	-658.411	0.999992	0.00402446
-1201.72	-652.945	0.999993	0.00386383
-1201.7	-647.481	0.999993	0.00370327
-1201.68	-642.018	0.999994	0.00354282
-1201.66	-636.556	0.999994	0.00338249
-1201.64	-631.095	0.999995	0.00322212
-1201.62	-625.636	0.999995	0.00306171
-1201.61	-620.178	0.999996	0.00290138
-1201.59	-614.721	0.999996	0.00274117
-1201.58	-609.265	0.999997	0.00258106
-1201.56	-603.811	0.999997	0.00242092
-1201.55	-598.358	0.999997	0.00226074
-1201.54	-592.906	0.999998	0.00210064
-1201.53	-587.456	0.999998	0.00193768
-1201.52	-582.007	0.999998	0.00176491
-1201.51	-576.559	0.999999	0.00158512
-1201.5	-571.112	0.999999	0.00140526
-1201.49	-565.667	0.999999	0.00122155
-1201.48	-560.222	1	0.000993237
-1201.48	-554.78	1	0.000707402
-1201.48	-549.338	1	0.000404668
-1201.47	-543.898	1	0.000101933
-1201.47	-538.458	1	-0.000200649
-1201.48	-533.021	1	-0.000503078
-1201.48	-527.584	1	-0.000805469
-1201.48	-522.149	0.999999	-0.00110782
-1201.49	-516.715	0.999999	-0.00141006
-1201.5	-511.282	0.999999	-0.00171218
-1201.51	-505.851	0.999998	-0.00201415
-1201.52	-500.42	0.999998	-0.00218162
-1201.53	-494.991	0.999998	-0.00221458
-1201.55	-489.564	0.999997	-0.00224738
-1201.56	-484.137	0.999997	-0.00228008
-1201.57	-478.712	0.999997	-0.00231265
-1201.58	-473.288	0.999997	-0.00234538
-1201.6	-467.865	0.999997	-0.0023783
-1201.61	-462.444	0.999997	-0.00241111
-1201.62	-457.024	0.999997	-0.00244376
-1201.63	-451.605	0.999997	-0.00247653
-1201.65	-446.187	0.999997	-0.00250942
-1201.66	-440.771	0.999997	-0.00254215
-1201.68	-435.356	0.999997	-0.00257476
-1201.69	-429.942	0.999997	-0.00260726
-1201.7	-424.529	0.999997	-0.00263992
-1201.72	-419.118	0.999996	-0.00267276
-1201.73	-413.708	0.999996	-0.00270549
-1201.75	-408.299	0.999996	-0.00273807
-1201.76	-402.891	0.999996	-0.00277049
-1201.78	-397.485	0.999996	-0.00280311
-1201.79	-392.08	0.999996	-0.00283591
-1201.81	-386.676	0.999996	-0.00286857
-1201.82	-381.274	0.999996	-0.00290107
-1201.84	-375.872	0.999996	-0.00293368
-1201.86	-370.472	0.999996	-0.00296641
-1201.87	-365.073	0.999996	-0.00299903
-1201.89	-359.676	0.999995	-0.00303153
-1201.9	-354.279	0.999995	-0.00306388
-1201.92	-348.884	0.999995	-0.00309642
-1201.94	-343.49	0.999995	-0.00312915
-1201.95	-338.098	0.999995	-0.00316173
-1201.97	-332.706	0.999995	-0.00319415
-1201.99	-327.316	0.999995	-0.00322669
-1202.01	-321.927	0.999995	-0.00325934
-1202.02	-316.54	0.999995	-0.00329188
-1202.04	-311.153	0.999994	-0.00332431
-1202.06	-305.768	0.999994	-0.00335658
-1202.08	-300.384	0.999994	-0.003389
-1202.1	-295.002	0.999994	-0.00342162
-1202.11	-289.62	0.999994	-0.00345412
-1202.13	-284.24	0.999994	-0.00348647
-1202.15	-278.861	0.999994	-0.0035187
-1202.17	-273.483	0.999994	-0.00355113
-1202.19	-268.107	0.999994	-0.00358371
-1202.21	-262.732	0.999993	-0.00361613
-1202.23	-257.358	0.999993	-0.00364844
-1202.25	-251.985	0.999993	-0.00368086
-1202.27	-246.614	0.999993	-0.0037134
-1202.29	-241.243	0.999993	-0.00374583
-1202.31	-235.874	0.999993	-0.0037781
-1202.33	-230.507	0.999993	-0.00381022
-1202.35	-225.14	0.999992	-0.00397509
-1202.37	-219.775	0.999991	-0.00427271
-1202.4	-214.411	0.99999	-0.00457018
-1202.42	-209.048	0.999988	-0.00486749
-1202.45	-203.686	0.999987	-0.00516481
-1202.48	-198.326	0.999985	-0.00546212
-1202.51	-192.967	0.999983	-0.00575928
-1202.54	-187.609	0.999982	-0.00605629
-1202.57	-182.252	0.99998	-0.00635703
-1202.6	-176.897	0.999979	-0.00654307
-1202.64	-171.543	0.999978	-0.00663683
-1202.68	-166.19	0.999977	-0.00679083
-1202.71	-160.838	0.999976	-0.00699914
-1202.75	-155.488	0.999974	-0.0072445
-1202.79	-150.139	0.999972	-0.00750939
-1202.83	-144.791	0.99997	-0.00777698
-1202.87	-139.444	0.999968	-0.00804434
-1202.92	-134.098	0.999965	-0.00831464
-1202.96	-128.754	0.999963	-0.00861378
-1203.01	-123.411	0.99996	-0.00896571
-1203.06	-118.069	0.999956	-0.00933627
-1203.11	-112.729	0.999953	-0.00971008
-1203.16	-107.389	0.999949	-0.0100838
-1203.21	-102.051	0.999945	-0.0104608
-1203.27	-96.7141	0.999941	-0.0108445
-1203.33	-91.3785	0.999937	-0.0112315
-1203.39	-86.0441	0.999933	-0.0116182
-1203.45	-80.7109	0.999929	-0.0118998
-1203.52	-75.379	0.999928	-0.0120237
-1203.58	-70.0483	0.999926	-0.0121636
-1203.65	-64.7188	0.999924	-0.0123494
-1203.71	-59.3906	0.999921	-0.0125755
-1203.78	-54.0636	0.999918	-0.0128134
-1203.85	-48.7378	0.999915	-0.0130511
-1203.92	-43.4132	0.999912	-0.0132885
-1203.99	-38.0899	0.999908	-0.0135389
-1204.06	-32.7679	0.999904	-0.0138415
-1204.14	-27.447	0.999899	-0.0142086
-1204.21	-22.1274	0.999893	-0.0145986
-1204.29	-16.8091	0.999888	-0.0149883
-1204.37	-11.492	0.999882	-0.015378
-1204.46	-6.17614	0.999876	-0.0157679
-1204.54	-0.861535	0.999869	-0.0161574
-1204.63	4.45183	0.999863	-0.0165466
-1204.72	9.76394	0.999857	-0.0169356
-1204.82	15.6058	0.999849	-0.0173636
-1204.91	20.9153	0.999842	-0.0177529
-1205	26.2236	0.999835	-0.0181419
-1205.1	31.5306	0.999828	-0.0185306
-1205.2	36.8363	0.999821	-0.018919
-1205.3	42.1408	0.999816	-0.019177
-1205.4	47.4441	0.999814	-0.0193045
-1205.51	52.7462	0.999811	-0.0194319
-1205.61	58.047	0.999809	-0.0195589
-1205.71	63.3466	0.999809	-0.0195558
-1205.82	68.645	0.999811	-0.0194227
-1205.92	73.9423	0.999814	-0.0192892
-1206.02	79.2383	0.999817	-0.0191555
-1206.12	84.5332	0.999819	-0.0190216
-1206.22	89.8269	0.999822	-0.0188881
-1206.32	95.1194	0.999824	-0.0187551
-1206.42	100.411	0.999827	-0.0186218
-1206.52	105.701	0.999829	-0.0184883
-1206.62	110.99	0.999832	-0.0183545
-1206.71	116.277	0.999834	-0.0182213
-1206.81	121.564	0.999836	-0.0180885
-1206.91	126.849	0.999839	-0.0179554
-1207	132.134	0.999841	-0.0178221
-1207.09	137.417	0.999844	-0.0176885
-1207.19	142.698	0.999846	-0.0175553
-1207.28	147.979	0.999848	-0.0174227
-1207.37	153.258	0.999851	-0.017287
-1207.46	158.537	0.999853	-0.0171481
-1207.55	163.814	0.999855	-0.017
-1207.64	169.09	0.999859	-0.01677
-1207.73	174.364	0.999866	-0.0163944
-1207.81	179.638	0.999874	-0.0158933
-1207.9	184.91	0.999883	-0.0153089
-1207.98	190.182	0.999892	-0.0146946
-1208.05	195.452	0.999901	-0.0140809
-1208.13	200.721	0.999909	-0.013467
-1208.2	205.989	0.999917	-0.012853
-1208.26	211.255	0.999925	-0.0122394
-1208.32	216.521	0.999932	-0.0116263
-1208.38	221.785	0.999939	-0.0110131
-1208.44	227.048	0.999946	-0.0103998
-1208.49	232.31	0.999952	-0.00978628
-1208.55	237.571	0.999958	-0.0091734
-1208.59	242.831	0.999963	-0.00856112
-1208.64	248.09	0.999968	-0.00795922
-1208.68	253.347	0.999973	-0.00740386
-1208.71	258.603	0.999976	-0.00690796
-1208.75	263.859	0.999979	-0.00643533
-1208.78	269.112	0.999982	-0.00596255
-1208.81	274.365	0.999985	-0.00548961
-1208.84	279.617	0.999987	-0.00501651
-1208.87	284.867	0.999989	-0.00467281
-1208.89	290.117	0.99999	-0.00446514
-1208.91	295.365	0.999991	-0.0042801
-1208.94	300.611	0.999992	-0.00411481
-1208.96	305.857	0.999992	-0.0039536
-1208.98	311.102	0.999993	-0.0037927
-1209	316.345	0.999993	-0.0036316
-1209.02	321.587	0.999994	-0.00347032
-1209.03	326.828	0.999995	-0.00330884
-1209.05	332.068	0.999995	-0.00314775
-1209.07	337.307	0.999996	-0.00298707
-1209.08	342.544	0.999996	-0.00282621
-1209.1	347.78	0.999996	-0.00266515
-1209.11	353.015	0.999997	-0.00250391
-1209.12	358.249	0.999997	-0.00234304
-1209.13	363.482	0.999998	-0.00218256
-1209.15	368.714	0.999998	-0.00202188
-1209.16	373.944	0.999998	-0.00186106
-1209.16	379.173	0.999999	-0.0017005
-1209.17	384.401	0.999999	-0.0015402
-1209.18	389.628	0.999999	-0.00137972
-1209.19	394.854	0.999999	-0.00121904
-1209.19	400.078	0.999999	-0.00105818
-1209.2	405.302	1	-0.000897693
-1209.2	410.524	1	-0.000737628
-1209.21	415.745	1	-0.000577373
-1209.21	420.965	1	-0.000416927
-1209.21	426.183	1	-0.000256748
-1209.21	431.401	1	-9.68354e-05
-1209.21	436.617	1	6.32674e-05
-1209.21	441.832	1	0.000223561
-1209.21	447.046	1	0.000384007
-1209.21	452.259	1	0.000544072
-1209.21	457.471	1	0.000703755
-1209.2	462.681	1	0.000863629
-1209.2	467.89	0.999999	0.00102369
-1209.19	473.098	0.999999	0.00118349
-1209.18	478.305	0.999999	0.00134302
-1209.18	483.511	0.999999	0.0015027
-1209.17	488.716	0.999999	0.00166258
-1209.16	493.919	0.999998	0.00182264
-1209.15	499.121	0.999998	0.00198233
-1209.14	504.322	0.999998	0.00214163
-1209.13	509.522	0.999997	0.00230112
-1209.12	514.721	0.999997	0.0024608
-1209.1	519.919	0.999997	0.00262064
-1209.09	525.115	0.999996	0.00278009
-1209.07	530.31	0.999996	0.00293916
-1209.06	535.505	0.999995	0.00309843
-1209.04	540.698	0.999995	0.00325788
-1209.02	545.889	0.999994	0.00341707
-1209.01	551.08	0.999994	0.00357599
-1208.99	556.269	0.999993	0.00373506
-1208.97	561.458	0.999992	0.00389432
-1208.95	566.645	0.999992	0.00405377
-1208.93	571.831	0.999991	0.00421284
-1208.9	577.534	0.99999	0.0043874
-1208.88	582.199	0.99999	0.00453038
-1208.85	587.9	0.999989	0.00470535
-1208.83	592.563	0.999988	0.0048482
-1208.8	598.261	0.999987	0.00502254
-1208.78	603.44	0.999987	0.00518123
-1208.75	608.618	0.999986	0.00534011
-1208.72	613.795	0.999985	0.00549918
-1208.69	618.97	0.999984	0.00565786
-1208.66	624.145	0.999983	0.00581617
-1208.63	629.318	0.999982	0.00597463
-1208.6	634.49	0.999981	0.00613328
-1208.57	639.661	0.999981	0.0061651
-1208.54	644.831	0.999982	0.00607007
-1208.51	649.999	0.999982	0.00597524
-1208.48	655.167	0.999983	0.0058806
-1208.45	660.333	0.999983	0.00578619
-1208.42	665.498	0.999984	0.00569155
-1208.39	670.662	0.999984	0.00559668
-1208.36	675.825	0.999985	0.005502
-1208.33	680.987	0.999985	0.00540751
-1208.3	686.147	0.999986	0.00531287
-1208.28	691.306	0.999986	0.00521807
-1208.25	696.465	0.999987	0.00512347
-1208.22	701.622	0.999987	0.00502906
-1208.2	706.778	0.999988	0.00493488
-1208.17	711.932	0.999988	0.00484046
-1208.15	717.086	0.999989	0.00474582
-1208.12	722.239	0.999989	0.00465137
-1208.1	727.39	0.99999	0.00455711
-1208.08	732.54	0.99999	0.00446304
-1208.05	737.689	0.99999	0.00436874
-1208.03	742.837	0.999991	0.00427421
-1208.01	747.984	0.999991	0.00417988
-1207.99	753.13	0.999992	0.00408573
-1207.97	758.274	0.999992	0.00399178
-1207.95	763.418	0.999992	0.00389759
-1207.93	768.56	0.999993	0.00380318
-1207.91	773.701	0.999993	0.00370896
-1207.89	778.841	0.999993	0.00361493
-1207.87	783.98	0.999994	0.00352078
-1207.85	789.117	0.999994	0.00342648
-1207.84	794.254	0.999994	0.00333237
-1207.82	799.389	0.999995	0.00323846
-1207.8	804.523	0.999995	0.00314473
-1207.79	809.657	0.999995	0.00305077
-1207.77	814.789	0.999996	0.00295659
-1207.76	819.919	0.999996	0.0028626
-1207.74	825.049	0.999996	0.00276879
-1207.73	830.178	0.999996	0.00271401
-1207.71	835.305	0.999996	0.00277726
-1207.7	840.431	0.999996	0.00299634
-1207.68	845.556	0.999994	0.00334664
-1207.66	850.681	0.999993	0.00379578
-1207.64	855.803	0.999991	0.00431106
-1207.62	860.925	0.999988	0.00487033
-1207.59	866.046	0.999985	0.00552553
-1207.56	871.165	0.99998	0.00639027
-1207.53	876.283	0.999972	0.00749945
-1207.49	881.4	0.999962	0.00877027
-1207.44	886.516	0.999949	0.0101326
-1207.39	891.631	0.999933	0.0115804
-1207.32	896.744	0.999914	0.0130814
-1207.25	901.857	0.999894	0.0145885
-1207.18	906.968	0.999871	0.0160766
-1207.09	912.077	0.999847	0.0175198
-1207	917.186	0.999821	0.0189241
-1206.9	922.293	0.999794	0.0203126
-1206.79	927.399	0.999767	0.021573
-1206.68	932.504	0.999742	0.0227081
-1206.56	937.607	0.999716	0.023843
-1206.44	942.709	0.999688	0.0249776
-1206.31	947.81	0.999659	0.026112
-1206.17	952.91	0.999632	0.0271214
-1206.03	958.008	0.999608	0.0280056
-1205.89	963.105	0.999583	0.0288896
-1205.74	968.201	0.999557	0.0297734
-1205.59	973.296	0.99953	0.030657
-1205.43	978.389	0.999487	0.0320375
-1205.26	983.481	0.999425	0.0339148
-1205.08	988.572	0.999359	0.0357917
-1204.9	993.661	0.99929	0.0376683
-1204.7	998.748	0.999218	0.0395446
-1204.5	1003.83	0.999147	0.0412958
-1204.28	1008.92	0.999078	0.042922
-1204.06	1014	0.999007	0.0445479
-1203.83	1019.08	0.998934	0.0461671
-1203.59	1024.16	0.998865	0.0476333
-1203.35	1029.24	0.998802	0.0489402
-1203.1	1034.32	0.998737	0.050234
-1202.84	1039.4	0.998672	0.0515275
-1202.58	1044.47	0.998604	0.0528208
-1202.3	1049.54	0.998535	0.0541134
-1202.03	1054.61	0.998464	0.0554052
-1201.74	1059.68	0.998391	0.0566968
-1201.45	1064.75	0.998317	0.0579882
-1201.16	1069.82	0.998241	0.0592793
-1200.85	1074.89	0.998171	0.0604461
-1200.54	1079.95	0.998108	0.0614887
-1200.23	1085.01	0.998043	0.062531
-1199.91	1090.07	0.997977	0.0635731
-1199.59	1095.13	0.997918	0.0644913
-1199.26	1100.19	0.997867	0.0652856
-1198.92	1105.25	0.997814	0.0660797
-1198.59	1110.3	0.997761	0.0668736
-1198.25	1115.36	0.997708	0.0676673
-1197.9	1120.41	0.997654	0.0684607
-1197.56	1125.46	0.9976	0.0692383
-1197.2	1130.51	0.997548	0.0699903
-1196.85	1135.56	0.997495	0.0707321
-1196.49	1140.61	0.997442	0.0714738
-1196.13	1145.65	0.997398	0.072092
-1195.76	1150.7	0.997362	0.0725869
-1195.39	1155.74	0.997326	0.0730815
-1195.02	1160.78	0.99729	0.0735761
-1194.65	1165.82	0.997007	0.0773064
-1194.24	1170.86	0.996443	0.0842694
-1193.8	1175.9	0.99583	0.091228
-1193.33	1180.92	0.995169	0.0981817
-1192.82	1185.95	0.994458	0.10513
-1192.27	1190.97	0.994072	0.108726
-1191.72	1195.99	0.994046	0.108961
-1191.17	1201.01	0.994026	0.10914
-1190.62	1206.02	0.994015	0.109241
-1190.07	1211.04	0.99405	0.108926
-1189.52	1216.05	0.994126	0.108225
-1188.98	1221.06	0.994203	0.107518
-1188.44	1226.08	0.994282	0.106784
-1187.9	1231.09	0.994365	0.106012
-1187.37	1236.1	0.994461	0.105107
-1186.84	1241.11	0.994569	0.104081
-1186.32	1246.12	0.994676	0.103054
-1185.8	1251.13	0.994782	0.102028
-1185.29	1256.14	0.994886	0.101001
-1184.79	1261.15	0.99499	0.0999757
-1184.28	1266.16	0.995092	0.0989498
-1183.79	1271.17	0.995194	0.0979238
-1183.3	1276.17	0.995294	0.0968978
-1182.81	1281.18	0.995394	0.0958723
-1182.33	1286.18	0.995492	0.0948474
-1181.86	1291.19	0.995589	0.0938224
-1181.39	1296.19	0.995685	0.0927973
-1180.92	1301.2	0.99578	0.0917727
-1180.46	1306.2	0.995874	0.0907484
-1180.01	1311.2	0.995967	0.0897241
-1179.56	1316.21	0.996058	0.0886997
-1179.12	1321.21	0.996149	0.0876752
-1178.68	1326.21	0.996239	0.0866513
-1178.25	1331.21	0.996327	0.0856279
-1177.82	1336.21	0.996415	0.0846045
-1177.4	1341.21	0.996501	0.083581
-1176.98	1346.21	0.996586	0.082558
-1176.57	1351.2	0.99667	0.0815353
-1176.16	1356.2	0.996754	0.0805126
-1175.76	1361.2	0.996836	0.0794898
-1175.36	1366.19	0.996917	0.078467
-1174.97	1371.19	0.996997	0.0774446
-1174.59	1376.18	0.997075	0.0764229
-1174.21	1381.18	0.997153	0.0754012
-1173.83	1386.17	0.99723	0.0743793
-1173.46	1391.16	0.997306	0.0733578
-1173.1	1396.15	0.99738	0.0723369
-1172.74	1401.14	0.997454	0.0713159
-1172.38	1406.13	0.997526	0.0702949
-1172.03	1411.12	0.997598	0.0692737
-1171.69	1416.11	0.997661	0.0683499
-1171.35	1421.1	0.997714	0.0675723
-1171.01	1426.09	0.997767	0.0667945
-1170.68	1431.07	0.997819	0.0660167
-1170.35	1436.06	0.99787	0.0652389
-1170.03	1441.04	0.997926	0.0643647
-1169.71	1446.03	0.997992	0.0633458
-1169.39	1451.01	0.998056	0.0623269
-1169.08	1455.99	0.998119	0.0613078
-1168.78	1460.97	0.998181	0.0602888
-1168.48	1465.95	0.998236	0.0593669
-1168.19	1470.93	0.998282	0.0585908
-1167.9	1475.91	0.998327	0.0578147
-1167.61	1480.89	0.998372	0.0570385
-1167.33	1485.87	0.998438	0.0558768
-1167.05	1490.85	0.998534	0.0541368
-1166.78	1495.82	0.998626	0.0523966
-1166.53	1500.8	0.998716	0.0506562
-1166.28	1505.77	0.998803	0.0489158
-1166.04	1510.75	0.998887	0.0471761
-1165.81	1515.72	0.998967	0.0454375
-1165.58	1520.69	0.999045	0.0436988
-1165.37	1525.67	0.999119	0.04196
-1165.14	1531.13	0.999198	0.0400473
-1164.95	1536.11	0.999266	0.0383093
-1164.78	1540.58	0.999325	0.036746
-1164.58	1546.04	0.999393	0.0348353
-1164.41	1551.01	0.999452	0.0330981
-1164.25	1555.98	0.999508	0.0313618
-1164.1	1560.95	0.999561	0.0296262
-1163.96	1565.91	0.999611	0.0278905
-1163.82	1570.88	0.999658	0.0261548
-1163.69	1575.84	0.999702	0.0244191
-1163.58	1580.81	0.99974	0.0228042
-1163.47	1585.77	0.999773	0.0213102
-1163.36	1590.73	0.999804	0.0198162
-1163.27	1595.69	0.999832	0.0183222
-1163.18	1600.65	0.999858	0.0168289
-1163.1	1605.61	0.999882	0.0153363
-1163.03	1610.57	0.999904	0.0138437
-1162.96	1615.53	0.999924	0.0123511
-1162.9	1620.48	0.999941	0.0108585
-1162.85	1625.44	0.999955	0.00948665
-1162.81	1630.39	0.999966	0.00823548
-1162.77	1635.35	0.999975	0.00701443
-1162.74	1640.3	0.999983	0.00587222
-1162.71	1645.25	0.999988	0.00483158
-1162.69	1650.2	0.999992	0.00387475
-1162.67	1655.15	0.999996	0.00294881
-1162.66	1660.1	0.999998	0.0020228
-1162.65	1665.05	0.999999	0.00109671
-1162.65	1669.99	1	0.000287495
-1162.65	1674.94	1	-0.000411014
-1162.65	1679.88	0.999999	-0.00111578
-1162.66	1684.82	0.999998	-0.00182062
-1162.67	1689.76	0.999997	-0.00252554
-1162.68	1694.71	0.999997	-0.00263071
-1162.69	1699.65	0.999998	-0.00213617
-1162.7	1704.58	0.999999	-0.00164179
-1162.71	1709.52	0.999999	-0.00113253
-1162.71	1714.46	1	-0.000445346
-1162.71	1719.39	1	0.000447064
-1162.71	1724.33	0.999999	0.00138781
-1162.7	1729.26	0.999997	0.00233454
-1162.69	1734.19	0.999995	0.00328107
-1162.67	1739.12	0.999991	0.00422726
-1162.65	1744.05	0.999987	0.00517315
-1162.62	1748.98	0.999981	0.00611883
-1162.59	1753.91	0.999975	0.00706432
-1162.55	1758.84	0.999968	0.00800962
-1162.51	1763.76	0.99996	0.00895456
-1162.46	1768.69	0.999951	0.00989919
-1162.41	1773.61	0.999941	0.0108436
-1162.36	1778.53	0.999931	0.0117878
-1162.3	1783.46	0.999919	0.0127318
-1162.23	1788.38	0.999906	0.0136754
-1162.16	1793.3	0.999893	0.0146188
-1162.09	1798.21	0.999879	0.0155619
-1162.01	1803.13	0.999864	0.0165049
-1161.93	1808.05	0.999848	0.0174476
-1161.84	1812.96	0.999831	0.0183899
-1161.75	1817.87	0.999813	0.019332
-1161.65	1822.79	0.999794	0.0202739
-1161.55	1827.7	0.999775	0.0212155
-1161.44	1832.61	0.999755	0.0221296
-1161.33	1837.52	0.999736	0.0229769
-1161.22	1842.42	0.999717	0.0237723
-1161.1	1847.33	0.999699	0.0245465
-1160.98	1852.24	0.999681	0.0252636
-1160.85	1857.14	0.999664	0.0259015
-1160.73	1862.04	0.999649	0.0264964
-1160.6	1866.95	0.999634	0.0270493
-1160.46	1871.85	0.999622	0.0275057
-1160.33	1876.75	0.999615	0.0277436
-1160.19	1881.65	0.999613	0.0278293
-1160.05	1886.54	0.99961	0.0279149
-1159.92	1891.44	0.999608	0.0279883
-1159.78	1896.34	0.999607	0.0280285
-1159.64	1901.23	0.999608	0.0279968
-1159.51	1906.12	0.999612	0.0278576
-1159.37	1911.02	0.999619	0.0276014
-1159.24	1915.91	0.999628	0.0272667
-1159.1	1920.8	0.999635	0.0270322
-1158.97	1925.69	0.999638	0.0269164
-1158.84	1930.58	0.999641	0.0268006
-1158.71	1935.46	0.999645	0.0266604
-1158.58	1940.35	0.999649	0.0264785
-1158.45	1945.24	0.999655	0.0262757
-1158.32	1950.12	0.99966	0.0260606
-1158.19	1955	0.999667	0.0258186
-1158.07	1959.89	0.999674	0.0255497
-1157.94	1964.77	0.999681	0.0252721
-1157.82	1969.65	0.999688	0.024985
-1157.7	1974.53	0.999696	0.0246589
-1157.58	1979.41	0.999705	0.0242937
-1157.46	1984.28	0.999714	0.0239192
-1157.35	1989.16	0.99972	0.0236627
-1157.23	1994.04	0.999723	0.0235242
-1157.12	1998.91	0.999727	0.0233858
-1157	2003.78	0.99973	0.0232476
-1156.89	2008.66	0.999733	0.0231094
-1156.78	2013.53	0.999736	0.0229711
-1156.67	2018.4	0.999739	0.0228329
-1156.56	2023.27	0.999742	0.0226948
-1156.45	2028.13	0.999746	0.0225569
-1156.34	2033	0.999746	0.0225366
-1156.23	2037.87	0.999744	0.0226339
-1156.12	2042.73	0.999742	0.0227348
-1156	2047.6	0.999739	0.0228392
-1155.89	2052.46	0.999737	0.0229521
-1155.78	2057.32	0.999733	0.0230944
-1155.67	2062.18	0.999729	0.0232731
-1155.56	2067.04	0.999725	0.0234675
-1155.44	2071.9	0.99972	0.023662
-1155.33	2076.76	0.999715	0.0238563
-1155.21	2081.62	0.999711	0.0240503
-1155.09	2086.47	0.999706	0.0242444
-1154.97	2091.33	0.999701	0.0244385
-1154.85	2096.18	0.999697	0.0246325
-1154.74	2101.03	0.999692	0.0248263
-1154.61	2105.89	0.999687	0.0250201
-1154.49	2110.74	0.999682	0.0252141
-1154.37	2115.59	0.999677	0.0254082
-1154.23	2120.92	0.999672	0.0256214
-1154.11	2125.77	0.999667	0.0258149
-1154	2130.13	0.999662	0.0259892
-1153.86	2135.46	0.999657	0.0262023
-1153.73	2140.3	0.999664	0.0259274
-1153.61	2145.15	0.999683	0.0251839
-1153.49	2149.99	0.999701	0.0244405
-1153.37	2154.83	0.999719	0.0236972
-1153.26	2159.67	0.999737	0.0229541
-1153.15	2164.51	0.999753	0.0222112
-1153.04	2169.35	0.99977	0.0214686
-1152.94	2174.19	0.999785	0.0207261
-1152.84	2179.02	0.9998	0.0199837
-1152.74	2183.86	0.999815	0.0192416
-1152.65	2188.69	0.999829	0.0184997
-1152.56	2193.53	0.999842	0.0177579
-1152.48	2198.36	0.999855	0.0170162
-1152.4	2203.19	0.999868	0.0162746
-1152.32	2208.02	0.999879	0.0155333
-1152.25	2212.85	0.999891	0.0147923
-1152.18	2217.68	0.999901	0.0140514
-1152.11	2222.51	0.999911	0.0133107
-1152.05	2227.34	0.999921	0.0125701
-1151.99	2232.17	0.99993	0.0118298
-1151.93	2236.99	0.999939	0.0110897
-1151.88	2241.81	0.999946	0.0103496
-1151.83	2246.64	0.999954	0.0096097
-1151.79	2251.46	0.999961	0.00887002
-1151.75	2256.28	0.999967	0.00813061
-1151.71	2261.1	0.999973	0.00739134
-1151.67	2265.92	0.999978	0.00665222
-1151.64	2270.74	0.999983	0.00591333
-1151.62	2275.56	0.999987	0.00517466
-1151.59	2280.37	0.99999	0.00443615
-1151.57	2285.19	0.999993	0.00369774
-1151.56	2290	0.999996	0.00294747
-1151.54	2294.82	0.999997	0.00226319
-1151.53	2299.63	0.999999	0.00163636
-1151.53	2304.44	1	0.000977185
-1151.52	2309.25	1	0.000303624
-1151.52	2314.06	1	-0.00037234
-1151.53	2318.87	0.999999	-0.00104556
-1151.53	2323.68	0.999999	-0.00171603
-1151.54	2328.48	0.999997	-0.00238635
-1151.56	2333.29	0.999995	-0.00305651
-1151.57	2338.09	0.999993	-0.00360796
-1151.59	2342.9	0.999992	-0.00404069
-1151.61	2347.7	0.99999	-0.00447328
-1151.63	2352.5	0.999988	-0.00490571
-1151.66	2357.3	0.999986	-0.00533798
-1151.68	2362.1	0.999983	-0.00588603
-1151.71	2366.9	0.999979	-0.0065439
-1151.75	2371.69	0.999974	-0.00719563
-1151.78	2376.49	0.999969	-0.00784716
-1151.82	2381.29	0.999965	-0.00838284
-1151.86	2386.08	0.999961	-0.00880267
-1151.9	2390.87	0.999957	-0.00922235
-1151.95	2395.67	0.999954	-0.00964187
-1152	2400.46	0.999949	-0.0100612
-1152.05	2405.25	0.999945	-0.0104806
-1152.1	2410.04	0.999941	-0.0108998
-1152.15	2414.82	0.999936	-0.011313
-1152.2	2419.61	0.999931	-0.0117201
-1152.26	2424.4	0.999926	-0.0121271
-1152.32	2429.18	0.999921	-0.0125341
-1152.38	2433.97	0.999916	-0.012941
-1152.44	2438.75	0.999911	-0.0133477
-1152.51	2443.53	0.999905	-0.0137542
-1152.57	2448.31	0.999901	-0.0140454
-1152.64	2453.09	0.999899	-0.0142213
-1152.71	2457.87	0.999896	-0.0143971
-1152.78	2462.65	0.999894	-0.0145728
-1152.85	2467.42	0.999891	-0.0147486
-1152.92	2472.2	0.999889	-0.0149243
-1152.99	2476.98	0.999886	-0.0150999
-1153.06	2481.75	0.999883	-0.0152754
-1153.14	2486.52	0.999881	-0.0154389
-1153.21	2491.29	0.999879	-0.0155551
-1153.29	2496.06	0.999878	-0.0156189
-1153.36	2500.83	0.999877	-0.0156656
-1153.43	2505.6	0.999877	-0.0156826
-1153.51	2510.37	0.99988	-0.0154825
-1153.58	2515.14	0.999887	-0.0150331
-1153.65	2519.9	0.999895	-0.0145219
-1153.72	2524.67	0.999902	-0.0140107
-1153.79	2529.43	0.999909	-0.0134995
-1153.85	2534.2	0.999914	-0.0131127
-1153.91	2538.96	0.999917	-0.0128704
-1153.97	2543.72	0.99992	-0.0126509
-1154.03	2548.48	0.999923	-0.0124339
-1154.09	2553.24	0.999927	-0.0121025
-1154.15	2558	0.999932	-0.0116566
-1154.2	2562.75	0.999937	-0.0112107
-1154.26	2567.51	0.999942	-0.0107648
-1154.31	2572.27	0.999947	-0.0103189
-1154.35	2577.02	0.999951	-0.00987322
-1154.4	2581.77	0.999956	-0.00942791
-1154.44	2586.53	0.99996	-0.00898256
-1154.49	2591.28	0.999964	-0.00853718
-1154.53	2596.03	0.999966	-0.00820638
-1154.56	2600.78	0.999968	-0.00799013
-1154.6	2605.53	0.99997	-0.0077738
-1154.64	2610.28	0.999971	-0.00755744
-1154.67	2615.02	0.999973	-0.00734108
-1154.71	2619.77	0.999975	-0.00712479
-1154.74	2624.53	0.999976	-0.00690858
-1154.77	2629.28	0.999978	-0.00669237
-1154.81	2634.04	0.999979	-0.00647615
-1154.84	2638.8	0.99998	-0.00625956
-1154.87	2643.56	0.999982	-0.00604266
-1154.89	2648.33	0.999983	-0.00582595
-1154.92	2653.11	0.999984	-0.00560943
-1154.95	2657.89	0.999985	-0.0053931
-1154.97	2662.67	0.999987	-0.0051759
-1155	2667.46	0.999988	-0.00495778
-1155.02	2672.25	0.999989	-0.00473985
-1155.04	2677.05	0.99999	-0.00452211
-1155.06	2681.85	0.999991	-0.00430368
-1155.08	2686.66	0.999992	-0.00408456
-1155.1	2691.47	0.999993	-0.00386564
-1155.12	2696.29	0.999993	-0.00364691
-1155.14	2701.11	0.999994	-0.00342836
-1155.16	2705.93	0.999995	-0.00320891
-1155.17	2710.76	0.999996	-0.00298853
-1155.18	2715.6	0.999996	-0.00276835
-1155.2	2720.44	0.999997	-0.00254832
-1155.21	2725.28	0.999997	-0.00232848
-1155.22	2730.13	0.999998	-0.00210776
-1155.23	2734.98	0.999998	-0.00188613
-1155.24	2739.84	0.999999	-0.00166468
-1155.25	2744.7	0.999999	-0.00144343
-1155.25	2749.56	0.999999	-0.00122233
-1155.26	2754.44	0.999999	-0.0011183
-1155.26	2759.31	0.999999	-0.00113139
-1155.27	2764.2	0.999999	-0.00114474
-1155.28	2769.08	0.999999	-0.0011584
-1155.28	2773.98	0.999999	-0.00105307
-1155.29	2778.88	1	-0.000828731
-1155.29	2783.8	1	-0.000604656
-1155.29	2788.72	1	-0.000380924
-1155.29	2793.65	1	-0.000157573
-1155.29	2798.59	1	6.74941e-05
-1155.29	2803.54	1	0.000294316
-1155.29	2808.49	1	0.000520756
-1155.29	2813.46	1	0.000746785
-1155.28	2818.44	1	0.000973912
-1155.28	2823.43	0.999999	0.00120292
-1155.27	2828.43	0.999999	0.00143149
-1155.26	2833.44	0.999999	0.00165966
-1155.26	2838.45	0.999998	0.00188739
-1155.25	2843.48	0.999998	0.0021167
-1155.23	2848.52	0.999997	0.00234853
-1155.22	2853.57	0.999997	0.00257993
-1155.21	2858.63	0.999996	0.00281091
-1155.19	2863.7	0.999995	0.00304303
-1155.18	2868.78	0.999995	0.0032771
-1155.16	2873.87	0.999994	0.00351075
-1155.14	2878.97	0.999993	0.00374395
-1155.12	2884.08	0.999992	0.00397672
-1155.1	2889.2	0.999991	0.0042111
-1155.08	2894.33	0.99999	0.00444806
-1155.06	2899.47	0.999989	0.00468462
-1155.03	2904.62	0.999988	0.00492072
-1155.01	2909.78	0.999987	0.00515797
-1154.98	2914.95	0.999985	0.00539723
-1154.95	2920.14	0.999984	0.00563607
-1154.92	2925.33	0.999983	0.00587445
-1154.89	2930.53	0.999981	0.00611241
-1154.86	2935.74	0.99998	0.00624943
-1154.82	2940.97	0.999981	0.00623518
-1154.79	2946.72	0.999981	0.00621888
-1154.76	2951.97	0.999981	0.00620351
-1154.72	2957.22	0.999981	0.00618859
-1154.69	2962.49	0.999981	0.00617414
-1154.66	2967.76	0.999981	0.00615915
-1154.63	2973.05	0.999981	0.00611001
-1154.59	2978.34	0.999982	0.00598722
-1154.56	2983.65	0.999983	0.00582159
-1154.53	2988.96	0.999984	0.00564955
-1154.5	2994.29	0.999985	0.00546015
-1154.47	2999.63	0.999986	0.00523974
-1154.45	3004.97	0.999987	0.00500281
-1154.42	3010.33	0.999989	0.00476585
-1154.39	3015.7	0.99999	0.00452781
-1154.37	3021.07	0.999991	0.00428871
-1154.35	3026.46	0.999992	0.00404858
-1154.33	3031.86	0.999993	0.00380867
-1154.31	3037.26	0.999994	0.00356896
-1154.29	3042.68	0.999994	0.00332818
-1154.27	3048.11	0.999995	0.00308633
-1154.25	3053.55	0.999996	0.00284345
-1154.24	3058.99	0.999997	0.00260079
-1154.23	3064.45	0.999997	0.00235833
-1154.21	3069.92	0.999998	0.0021148
-1154.2	3075.4	0.999998	0.0018702
-1154.19	3080.89	0.999999	0.00162557
-1154.18	3086.39	0.999999	0.00138089
-1154.18	3091.89	0.999999	0.00113519
-1154.17	3097.41	1	0.000888608
-1154.17	3102.93	1	0.000641492
-1154.16	3108.45	1	0.000532353
-1154.16	3113.97	1	0.000561383
-1154.16	3119.48	1	0.000590527
-1154.15	3125	1	0.000619786
-1154.15	3130.51	1	0.000648892
-1154.15	3136.03	1	0.000677884
-1154.14	3141.54	1	0.00070699
-1154.14	3147.05	1	0.00073621
-1154.14	3152.56	1	0.000765545
-1154.13	3158.07	1	0.000801747
-1154.13	3163.57	1	0.000869
-1154.12	3169.08	0.999999	0.00100888
-1154.12	3174.58	0.999999	0.00124253
-1154.11	3180.09	0.999999	0.00153539
-1154.1	3185.59	0.999998	0.00184213
-1154.09	3191.09	0.999998	0.00214891
-1154.08	3196.59	0.999997	0.00245572
-1154.06	3202.08	0.999996	0.00276261
-1154.05	3207.58	0.999995	0.00306924
-1154.03	3213.07	0.999994	0.00337556
-1154.01	3218.57	0.999993	0.00368191
-1153.99	3224.06	0.999992	0.00398831
-1153.97	3229.55	0.999991	0.00429474
-1153.94	3235.04	0.99999	0.0044646
-1153.92	3240.53	0.99999	0.00449787
-1153.89	3246.02	0.99999	0.00453117
-1153.87	3251.5	0.99999	0.00456455
-1153.84	3256.99	0.999989	0.00459785
-1153.82	3262.47	0.999989	0.00463108
-1153.79	3267.95	0.999989	0.00466438
-1153.77	3273.43	0.999989	0.00469772
-1153.74	3278.91	0.999989	0.0047311
-1153.71	3284.39	0.999989	0.0047644
-1153.69	3289.87	0.999988	0.00479759
-1153.66	3295.34	0.999988	0.00483081
-1153.63	3300.82	0.999988	0.00486411
-1153.61	3306.29	0.999988	0.00489734
-1153.58	3311.76	0.999988	0.00493049
-1153.55	3317.23	0.999988	0.00496368
-1153.53	3322.7	0.999988	0.0049969
-1153.5	3328.17	0.999987	0.0050302
-1153.47	3333.64	0.999987	0.00506339
-1153.44	3339.1	0.999987	0.00509646
-1153.42	3344.57	0.999987	0.00512263
-1153.39	3350.03	0.999987	0.00514186
-1153.36	3355.49	0.999987	0.00516101
-1153.33	3360.95	0.999987	0.00518012
-1153.3	3366.41	0.999986	0.00519927
-1153.28	3371.87	0.999986	0.00521846
-1153.25	3377.33	0.999986	0.00523772
-1153.22	3382.78	0.999986	0.00525687
-1153.19	3388.24	0.999986	0.0052759
-1153.16	3393.69	0.999986	0.00529502
-1153.13	3399.14	0.999986	0.0053142
-1153.1	3404.59	0.999986	0.00533332
-1153.07	3410.04	0.999986	0.00535235
-1153.04	3415.49	0.999986	0.00537146
-1153.01	3420.93	0.999985	0.00539061
-1152.99	3426.38	0.999985	0.0054098
-1152.96	3431.82	0.999985	0.00542891
-1152.93	3437.26	0.999985	0.00544795
-1152.9	3442.71	0.999985	0.00546702
-1152.87	3448.15	0.999985	0.00548613
-1152.84	3453.58	0.999985	0.00549425
-1152.81	3459.02	0.999985	0.00548544
-1152.78	3464.46	0.999985	0.00547076
-1152.75	3469.89	0.999985	0.00545615
-1152.72	3475.33	0.999985	0.00544161
-1152.69	3480.76	0.999986	0.00529238
-1152.66	3486.19	0.999987	0.00500846
-1152.63	3491.62	0.999989	0.00472461
-1152.61	3497.05	0.99999	0.00444084
-1152.59	3502.48	0.999991	0.00415714
-1152.56	3507.9	0.999992	0.00387352
-1152.54	3513.33	0.999994	0.00358998
-1152.52	3518.75	0.999995	0.00330655
-1152.51	3524.17	0.999995	0.00302323
-1152.49	3529.59	0.999996	0.00287423
-1152.48	3535.01	0.999996	0.00285954
-1152.46	3540.43	0.999996	0.00284493
-1152.44	3545.85	0.999996	0.0028304
-1152.43	3551.27	0.999996	0.00281579
-1152.41	3556.68	0.999996	0.0028011
-1152.4	3562.09	0.999996	0.00278649
-1152.38	3567.51	0.999996	0.00277196
-1152.37	3572.92	0.999996	0.0027575
-1152.35	3578.33	0.999996	0.00274297
-1152.34	3583.74	0.999996	0.00272832
-1152.32	3589.14	0.999996	0.00271371
-1152.31	3594.55	0.999996	0.00269917
-1152.3	3599.95	0.999996	0.0026846
-1152.28	3605.36	0.999996	0.00266999
-1152.27	3610.76	0.999996	0.00265542
-1152.25	3616.16	0.999997	0.00264089
-1152.24	3621.56	0.999997	0.00262643
-1152.22	3626.96	0.999997	0.00260797
-1152.21	3632.36	0.999997	0.00255795
-1152.19	3638.29	0.999997	0.00245602
-1152.18	3643.15	0.999997	0.00235629
-1152.17	3648.54	0.999997	0.00224543
-1152.16	3654.47	0.999998	0.00212345
-1152.15	3659.87	0.999998	0.00201267
-1152.14	3665.25	0.999998	0.001902
-1152.13	3670.64	0.999998	0.00179142
-1152.12	3676.03	0.999999	0.00168075
-1152.11	3681.42	0.999999	0.00157005
-1152.1	3686.8	0.999999	0.00145946
-1152.09	3692.19	0.999999	0.00134895
-1152.08	3697.57	0.999999	0.00123851
-1152.08	3702.95	0.999999	0.001128
-1152.07	3708.33	0.999999	0.00101745
-1152.07	3713.71	1	0.000907017
-1152.06	3719.09	1	0.000796658
-1152.06	3724.46	1	0.000686261
-1152.06	3729.84	1	0.000575825
-1152.05	3735.21	1	0.000465466
-1152.05	3740.58	1	0.000355221
-1152.05	3745.95	1	0.000245091
-1152.05	3751.32	1	0.000134885
-1152.05	3756.69	1	2.46017e-05
-1152.05	3762.06	1	-8.56049e-05
-1152.05	3767.43	1	-0.000195697
-1152.05	3772.79	1	-0.000305789
-1152.05	3778.16	1	-0.00041592
-1152.05	3783.52	1	-0.000525974
-1152.06	3788.88	1	-0.000635951
-1152.06	3794.24	1	-0.000739024
-1152.06	3799.6	1	-0.000831416
-1152.07	3804.96	1	-0.000919955
-1152.07	3810.31	0.999999	-0.00100842
-1152.08	3815.67	0.999999	-0.0010968
-1152.09	3821.02	0.999999	-0.00118523
-1152.09	3826.37	0.999999	-0.00127369
-1152.1	3831.73	0.999999	-0.00136208
-1152.11	3837.08	0.999999	-0.00145039
-1152.11	3842.43	0.999999	-0.00153858
-1152.12	3847.77	0.999999	-0.00162682
-1152.13	3853.12	0.999999	-0.00171513
-1152.14	3858.47	0.999998	-0.00180336
-1152.15	3863.81	0.999998	-0.00189152
-1152.16	3869.15	0.999998	-0.00197972
-1152.17	3874.49	0.999998	-0.00206795
-1152.18	3879.83	0.999998	-0.00215611
-1152.19	3885.17	0.999997	-0.00224419
-1152.21	3890.51	0.999997	-0.00233219
-1152.22	3895.85	0.999997	-0.00242024
-1152.23	3901.18	0.999997	-0.00250832
-1152.25	3906.52	0.999997	-0.00259632
-1152.26	3911.85	0.999996	-0.00268425
-1152.27	3917.18	0.999996	-0.0027721
-1152.29	3922.51	0.999996	-0.00299156
-1152.31	3927.84	0.999994	-0.00334259
-1152.33	3933.17	0.999993	-0.0036935
-1152.35	3938.5	0.999992	-0.00404433
-1152.37	3943.82	0.999991	-0.00426372
-1152.39	3949.15	0.999991	-0.00435161
-1152.41	3954.47	0.99999	-0.00443938
-1152.44	3959.79	0.99999	-0.00452708
-1152.46	3965.12	0.999989	-0.0046147
-1152.49	3970.43	0.999989	-0.0047024
-1152.51	3975.75	0.999989	-0.00479018
-1152.54	3981.07	0.999988	-0.00487788
-1152.56	3986.39	0.999988	-0.0049655
-1152.59	3991.7	0.999987	-0.00505316
-1152.62	3997.01	0.999987	-0.00514086
-1152.65	4002.33	0.999986	-0.00522844
-1152.67	4007.64	0.999986	-0.00531591
-1152.7	4012.95	0.999985	-0.0054033
-1152.73	4018.26	0.999985	-0.00549077
-1152.76	4023.56	0.999984	-0.00557832
-1152.79	4028.87	0.999984	-0.00566579
-1152.82	4034.18	0.999983	-0.00575318
-1152.85	4039.48	0.999984	-0.00570993
-1152.88	4044.78	0.999985	-0.00553602
-1152.91	4050.08	0.999986	-0.00536203
-1152.94	4055.38	0.999987	-0.00518797
-1152.96	4060.68	0.999987	-0.00501383
-1152.99	4065.98	0.999988	-0.00483992
-1153.02	4071.28	0.999989	-0.00466624
-1153.04	4076.57	0.99999	-0.00449248
-1153.06	4081.87	0.999991	-0.00431865
-1153.09	4087.16	0.999991	-0.00414497
-1153.11	4092.45	0.999992	-0.00397147
-1153.13	4097.74	0.999993	-0.00379794
-1153.15	4103.03	0.999993	-0.00362434
-1153.17	4108.32	0.999994	-0.00345066
-1153.18	4113.61	0.999995	-0.0032772
-1153.2	4118.89	0.999995	-0.00310398
-1153.22	4124.18	0.999996	-0.00293068
-1153.23	4129.46	0.999996	-0.0027573
-1153.25	4134.74	0.999997	-0.00258408
-1153.26	4140.02	0.999997	-0.002411
-1153.27	4145.3	0.999997	-0.00223786
-1153.28	4150.58	0.999998	-0.00206463
-1153.29	4155.86	0.999998	-0.00189133
-1153.3	4161.14	0.999999	-0.00171826
-1153.31	4166.41	0.999999	-0.00154541
-1153.32	4171.69	0.999999	-0.00137249
-1153.33	4176.96	0.999999	-0.00119953
-1153.33	4182.23	0.999999	-0.00102677
-1153.34	4187.5	1	-0.000854152
-1153.34	4192.77	1	-0.000681461
-1153.35	4198.04	1	-0.000508693
-1153.35	4203.3	1	-0.000335849
-1153.35	4208.57	1	-0.000163234
-1153.35	4213.83	1	9.15214e-06
-1153.35	4219.1	1	0.000181615
-1153.35	4224.36	1	0.000354153
-1153.35	4229.62	1	0.000397145
-1153.34	4234.88	1	0.00031059
-1153.34	4240.14	1	0.00022411
-1153.34	4245.39	1	0.000137707
-1153.34	4250.65	1	5.13808e-05
-1153.34	4255.91	1	-3.50221e-05
-1153.34	4261.16	1	-0.000121501
-1153.34	4266.41	1	-0.000207904
-1153.34	4271.66	1	-0.000294231
-1153.35	4276.91	1	-0.000380443
-1153.35	4282.16	1	-0.000466693
-1153.35	4287.41	1	-0.00055302
-1153.35	4292.66	1	-0.00063927
-1153.36	4297.9	1	-0.000725444
-1153.36	4303.14	1	-0.000682758
-1153.36	4308.39	1	-0.000511211
-1153.37	4313.63	1	-0.000339587
-1153.37	4318.87	1	-0.000167888
-1153.37	4324.11	1	3.88785e-06
-1153.37	4329.35	1	0.000175435
-1153.37	4334.58	1	0.000346753
-1153.36	4339.82	1	0.000518147
-1153.36	4345.05	1	0.000689618
-1153.36	4350.29	1	0.000732342
-1153.35	4355.52	1	0.000646321
-1153.35	4360.75	1	0.000560376
-1153.35	4365.98	1	0.000474507
-1153.35	4371.21	1	0.000388715
-1153.34	4376.44	1	0.000302846
-1153.34	4381.66	1	0.000216901
-1153.34	4386.89	1	0.000117833
-1153.34	4392.11	1	-2.08314e-05
-1153.34	4397.34	1	-0.000188831
-1153.34	4402.56	1	-0.000359653
-1153.35	4407.78	1	-0.00053036
-1153.35	4413	1	-0.000704768
-1153.35	4418.22	1	-0.000905498
-1153.36	4423.43	0.999999	-0.00112889
-1153.36	4428.65	0.999999	-0.00135231
-1153.37	4433.86	0.999999	-0.00157563
-1153.38	4439.08	0.999998	-0.00179878
-1153.39	4444.29	0.999998	-0.001894
-1153.4	4449.5	0.999998	-0.00186131
-1153.41	4454.71	0.999998	-0.0018285
-1153.42	4459.92	0.999998	-0.00179558
-1153.43	4465.13	0.999998	-0.00176254
-1153.44	4470.33	0.999999	-0.00172965
-1153.45	4475.54	0.999999	-0.00169699
-1153.45	4480.74	0.999999	-0.00166423
-1153.46	4485.94	0.999999	-0.00163134
-1153.47	4491.15	0.999999	-0.00159857
-1153.48	4496.35	0.999999	-0.00156597
-1153.49	4501.55	0.999999	-0.00153325
-1153.5	4506.74	0.999999	-0.00150041
-1153.5	4511.94	0.999999	-0.00146747
-1153.51	4517.14	0.999999	-0.00143465
-1153.52	4522.33	0.999999	-0.00140209
-1153.53	4527.53	0.999999	-0.0013694
-1153.53	4532.72	0.999999	-0.00133661
-1153.54	4537.91	0.999999	-0.00130388
-1153.55	4543.1	0.999999	-0.00127135
-1153.55	4548.29	0.999999	-0.00123871
-1153.56	4553.48	0.999999	-0.00120595
-1153.57	4558.66	0.999999	-0.00117311
-1153.57	4563.85	0.999999	-0.00114041
-1153.58	4569.03	0.999999	-0.00110793
-1153.58	4574.22	0.999999	-0.00107532
-1153.59	4579.4	0.999999	-0.00104264
-1153.59	4584.58	0.999999	-0.00101003
-1153.6	4589.76	1	-0.000977573
-1153.6	4594.94	1	-0.00094501
-1153.61	4600.12	1	-0.000912326
-1153.61	4605.29	1	-0.000879565
-1153.62	4610.47	1	-0.000846942
-1153.62	4615.64	1	-0.000814532
-1153.63	4620.81	1	-0.000782001
-1153.63	4625.99	1	-0.000749393
-1153.63	4631.16	1	-0.000716678
-1153.64	4636.33	1	-0.000684055
-1153.64	4641.49	1	-0.000651675
-1153.64	4646.66	1	-0.00061922
-1153.65	4652.34	1	-0.000583392
-1153.65	4656.99	1	-0.000554157
-1153.65	4662.67	1	-0.000518581
-1153.66	4667.83	1	-0.000486118
-1153.66	4672.99	1	-0.000453578
-1153.66	4678.15	1	-0.000420924
-1153.66	4683.31	1	-0.000388423
-1153.67	4688.47	1	-0.000356113
-1153.67	4693.63	1	-0.000323726
-1153.67	4698.78	1	-0.000291225
-1153.67	4703.94	1	-0.000258838
-1153.67	4709.09	1	-0.000226566
-1153.67	4714.24	1	-0.000194179
-1153.67	4719.39	1	-0.000161716
-1153.67	4724.54	1	-0.000129138
-1153.67	4729.69	1	-9.67133e-05
-1153.68	4734.84	1	-6.44791e-05
-1153.68	4739.98	1	-3.21687e-05
-1153.68	4745.13	1	2.56263e-07
-1153.68	4750.27	1	3.25667e-05
-1153.68	4755.42	1	6.47628e-05
-1153.67	4760.56	1	9.70733e-05
-1153.67	4765.7	1	0.00012946
-1153.67	4770.84	1	0.000161961
-1153.67	4775.98	1	0.00019431
-1153.67	4781.11	1	0.000226468
-1153.67	4786.25	1	0.000258702
-1153.67	4791.38	1	0.000291051
-1153.67	4796.52	1	0.000323514
-1153.67	4801.65	1	0.000355786
-1153.66	4806.78	1	0.000387868
-1153.66	4811.91	1	0.000420064
-1153.66	4817.04	1	0.000452374
-1153.66	4822.17	1	0.00048457
-1153.65	4827.3	1	0.000516652
-1153.65	4832.42	1	0.00054881
-1153.65	4837.55	1	0.000581082
-1153.65	4842.67	1	0.000613469
-1153.64	4847.79	1	0.000645665
-1153.64	4852.91	1	0.00067767
-1153.64	4858.03	1	0.00070979
-1153.63	4863.15	1	0.000742024
-1153.63	4868.27	1	0.000774144
-1153.62	4873.39	1	0.000806149
-1153.62	4878.5	1	0.000838231
-1153.62	4883.62	1	0.000870427
-1153.61	4888.73	1	0.000777501
-1153.61	4893.84	1	0.000559453
-1153.61	4898.95	1	0.000341519
-1153.6	4904.06	1	0.00010806
-1153.6	4909.17	1	-0.000173084
-1153.61	4914.28	1	-0.000533305
-1153.61	4919.38	1	-0.000969821
-1153.61	4924.49	0.999999	-0.00145394
-1153.62	4929.59	0.999998	-0.00196912
-1153.63	4934.7	0.999997	-0.00250985
-1153.65	4939.8	0.999996	-0.0027052
-1153.66	4944.9	0.999997	-0.00256432
-1153.67	4950	0.999997	-0.00248658
-1153.69	4955.1	0.999997	-0.00249764
-1153.7	4960.2	0.999997	-0.00260434
-1153.71	4965.29	0.999996	-0.00281209
-1153.73	4970.39	0.999995	-0.00311764
-1153.75	4975.48	0.999994	-0.00352742
-1153.76	4980.57	0.999992	-0.0040789
-1153.79	4985.67	0.999989	-0.00469604
-1153.81	4990.76	0.999985	-0.00542361
-1153.84	4995.85	0.999979	-0.0064135
-1153.88	5000.93	0.999971	-0.0076777
-1153.92	5006.02	0.999958	-0.00920101
-1153.97	5011.11	0.99994	-0.0109767
-1154.03	5016.19	0.999915	-0.013014
-1154.1	5021.28	0.999883	-0.0152964
-1154.18	5026.36	0.999841	-0.0178201
-1154.28	5031.44	0.999745	-0.0225778
-1154.41	5036.52	0.999563	-0.0295723
-1154.57	5041.59	0.999321	-0.0368379
-1154.77	5046.67	0.999014	-0.0443868
-1155.02	5051.74	0.998439	-0.0558547
-1155.33	5056.81	0.99746	-0.0712294
-1155.73	5061.87	0.996221	-0.086856
-1156.2	5066.92	0.99471	-0.102723
-1156.75	5071.96	0.992914	-0.118834
-1157.39	5077	0.990808	-0.135278
-1158.11	5082.02	0.988377	-0.152023
-1158.91	5087.03	0.985631	-0.168916
-1159.81	5092.02	0.982578	-0.185853
-1160.78	5096.99	0.979232	-0.202743
-1161.84	5101.95	0.975701	-0.219107
-1162.99	5106.89	0.97202	-0.234899
-1164.21	5111.81	0.96811	-0.250527
-1165.51	5116.7	0.963978	-0.265982
-1167.03	5122.06	0.95919	-0.282764
-1168.49	5126.91	0.954858	-0.297061
-1170.02	5131.74	0.950603	-0.31041
-1171.62	5136.54	0.946219	-0.323527
-1173.29	5141.32	0.941719	-0.336401
-1175.01	5146.08	0.937116	-0.349019
-1176.8	5150.81	0.932708	-0.360634
-1178.65	5155.53	0.928529	-0.37126
-1180.55	5160.21	0.924307	-0.38165
-1182.5	5164.88	0.920045	-0.391813
-1184.5	5169.52	0.915748	-0.401754
-1186.55	5174.14	0.911753	-0.410738
-1188.64	5178.74	0.908087	-0.418782
-1190.78	5183.33	0.904418	-0.426647
-1192.95	5187.89	0.900735	-0.43437
-1195.16	5192.43	0.897029	-0.441973
-1197.4	5196.95	0.893517	-0.449029
-1199.69	5201.46	0.890192	-0.455585
-1202	5205.94	0.886823	-0.462109
-1204.34	5210.41	0.883406	-0.468608
-1206.72	5214.86	0.880115	-0.47476
-1209.13	5219.3	0.876932	-0.480614
-1211.56	5223.71	0.873624	-0.486602
-1214.03	5228.11	0.870139	-0.492807
-1216.53	5232.49	0.866471	-0.499228
-1219.06	5236.85	0.861969	-0.506961
-1221.63	5241.18	0.856589	-0.515999
-1224.25	5245.49	0.850965	-0.525222
-1226.91	5249.76	0.8451	-0.534608
-1229.63	5254.01	0.838996	-0.544137
-1232.38	5258.22	0.83343	-0.552625
-1235.18	5262.41	0.828407	-0.560127
-1238.02	5266.57	0.823138	-0.567841
-1240.89	5270.7	0.817648	-0.575719
-1243.8	5274.8	0.811962	-0.583711
-1246.75	5278.87	0.806518	-0.591209
-1249.74	5282.92	0.801329	-0.598224
-1252.76	5286.94	0.795947	-0.605367
-1255.82	5290.93	0.790345	-0.612662
-1258.91	5294.89	0.784831	-0.61971
-1262.04	5298.82	0.779436	-0.626482
-1265.2	5302.72	0.773853	-0.633365
-1268.4	5306.6	0.768064	-0.640373
-1271.63	5310.44	0.762056	-0.647511
-1274.9	5314.25	0.751457	-0.659783
-1278.24	5317.99	0.735992	-0.676991
-1281.67	5321.66	0.719902	-0.694075
-1285.19	5325.24	0.703183	-0.711009
-1288.79	5328.73	0.685841	-0.727752
-1292.48	5332.14	0.667909	-0.744243
-1296.24	5335.45	0.649429	-0.760422
-1300.09	5338.67	0.630404	-0.776267
-1304.02	5341.79	0.610846	-0.791749
-1308.02	5344.82	0.591083	-0.806611
-1312.09	5347.74	0.571192	-0.820816
-1316.24	5350.57	0.550946	-0.834541
-1320.45	5353.29	0.530372	-0.847765
-1324.72	5355.91	0.509483	-0.860481
-1329.06	5358.42	0.495833	-0.868418
-1333.42	5360.9	0.489649	-0.87192
-1337.79	5363.34	0.483496	-0.875347
-1342.19	5365.75	0.477442	-0.878663
-1346.6	5368.12	0.463137	-0.886287
-1351.06	5370.39	0.440375	-0.897814
-1355.58	5372.55	0.417454	-0.908698
-1360.15	5374.6	0.394325	-0.918971
-1364.77	5376.53	0.370974	-0.928643
-1369.44	5378.34	0.349068	-0.937097
-1374.14	5380.04	0.32877	-0.94441
-1378.88	5381.65	0.308569	-0.951202
-1383.66	5383.15	0.288496	-0.957481
-1388.46	5384.56	0.276424	-0.961036
-1393.27	5385.94	0.272444	-0.962172
-1398.08	5387.29	0.26873	-0.963216
-1402.9	5388.63	0.265281	-0.964171
-1403.87	5388.9	0.26495	-0.964262
-1403.87	5388.9	0.26495	-0.964262
-1403.87	5388.9	0.26495	-0.964262
-1403.87	5388.9	0.26495	-0.964262
-1403.87	5388.9	0.26495	-0.964262
-1403.87	5388.9	0.26495	-0.964262
-1403.87	5388.9	0.26495	-0.964262
-1403.87	5388.9	0.26495	-0.964262
-1403.87	5388.9	0.26495	-0.964262
-1403.87	5388.9	0.26495	-0.964262
-1403.87	5388.9	0.26495	-0.964262
-1403.87	5388.9	0.26495	-0.964262
-1403.87	5388.9	0.26495	-0.964262
-1403.87	5388.9	0.26495	-0.964262
-1403.87	5388.9	0.26495	-0.964262
-1403.87	5388.9	0.26495	-0.964262
-1403.87	5388.9	0.26495	-0.964262
-1403.87	5388.9	0.26495	-0.964262
-1403.87	5388.9	0.26495	-0.964262
-1403.87	5388.9	0.26495	-0.964262
-1403.87	5388.9	0.26495	-0.964262
-1403.87	5388.9	0.26495	-0.964262
-1403.87	5388.9	0.26495	-0.964262
-1403.87	5388.9	0.26495	-0.964262
-1403.87	5388.9	0.26495	-0.964262
-1403.87	5388.9	0.26495	-0.964262
-1403.87	5388.9	0.26495	-0.964262
-1403.87	5388.9	0.26495	-0.964262
-1403.87	5388.9	0.26495	-0.964262
-1403.87	5388.9	0.26495	-0.964262
-1403.87	5388.9	0.26495	-0.964262
-1403.87	5388.9	0.26495	-0.964262
-1403.87	5388.9	0.26495	-0.964262
-1403.87	5388.9	0.26495	-0.964262
-1403.87	5388.9	0.26495	-0.964262
