1170	-5100	1	0
1170	-5100	1	0
1170	-5100	1	0
1170	-5100	1	0
1170	-5100	1	0
1170	-5100	1	0
1170	-5100	1	0
1170	-5100	1	0
1170	-5100	1	0
1170	-5100	1	0
1170	-5100	1	0
1170	-5100	1	0
1170	-5100	1	0
1170	-5100	1	0
1170	-5100	1	0
1170	-5100	1	0
1170	-5100	1	0
1170	-5100	1	0
1170	-5100	1	0
1170	-5100	1	0
1170	-5100	1	0
1170	-5100	1	0
1170	-5100	1	-0.000145367
1170	-5100	1	-0.000581507
1170	-5099.99	0.999999	-0.0013085
1170	-5099.98	0.999997	-0.00232642
1170	-5099.97	0.999993	-0.00363499
1170	-5099.96	0.999987	-0.0050595
1170	-5099.94	0.999975	-0.00712328
1170	-5099.92	0.999957	-0.00930313
1170	-5099.9	0.999931	-0.0117815
1170	-5099.87	0.999894	-0.0145803
1170	-5099.85	0.999842	-0.0177551
1170	-5099.82	0.999772	-0.0213476
1170	-5099.78	0.999679	-0.0253384
1170	-5099.74	0.999559	-0.0297015
1169.99	-5099.7	0.999407	-0.0344249
1169.99	-5099.66	0.999219	-0.0395086
1169.99	-5099.61	0.998989	-0.0449633
1169.99	-5099.56	0.998709	-0.0508048
1169.99	-5099.51	0.998371	-0.0570486
1169.98	-5099.45	0.997969	-0.0637026
1169.98	-5099.39	0.997493	-0.0707691
1169.97	-5099.32	0.996936	-0.0782248
1169.97	-5099.25	0.996294	-0.0860123
1169.96	-5099.18	0.995552	-0.0942129
1169.95	-5099.11	0.994757	-0.102264
1169.94	-5099.02	0.993552	-0.113376
1169.93	-5098.93	0.992324	-0.123662
1169.92	-5098.8	0.990436	-0.137973
1169.9	-5098.68	0.988271	-0.152713
1169.88	-5098.55	0.985893	-0.167375
1169.85	-5098.38	0.98234	-0.187104
1169.82	-5098.21	0.978401	-0.206716
1169.77	-5098.03	0.973683	-0.227906
1169.73	-5097.85	0.968686	-0.248291
1169.67	-5097.62	0.964969	-0.262365
1169.61	-5097.4	0.964974	-0.262344
1169.55	-5097.17	0.964997	-0.26226
1169.49	-5096.94	0.965036	-0.262117
1169.43	-5096.72	0.965073	-0.26198
1169.35	-5096.46	0.965122	-0.261801
1169.29	-5096.21	0.965186	-0.261566
1169.22	-5095.96	0.965268	-0.261263
1169.15	-5095.7	0.96535	-0.260957
1169.08	-5095.43	0.965434	-0.260647
1169	-5095.15	0.965519	-0.260332
1168.92	-5094.85	0.965611	-0.259991
1168.84	-5094.55	0.965709	-0.259625
1168.75	-5094.22	0.965809	-0.259256
1168.66	-5093.89	0.965908	-0.258885
1168.57	-5093.54	0.966016	-0.258481
1168.47	-5093.17	0.966133	-0.258045
1168.37	-5092.79	0.96625	-0.257606
1168.26	-5092.4	0.966368	-0.257164
1168.16	-5091.99	0.966486	-0.256719
1168.04	-5091.57	0.966615	-0.256234
1167.93	-5091.14	0.966753	-0.25571
1167.81	-5090.69	0.966893	-0.255183
1167.69	-5090.22	0.967032	-0.254653
1167.56	-5089.75	0.967172	-0.254123
1167.43	-5089.25	0.96732	-0.253559
1167.3	-5088.75	0.967476	-0.252962
1167.16	-5088.23	0.967632	-0.252364
1167.03	-5087.69	0.967789	-0.251763
1166.88	-5087.14	0.967953	-0.251131
1166.74	-5086.58	0.968125	-0.250467
1166.59	-5086	0.968298	-0.2498
1166.44	-5085.41	0.96847	-0.24913
1166.28	-5084.81	0.968643	-0.248457
1166.12	-5084.19	0.968821	-0.247763
1165.96	-5083.55	0.969003	-0.247048
1165.79	-5082.91	0.969186	-0.24633
1165.63	-5082.24	0.969369	-0.245609
1165.46	-5081.57	0.969559	-0.244858
1165.28	-5080.88	0.969756	-0.244077
1165.1	-5080.17	0.969953	-0.243292
1164.92	-5079.45	0.97015	-0.242504
1164.74	-5078.72	0.970348	-0.241714
1164.56	-5077.98	0.970553	-0.240886
1164.37	-5077.21	0.970768	-0.240021
1164.18	-5076.44	0.970982	-0.239152
1163.98	-5075.65	0.971196	-0.23828
1163.78	-5074.85	0.971417	-0.23738
1163.59	-5074.03	0.971643	-0.236452
1163.38	-5073.2	0.971869	-0.235522
1163.18	-5072.35	0.972095	-0.234588
1162.97	-5071.49	0.97232	-0.233654
1162.76	-5070.62	0.972551	-0.232692
1162.55	-5069.73	0.972782	-0.231722
1162.33	-5068.83	0.973	-0.230807
1162.12	-5067.91	0.973199	-0.229964
1161.9	-5066.98	0.973423	-0.229014
1161.68	-5066.03	0.973677	-0.227932
1161.45	-5065.07	0.973923	-0.226877
1161.23	-5064.1	0.974161	-0.225856
1161	-5063.11	0.974387	-0.224878
1160.77	-5062.11	0.97461	-0.223908
1160.53	-5061.1	0.974832	-0.222939
1160.3	-5060.07	0.97505	-0.221985
1160.06	-5059.02	0.975266	-0.221034
1159.82	-5057.96	0.975486	-0.22006
1159.58	-5056.89	0.975707	-0.219078
1159.34	-5055.81	0.975918	-0.218139
1159.09	-5054.71	0.976115	-0.217254
1158.84	-5053.59	0.9763	-0.216424
1158.59	-5052.46	0.976483	-0.215596
1158.34	-5051.32	0.976664	-0.214775
1158.09	-5050.16	0.97683	-0.214019
1157.83	-5048.99	0.976978	-0.21334
1157.57	-5047.81	0.976746	-0.214399
1157.31	-5046.61	0.976129	-0.217189
1157.04	-5045.4	0.975488	-0.220051
1156.76	-5044.17	0.974823	-0.222982
1156.48	-5042.93	0.974131	-0.225985
1156.18	-5041.68	0.973394	-0.229138
1155.88	-5040.42	0.972616	-0.232418
1155.58	-5039.14	0.971821	-0.235719
1155.26	-5037.86	0.971007	-0.239053
1154.94	-5036.55	0.970166	-0.242443
1154.61	-5035.24	0.969298	-0.245888
1154.27	-5033.91	0.968406	-0.249378
1153.92	-5032.57	0.967488	-0.252918
1153.57	-5031.22	0.966544	-0.256501
1153.21	-5029.86	0.965573	-0.260132
1152.83	-5028.48	0.964574	-0.263812
1152.45	-5027.1	0.963549	-0.26753
1152.06	-5025.7	0.962496	-0.271296
1151.66	-5024.28	0.96141	-0.27512
1151.25	-5022.86	0.960293	-0.278992
1150.83	-5021.42	0.959153	-0.282889
1150.4	-5019.98	0.95799	-0.2868
1149.96	-5018.52	0.956806	-0.290726
1149.51	-5017.05	0.9556	-0.294667
1149.05	-5015.56	0.95437	-0.298628
1148.58	-5014.07	0.953115	-0.302608
1148.1	-5012.56	0.951838	-0.306602
1147.61	-5011.05	0.950537	-0.310611
1147.11	-5009.52	0.949231	-0.314579
1146.59	-5007.98	0.94792	-0.318508
1146.07	-5006.43	0.946586	-0.32245
1145.54	-5004.87	0.94523	-0.326406
1144.99	-5003.3	0.94385	-0.330373
1144.43	-5001.72	0.942449	-0.334349
1143.86	-5000.12	0.941026	-0.338334
1143.29	-4998.52	0.93958	-0.342331
1142.69	-4996.91	0.938109	-0.34634
1142.09	-4995.28	0.936621	-0.350345
1141.48	-4993.65	0.935114	-0.354346
1140.85	-4992	0.933584	-0.35836
1140.21	-4990.35	0.932028	-0.362386
1139.56	-4988.68	0.930448	-0.366423
1138.9	-4987	0.928848	-0.37046
1138.22	-4985.32	0.927228	-0.374496
1137.53	-4983.62	0.925583	-0.378544
1136.83	-4981.92	0.923913	-0.382603
1136.12	-4980.2	0.922271	-0.386543
1135.39	-4978.48	0.92066	-0.390365
1134.65	-4976.75	0.919025	-0.394199
1133.9	-4975	0.917366	-0.398044
1133.14	-4973.25	0.915683	-0.401901
1132.36	-4971.49	0.913962	-0.405799
1131.57	-4969.72	0.912203	-0.409738
1130.77	-4967.94	0.910419	-0.413687
1129.95	-4966.15	0.908609	-0.417648
1129.12	-4964.35	0.906773	-0.421618
1128.28	-4962.54	0.904924	-0.425573
1127.42	-4960.73	0.903062	-0.42951
1126.55	-4958.9	0.901174	-0.433457
1125.66	-4957.07	0.89926	-0.437415
1124.76	-4955.23	0.897366	-0.441288
1123.85	-4953.38	0.895493	-0.445076
1122.92	-4951.52	0.893594	-0.448875
1121.98	-4949.66	0.891671	-0.452684
1121.03	-4947.78	0.889722	-0.456502
1120.06	-4945.9	0.887798	-0.460234
1119.07	-4944.01	0.885898	-0.463879
1118.08	-4942.12	0.883975	-0.467534
1117.07	-4940.21	0.882028	-0.471198
1116.04	-4938.3	0.878839	-0.477118
1114.99	-4936.38	0.874365	-0.48527
1113.91	-4934.46	0.869803	-0.4934
1112.82	-4932.54	0.865154	-0.501507
1111.69	-4930.62	0.860417	-0.509591
1110.54	-4928.7	0.855537	-0.517741
1109.37	-4926.77	0.850512	-0.525955
1108.17	-4924.85	0.845396	-0.53414
1106.94	-4922.92	0.840187	-0.542297
1105.69	-4921	0.834905	-0.550393
1104.41	-4919.07	0.829551	-0.558431
1103.1	-4917.15	0.824106	-0.566436
1101.77	-4915.23	0.81857	-0.574407
1100.41	-4913.31	0.812942	-0.582345
1099.02	-4911.39	0.807311	-0.590126
1097.61	-4909.47	0.801682	-0.597751
1096.17	-4907.56	0.795965	-0.605342
1094.71	-4905.64	0.790163	-0.612897
1093.22	-4903.74	0.784309	-0.620371
1091.7	-4901.83	0.778405	-0.627762
1090.15	-4899.93	0.772417	-0.635116
1088.58	-4898.03	0.766346	-0.642428
1086.98	-4896.14	0.760194	-0.649696
1085.36	-4894.26	0.754042	-0.656826
1083.71	-4892.38	0.747891	-0.663821
1082.04	-4890.51	0.741664	-0.670772
1080.34	-4888.65	0.735364	-0.677673
1078.62	-4886.8	0.729174	-0.684328
1076.88	-4884.96	0.723152	-0.690689
1075.13	-4883.13	0.717204	-0.696864
1073.35	-4881.31	0.711392	-0.702796
1071.56	-4879.51	0.705754	-0.708457
1069.75	-4877.72	0.700365	-0.713785
1067.93	-4875.94	0.695172	-0.718844
1066.09	-4874.18	0.690041	-0.72377
1064.25	-4872.43	0.684976	-0.728565
1062.39	-4870.69	0.680407	-0.732834
1060.51	-4868.96	0.676369	-0.736563
1058.63	-4867.24	0.672472	-0.740123
1056.74	-4865.53	0.668702	-0.74353
1054.84	-4863.82	0.665085	-0.746768
1052.93	-4862.13	0.661898	-0.749594
1051.01	-4860.44	0.659145	-0.752016
1049.09	-4858.76	0.656505	-0.754322
1047.15	-4857.08	0.653878	-0.7566
1045.22	-4855.41	0.651256	-0.758858
1043.27	-4853.74	0.648856	-0.760911
1041.32	-4852.08	0.646696	-0.762747
1039.36	-4850.43	0.644603	-0.764517
1037.4	-4848.78	0.642586	-0.766213
1035.43	-4847.13	0.640627	-0.767852
1033.45	-4845.48	0.638834	-0.769345
1031.48	-4843.84	0.637226	-0.770677
1029.49	-4842.21	0.635691	-0.771944
1027.51	-4840.57	0.634237	-0.773139
1025.52	-4838.94	0.632944	-0.774198
1023.52	-4837.31	0.631832	-0.775105
1021.52	-4835.69	0.630854	-0.775902
1019.52	-4834.06	0.629981	-0.77661
1017.51	-4832.43	0.629152	-0.777282
1015.51	-4830.81	0.628346	-0.777934
1013.49	-4829.19	0.627575	-0.778556
1011.48	-4827.56	0.62685	-0.77914
1009.46	-4825.94	0.626174	-0.779683
1007.44	-4824.32	0.625545	-0.780188
1005.41	-4822.7	0.624954	-0.780661
1003.39	-4821.07	0.624387	-0.781115
1001.36	-4819.45	0.623845	-0.781548
999.325	-4817.83	0.623362	-0.781934
997.289	-4816.21	0.62291	-0.782293
995.251	-4814.59	0.622511	-0.782611
993.21	-4812.96	0.622234	-0.782831
991.167	-4811.34	0.622064	-0.782966
989.12	-4809.71	0.621961	-0.783048
987.072	-4808.09	0.621879	-0.783113
985.021	-4806.46	0.621812	-0.783167
982.967	-4804.83	0.621771	-0.783199
980.912	-4803.2	0.62176	-0.783208
978.854	-4801.56	0.621796	-0.783179
976.794	-4799.93	0.621898	-0.783098
974.732	-4798.29	0.622076	-0.782957
972.668	-4796.65	0.622333	-0.782753
970.602	-4795.01	0.622674	-0.782481
968.535	-4793.36	0.623895	-0.781508
966.469	-4791.71	0.625949	-0.779864
964.406	-4790.05	0.628003	-0.778211
962.344	-4788.38	0.630056	-0.77655
960.285	-4786.71	0.632307	-0.774718
958.228	-4785.02	0.634753	-0.772715
956.174	-4783.33	0.637197	-0.770701
954.124	-4781.63	0.639637	-0.768677
952.077	-4779.92	0.64207	-0.766646
950.032	-4778.21	0.644366	-0.764717
947.991	-4776.48	0.646524	-0.762893
945.952	-4774.75	0.648682	-0.76106
943.916	-4773.01	0.65084	-0.759215
941.883	-4771.27	0.652999	-0.757359
939.853	-4769.51	0.65505	-0.755586
937.825	-4767.75	0.656938	-0.753945
935.799	-4765.98	0.658825	-0.752296
933.775	-4764.2	0.660711	-0.75064
931.755	-4762.42	0.663919	-0.747804
929.742	-4760.63	0.668434	-0.743771
927.737	-4758.82	0.672928	-0.739708
925.742	-4756.99	0.677401	-0.735614
923.755	-4755.15	0.681852	-0.73149
921.778	-4753.3	0.686286	-0.727332
919.809	-4751.43	0.690703	-0.723138
917.85	-4749.55	0.695098	-0.718915
915.901	-4747.66	0.69947	-0.714662
913.961	-4745.75	0.703761	-0.710437
912.03	-4743.83	0.707971	-0.706241
910.109	-4741.89	0.712159	-0.702018
908.197	-4739.95	0.716326	-0.697766
906.295	-4737.98	0.72047	-0.693486
904.403	-4736.01	0.724535	-0.689239
902.52	-4734.02	0.728521	-0.685024
900.647	-4732.02	0.732485	-0.680783
898.783	-4730	0.736429	-0.676515
896.929	-4727.98	0.740293	-0.672284
895.085	-4725.94	0.74408	-0.668091
893.25	-4723.88	0.747845	-0.663873
891.425	-4721.82	0.75159	-0.65963
889.61	-4719.74	0.755315	-0.655362
887.804	-4717.65	0.758903	-0.651204
886.008	-4715.55	0.762358	-0.647155
884.221	-4713.43	0.765795	-0.643085
882.444	-4711.31	0.769213	-0.638993
880.676	-4709.17	0.772498	-0.635017
878.917	-4707.02	0.775652	-0.63116
877.166	-4704.86	0.778791	-0.627284
875.425	-4702.69	0.781913	-0.623388
873.693	-4700.51	0.785018	-0.619473
871.969	-4698.32	0.788052	-0.615608
870.255	-4696.11	0.791016	-0.611795
868.549	-4693.9	0.793964	-0.607964
866.852	-4691.67	0.796897	-0.604115
865.164	-4689.44	0.799813	-0.600249
863.485	-4687.19	0.802605	-0.59651
861.815	-4684.94	0.805274	-0.592903
860.153	-4682.67	0.807929	-0.589279
858.499	-4680.4	0.810571	-0.58564
856.854	-4678.11	0.813146	-0.58206
855.217	-4675.81	0.815654	-0.57854
853.588	-4673.51	0.81815	-0.575005
851.968	-4671.2	0.820633	-0.571455
850.356	-4668.87	0.823104	-0.567891
848.752	-4666.54	0.825456	-0.564467
847.156	-4664.2	0.827692	-0.561183
845.568	-4661.85	0.829917	-0.557887
843.987	-4659.49	0.832131	-0.554578
842.414	-4657.12	0.834284	-0.551336
840.849	-4654.74	0.836374	-0.54816
839.291	-4652.36	0.838454	-0.544972
837.74	-4649.96	0.840525	-0.541772
836.197	-4647.56	0.842484	-0.538721
834.661	-4645.15	0.844333	-0.535819
833.131	-4642.73	0.846174	-0.532907
831.608	-4640.31	0.848007	-0.529985
830.092	-4637.87	0.849833	-0.527052
828.583	-4635.43	0.8516	-0.524192
827.08	-4632.98	0.85331	-0.521404
825.583	-4630.53	0.855013	-0.518606
824.093	-4628.06	0.856709	-0.515799
822.61	-4625.59	0.8583	-0.513148
821.132	-4623.11	0.859786	-0.510654
819.659	-4620.63	0.861267	-0.508152
818.193	-4618.14	0.862739	-0.505649
816.732	-4615.64	0.864203	-0.503144
815.278	-4613.13	0.865611	-0.500717
813.829	-4610.62	0.866965	-0.498369
812.387	-4608.11	0.868313	-0.496017
810.952	-4605.59	0.869655	-0.493659
809.522	-4603.06	0.870944	-0.491382
808.099	-4600.54	0.87218	-0.489185
806.682	-4598	0.873411	-0.486983
805.271	-4595.47	0.874637	-0.484778
803.866	-4592.93	0.875858	-0.482569
802.467	-4590.38	0.876981	-0.480525
801.073	-4587.83	0.878008	-0.478647
799.684	-4585.28	0.879031	-0.476765
798.301	-4582.72	0.88005	-0.474881
796.922	-4580.16	0.88102	-0.473079
795.548	-4577.6	0.881942	-0.471359
794.179	-4575.03	0.88286	-0.469636
792.814	-4572.46	0.883776	-0.467911
791.454	-4569.89	0.884643	-0.466268
790.098	-4567.31	0.885464	-0.464708
788.743	-4564.72	0.886285	-0.46314
787.389	-4562.13	0.887108	-0.461562
786.036	-4559.52	0.887934	-0.45997
784.682	-4556.9	0.888894	-0.458113
783.328	-4554.27	0.889986	-0.455988
781.974	-4551.62	0.891081	-0.453844
780.621	-4548.96	0.89218	-0.45168
779.269	-4546.28	0.893186	-0.449687
777.916	-4543.59	0.894101	-0.447866
776.563	-4540.88	0.89502	-0.446027
775.21	-4538.16	0.895943	-0.444168
773.857	-4535.43	0.896871	-0.442291
772.504	-4532.68	0.897749	-0.440507
771.15	-4529.91	0.898578	-0.438815
769.796	-4527.14	0.899411	-0.437105
768.442	-4524.34	0.900249	-0.435376
767.087	-4521.54	0.901092	-0.433629
765.732	-4518.72	0.901884	-0.431979
764.377	-4515.88	0.902625	-0.430428
763.021	-4513.03	0.903372	-0.428859
761.664	-4510.17	0.904119	-0.427281
760.307	-4507.29	0.904806	-0.425823
758.949	-4504.4	0.905414	-0.42453
757.589	-4501.5	0.905953	-0.423378
756.227	-4498.58	0.90639	-0.422442
754.862	-4495.65	0.90671	-0.421755
753.494	-4492.71	0.906838	-0.42148
752.121	-4489.75	0.906748	-0.421674
750.743	-4486.79	0.906498	-0.422209
749.36	-4483.83	0.906126	-0.423009
747.971	-4480.85	0.905662	-0.424
746.577	-4477.88	0.905082	-0.425238
745.176	-4474.9	0.904396	-0.426695
743.767	-4471.92	0.903659	-0.428253
742.351	-4468.94	0.902875	-0.429904
740.927	-4465.95	0.902042	-0.431649
739.494	-4462.97	0.901156	-0.433495
738.053	-4459.98	0.900214	-0.435447
736.602	-4456.98	0.89921	-0.437517
735.141	-4453.99	0.898141	-0.439708
733.67	-4450.99	0.897055	-0.441918
732.189	-4447.99	0.895957	-0.44414
730.697	-4444.99	0.894802	-0.446464
729.195	-4441.99	0.893592	-0.448879
727.68	-4438.98	0.892333	-0.451378
726.154	-4435.97	0.891021	-0.453963
724.616	-4432.96	0.88966	-0.456623
723.065	-4429.95	0.888267	-0.459328
721.502	-4426.94	0.886831	-0.462093
719.926	-4423.92	0.885311	-0.465
718.337	-4420.91	0.883798	-0.467869
716.735	-4417.89	0.882338	-0.470616
715.12	-4414.87	0.880853	-0.47339
713.493	-4411.85	0.879336	-0.476203
711.852	-4408.83	0.877819	-0.478992
710.199	-4405.81	0.876321	-0.481727
708.532	-4402.79	0.874836	-0.48442
706.853	-4399.76	0.873379	-0.487042
705.162	-4396.74	0.871938	-0.489616
703.457	-4393.71	0.870554	-0.492073
701.741	-4390.68	0.869221	-0.494424
700.013	-4387.65	0.867886	-0.496763
698.273	-4384.62	0.866555	-0.499082
696.522	-4381.59	0.865227	-0.501381
694.758	-4378.55	0.864128	-0.503272
692.986	-4375.51	0.863257	-0.504765
691.204	-4372.47	0.86238	-0.506261
689.413	-4369.42	0.861501	-0.507756
687.613	-4366.37	0.860738	-0.509048
685.805	-4363.32	0.860094	-0.510136
683.989	-4360.26	0.859448	-0.511224
682.165	-4357.2	0.8588	-0.512311
680.334	-4354.13	0.858152	-0.513396
678.495	-4351.06	0.857564	-0.514377
676.649	-4347.99	0.857038	-0.515253
674.795	-4344.91	0.856513	-0.516126
672.935	-4341.82	0.855987	-0.516997
671.067	-4338.73	0.855445	-0.517894
669.191	-4335.64	0.854907	-0.518781
667.308	-4332.54	0.854333	-0.519726
665.417	-4329.43	0.853634	-0.520873
663.517	-4326.32	0.852786	-0.52226
661.607	-4323.21	0.85186	-0.523769
659.687	-4320.09	0.850892	-0.525341
657.757	-4316.97	0.849832	-0.527054
655.817	-4313.85	0.848685	-0.528899
653.865	-4310.72	0.847478	-0.530831
651.899	-4307.59	0.845227	-0.534407
649.911	-4304.47	0.841935	-0.539578
647.899	-4301.34	0.83861	-0.544732
645.862	-4298.22	0.835244	-0.54988
643.801	-4295.11	0.831802	-0.555073
641.715	-4292	0.828445	-0.560071
639.606	-4288.9	0.825175	-0.564878
637.473	-4285.8	0.821809	-0.569763
635.315	-4282.7	0.818371	-0.574691
633.133	-4279.61	0.815073	-0.579358
630.927	-4276.52	0.811923	-0.583765
628.698	-4273.43	0.808705	-0.588215
626.446	-4270.35	0.805404	-0.592727
624.171	-4267.27	0.802039	-0.597272
621.871	-4264.2	0.796272	-0.604939
619.528	-4261.15	0.788013	-0.615659
617.137	-4258.13	0.779566	-0.62632
614.7	-4255.13	0.770934	-0.636915
612.214	-4252.15	0.762071	-0.647494
609.682	-4249.21	0.752958	-0.658069
607.101	-4246.29	0.743629	-0.668593
604.473	-4243.4	0.734098	-0.679043
601.528	-4240.25	0.723414	-0.690415
599.075	-4237.71	0.714812	-0.699317
596.308	-4234.91	0.705371	-0.708838
593.496	-4232.14	0.695786	-0.718249
590.641	-4229.41	0.686055	-0.72755
587.742	-4226.7	0.676428	-0.736509
584.801	-4224.03	0.667023	-0.745037
581.818	-4221.38	0.657457	-0.753492
578.794	-4218.77	0.647753	-0.76185
575.422	-4215.94	0.636939	-0.770915
572.626	-4213.65	0.628336	-0.777942
569.484	-4211.14	0.61899	-0.785399
566.305	-4208.66	0.609542	-0.792754
563.088	-4206.21	0.599995	-0.800004
559.507	-4203.55	0.589376	-0.807859
556.544	-4201.41	0.581207	-0.813756
553.221	-4199.06	0.572593	-0.81984
549.865	-4196.73	0.563895	-0.825846
546.477	-4194.44	0.555111	-0.831776
543.056	-4192.18	0.546679	-0.837342
539.605	-4189.94	0.538616	-0.842551
536.125	-4187.74	0.530491	-0.847691
532.617	-4185.56	0.522303	-0.85276
529.08	-4183.41	0.514052	-0.857759
525.155	-4181.08	0.505462	-0.862849
521.921	-4179.2	0.498766	-0.866737
518.302	-4177.14	0.491279	-0.871002
514.657	-4175.1	0.483739	-0.875212
510.987	-4173.09	0.476149	-0.879365
507.291	-4171.1	0.469009	-0.883193
503.572	-4169.14	0.462576	-0.88658
499.83	-4167.2	0.456107	-0.889925
496.066	-4165.29	0.449619	-0.893221
492.279	-4163.39	0.443169	-0.896438
488.471	-4161.52	0.437377	-0.899278
484.643	-4159.67	0.432299	-0.90173
480.798	-4157.84	0.427544	-0.903994
476.934	-4156.02	0.423259	-0.906009
473.055	-4154.22	0.41993	-0.907556
469.162	-4152.42	0.41786	-0.908512
465.258	-4150.63	0.416075	-0.90933
461.342	-4148.84	0.414565	-0.91002
457.415	-4147.05	0.413267	-0.91061
453.479	-4145.27	0.412433	-0.910988
449.14	-4143.31	0.412278	-0.911058
445.582	-4141.7	0.412425	-0.910992
441.623	-4139.9	0.412773	-0.910834
437.656	-4138.1	0.413223	-0.91063
433.682	-4136.3	0.413857	-0.910342
429.702	-4134.49	0.414738	-0.909941
425.715	-4132.67	0.415738	-0.909484
421.723	-4130.84	0.416883	-0.90896
417.726	-4129.01	0.418309	-0.908305
413.724	-4127.16	0.420136	-0.907461
409.717	-4125.3	0.422215	-0.906496
405.707	-4123.43	0.424459	-0.905447
401.694	-4121.54	0.426733	-0.904378
397.678	-4119.64	0.429106	-0.903254
393.659	-4117.73	0.431654	-0.902039
389.637	-4115.8	0.434202	-0.900816
385.211	-4113.66	0.437004	-0.899459
381.587	-4111.89	0.439296	-0.898342
377.559	-4109.92	0.441844	-0.897092
373.529	-4107.92	0.4444	-0.895829
369.497	-4105.92	0.446955	-0.894557
365.462	-4103.9	0.44951	-0.893275
361.425	-4101.86	0.451954	-0.892041
357.386	-4099.81	0.45423	-0.890884
353.344	-4097.74	0.456508	-0.88972
349.299	-4095.66	0.458785	-0.888547
345.251	-4093.57	0.461064	-0.887367
341.201	-4091.46	0.462069	-0.886844
337.142	-4089.34	0.461166	-0.887314
333.073	-4087.23	0.460265	-0.887781
328.994	-4085.12	0.459366	-0.888247
324.906	-4083.01	0.460573	-0.887622
320.816	-4080.87	0.464929	-0.885348
316.73	-4078.72	0.469279	-0.88305
312.646	-4076.54	0.473621	-0.880729
308.565	-4074.33	0.477957	-0.878383
304.487	-4072.1	0.482528	-0.875881
300.414	-4069.85	0.487454	-0.873149
296.346	-4067.56	0.492369	-0.870387
292.282	-4065.25	0.497273	-0.867594
288.224	-4062.91	0.502166	-0.864772
284.172	-4060.55	0.506829	-0.862046
280.124	-4058.16	0.511158	-0.859487
276.081	-4055.74	0.515478	-0.856903
272.042	-4053.3	0.51979	-0.854294
268.008	-4050.84	0.524101	-0.851656
263.979	-4048.35	0.528416	-0.848986
259.955	-4045.83	0.532722	-0.84629
255.936	-4043.29	0.537018	-0.843571
251.923	-4040.72	0.541305	-0.840827
247.915	-4038.13	0.545362	-0.8382
243.912	-4035.52	0.549084	-0.835767
239.913	-4032.88	0.552799	-0.833315
235.919	-4030.22	0.556507	-0.830843
231.53	-4027.27	0.560442	-0.828194
227.943	-4024.83	0.563524	-0.8261
223.961	-4022.11	0.566942	-0.823757
219.983	-4019.36	0.570355	-0.821398
216.01	-4016.59	0.573762	-0.819022
212.04	-4013.8	0.57694	-0.816786
208.074	-4010.99	0.579781	-0.814772
204.11	-4008.16	0.582619	-0.812746
200.149	-4005.31	0.585453	-0.810707
196.191	-4002.44	0.588172	-0.808736
192.234	-3999.56	0.590723	-0.806874
188.281	-3996.66	0.593272	-0.805002
184.329	-3993.74	0.595818	-0.80312
180.379	-3990.8	0.598361	-0.801226
176.432	-3987.84	0.600677	-0.799492
172.485	-3984.87	0.602652	-0.798004
168.539	-3981.89	0.604628	-0.796508
164.593	-3978.88	0.606602	-0.795006
160.648	-3975.87	0.608576	-0.793495
156.703	-3972.84	0.610437	-0.792065
152.758	-3969.79	0.612128	-0.790759
148.813	-3966.73	0.613819	-0.789447
144.867	-3963.66	0.615511	-0.788129
140.922	-3960.57	0.617088	-0.786894
136.975	-3957.47	0.618494	-0.78579
133.026	-3954.36	0.619901	-0.78468
129.077	-3951.23	0.621309	-0.783566
125.126	-3948.1	0.622718	-0.782446
121.174	-3944.95	0.624012	-0.781415
117.22	-3941.79	0.625134	-0.780517
113.264	-3938.61	0.626256	-0.779618
109.305	-3935.43	0.627344	-0.778742
105.344	-3932.24	0.62821	-0.778043
101.38	-3929.03	0.628756	-0.777603
97.4104	-3925.82	0.629179	-0.77726
93.436	-3922.6	0.629537	-0.776971
89.4564	-3919.38	0.629864	-0.776705
85.4714	-3916.15	0.630052	-0.776553
81.4801	-3912.91	0.630044	-0.77656
77.4821	-3909.66	0.630028	-0.776572
73.0765	-3906.09	0.630013	-0.776584
69.466	-3903.16	0.62988	-0.776692
65.4469	-3899.9	0.629564	-0.776949
61.4199	-3896.64	0.629249	-0.777204
57.385	-3893.37	0.628935	-0.777458
53.3421	-3890.1	0.628623	-0.77771
49.2913	-3886.83	0.628307	-0.777965
45.2325	-3883.55	0.627988	-0.778223
41.1657	-3880.27	0.627669	-0.77848
37.0908	-3876.99	0.627352	-0.778736
33.0079	-3873.7	0.627032	-0.778993
28.917	-3870.41	0.626709	-0.779253
24.818	-3867.11	0.626386	-0.779513
20.711	-3863.82	0.626062	-0.779773
16.184	-3860.18	0.625705	-0.780059
12.4735	-3857.21	0.626386	-0.779513
7.93847	-3853.55	0.628696	-0.777651
4.23032	-3850.55	0.630572	-0.776131
0.112262	-3847.2	0.632609	-0.774471
-3.99971	-3843.82	0.64328	-0.765631
-8.03747	-3840.34	0.666517	-0.74549
-11.9742	-3836.74	0.689068	-0.724697
-16.1832	-3832.62	0.713117	-0.701045
-19.5285	-3829.14	0.7322	-0.681089
-23.1378	-3825.17	0.753186	-0.657808
-26.6252	-3821.07	0.774056	-0.633117
-29.9849	-3816.85	0.794089	-0.607801
-33.2136	-3812.52	0.813163	-0.582036
-36.3152	-3808.08	0.823493	-0.567326
-39.3968	-3803.62	0.821799	-0.569778
-42.8085	-3798.71	0.819614	-0.572916
-45.6188	-3794.7	0.817559	-0.575845
-48.7637	-3790.26	0.815017	-0.579436
-51.935	-3785.82	0.810552	-0.585667
-55.1573	-3781.4	0.803229	-0.59567
-58.4397	-3777.02	0.795584	-0.605844
-61.7834	-3772.68	0.787634	-0.616143
-65.189	-3768.37	0.779312	-0.626636
-68.6583	-3764.11	0.770578	-0.637346
-72.1921	-3759.88	0.76163	-0.648013
-75.7901	-3755.7	0.752513	-0.658577
-79.4519	-3751.56	0.743236	-0.669029
-83.1767	-3747.47	0.734206	-0.678927
-86.9598	-3743.42	0.725635	-0.68808
-90.7994	-3739.41	0.71691	-0.697166
-94.6954	-3735.45	0.708006	-0.706207
-98.6478	-3731.52	0.698925	-0.715195
-102.656	-3727.65	0.690368	-0.723458
-106.713	-3723.81	0.682721	-0.73068
-110.816	-3720	0.674985	-0.737832
-114.966	-3716.24	0.667148	-0.744925
-119.584	-3712.14	0.658396	-0.752672
-123.403	-3708.83	0.651616	-0.758549
-127.685	-3705.18	0.644659	-0.76447
-132.008	-3701.56	0.637608	-0.770361
-136.37	-3697.98	0.630473	-0.776211
-141.213	-3694.07	0.623358	-0.781936
-145.207	-3690.91	0.618292	-0.785949
-149.674	-3687.41	0.612625	-0.790374
-154.174	-3683.95	0.606915	-0.794767
-158.704	-3680.51	0.601148	-0.799138
-163.266	-3677.09	0.596343	-0.802729
-167.853	-3673.7	0.59253	-0.805549
-172.462	-3670.32	0.588696	-0.808354
-177.094	-3666.96	0.584843	-0.811146
-181.748	-3663.62	0.581496	-0.813549
-186.422	-3660.29	0.57866	-0.815569
-191.114	-3656.97	0.57581	-0.817583
-195.824	-3653.66	0.572948	-0.819592
-200.553	-3650.37	0.570072	-0.821595
-205.775	-3646.75	0.567434	-0.823419
-210.062	-3643.81	0.565796	-0.824545
-214.839	-3640.53	0.563968	-0.825796
-220.109	-3636.94	0.561948	-0.827172
-224.433	-3634.01	0.560726	-0.828001
-229.731	-3630.43	0.559894	-0.828565
-234.557	-3627.17	0.55913	-0.82908
-238.908	-3624.23	0.558439	-0.829546
-243.748	-3620.98	0.557667	-0.830065
-249.077	-3617.4	0.557476	-0.830193
-253.436	-3614.47	0.557772	-0.829994
-258.761	-3610.89	0.558133	-0.829751
-263.6	-3607.64	0.558463	-0.82953
-267.953	-3604.7	0.55894	-0.829208
-272.787	-3601.44	0.559632	-0.828741
-278.1	-3597.85	0.560396	-0.828225
-282.926	-3594.59	0.561091	-0.827754
-287.748	-3591.31	0.561786	-0.827283
-292.085	-3588.37	0.562589	-0.826737
-297.381	-3584.76	0.563742	-0.825951
-301.709	-3581.8	0.564686	-0.825306
-306.514	-3578.51	0.565735	-0.824587
-311.313	-3575.21	0.567136	-0.823624
-316.584	-3571.58	0.569063	-0.822294
-320.889	-3568.59	0.570639	-0.821201
-326.142	-3564.94	0.572562	-0.819862
-330.91	-3561.6	0.574308	-0.818639
-335.669	-3558.25	0.576225	-0.817291
-339.945	-3555.23	0.578103	-0.815964
-344.687	-3551.87	0.580183	-0.814486
-349.419	-3548.49	0.582239	-0.813018
-354.614	-3544.76	0.584441	-0.811436
-359.328	-3541.36	0.586358	-0.810052
-363.562	-3538.29	0.587998	-0.808862
-368.729	-3534.52	0.589901	-0.807476
-373.417	-3531.09	0.591464	-0.806331
-378.098	-3527.65	0.592787	-0.805359
-382.774	-3524.21	0.593843	-0.804581
-387.444	-3520.76	0.594641	-0.803991
-392.111	-3517.31	0.595222	-0.803562
-396.775	-3513.85	0.595638	-0.803253
-401.436	-3510.39	0.595904	-0.803056
-406.096	-3506.93	0.596053	-0.802945
-410.755	-3503.47	0.596159	-0.802867
-414.946	-3500.36	0.596249	-0.802799
-420.071	-3496.56	0.592516	-0.805558
-424.755	-3493.14	0.584888	-0.811114
-429.471	-3489.77	0.57718	-0.816617
-433.741	-3486.77	0.57013	-0.821555
-438.995	-3483.16	0.561337	-0.827587
-443.803	-3479.93	0.553003	-0.833179
-448.644	-3476.74	0.544344	-0.838862
-453.516	-3473.61	0.535534	-0.844513
-458.421	-3470.53	0.526494	-0.850179
-463.357	-3467.5	0.517871	-0.855459
-467.823	-3464.82	0.510344	-0.859971
-472.813	-3461.88	0.501842	-0.864959
-478.334	-3458.71	0.492424	-0.870355
-483.382	-3455.88	0.483834	-0.87516
-488.456	-3453.1	0.476027	-0.87943
-493.041	-3450.64	0.4698	-0.882773
-498.156	-3447.93	0.463095	-0.886308
-503.803	-3445.01	0.456092	-0.889933
-508.955	-3442.38	0.450658	-0.892697
-513.604	-3440.05	0.446706	-0.894681
-519.298	-3437.22	0.442569	-0.896734
-524.483	-3434.67	0.439525	-0.89823
-529.676	-3432.14	0.437108	-0.899409
-534.354	-3429.87	0.435833	-0.900027
-540.072	-3427.1	0.435427	-0.900224
-545.271	-3424.58	0.43539	-0.900242
-550.469	-3422.07	0.435633	-0.900124
-555.145	-3419.81	0.436069	-0.899913
-560.857	-3417.04	0.43737	-0.899282
-566.044	-3414.51	0.439238	-0.898371
-570.708	-3412.22	0.440926	-0.897543
-576.401	-3409.42	0.442987	-0.896528
-581.569	-3406.86	0.444859	-0.895601
-586.732	-3404.29	0.446534	-0.894766
-591.889	-3401.71	0.448014	-0.894026
-597.041	-3399.13	0.449494	-0.893284
-602.188	-3396.53	0.450972	-0.892538
-607.33	-3393.93	0.452448	-0.891791
-612.466	-3391.32	0.453921	-0.891042
-617.598	-3388.7	0.455394	-0.89029
-622.212	-3386.34	0.456719	-0.889611
-627.333	-3383.7	0.45819	-0.888854
-632.449	-3381.06	0.459659	-0.888096
-638.071	-3378.15	0.461271	-0.887259
-643.176	-3375.49	0.462736	-0.886496
-647.766	-3373.09	0.464054	-0.885807
-653.371	-3370.15	0.465663	-0.884962
-658.46	-3367.47	0.466552	-0.884494
-663.547	-3364.78	0.466867	-0.884328
-668.124	-3362.37	0.46715	-0.884178
-673.716	-3359.41	0.467497	-0.883994
-678.29	-3356.99	0.467781	-0.883844
-683.877	-3354.03	0.468128	-0.883661
-688.955	-3351.34	0.468442	-0.883494
-694.031	-3348.65	0.468757	-0.883327
-699.106	-3345.96	0.469073	-0.883159
-703.671	-3343.53	0.469362	-0.883006
-709.249	-3340.56	0.469726	-0.882812
-714.317	-3337.87	0.470067	-0.882631
-719.384	-3335.17	0.470423	-0.882441
-724.449	-3332.47	0.470805	-0.882237
-729.005	-3330.03	0.471177	-0.882039
-734.572	-3327.06	0.471663	-0.881779
-739.63	-3324.35	0.472125	-0.881532
-744.686	-3321.64	0.472601	-0.881277
-749.74	-3318.93	0.473097	-0.881011
-754.791	-3316.22	0.47342	-0.880837
-759.841	-3313.5	0.473559	-0.880762
-764.889	-3310.79	0.473699	-0.880687
-769.937	-3308.07	0.473838	-0.880612
-774.982	-3305.36	0.473978	-0.880536
-780.026	-3302.64	0.476917	-0.878949
-785.053	-3299.89	0.482638	-0.87582
-789.562	-3297.39	0.487769	-0.872973
-795.052	-3294.31	0.494018	-0.869452
-800.023	-3291.46	0.499859	-0.866107
-804.973	-3288.59	0.505862	-0.862614
-809.903	-3285.68	0.511845	-0.859078
-814.811	-3282.74	0.517804	-0.855499
-819.698	-3279.76	0.523737	-0.85188
-824.563	-3276.75	0.529468	-0.84833
-829.408	-3273.71	0.534996	-0.844854
-834.232	-3270.64	0.540502	-0.841343
-839.036	-3267.53	0.545985	-0.837795
-843.818	-3264.4	0.551445	-0.834211
-848.103	-3261.55	0.55606	-0.831142
-853.32	-3258.04	0.561255	-0.827643
-858.043	-3254.82	0.565961	-0.824432
-862.277	-3251.9	0.570184	-0.821517
-867.431	-3248.31	0.575152	-0.818047
-872.096	-3245.01	0.579463	-0.814999
-876.744	-3241.69	0.583757	-0.811928
-881.374	-3238.35	0.588036	-0.808835
-885.985	-3234.98	0.592298	-0.805719
-890.577	-3231.59	0.596036	-0.802958
-895.155	-3228.18	0.599255	-0.800558
-899.718	-3224.76	0.602465	-0.798145
-904.267	-3221.31	0.605665	-0.795719
-908.801	-3217.85	0.608687	-0.79341
-913.321	-3214.37	0.611532	-0.79122
-917.829	-3210.88	0.614369	-0.789019
-922.323	-3207.37	0.617198	-0.786808
-926.356	-3204.19	0.619738	-0.784809
-931.271	-3200.3	0.622501	-0.782619
-935.727	-3196.75	0.624644	-0.78091
-940.173	-3193.18	0.626789	-0.779189
-944.609	-3189.61	0.628955	-0.777441
-949.033	-3186.02	0.631155	-0.775657
-953.447	-3182.42	0.632727	-0.774375
-957.855	-3178.82	0.633676	-0.773598
-962.258	-3175.21	0.634696	-0.772762
-966.655	-3171.59	0.635846	-0.771816
-971.046	-3167.97	0.636872	-0.77097
-975.432	-3164.34	0.637883	-0.770133
-979.811	-3160.71	0.639251	-0.768998
-984.183	-3157.07	0.64084	-0.767675
-988.546	-3153.42	0.642481	-0.766302
-992.901	-3149.76	0.643804	-0.765191
-996.815	-3146.47	0.644725	-0.764414
-1001.16	-3142.8	0.645789	-0.763516
-1005.93	-3138.76	0.647039	-0.762457
-1009.83	-3135.45	0.648158	-0.761506
-1014.59	-3131.39	0.649534	-0.760332
-1018.47	-3128.07	0.650699	-0.759336
-1023.21	-3124	0.652386	-0.757887
-1027.51	-3120.29	0.654117	-0.756393
-1031.8	-3116.57	0.655805	-0.75493
-1036.09	-3112.85	0.657419	-0.753525
-1039.93	-3109.48	0.658941	-0.752194
-1044.63	-3105.36	0.660903	-0.750472
-1048.46	-3101.99	0.66262	-0.748956
-1053.12	-3097.84	0.671456	-0.741045
-1056.88	-3094.38	0.685131	-0.72842
-1061.38	-3090.07	0.701755	-0.712419
-1065.39	-3086.05	0.716687	-0.697395
-1069.31	-3081.95	0.731724	-0.681601
-1073.14	-3077.77	0.746792	-0.665058
-1076.87	-3073.5	0.761489	-0.648178
-1080.51	-3069.15	0.775798	-0.630981
-1084.05	-3064.72	0.789716	-0.613472
-1087.49	-3060.21	0.802607	-0.596509
-1090.83	-3055.63	0.814514	-0.580144
-1094.08	-3050.99	0.826062	-0.563579
-1097.24	-3046.28	0.837224	-0.54686
-1100.3	-3041.51	0.847288	-0.531133
-1103.28	-3036.69	0.856279	-0.516514
-1106.17	-3031.82	0.864874	-0.50199
-1108.98	-3026.9	0.873067	-0.4876
-1111.71	-3021.94	0.880898	-0.473305
-1114.36	-3016.93	0.887819	-0.460194
-1116.94	-3011.89	0.893913	-0.448241
-1119.45	-3006.82	0.899797	-0.436308
-1121.89	-3001.71	0.905451	-0.424452
-1124.27	-2996.57	0.910864	-0.412706
-1126.58	-2991.4	0.915318	-0.402732
-1128.62	-2986.73	0.918523	-0.395367
-1131.06	-2981.01	0.922267	-0.386555
-1133.23	-2975.78	0.925521	-0.378697
-1135.35	-2970.54	0.928278	-0.371886
-1137.44	-2965.28	0.930587	-0.366071
-1139.5	-2960.02	0.932852	-0.36026
-1141.52	-2954.74	0.93508	-0.354437
-1143.51	-2949.45	0.937272	-0.3486
-1145.47	-2944.14	0.939139	-0.343538
-1147.4	-2938.83	0.940694	-0.339256
-1149.31	-2933.51	0.94223	-0.334967
-1151.01	-2928.72	0.943595	-0.331102
-1153.05	-2922.85	0.944966	-0.327167
-1154.89	-2917.51	0.9459	-0.324457
-1156.54	-2912.7	0.946734	-0.322016
-1158.53	-2906.82	0.947745	-0.319029
-1160.32	-2901.47	0.948656	-0.316311
-1162.1	-2896.11	0.949226	-0.314595
-1163.88	-2890.76	0.949462	-0.313883
-1165.65	-2885.4	0.949697	-0.313172
-1167.41	-2880.04	0.949931	-0.31246
-1169.17	-2874.68	0.950033	-0.312149
-1170.93	-2869.32	0.950003	-0.312241
-1172.69	-2863.97	0.949973	-0.312332
-1174.46	-2858.61	0.949943	-0.312424
-1176.22	-2853.26	0.949913	-0.312516
-1177.98	-2847.91	0.94975	-0.313008
-1179.74	-2842.55	0.949456	-0.313901
-1181.52	-2837.21	0.94916	-0.314794
-1183.29	-2831.86	0.948864	-0.315686
-1185.07	-2826.52	0.948433	-0.316977
-1186.86	-2821.18	0.947867	-0.318666
-1188.66	-2815.84	0.947298	-0.320354
-1190.46	-2810.51	0.946726	-0.322041
-1192.28	-2805.18	0.94615	-0.323727
-1194.11	-2799.86	0.945573	-0.325411
-1195.94	-2794.54	0.944992	-0.327093
-1197.78	-2789.23	0.944415	-0.328754
-1199.64	-2783.92	0.943882	-0.330283
-1201.5	-2778.61	0.94394	-0.330116
-1203.35	-2773.3	0.94464	-0.328108
-1205.19	-2767.99	0.945501	-0.325619
-1207.01	-2762.67	0.946502	-0.322698
-1208.82	-2757.35	0.94764	-0.319341
-1210.6	-2752.02	0.950998	-0.309196
-1212.3	-2746.66	0.956328	-0.292297
-1213.9	-2741.28	0.961397	-0.275164
-1215.41	-2735.87	0.966164	-0.257928
-1216.82	-2730.43	0.970634	-0.240561
-1218.13	-2724.97	0.974905	-0.222622
-1219.34	-2719.49	0.978957	-0.204067
-1220.44	-2713.98	0.982683	-0.185296
-1221.44	-2708.46	0.986062	-0.166379
-1222.33	-2702.91	0.988945	-0.148281
-1223.13	-2697.36	0.991376	-0.131046
-1223.82	-2691.79	0.993507	-0.113772
-1224.42	-2686.21	0.995333	-0.096495
-1224.93	-2680.62	0.996851	-0.0792948
-1225.33	-2675.03	0.997982	-0.0634928
-1225.66	-2669.43	0.998783	-0.0493182
-1225.9	-2663.82	0.999361	-0.0357498
-1226.07	-2658.22	0.999739	-0.022862
-1226.18	-2652.61	0.999921	-0.0125304
-1226.23	-2647	0.999989	-0.00472553
-1226.24	-2641.4	0.999997	0.00248171
-1226.21	-2635.79	0.999957	0.00922696
-1226.14	-2630.19	0.999876	0.015716
-1226.04	-2624.59	0.999773	0.0213287
-1225.91	-2618.99	0.999659	0.0261221
-1225.75	-2613.39	0.999522	0.0309147
-1225.57	-2607.79	0.999362	0.0357066
-1225.36	-2602.2	0.99918	0.0404975
-1225.12	-2596.6	0.999002	0.0446649
-1224.86	-2591.01	0.998837	0.0482092
-1224.59	-2585.42	0.99866	0.0517527
-1224.29	-2579.83	0.99847	0.0552955
-1223.97	-2574.25	0.998293	0.0584038
-1223.64	-2568.66	0.998135	0.0610511
-1223.29	-2563.08	0.997973	0.0636324
-1222.93	-2557.5	0.997811	0.0661337
-1222.56	-2551.92	0.99765	0.0685235
-1222.17	-2546.34	0.997539	0.0701092
-1221.77	-2540.77	0.997492	0.0707801
-1221.38	-2535.19	0.997474	0.0710322
-1220.98	-2529.62	0.997488	0.0708392
-1220.59	-2524.04	0.997538	0.0701216
-1220.2	-2518.47	0.997613	0.0690594
-1219.81	-2512.9	0.997687	0.0679694
-1219.44	-2507.33	0.997761	0.0668797
-1219.07	-2501.76	0.997833	0.0657904
-1218.7	-2496.18	0.997918	0.0644927
-1218.34	-2490.61	0.998014	0.0629866
-1218	-2485.04	0.998108	0.0614808
-1217.66	-2479.47	0.9982	0.0599789
-1217.32	-2473.91	0.998288	0.0584841
-1217	-2468.34	0.998374	0.0569945
-1216.69	-2462.77	0.998458	0.0555068
-1216.38	-2457.2	0.99854	0.0540208
-1216.08	-2451.63	0.998619	0.0525367
-1215.79	-2446.07	0.998707	0.0508445
-1215.51	-2440.5	0.998802	0.0489442
-1215.25	-2434.93	0.998893	0.047044
-1214.99	-2429.37	0.99898	0.0451442
-1214.74	-2423.8	0.999065	0.0432447
-1214.5	-2418.24	0.999039	0.0438251
-1214.25	-2412.67	0.9989	0.0468852
-1213.98	-2407.11	0.998752	0.0499451
-1213.7	-2401.55	0.998594	0.0530067
-1213.4	-2395.99	0.998552	0.0538013
-1213.1	-2390.43	0.99863	0.0523307
-1212.81	-2384.87	0.998705	0.0508695
-1212.53	-2379.32	0.998778	0.0494157
-1212.26	-2373.76	0.998849	0.0479638
-1212	-2368.21	0.998927	0.0463079
-1211.75	-2362.65	0.999012	0.0444479
-1211.5	-2357.09	0.999093	0.0425882
-1211.27	-2351.54	0.99917	0.0407288
-1211.05	-2345.98	0.999244	0.0388731
-1210.84	-2340.43	0.999313	0.0370577
-1210.63	-2334.88	0.999374	0.035369
-1210.44	-2329.32	0.999425	0.0339077
-1210.26	-2323.77	0.999462	0.0327899
-1210.08	-2318.22	0.999483	0.0321467
-1209.9	-2312.67	0.999487	0.0320253
-1209.72	-2307.12	0.999476	0.0323706
-1209.54	-2301.57	0.999452	0.0331073
-1209.35	-2296.02	0.999417	0.0341373
-1209.16	-2290.48	0.999377	0.0352915
-1208.96	-2284.93	0.999338	0.0363911
-1208.76	-2279.39	0.999303	0.0373254
-1208.55	-2273.84	0.999276	0.0380349
-1208.34	-2268.3	0.999256	0.0385603
-1208.12	-2262.76	0.999239	0.0390169
-1207.9	-2257.22	0.999221	0.0394663
-1207.68	-2251.68	0.999203	0.0399193
-1207.46	-2246.14	0.999185	0.0403671
-1207.24	-2240.6	0.999176	0.0405902
-1207.01	-2235.07	0.999176	0.0405973
-1206.79	-2229.53	0.999175	0.0406044
-1206.56	-2223.99	0.999175	0.040615
-1206.34	-2218.46	0.999183	0.0404226
-1206.12	-2212.93	0.999199	0.0400236
-1205.89	-2207.39	0.999215	0.0396247
-1205.68	-2201.86	0.999231	0.0392222
-1205.46	-2196.33	0.999247	0.0388079
-1205.25	-2190.8	0.999263	0.0383748
-1205.03	-2185.26	0.99928	0.0379277
-1204.82	-2179.72	0.999297	0.0374768
-1204.62	-2174.16	0.999314	0.0370256
-1204.41	-2168.59	0.999331	0.0365741
-1204.21	-2163.01	0.999347	0.0361206
-1204.01	-2157.41	0.999364	0.035665
-1203.81	-2151.81	0.99938	0.0352092
-1203.61	-2146.19	0.999396	0.0347437
-1203.42	-2140.56	0.999413	0.0342562
-1203.22	-2134.93	0.99943	0.033745
-1203.04	-2129.28	0.999448	0.0332202
-1202.85	-2123.61	0.999465	0.0326929
-1202.66	-2117.94	0.999483	0.0321652
-1202.48	-2112.26	0.999506	0.0314214
-1202.31	-2106.56	0.999536	0.0304617
-1202.13	-2100.85	0.999565	0.0295012
-1201.97	-2095.13	0.999593	0.0285401
-1201.81	-2089.4	0.99962	0.027582
-1201.65	-2083.66	0.999645	0.0266302
-1201.5	-2077.91	0.99967	0.0256846
-1201.35	-2072.14	0.999694	0.0247421
-1201.21	-2066.37	0.999717	0.0237991
-1201.08	-2060.58	0.999739	0.022852
-1200.95	-2054.78	0.99976	0.021901
-1200.82	-2048.97	0.999781	0.0209493
-1200.7	-2043.15	0.9998	0.019997
-1200.59	-2037.31	0.999819	0.0190442
-1200.48	-2031.47	0.999832	0.0183076
-1200.37	-2025.61	0.999842	0.0177821
-1200.27	-2019.75	0.999851	0.0172393
-1200.17	-2013.87	0.999861	0.0166791
-1200.07	-2007.98	0.99987	0.0161113
-1199.98	-2002.08	0.999879	0.0155413
-1199.89	-1996.17	0.999888	0.0149724
-1199.8	-1990.24	0.999896	0.0144102
-1199.72	-1984.31	0.999904	0.0138569
-1199.63	-1978.36	0.999911	0.0133111
-1199.56	-1972.41	0.999918	0.0127743
-1199.48	-1966.44	0.999925	0.0122466
-1199.41	-1960.46	0.999931	0.0117302
-1199.34	-1954.47	0.999937	0.0112308
-1199.27	-1948.47	0.999942	0.0107485
-1199.21	-1942.46	0.999947	0.0102818
-1199.15	-1936.44	0.999952	0.00982515
-1199.09	-1930.43	0.999956	0.00937069
-1199.04	-1924.41	0.99996	0.00891516
-1198.98	-1918.4	0.999964	0.00845859
-1198.93	-1912.39	0.999968	0.00800207
-1198.89	-1906.38	0.999972	0.00754554
-1198.84	-1900.37	0.999975	0.0070892
-1198.8	-1894.36	0.999978	0.00663305
-1198.76	-1888.35	0.999981	0.00617693
-1198.73	-1882.35	0.999984	0.00572086
-1198.69	-1876.34	0.999986	0.00527431
-1198.66	-1870.34	0.999988	0.00484932
-1198.63	-1864.34	0.99999	0.00443635
-1198.61	-1858.34	0.999992	0.0040133
-1198.59	-1852.34	0.999994	0.0035285
-1198.57	-1846.34	0.999996	0.00297651
-1198.55	-1840.34	0.999997	0.00241522
-1198.54	-1834.34	0.999998	0.00186014
-1198.53	-1828.35	0.999999	0.00130514
-1198.52	-1822.35	1	0.000750183
-1198.52	-1816.36	1	0.00019545
-1198.52	-1810.37	1	-0.000359016
-1198.52	-1804.38	1	-0.000913406
-1198.53	-1798.39	0.999999	-0.00146776
-1198.54	-1792.4	0.999998	-0.00202192
-1198.55	-1786.41	0.999997	-0.00257585
-1198.57	-1780.42	0.999995	-0.0031297
-1198.59	-1774.44	0.999993	-0.00368352
-1198.61	-1768.46	0.999991	-0.00423729
-1198.64	-1762.47	0.999991	-0.00433602
-1198.66	-1756.49	0.999992	-0.00397973
-1198.69	-1750.51	0.999993	-0.00362344
-1198.71	-1744.53	0.999995	-0.00326715
-1198.73	-1738.55	0.999996	-0.00291085
-1198.74	-1732.57	0.999997	-0.00255479
-1198.76	-1726.6	0.999998	-0.00219896
-1198.77	-1720.62	0.999998	-0.00184312
-1198.78	-1714.65	0.999999	-0.00148729
-1198.79	-1708.68	0.999999	-0.00113775
-1198.79	-1702.71	1	-0.000805641
-1198.8	-1696.74	1	-0.000500236
-1198.8	-1690.77	1	-0.000227638
-1198.8	-1684.8	1	1.82572e-05
-1198.8	-1678.83	1	0.000246719
-1198.8	-1672.87	1	0.000459427
-1198.79	-1666.9	1	0.000672173
-1198.79	-1660.94	1	0.000892738
-1198.78	-1654.97	0.999999	0.00111334
-1198.78	-1649.01	0.999999	0.00133376
-1198.77	-1643.05	0.999999	0.00155398
-1198.76	-1637.09	0.999998	0.00177424
-1198.75	-1631.14	0.999998	0.00199454
-1198.73	-1625.18	0.999998	0.00198855
-1198.72	-1619.22	0.999998	0.00175627
-1198.71	-1613.27	0.999999	0.00152403
-1198.7	-1607.32	0.999999	0.0012974
-1198.7	-1601.36	0.999999	0.00108637
-1198.69	-1595.41	1	0.00066111
-1198.69	-1589.46	1	1.72272e-05
-1198.69	-1583.51	1	-0.000605522
-1198.7	-1577.56	0.999999	-0.00118223
-1198.7	-1571.62	0.999999	-0.00169168
-1198.72	-1565.67	0.999998	-0.00213598
-1198.73	-1559.73	0.999997	-0.00254468
-1198.75	-1553.78	0.999996	-0.00295728
-1198.76	-1547.84	0.999994	-0.00341317
-1198.78	-1541.9	0.999994	-0.00348065
-1198.8	-1535.96	0.999995	-0.00317174
-1198.82	-1530.02	0.999996	-0.0029585
-1198.84	-1524.08	0.999996	-0.00282705
-1198.86	-1518.15	0.999996	-0.0027276
-1198.87	-1512.21	0.999997	-0.0026283
-1198.89	-1506.28	0.999997	-0.00252752
-1198.9	-1500.34	0.999997	-0.00242669
-1198.92	-1494.41	0.999997	-0.00232194
-1198.93	-1488.48	0.999998	-0.00220788
-1198.94	-1482.55	0.999998	-0.00208841
-1198.96	-1476.62	0.999998	-0.00196889
-1198.97	-1470.69	0.999998	-0.00184545
-1198.98	-1464.77	0.999999	-0.00171808
-1198.99	-1458.84	0.999999	-0.00159086
-1199	-1452.92	0.999999	-0.00146162
-1199	-1446.99	0.999999	-0.00133012
-1199.01	-1441.07	0.999999	-0.00119306
-1199.02	-1435.15	0.999999	-0.00103902
-1199.02	-1429.23	1	-0.000866371
-1199.03	-1423.31	1	-0.000684296
-1199.03	-1417.39	1	-0.000499969
-1199.04	-1411.48	1	-0.000315605
-1199.04	-1405.56	1	-0.000131393
-1199.04	-1399.65	1	5.26276e-05
-1199.04	-1393.73	1	0.000236687
-1199.03	-1387.82	1	0.000420784
-1199.03	-1381.91	1	0.000604767
-1199.03	-1376	1	0.000788635
-1199.02	-1370.09	1	0.000972542
-1199.02	-1364.18	0.999999	0.00115649
-1199.01	-1358.28	0.999999	0.00134047
-1199	-1352.37	0.999999	0.0015243
-1198.99	-1346.46	0.999999	0.00170794
-1198.98	-1340.56	0.999998	0.00189162
-1198.97	-1334.66	0.999998	0.00207533
-1198.96	-1328.76	0.999998	0.00203535
-1198.95	-1322.86	0.999998	0.00177172
-1198.94	-1316.96	0.999999	0.00150816
-1198.93	-1311.06	0.999999	0.00124464
-1198.92	-1305.16	1	0.000981163
-1198.92	-1299.27	1	0.000717758
-1198.91	-1293.37	1	0.00045443
-1198.91	-1287.48	1	0.000192818
-1198.91	-1281.58	1	-6.49032e-05
-1198.91	-1275.69	1	-0.000318733
-1198.91	-1269.8	1	-0.000570885
-1198.92	-1263.91	1	-0.000822998
-1198.92	-1258.02	0.999999	-0.00107503
-1198.93	-1252.14	0.999999	-0.001327
-1198.94	-1246.25	0.999999	-0.00135606
-1198.94	-1240.37	0.999999	-0.00116224
-1198.95	-1234.48	1	-0.000968376
-1198.96	-1228.6	1	-0.000774475
-1198.96	-1222.72	1	-0.000580688
-1198.96	-1216.84	1	-0.000387054
-1198.97	-1210.96	1	-0.000193382
-1198.97	-1205.08	1	3.28083e-07
-1198.97	-1199.2	1	0.000194077
-1198.96	-1193.32	1	0.000387672
-1198.96	-1187.45	1	0.000581116
-1198.96	-1181.57	1	0.000774597
-1198.95	-1175.7	1	0.000968117
-1198.95	-1169.83	0.999999	0.00116167
-1198.94	-1163.96	0.999999	0.00135504
-1198.93	-1158.09	0.999999	0.00154826
-1198.92	-1152.22	0.999998	0.00174151
-1198.91	-1146.35	0.999998	0.0019348
-1198.9	-1140.48	0.999998	0.00212813
-1198.89	-1134.62	0.999998	0.00214381
-1198.87	-1128.75	0.999998	0.00189303
-1198.86	-1122.89	0.999999	0.00164229
-1198.85	-1117.03	0.999999	0.00139162
-1198.85	-1111.16	0.999999	0.00114103
-1198.84	-1105.3	1	0.00089048
-1198.84	-1099.44	1	0.000639961
-1198.83	-1093.59	1	0.000389526
-1198.83	-1087.73	1	0.00013916
-1198.83	-1081.87	1	-0.00011116
-1198.83	-1076.02	1	-0.000361443
-1198.83	-1070.16	1	-0.000611649
-1198.84	-1064.31	1	-0.000861778
-1198.84	-1058.46	0.999999	-0.00111187
-1198.85	-1052.61	0.999999	-0.00114071
-1198.86	-1046.76	1	-0.000948295
-1198.86	-1040.91	1	-0.000755882
-1198.87	-1035.05	1	-0.000563469
-1198.87	-1029.2	1	-0.000371056
-1198.87	-1023.35	1	-0.000178642
-1198.87	-1017.5	1	1.37329e-05
-1198.87	-1011.65	1	0.00020607
-1198.87	-1005.8	1	0.000398445
-1198.87	-999.946	1	0.00059082
-1198.86	-994.097	1	0.000783157
-1198.86	-988.249	1	0.000975525
-1198.85	-982.403	0.999999	0.00116794
-1198.84	-976.557	0.999999	0.00136026
-1198.84	-970.713	0.999999	0.00155244
-1198.83	-964.869	0.999998	0.00174463
-1198.82	-959.027	0.999998	0.00193684
-1198.8	-953.186	0.999998	0.0021291
-1198.79	-947.345	0.999994	0.0035539
-1198.76	-941.506	0.999977	0.00682744
-1198.71	-935.668	0.999949	0.0101008
-1198.65	-929.831	0.999911	0.013374
-1198.56	-923.996	0.999861	0.0166469
-1198.46	-918.162	0.999839	0.0179383
-1198.36	-912.329	0.999851	0.0172484
-1198.26	-906.497	0.999863	0.0165585
-1198.16	-900.665	0.999874	0.0158687
-1198.07	-894.835	0.999885	0.015179
-1197.98	-889.006	0.999895	0.0144895
-1197.9	-883.178	0.999905	0.0138003
-1197.82	-877.351	0.999914	0.0131112
-1197.75	-871.525	0.999923	0.0124221
-1197.68	-865.7	0.999931	0.0117332
-1197.61	-859.875	0.999939	0.0110446
-1197.55	-854.052	0.999946	0.010356
-1197.49	-848.23	0.999953	0.00966974
-1197.43	-842.409	0.99996	0.00899484
-1197.38	-836.589	0.999967	0.00816561
-1197.33	-830.188	0.999976	0.00698695
-1197.3	-824.951	0.999982	0.00601851
-1197.27	-819.134	0.999988	0.00492699
-1197.24	-813.318	0.999993	0.00383919
-1197.22	-807.503	0.999996	0.00298111
-1197.21	-801.688	0.999997	0.00233921
-1197.19	-795.875	0.999999	0.00169147
-1197.19	-790.063	0.999999	0.00104759
-1197.18	-783.671	1	0.000336746
-1197.18	-778.442	1	-0.000259171
-1197.18	-772.052	1	-0.000989433
-1197.19	-766.825	0.999999	-0.00158685
-1197.2	-760.438	0.999997	-0.00231695
-1197.22	-755.212	0.999996	-0.00291407
-1197.23	-749.407	0.999994	-0.00357726
-1197.26	-743.604	0.999991	-0.00424037
-1197.28	-737.221	0.999988	-0.00496971
-1197.31	-731.999	0.999984	-0.00556938
-1197.35	-725.618	0.99998	-0.00632169
-1197.38	-720.399	0.999976	-0.00696804
-1197.43	-714.6	0.99997	-0.00771613
-1197.47	-708.803	0.999964	-0.00847509
-1197.53	-702.427	0.999959	-0.009091
-1197.58	-697.211	0.999956	-0.00938004
-1197.64	-690.837	0.999953	-0.00973321
-1197.69	-685.623	0.99995	-0.0100221
-1197.75	-679.831	0.999947	-0.0103431
-1197.81	-674.039	0.999943	-0.0106641
-1197.87	-668.249	0.99994	-0.0109849
-1197.93	-662.46	0.999936	-0.0113057
-1198	-656.672	0.999932	-0.0116276
-1198.07	-650.885	0.999929	-0.0119532
-1198.15	-644.52	0.999927	-0.0120958
-1198.21	-639.314	0.999928	-0.0119983
-1198.28	-633.53	0.999929	-0.0118899
-1198.35	-627.747	0.999931	-0.0117814
-1198.41	-621.965	0.999932	-0.0116682
-1198.48	-616.184	0.999933	-0.0115407
-1198.55	-610.404	0.999935	-0.0114012
-1198.61	-604.625	0.999937	-0.0112598
-1198.68	-598.847	0.999938	-0.0111183
-1198.74	-593.07	0.99994	-0.0109767
-1198.8	-587.294	0.999941	-0.0108353
-1198.87	-581.519	0.999943	-0.010694
-1198.93	-575.746	0.999944	-0.0105527
-1198.99	-569.973	0.999946	-0.0104113
-1199.05	-564.201	0.999947	-0.0102699
-1199.11	-558.43	0.999949	-0.0101287
-1199.17	-552.083	0.99995	-0.00997345
-1199.22	-546.891	0.999952	-0.0098464
-1199.28	-541.123	0.999953	-0.00970519
-1199.34	-535.356	0.999954	-0.00956394
-1199.39	-529.59	0.999956	-0.0094228
-1199.44	-523.826	0.999957	-0.00928186
-1199.5	-518.062	0.999958	-0.00914085
-1199.55	-511.722	0.99996	-0.00898568
-1199.6	-506.537	0.999961	-0.00885869
-1199.66	-500.2	0.999962	-0.00870363
-1199.7	-495.016	0.999963	-0.00857692
-1199.75	-489.257	0.999964	-0.00843606
-1199.8	-483.499	0.999966	-0.00829515
-1199.85	-477.742	0.999967	-0.00815421
-1199.88	-471.986	0.999986	0.00523685
-1199.78	-466.23	0.999259	0.0384952
-1199.48	-460.479	0.997425	0.0717137
-1198.99	-454.741	0.994488	0.104854
-1198.25	-448.448	0.992188	0.124756
-1197.6	-443.305	0.992172	0.124881
-1196.88	-437.592	0.992154	0.125021
-1196.16	-431.88	0.992137	0.125159
-1195.44	-426.169	0.992121	0.125281
-1194.65	-419.887	0.992461	0.122565
-1193.96	-414.175	0.993137	0.116956
-1193.36	-409.031	0.993732	0.111786
-1192.67	-402.741	0.994451	0.105204
-1192.14	-397.592	0.995067	0.099203
-1191.53	-391.296	0.995851	0.0910039
-1191.07	-386.141	0.996462	0.0840497
-1190.61	-380.411	0.997099	0.0761157
-1190.15	-374.105	0.997738	0.0672171
-1189.78	-368.371	0.998231	0.0594589
-1189.46	-362.634	0.998642	0.0520933
-1189.18	-356.896	0.998999	0.0447313
-1188.94	-351.157	0.999301	0.0373713
-1188.74	-345.418	0.99955	0.03001
-1188.58	-339.678	0.999729	0.0232903
-1188.46	-333.938	0.999852	0.017213
-1188.38	-328.199	0.999938	0.0111394
-1188.33	-322.46	0.999987	0.00506962
-1188.31	-316.722	1	-0.000569473
-1188.33	-310.985	0.999983	-0.00577772
-1188.37	-305.249	0.99994	-0.0109852
-1188.45	-299.514	0.999869	-0.0161919
-1188.54	-294.354	0.999782	-0.0208757
-1188.69	-288.049	0.999663	-0.0259491
-1188.84	-282.319	0.999554	-0.029853
-1189.02	-276.591	0.99943	-0.0337543
-1189.23	-270.864	0.999291	-0.0376477
-1189.45	-265.14	0.999165	-0.0408648
-1189.69	-259.416	0.999061	-0.0433307
-1189.94	-253.695	0.99896	-0.0455989
-1190.21	-247.974	0.998866	-0.0476091
-1190.49	-242.256	0.998783	-0.0493303
-1190.77	-236.539	0.998722	-0.0505387
-1191.06	-230.823	0.998686	-0.0512424
-1191.36	-225.108	0.998663	-0.0516928
-1191.65	-219.394	0.998649	-0.05197
-1191.95	-213.681	0.998638	-0.052178
-1192.25	-207.97	0.99865	-0.0519417
-1192.54	-202.259	0.998685	-0.0512706
-1192.84	-196.549	0.998719	-0.0505995
-1193.12	-190.839	0.998753	-0.0499282
-1193.41	-185.127	0.998786	-0.0492567
-1193.69	-179.409	0.998819	-0.0485833
-1193.97	-173.682	0.998852	-0.0479078
-1194.24	-167.943	0.998884	-0.0472321
-1194.51	-162.193	0.998916	-0.0465564
-1194.78	-156.431	0.998957	-0.0456541
-1195.04	-150.658	0.999009	-0.0445122
-1195.29	-144.873	0.99906	-0.0433535
-1195.54	-139.077	0.99911	-0.0421908
-1195.78	-133.269	0.999158	-0.0410277
-1196.02	-127.45	0.999205	-0.039858
-1196.25	-121.619	0.999252	-0.0386816
-1196.47	-115.777	0.999296	-0.0375048
-1196.69	-109.923	0.99934	-0.0363278
-1196.9	-104.058	0.999382	-0.0351453
-1197.1	-98.1818	0.999423	-0.0339613
-1197.3	-92.294	0.999462	-0.0327885
-1197.49	-86.3964	0.9995	-0.0316236
-1197.68	-80.4923	0.999536	-0.0304593
-1197.85	-74.5855	0.999571	-0.0292907
-1198.02	-68.6783	0.999605	-0.0281175
-1198.19	-62.7721	0.999637	-0.0269444
-1198.34	-56.8668	0.999668	-0.0257714
-1198.49	-50.9624	0.999697	-0.0245986
-1198.64	-45.0589	0.999726	-0.023426
-1198.76	-39.7465	0.99975	-0.0223707
-1198.9	-33.2546	0.999778	-0.0210809
-1199.02	-27.354	0.999802	-0.0199084
-1199.14	-21.4542	0.99982	-0.0189598
-1199.25	-15.5555	0.999834	-0.0182351
-1199.35	-9.65775	0.999847	-0.0175104
-1199.45	-3.76104	0.999859	-0.0167857
-1199.55	2.13466	0.999871	-0.0160614
-1199.64	8.02935	0.999882	-0.0153374
-1199.73	13.923	0.999893	-0.0146095
-1199.82	19.8156	0.999904	-0.0138587
-1199.9	25.7073	0.999915	-0.0130717
-1199.97	31.5979	0.999925	-0.0122664
-1200.04	37.4874	0.999934	-0.0114786
-1200.11	43.376	0.999943	-0.0107094
-1200.17	49.2635	0.999951	-0.00994618
-1200.23	55.15	0.999958	-0.00919701
-1200.28	61.0354	0.999964	-0.00846511
-1200.33	66.9198	0.99997	-0.00774412
-1200.37	72.8031	0.999975	-0.00702476
-1200.41	78.6854	0.99998	-0.0063054
-1200.45	84.5666	0.999984	-0.00558646
-1200.48	90.4468	0.999988	-0.00486793
-1200.5	96.326	0.999991	-0.0041494
-1200.53	102.204	0.999994	-0.00343087
-1200.55	108.081	0.999996	-0.00293504
-1200.56	113.957	0.999996	-0.00266191
-1200.58	119.244	0.999997	-0.00241606
-1200.59	125.706	0.999998	-0.00211553
-1200.6	131.578	0.999998	-0.00184232
-1200.61	137.45	0.999999	-0.0015693
-1200.62	143.321	0.999999	-0.00129648
-1200.63	149.19	0.999999	-0.00102361
-1200.63	155.059	1	-0.000750709
-1200.64	160.926	1	-0.000699936
-1200.64	166.792	1	-0.000871254
-1200.65	172.658	0.999999	-0.00104253
-1200.65	178.522	0.999999	-0.00121378
-1200.66	184.385	0.999999	-0.00138498
-1200.67	190.247	0.999999	-0.00133443
-1200.68	196.108	0.999999	-0.00106214
-1200.68	201.968	1	-0.000789848
-1200.69	207.827	1	-0.000517517
-1200.69	213.684	1	-0.00046682
-1200.69	219.541	1	-0.000637794
-1200.7	225.397	1	-0.000808731
-1200.7	231.251	1	-0.000979629
-1200.71	237.105	0.999999	-0.00115049
-1200.71	242.957	0.999999	-0.00110002
-1200.72	248.809	1	-0.000828262
-1200.72	254.659	1	-0.000556503
-1200.73	260.508	1	-0.000284744
-1200.73	266.357	1	-1.31378e-05
-1200.73	272.204	1	0.000258354
-1200.73	278.05	1	0.000529884
-1200.72	283.895	1	0.000801414
-1200.72	289.739	0.999999	0.00107294
-1200.71	295.582	0.999999	0.00134428
-1200.7	301.424	0.999999	0.00161547
-1200.69	307.264	0.999998	0.00188669
-1200.68	313.104	0.999998	0.00215792
-1200.67	318.943	0.999997	0.00242914
-1200.65	324.781	0.999996	0.00270018
-1200.64	330.617	0.999996	0.00297106
-1200.62	336.453	0.999995	0.00324198
-1200.6	342.287	0.999994	0.00351289
-1200.58	348.121	0.999993	0.00378366
-1200.55	353.953	0.999992	0.00405431
-1200.53	359.784	0.999991	0.004325
-1200.5	365.615	0.999989	0.00459569
-1200.48	371.444	0.999988	0.00486637
-1200.45	377.272	0.999987	0.00513687
-1200.42	383.099	0.999985	0.00540504
-1200.38	388.925	0.999984	0.00562843
-1200.35	394.75	0.999984	0.00569144
-1200.32	400.574	0.999985	0.00549751
-1200.29	406.397	0.999989	0.00473546
-1200.26	412.219	0.999994	0.00333193
-1200.25	418.04	0.999999	0.00152609
-1200.24	423.86	1	-0.000664497
-1200.25	429.097	0.999996	-0.00295457
-1200.28	435.496	0.999982	-0.00603479
-1200.32	441.313	0.99996	-0.00890313
-1200.38	447.128	0.999931	-0.0117708
-1200.45	452.943	0.999893	-0.0146376
-1200.55	458.755	0.999847	-0.0175038
-1200.65	464.567	0.999793	-0.0203692
-1200.78	470.377	0.99973	-0.0232337
-1200.92	476.186	0.999659	-0.0260975
-1201.08	481.993	0.999581	-0.0289588
-1201.25	487.799	0.999508	-0.0313659
-1201.44	493.604	0.999446	-0.0332799
-1201.64	499.407	0.999386	-0.0350411
-1201.84	505.208	0.999338	-0.036377
-1202.06	511.009	0.999332	-0.0365522
-1202.27	516.808	0.999367	-0.0355722
-1202.47	522.607	0.99942	-0.0340636
-1202.66	528.405	0.999482	-0.0321977
-1202.85	534.203	0.999545	-0.0301727
-1203.02	539.999	0.999622	-0.0274999
-1203.17	545.795	0.999707	-0.0242109
-1203.3	551.591	0.999781	-0.020931
-1203.41	557.386	0.999844	-0.017666
-1203.51	563.181	0.999889	-0.0148692
-1203.59	568.974	0.999921	-0.0125309
-1203.66	574.767	0.999948	-0.0101981
-1203.71	580.559	0.999969	-0.00786527
-1203.75	586.35	0.999985	-0.00553843
-1203.78	592.14	0.999994	-0.00344556
-1203.79	597.929	0.999999	-0.0015936
-1203.8	603.717	1	0.000245422
-1203.79	609.504	0.999998	0.00208437
-1203.78	615.29	0.999993	0.00370473
-1203.75	621.075	0.999987	0.00510651
-1203.72	626.858	0.999979	0.00650819
-1203.68	632.641	0.999969	0.00790979
-1203.63	638.423	0.999957	0.0093113
-1203.57	644.204	0.999945	0.0104943
-1203.51	649.983	0.999934	0.0114589
-1203.44	655.762	0.999923	0.0124235
-1203.37	661.539	0.99991	0.013388
-1203.29	667.315	0.999897	0.0143524
-1203.2	673.091	0.999886	0.0150987
-1203.11	678.865	0.999878	0.015627
-1203.02	684.638	0.999869	0.0161552
-1202.93	690.41	0.999861	0.0166834
-1202.83	696.181	0.999856	0.0169939
-1202.73	701.951	0.999854	0.0170868
-1202.63	707.72	0.999852	0.0171797
-1202.53	713.487	0.999851	0.0172725
-1202.43	719.254	0.99985	0.0173248
-1202.34	725.02	0.999854	0.0171125
-1202.24	730.785	0.999866	0.0163962
-1202.15	736.549	0.999886	0.015069
-1202.06	742.312	0.999915	0.0130449
-1201.99	748.075	0.999946	0.0103901
-1201.94	753.836	0.999973	0.0073254
-1201.91	759.597	0.999992	0.00404237
-1201.89	765.356	1	0.000631126
-1201.89	771.115	0.999996	-0.00284009
-1201.92	776.873	0.999981	-0.00623708
-1201.96	782.629	0.999956	-0.00936134
-1202.02	788.384	0.999928	-0.0119942
-1202.1	794.139	0.999902	-0.0139911
-1202.18	799.892	0.999883	-0.0153099
-1202.27	805.644	0.999879	-0.0155252
-1202.36	811.395	0.999892	-0.0146894
-1202.44	817.145	0.999909	-0.0134798
-1202.51	822.894	0.999925	-0.0122135
-1202.58	828.642	0.999939	-0.0110587
-1202.64	834.39	0.99995	-0.00999966
-1202.7	840.136	0.999957	-0.0093053
-1202.75	845.881	0.999957	-0.00931076
-1202.81	851.626	0.99995	-0.0100386
-1202.87	857.369	0.999935	-0.01138
-1202.94	863.112	0.999916	-0.0129891
-1203.01	868.853	0.999894	-0.0145525
-1203.1	874.593	0.999872	-0.0159832
-1203.2	880.332	0.999851	-0.0172627
-1203.3	886.07	0.999834	-0.0182474
-1203.4	891.806	0.999825	-0.0187254
-1203.51	897.542	0.999826	-0.0186525
-1203.62	903.277	0.999835	-0.0181645
-1203.72	909.011	0.999849	-0.0173765
-1203.82	914.744	0.999866	-0.0163625
-1203.91	920.476	0.999884	-0.0152303
-1203.99	926.207	0.999903	-0.0139377
-1204.07	931.938	0.999924	-0.0122946
-1204.14	937.667	0.999948	-0.0101637
-1204.19	943.396	0.999972	-0.00747118
-1204.22	949.124	0.999991	-0.00423527
-1204.24	954.85	1	-0.000493713
-1204.23	960.576	0.999993	0.00373422
-1204.2	966.301	0.999965	0.00834835
-1204.14	972.025	0.999913	0.0131983
-1204.06	977.747	0.999835	0.0181738
-1203.94	983.468	0.999731	0.0231941
-1203.8	989.187	0.999602	0.0282187
-1203.62	994.905	0.999447	0.0332418
-1203.42	1000.62	0.999251	0.0386917
-1203.19	1006.33	0.999006	0.044568
-1202.92	1012.04	0.998727	0.050442
-1202.62	1017.75	0.998414	0.0563022
-1202.28	1023.46	0.998069	0.0621212
-1201.91	1029.16	0.997723	0.0674395
-1201.52	1034.86	0.997387	0.0722427
-1201.09	1040.56	0.997033	0.0769688
-1200.64	1046.25	0.996666	0.0815874
-1200.17	1051.94	0.996336	0.0855256
-1199.67	1057.63	0.996064	0.0886424
-1199.16	1063.31	0.99582	0.0913356
-1198.58	1069.56	0.995587	0.0938435
-1198.09	1074.68	0.995435	0.0954448
-1197.55	1080.36	0.995361	0.0962108
-1197	1086.03	0.995378	0.0960303
-1196.45	1091.71	0.995415	0.0956491
-1195.91	1097.39	0.99546	0.0951793
-1195.37	1103.06	0.995511	0.0946476
-1194.83	1108.74	0.995608	0.0936179
-1194.3	1114.41	0.995748	0.0921137
-1193.78	1120.09	0.995888	0.090595
-1193.26	1125.76	0.996025	0.0890747
-1192.76	1131.44	0.99616	0.0875542
-1192.26	1137.11	0.996293	0.0860305
-1191.78	1142.79	0.996424	0.0844964
-1191.3	1148.46	0.996553	0.0829528
-1190.83	1154.13	0.996681	0.0814068
-1190.37	1159.81	0.996789	0.0800742
-1189.92	1165.48	0.996878	0.0789548
-1189.47	1171.15	0.996966	0.0778354
-1189.03	1176.83	0.997053	0.076718
-1188.6	1182.5	0.997137	0.0756114
-1188.17	1188.17	0.997219	0.0745231
-1187.75	1193.84	0.997299	0.0734515
-1187.33	1199.51	0.997376	0.0723892
-1186.92	1205.18	0.997453	0.0713305
-1186.52	1210.85	0.997527	0.0702863
-1186.12	1216.52	0.997597	0.0692785
-1185.73	1222.18	0.997663	0.0683249
-1185.35	1227.85	0.997724	0.0674344
-1184.97	1233.52	0.99778	0.0665961
-1184.59	1239.18	0.997818	0.0660251
-1184.21	1244.85	0.997835	0.0657737
-1183.84	1250.51	0.99784	0.065684
-1183.47	1256.18	0.997833	0.0658029
-1183.09	1261.84	0.997808	0.0661724
-1182.72	1267.5	0.997767	0.066785
-1182.34	1273.16	0.997712	0.0676007
-1181.95	1278.82	0.997647	0.0685531
-1181.56	1284.48	0.997577	0.0695683
-1181.16	1290.13	0.997505	0.070601
-1180.76	1295.79	0.997431	0.0716337
-1180.35	1301.44	0.997356	0.072666
-1179.94	1307.09	0.997281	0.0736978
-1179.52	1312.74	0.997236	0.0743058
-1179.1	1318.39	0.997222	0.0744902
-1178.68	1324.04	0.997208	0.0746742
-1178.25	1329.69	0.997194	0.0748578
-1177.83	1335.34	0.99718	0.0750412
-1177.4	1340.98	0.997167	0.0752249
-1176.98	1346.63	0.997153	0.075409
-1176.55	1352.27	0.997139	0.0755928
-1176.12	1357.91	0.997125	0.0757763
-1175.69	1363.55	0.997111	0.0759595
-1175.26	1369.2	0.997097	0.0761431
-1174.83	1374.83	0.997083	0.076327
-1174.4	1380.47	0.997069	0.0765106
-1173.97	1386.11	0.997055	0.0766939
-1173.53	1391.75	0.997041	0.0768774
-1173.1	1397.38	0.997026	0.0770612
-1172.66	1403.02	0.997012	0.0772447
-1172.22	1408.65	0.996998	0.0774278
-1171.79	1414.28	0.996984	0.0776106
-1171.35	1419.91	0.996986	0.0775831
-1170.91	1425.54	0.997004	0.0773452
-1170.47	1431.17	0.997023	0.0771071
-1170.04	1436.8	0.997041	0.0768687
-1169.61	1442.43	0.99706	0.07663
-1169.17	1448.06	0.997078	0.0763919
-1168.74	1453.68	0.997096	0.0761543
-1168.31	1459.31	0.997114	0.0759164
-1167.89	1464.94	0.997132	0.0756782
-1167.46	1470.56	0.997213	0.0746017
-1167.04	1476.18	0.997355	0.0726867
-1166.6	1482.37	0.997506	0.0705797
-1166.21	1487.99	0.99764	0.0686637
-1165.82	1493.62	0.99777	0.0667472
-1165.45	1499.24	0.99791	0.064623
-1165.09	1504.86	0.998058	0.0622911
-1164.78	1509.92	0.998187	0.0601919
-1164.41	1516.11	0.998338	0.0576255
-1164.09	1521.73	0.99847	0.055292
-1163.82	1526.79	0.998584	0.0531927
-1163.5	1532.98	0.998717	0.0506356
-1163.24	1538.04	0.99882	0.0485601
-1162.95	1544.22	0.998939	0.0460468
-1162.72	1549.28	0.999031	0.0440014
-1162.48	1554.9	0.999129	0.041732
-1162.25	1560.52	0.999221	0.0394622
-1162.03	1566.14	0.999308	0.037192
-1161.83	1571.76	0.99939	0.0349213
-1161.64	1577.38	0.999461	0.0328184
-1161.45	1583	0.99952	0.0309673
-1161.27	1589.18	0.999581	0.0289307
-1161.13	1594.24	0.999628	0.0272641
-1160.96	1600.42	0.999682	0.0252268
-1160.84	1605.47	0.999718	0.0237277
-1160.71	1611.09	0.999751	0.0222955
-1160.59	1616.71	0.999782	0.0208641
-1160.47	1622.32	0.999811	0.0194459
-1160.37	1627.94	0.999837	0.0180555
-1160.27	1633.55	0.999861	0.0167024
-1160.18	1639.16	0.999881	0.0154068
-1160.09	1644.77	0.9999	0.0141649
-1160.02	1650.38	0.999916	0.0129475
-1159.95	1655.99	0.999932	0.0117001
-1159.88	1661.6	0.999946	0.0103581
-1159.83	1667.21	0.99996	0.00893669
-1159.78	1672.82	0.999972	0.00750199
-1159.74	1678.43	0.999982	0.00607441
-1159.71	1684.03	0.999988	0.00483841
-1159.69	1689.64	0.999992	0.00388019
-1159.67	1695.8	0.999996	0.00283738
-1159.65	1700.84	0.999998	0.0019839
-1159.64	1707.01	0.999998	0.00219686
-1159.63	1712.05	0.999994	0.00360439
-1159.6	1717.65	0.999987	0.00516795
-1159.57	1723.25	0.999977	0.0067311
-1159.53	1728.85	0.999966	0.00829387
-1159.48	1734.44	0.999951	0.00985638
-1159.42	1740.6	0.999933	0.0115749
-1159.35	1746.2	0.999914	0.0131368
-1159.27	1751.79	0.999892	0.0146983
-1159.19	1757.38	0.999868	0.0162593
-1159.09	1762.98	0.999841	0.0178201
-1158.99	1768.57	0.999812	0.0193806
-1158.88	1774.16	0.999781	0.0209407
-1158.76	1779.75	0.999747	0.0225004
-1158.63	1785.34	0.999711	0.0240578
-1158.49	1790.92	0.999672	0.0256061
-1158.34	1796.51	0.999632	0.0271401
-1158.2	1801.54	0.999593	0.028511
-1158.02	1807.68	0.999545	0.0301782
-1157.85	1813.26	0.999506	0.0314347
-1157.67	1818.84	0.999478	0.0322963
-1157.49	1824.42	0.999464	0.0327492
-1157.31	1830	0.999468	0.0326278
-1157.13	1835.58	0.99949	0.0319213
-1156.95	1841.16	0.999524	0.0308617
-1156.78	1846.74	0.999557	0.0297462
-1156.62	1852.31	0.999589	0.0286747
-1156.46	1857.89	0.999618	0.0276386
-1156.29	1863.46	0.999076	0.0429694
-1155.98	1869.03	0.997212	0.0746211
-1155.5	1874.59	0.994346	0.106191
-1154.83	1880.13	0.990481	0.137651
-1154	1885.65	0.985619	0.168981
-1153	1891.14	0.982871	0.184297
-1151.97	1896.63	0.982979	0.183717
-1150.95	1902.12	0.983087	0.183137
-1149.93	1907.6	0.983196	0.182551
-1148.91	1913.09	0.983314	0.181916
-1147.9	1918.57	0.984046	0.177912
-1146.92	1924.07	0.985364	0.170463
-1145.99	1929.56	0.986674	0.162711
-1145.1	1935.07	0.987987	0.154535
-1144.26	1940.58	0.989337	0.145647
-1143.47	1946.1	0.990705	0.136027
-1142.73	1951.62	0.992034	0.12597
-1142.05	1957.15	0.993295	0.115607
-1141.43	1962.69	0.994468	0.105039
-1140.87	1968.23	0.995519	0.0945624
-1140.36	1973.78	0.996445	0.0842484
-1139.92	1979.33	0.997264	0.0739227
-1139.53	1984.89	0.997976	0.0635899
-1139.2	1990.44	0.998526	0.0542687
-1138.91	1996	0.998943	0.0459618
-1138.68	2001.56	0.999291	0.0376525
-1138.49	2007.13	0.999569	0.0293414
-1138.34	2012.69	0.999779	0.021029
-1138.24	2018.25	0.999908	0.0135404
-1138.18	2023.81	0.999976	0.00687633
-1138.16	2029.38	1	0.000212647
-1138.17	2034.94	0.999979	-0.00645029
-1138.22	2040.5	0.999925	-0.0122836
-1138.3	2046.06	0.999851	-0.0172872
-1138.41	2051.61	0.999752	-0.0222897
-1138.54	2057.17	0.999628	-0.0272909
-1138.71	2062.72	0.999479	-0.0322907
-1138.9	2068.27	0.999328	-0.0366666
-1139.11	2073.83	0.999183	-0.0404188
-1139.34	2079.37	0.999024	-0.0441648
-1139.59	2084.92	0.998852	-0.0479008
-1139.87	2090.47	0.998698	-0.0510106
-1140.16	2096.01	0.998568	-0.0534978
-1140.46	2101.55	0.998432	-0.0559842
-1140.78	2107.09	0.998289	-0.0584696
-1141.11	2112.63	0.998141	-0.060954
-1141.45	2118.17	0.998025	-0.0628184
-1141.8	2123.71	0.997947	-0.0640487
-1142.16	2129.24	0.997871	-0.0652205
-1142.52	2134.77	0.997801	-0.0662745
-1142.89	2140.31	0.997701	-0.0677705
-1143.27	2145.84	0.997575	-0.0696016
-1143.66	2151.36	0.997476	-0.0710068
-1144.06	2156.89	0.997413	-0.0718832
-1144.46	2162.42	0.997386	-0.0722592
-1144.86	2167.94	0.997401	-0.0720534
-1145.25	2173.47	0.997453	-0.0713201
-1145.65	2178.99	0.997532	-0.0702201
-1146.03	2184.52	0.997632	-0.0687777
-1146.41	2190.04	0.997767	-0.0667894
-1146.77	2195.56	0.997924	-0.0643982
-1147.13	2201.09	0.998076	-0.0620052
-1147.46	2206.61	0.998224	-0.0595805
-1147.79	2212.14	0.998368	-0.0571081
-1148.1	2217.66	0.998508	-0.0546031
-1148.39	2223.18	0.998643	-0.0520865
-1148.68	2228.71	0.998771	-0.0495675
-1148.95	2234.23	0.998893	-0.0470503
-1149.2	2239.76	0.998998	-0.0447445
-1149.44	2245.28	0.99909	-0.042648
-1149.67	2250.81	0.999177	-0.0405513
-1149.89	2256.34	0.99926	-0.0384573
-1150.1	2261.87	0.999338	-0.0363875
-1150.3	2267.39	0.999409	-0.0343615
-1150.48	2272.92	0.999476	-0.0323596
-1150.66	2278.45	0.999539	-0.0303555
-1150.82	2283.98	0.999598	-0.0283533
-1150.98	2289.51	0.999647	-0.0265606
-1151.12	2295.04	0.999688	-0.0249632
-1151.25	2300.57	0.999727	-0.0233498
-1151.38	2306.11	0.999764	-0.0217289
-1151.5	2311.64	0.999798	-0.0201075
-1151.6	2317.18	0.999829	-0.0184854
-1151.7	2322.72	0.999858	-0.0168629
-1151.79	2328.25	0.999884	-0.0152407
-1151.87	2333.79	0.999907	-0.0136186
-1151.94	2339.33	0.999926	-0.0122032
-1152.01	2344.86	0.99994	-0.010998
-1152.07	2350.4	0.999952	-0.00980299
-1152.12	2355.94	0.999963	-0.00862746
-1152.16	2361.49	0.999972	-0.00747676
-1152.2	2367.05	0.99998	-0.00634088
-1152.24	2372.62	0.999986	-0.00520737
-1152.26	2378.21	0.999992	-0.0040727
-1152.28	2383.8	0.999996	-0.00293688
-1152.3	2389.41	0.999998	-0.00179991
-1152.31	2395.03	1	-0.000868248
-1152.31	2400.66	1	-0.000142006
-1152.31	2406.3	1	0.000585152
-1152.3	2411.96	0.999999	0.00131326
-1152.29	2417.62	0.999998	0.00204404
-1152.28	2423.3	0.999996	0.00278115
-1152.26	2428.98	0.999994	0.00353024
-1152.24	2434.68	0.999991	0.00430027
-1152.21	2440.39	0.999987	0.00510032
-1152.18	2446.11	0.999982	0.00593794
-1152.15	2451.84	0.999977	0.00682285
-1152.11	2457.59	0.99997	0.00775312
-1152.06	2463.34	0.999962	0.00871561
-1152.01	2469.11	0.999955	0.00949893
-1151.95	2474.88	0.999949	0.0101144
-1151.89	2480.67	0.999942	0.0107682
-1151.83	2486.47	0.999935	0.0114366
-1151.76	2492.28	0.999927	0.0121065
-1151.69	2498.1	0.999918	0.012778
-1151.61	2503.94	0.99991	0.0134511
-1151.53	2509.78	0.9999	0.0141259
-1151.45	2515.64	0.99989	0.0148022
-1151.36	2521.5	0.99988	0.0154801
-1151.27	2527.38	0.999873	0.0159368
-1151.17	2533.27	0.999869	0.0161722
-1151.07	2539.17	0.999865	0.016409
-1150.98	2545.08	0.999861	0.0166472
-1150.88	2551	0.999857	0.0168851
-1150.78	2556.94	0.999853	0.0171227
-1150.67	2562.88	0.999849	0.0173617
-1150.57	2568.84	0.999845	0.0176021
-1150.47	2574.81	0.999841	0.017844
-1150.36	2580.78	0.999836	0.018085
-1150.25	2586.77	0.999832	0.0183254
-1150.14	2592.77	0.999828	0.0185672
-1150.03	2598.78	0.999823	0.0188104
-1149.91	2604.81	0.999818	0.0190532
-1149.8	2610.84	0.999814	0.0192958
-1149.68	2616.89	0.999809	0.0195398
-1149.56	2622.94	0.999804	0.019785
-1149.44	2628.99	0.999799	0.0200308
-1149.32	2635.05	0.999804	0.019814
-1149.2	2641.1	0.999817	0.0191345
-1149.09	2647.15	0.99983	0.0184452
-1148.98	2653.2	0.999844	0.0176834
-1148.87	2659.25	0.999859	0.0167885
-1148.77	2665.3	0.999872	0.0159916
-1148.68	2671.34	0.999883	0.0153023
-1148.59	2677.39	0.999895	0.0145079
-1148.5	2683.43	0.999906	0.0136845
-1148.42	2689.48	0.99992	0.0126547
-1148.35	2695.52	0.999935	0.0113792
-1148.28	2701.56	0.99995	0.0100127
-1148.22	2707.6	0.999964	0.00851229
-1148.18	2713.64	0.999976	0.00689106
-1148.14	2719.68	0.999985	0.0054304
-1148.11	2725.71	0.999991	0.00418118
-1148.09	2731.75	0.999996	0.00292813
-1148.07	2737.78	0.999999	0.0016752
-1148.07	2743.82	1	0.000422722
-1148.07	2749.85	1	-0.000827583
-1148.07	2755.88	0.999998	-0.00207606
-1148.09	2761.91	0.999994	-0.00332437
-1148.11	2767.94	0.99999	-0.00457032
-1148.14	2773.97	0.999984	-0.00558063
-1148.18	2779.99	0.99998	-0.0063553
-1148.22	2786.02	0.999975	-0.00712761
-1148.26	2792.04	0.999969	-0.0078998
-1148.31	2798.07	0.999962	-0.00867171
-1148.37	2804.09	0.999955	-0.00944336
-1148.43	2810.11	0.999948	-0.0102149
-1148.49	2816.13	0.99994	-0.0109864
-1148.56	2822.14	0.999934	-0.0115285
-1148.63	2828.16	0.99993	-0.0118413
-1148.7	2834.18	0.999926	-0.012154
-1148.77	2840.19	0.999922	-0.0124667
-1148.85	2846.2	0.999918	-0.0127793
-1148.93	2852.22	0.999914	-0.0130918
-1149.01	2858.23	0.99991	-0.0134042
-1149.09	2864.24	0.999906	-0.0137166
-1149.17	2870.24	0.999902	-0.0140289
-1149.25	2876.25	0.999897	-0.0143411
-1149.34	2882.26	0.999896	-0.0144247
-1149.43	2888.26	0.999898	-0.0142798
-1149.51	2894.27	0.9999	-0.0141349
-1149.6	2900.27	0.999902	-0.0139899
-1149.68	2906.27	0.999904	-0.013845
-1149.76	2912.27	0.999906	-0.0137003
-1149.85	2918.27	0.999908	-0.0135554
-1149.93	2924.27	0.99991	-0.0134106
-1150.01	2930.26	0.999912	-0.0132657
-1150.09	2936.26	0.999914	-0.0131209
-1150.16	2942.25	0.999916	-0.0129763
-1150.24	2948.25	0.999918	-0.0128317
-1150.32	2954.24	0.99992	-0.012687
-1150.39	2960.23	0.999921	-0.0125424
-1150.47	2966.22	0.999923	-0.012398
-1150.54	2972.21	0.999925	-0.0122534
-1150.62	2978.2	0.999927	-0.0121089
-1150.69	2984.19	0.999928	-0.0119643
-1150.76	2990.17	0.99993	-0.0118198
-1150.83	2996.16	0.999932	-0.0116755
-1150.9	3002.14	0.999934	-0.0115312
-1150.97	3008.12	0.999935	-0.0113868
-1151.04	3014.1	0.999937	-0.0112425
-1151.1	3020.08	0.999938	-0.0110984
-1151.17	3026.06	0.99994	-0.0109542
-1151.23	3032.04	0.999942	-0.0108099
-1151.3	3038.01	0.999943	-0.0106656
-1151.36	3043.99	0.999945	-0.0105215
-1151.42	3049.96	0.999946	-0.0103775
-1151.49	3055.94	0.999948	-0.0102334
-1151.55	3061.91	0.999949	-0.0100893
-1151.61	3067.88	0.999951	-0.00994539
-1151.67	3073.85	0.999952	-0.00980154
-1151.72	3079.82	0.999953	-0.00965762
-1151.78	3085.79	0.999955	-0.00951366
-1151.84	3091.75	0.999956	-0.00936966
-1151.89	3097.72	0.999957	-0.00922581
-1151.95	3103.68	0.999959	-0.00908212
-1152	3109.64	0.99996	-0.00893839
-1152.05	3115.61	0.999961	-0.00879462
-1152.11	3121.57	0.999963	-0.00865096
-1152.16	3127.53	0.999964	-0.00850742
-1152.21	3133.49	0.999965	-0.0083638
-1152.26	3139.44	0.999966	-0.00822015
-1152.31	3145.4	0.999967	-0.00807645
-1152.35	3151.35	0.999969	-0.00793291
-1152.4	3157.31	0.99997	-0.00778952
-1152.45	3163.26	0.999971	-0.00764052
-1152.49	3169.21	0.999972	-0.00747264
-1152.54	3175.16	0.999973	-0.00728161
-1152.58	3181.11	0.999975	-0.00707516
-1152.62	3187.06	0.999976	-0.00686314
-1152.66	3193.01	0.999978	-0.00664724
-1152.7	3198.96	0.999979	-0.00641798
-1152.74	3204.9	0.999981	-0.00618502
-1152.77	3210.84	0.999982	-0.00593676
-1152.81	3216.79	0.999984	-0.00564475
-1152.84	3222.73	0.999986	-0.00532005
-1152.87	3228.67	0.999988	-0.00498554
-1152.9	3234.61	0.999989	-0.00465123
-1152.93	3240.55	0.999991	-0.00431687
-1152.95	3246.49	0.999992	-0.00399022
-1152.97	3252.42	0.999993	-0.00369066
-1153	3258.36	0.999995	-0.0031933
-1153.01	3264.29	0.999997	-0.0024843
-1153.03	3270.22	0.999998	-0.0017808
-1153.03	3276.16	0.999999	-0.00107729
-1153.04	3282.09	1	-0.000373787
-1153.04	3288.02	1	0.0003293
-1153.04	3293.95	0.999999	0.00103361
-1153.03	3299.87	0.999998	0.00174345
-1153.02	3305.8	0.999997	0.00245717
-1153	3311.72	0.999996	0.00294591
-1152.98	3317.65	0.999995	0.0032097
-1152.96	3323.57	0.999994	0.00347352
-1152.94	3329.49	0.999993	0.00373734
-1152.92	3335.41	0.999992	0.0040012
-1152.89	3341.33	0.999991	0.00426487
-1152.87	3347.25	0.99999	0.00452835
-1152.84	3353.17	0.999989	0.00479187
-1152.81	3359.09	0.999987	0.00505374
-1152.78	3365	0.999986	0.00531383
-1152.75	3370.92	0.999984	0.00557376
-1152.72	3376.83	0.999983	0.00583372
-1152.68	3382.74	0.999981	0.00609373
-1152.64	3388.65	0.99998	0.00635373
-1152.61	3394.56	0.99998	0.00638959
-1152.57	3400.47	0.999981	0.00620134
-1152.53	3406.38	0.999982	0.00601312
-1152.5	3412.28	0.999983	0.00582495
-1152.46	3418.19	0.999984	0.00563685
-1152.43	3424.09	0.999985	0.00544879
-1152.4	3430	0.999986	0.00526076
-1152.37	3435.9	0.999987	0.00507278
-1152.34	3441.8	0.999988	0.00488483
-1152.31	3447.7	0.999989	0.00469692
-1152.28	3453.6	0.99999	0.00450905
-1152.26	3459.5	0.999991	0.00432121
-1152.23	3465.39	0.999991	0.00413342
-1152.21	3471.29	0.999992	0.0039457
-1152.19	3477.18	0.999993	0.00375802
-1152.16	3483.08	0.999994	0.00357037
-1152.14	3488.97	0.999994	0.00338277
-1152.12	3494.86	0.999995	0.0031952
-1152.11	3500.75	0.999995	0.00300767
-1152.09	3506.64	0.999996	0.00282018
-1152.07	3512.53	0.999997	0.00263276
-1152.06	3518.41	0.999997	0.00244539
-1152.04	3524.3	0.999997	0.00225805
-1152.03	3530.19	0.999997	0.00229352
-1152.02	3536.07	0.999997	0.00255182
-1152	3541.95	0.999996	0.00281015
-1151.98	3547.83	0.999995	0.00306848
-1151.96	3553.71	0.999994	0.00332681
-1151.94	3559.59	0.999994	0.00359044
-1151.92	3565.47	0.999993	0.00387082
-1151.9	3571.35	0.999991	0.00416813
-1151.87	3577.22	0.99999	0.00447311
-1151.85	3583.1	0.999989	0.00458401
-1151.82	3588.97	0.99999	0.00450245
-1151.79	3594.85	0.99999	0.00440399
-1151.77	3600.72	0.999991	0.00427719
-1151.74	3606.59	0.999991	0.00413895
-1151.72	3612.46	0.999992	0.00399148
-1151.7	3618.33	0.999993	0.00382714
-1151.67	3624.19	0.999993	0.00362904
-1151.65	3630.06	0.999994	0.00338578
-1151.63	3635.93	0.999995	0.00311044
-1151.62	3641.79	0.999996	0.00282209
-1151.6	3647.65	0.999997	0.00252237
-1151.59	3653.52	0.999998	0.00221345
-1151.58	3659.38	0.999998	0.00190298
-1151.56	3665.24	0.999999	0.00159257
-1151.56	3671.1	0.999999	0.00128224
-1151.55	3676.96	1	0.000971992
-1151.54	3683.4	1	0.000630806
-1151.54	3688.67	1	0.000573128
-1151.54	3694.52	1	0.000705917
-1151.53	3700.38	1	0.000838783
-1151.53	3706.23	1	0.000967911
-1151.52	3712.08	0.999999	0.00107266
-1151.52	3717.93	0.999999	0.00112458
-1151.51	3723.78	0.999999	0.00113724
-1151.5	3729.63	0.999999	0.00114293
-1151.5	3735.48	0.999999	0.00114873
-1151.49	3741.32	0.999999	0.00115445
-1151.48	3747.17	0.999999	0.00116006
-1151.48	3753.01	0.999999	0.00116574
-1151.47	3758.86	0.999999	0.0011715
-1151.46	3764.7	0.999999	0.00115838
-1151.45	3770.54	0.999999	0.00110776
-1151.45	3776.38	0.999999	0.00103646
-1151.44	3782.22	1	0.000965278
-1151.44	3788.06	1	0.00090554
-1151.43	3793.89	1	0.000884712
-1151.43	3799.73	1	0.000942314
-1151.42	3805.56	0.999999	0.0010806
-1151.41	3811.4	0.999999	0.00125085
-1151.41	3817.23	0.999999	0.00142113
-1151.4	3823.06	0.999999	0.00159829
-1151.39	3828.89	0.999998	0.00182557
-1151.38	3834.72	0.999998	0.00211827
-1151.36	3840.55	0.999997	0.00242775
-1151.35	3846.38	0.999996	0.00269822
-1151.33	3852.2	0.999996	0.00290856
-1151.32	3858.03	0.999995	0.00308544
-1151.3	3863.85	0.999995	0.00325535
-1151.28	3869.68	0.999994	0.0034269
-1151.26	3875.5	0.999994	0.00338547
-1151.24	3881.32	0.999995	0.00314835
-1151.22	3887.14	0.999996	0.00293557
-1151.2	3892.96	0.999996	0.0027282
-1151.19	3898.78	0.999997	0.00252087
-1151.17	3904.59	0.999997	0.00231358
-1151.16	3910.41	0.999998	0.00210633
-1151.15	3916.22	0.999998	0.00189915
-1151.14	3922.04	0.999999	0.00169202
-1151.13	3927.85	0.999999	0.00148492
-1151.12	3933.66	0.999999	0.00127785
-1151.11	3939.47	0.999999	0.00107083
-1151.11	3945.28	1	0.000863884
-1151.1	3951.09	1	0.000656975
-1151.1	3957.48	1	0.000429413
-1151.1	3962.71	1	0.000243263
-1151.1	3968.51	1	3.64685e-05
-1151.1	3974.32	1	-0.00017025
-1151.1	3980.12	1	-0.000157928
-1151.1	3985.92	1	7.33948e-05
-1151.1	3991.72	1	0.000304718
-1151.1	3997.52	1	0.000536079
-1151.09	4003.32	1	0.000767479
-1151.09	4009.12	1	0.000998688
-1151.08	4014.92	0.999999	0.00122974
-1151.07	4020.71	0.999999	0.00146084
-1151.06	4026.51	0.999999	0.00169193
-1151.05	4032.3	0.999998	0.00192291
-1151.04	4038.1	0.999998	0.00215378
-1151.03	4043.89	0.999997	0.00238464
-1151.02	4049.68	0.999997	0.00261554
-1151	4055.47	0.999996	0.00284649
-1150.98	4061.26	0.999996	0.00285892
-1150.97	4067.05	0.999996	0.00265289
-1150.95	4072.84	0.999997	0.00244694
-1150.94	4078.62	0.999997	0.00224102
-1150.93	4084.41	0.999998	0.00181702
-1150.92	4090.19	0.999999	0.00117496
-1150.91	4095.97	1	0.000532951
-1150.91	4101.76	1	-0.000109024
-1150.91	4107.54	1	-0.000750923
-1150.92	4113.32	0.999999	-0.00117466
-1150.93	4119.1	0.999999	-0.00138027
-1150.93	4124.87	0.999999	-0.00158585
-1150.94	4130.65	0.999998	-0.00179138
-1150.95	4136.43	0.999998	-0.00199688
-1150.97	4142.2	0.999998	-0.00198467
-1150.98	4147.97	0.999998	-0.00175476
-1150.99	4153.75	0.999999	-0.00152481
-1150.99	4159.52	0.999999	-0.00129486
-1151	4165.29	0.999999	-0.00106503
-1151.01	4171.06	1	-0.000835304
-1151.01	4176.83	1	-0.000603447
-1151.01	4182.6	1	-0.000352898
-1151.02	4188.36	1	-7.67135e-05
-1151.02	4194.13	1	0.00020462
-1151.01	4199.89	1	0.000480461
-1151.01	4205.66	1	0.000754738
-1151.01	4211.42	0.999999	0.00102901
-1151	4217.18	0.999999	0.00130325
-1150.99	4222.95	0.999999	0.00157761
-1150.98	4228.73	0.999998	0.00185211
-1150.97	4234.52	0.999998	0.00212654
-1150.96	4240.32	0.999997	0.00240082
-1150.94	4246.13	0.999997	0.00245693
-1150.93	4251.95	0.999997	0.00229473
-1150.92	4257.78	0.999998	0.00213211
-1150.9	4263.62	0.999998	0.00196911
-1150.89	4269.48	0.999998	0.00180572
-1150.88	4275.35	0.999999	0.00164196
-1150.87	4281.22	0.999999	0.00147781
-1150.86	4287.11	0.999999	0.00130726
-1150.86	4293.01	0.999999	0.00112259
-1150.85	4298.92	1	0.000928154
-1150.85	4304.85	1	0.000731621
-1150.84	4310.78	1	0.00053463
-1150.84	4316.72	1	0.000337181
-1150.84	4322.68	1	0.000139351
-1150.84	4328.64	1	-5.87845e-05
-1150.84	4334.61	1	-0.000257187
-1150.84	4340.58	1	-0.000455742
-1150.84	4346.55	1	-0.000654335
-1150.85	4352.52	1	-0.00062603
-1150.85	4358.49	1	-0.000370789
-1150.85	4364.46	1	-0.000115509
-1150.85	4370.43	1	0.000151482
-1150.85	4376.4	1	0.000455055
-1150.85	4382.37	1	0.000796852
-1150.84	4388.33	0.999999	0.00114811
-1150.83	4394.3	0.999999	0.00148991
-1150.82	4400.26	0.999998	0.00182613
-1150.81	4406.22	0.999998	0.00215828
-1150.8	4412.18	0.999997	0.00247078
-1150.78	4418.14	0.999996	0.00276382
-1150.77	4424.1	0.999995	0.00305301
-1150.75	4430.06	0.999996	0.00288803
-1150.73	4436.01	0.999997	0.00226887
-1150.72	4441.97	0.999999	0.00164974
-1150.71	4447.92	0.999999	0.00104176
-1150.71	4453.88	1	0.000462151
-1150.71	4460.42	1	-0.000150116
-1150.71	4465.78	1	-0.000644844
-1150.71	4471.73	0.999999	-0.00119286
-1150.72	4477.68	0.999999	-0.00172753
-1150.73	4483.62	0.999998	-0.00223168
-1150.75	4489.57	0.999997	-0.00248112
-1150.76	4495.52	0.999997	-0.0024947
-1150.78	4501.46	0.999997	-0.00250828
-1150.79	4507.4	0.999997	-0.00252186
-1150.81	4513.34	0.999997	-0.00253544
-1150.82	4519.28	0.999997	-0.00232361
-1150.83	4525.22	0.999998	-0.00188637
-1150.84	4531.16	0.999999	-0.00144913
-1150.85	4537.1	0.999999	-0.00101193
-1150.86	4543.04	1	-0.000574768
-1150.86	4548.97	1	-0.000137833
-1150.86	4554.9	1	0.000298874
-1150.86	4560.84	1	0.00073558
-1150.85	4566.77	0.999999	0.00117229
-1150.84	4572.7	0.999999	0.0016088
-1150.83	4578.63	0.999998	0.00204513
-1150.82	4584.56	0.999997	0.00248145
-1150.8	4590.49	0.999996	0.00291774
-1150.78	4596.41	0.999994	0.00335398
-1150.76	4602.34	0.999994	0.00356535
-1150.74	4608.26	0.999994	0.00355185
-1150.72	4614.18	0.999994	0.00353835
-1150.7	4620.11	0.999994	0.00352484
-1150.68	4626.03	0.999994	0.00351134
-1150.66	4631.95	0.999995	0.00327342
-1150.64	4637.86	0.999996	0.00281112
-1150.63	4643.78	0.999997	0.00234885
-1150.61	4649.7	0.999998	0.00188659
-1150.6	4655.61	0.999999	0.00142448
-1150.6	4661.53	1	0.000962593
-1150.59	4667.44	1	0.000500748
-1150.59	4673.35	1	3.89404e-05
-1150.59	4679.26	1	-0.000422867
-1150.59	4685.17	1	-0.000884445
-1150.6	4691.08	0.999999	-0.00134579
-1150.61	4696.99	0.999998	-0.00180714
-1150.62	4702.89	0.999997	-0.00226845
-1150.64	4708.8	0.999996	-0.00272973
-1150.65	4715.29	0.999996	-0.00278951
-1150.67	4720.61	0.999997	-0.00239898
-1150.68	4726.51	0.999998	-0.0019651
-1150.69	4732.41	0.999999	-0.00153122
-1150.7	4738.31	0.999999	-0.00109753
-1150.71	4744.8	1	-0.000620674
-1150.71	4750.11	1	-0.000230522
-1150.71	4756.59	1	0.00024633
-1150.71	4761.9	1	0.000636444
-1150.7	4767.79	0.999999	0.00106968
-1150.69	4773.69	0.999999	0.00150272
-1150.68	4779.58	0.999998	0.00193573
-1150.67	4785.47	0.999997	0.0023687
-1150.66	4791.36	0.999996	0.00280166
-1150.64	4797.25	0.999995	0.00301143
-1150.62	4803.14	0.999996	0.002998
-1150.6	4809.02	0.999996	0.00298458
-1150.59	4814.91	0.999996	0.00297115
-1150.57	4820.79	0.999996	0.00273498
-1150.55	4826.68	0.999997	0.00227608
-1150.54	4832.56	0.999998	0.00179642
-1150.53	4838.44	0.999999	0.00117523
-1150.53	4844.91	1	0.000185432
-1150.53	4850.79	0.999999	-0.00106575
-1150.54	4856.08	0.999997	-0.00254057
-1150.56	4861.96	0.999989	-0.00461247
-1150.59	4868.42	0.999973	-0.00736526
-1150.64	4873.71	0.999951	-0.00994508
-1150.7	4879.58	0.999916	-0.0129992
-1150.79	4885.45	0.99987	-0.0161334
-1150.89	4891.32	0.999812	-0.0193742
-1151.01	4897.19	0.999739	-0.0228568
-1151.17	4903.65	0.999648	-0.0265321
-1151.31	4908.93	0.999571	-0.0292768
-1151.49	4914.79	0.999475	-0.0324119
-1151.69	4920.66	0.999364	-0.0356548
-1151.91	4926.52	0.999257	-0.03854
-1152.14	4932.38	0.999157	-0.0410452
-1152.41	4938.82	0.999032	-0.0439844
-1152.65	4944.09	0.998908	-0.0467271
-1152.93	4949.94	0.998741	-0.0501628
-1153.23	4955.8	0.998579	-0.0532984
-1153.58	4962.23	0.998413	-0.0563073
-1153.92	4968.08	0.998231	-0.0594479
-1154.28	4973.93	0.998021	-0.0628791
-1154.61	4979.19	0.997835	-0.0657613
-1155.05	4985.61	0.997612	-0.0690631
-1155.42	4990.87	0.997413	-0.0718897
-1155.84	4996.7	0.997171	-0.0751633
-1156.34	5003.12	0.996872	-0.0790326
-1156.81	5008.95	0.9966	-0.0823891
-1157.3	5014.78	0.996336	-0.0855257
-1157.81	5020.61	0.996042	-0.0888876
-1158.33	5026.43	0.995716	-0.0924683
-1158.88	5032.25	0.995362	-0.0962007
-1159.46	5038.07	0.994042	-0.109
-1160.15	5043.87	0.9914	-0.130865
-1160.97	5049.66	0.988262	-0.152767
-1161.91	5055.43	0.984639	-0.174601
-1162.98	5061.17	0.980534	-0.196348
-1164.18	5066.89	0.975821	-0.218571
-1165.51	5072.57	0.970466	-0.241239
-1166.97	5078.23	0.964603	-0.263708
-1168.56	5083.84	0.958245	-0.28595
-1170.28	5089.42	0.951698	-0.307037
-1171.93	5094.41	0.945718	-0.32499
-1174.08	5100.46	0.937986	-0.346673
-1176.14	5105.92	0.930593	-0.366055
-1178.32	5111.33	0.922945	-0.384932
-1180.61	5116.7	0.916083	-0.400989
-1182.98	5122.03	0.910211	-0.414146
-1185.43	5127.32	0.904432	-0.426617
-1187.94	5132.58	0.898672	-0.438621
-1190.53	5137.81	0.893664	-0.448737
-1193.16	5143.01	0.889496	-0.456944
-1195.84	5148.18	0.885482	-0.464674
-1198.57	5153.33	0.881633	-0.471936
-1201.33	5158.46	0.877891	-0.478861
-1204.14	5163.57	0.874814	-0.484458
-1206.97	5168.66	0.872369	-0.488849
-1209.83	5173.73	0.869902	-0.493225
-1212.71	5178.79	0.867414	-0.497588
-1215.61	5183.83	0.865345	-0.501176
-1218.54	5188.87	0.863707	-0.503995
-1221.48	5193.89	0.862062	-0.506802
-1224.43	5198.9	0.860413	-0.509597
-1227.4	5203.9	0.858762	-0.512375
-1230.39	5208.89	0.857565	-0.514375
-1233.38	5213.88	0.856824	-0.515609
-1236.38	5218.86	0.856081	-0.516841
-1239.39	5223.83	0.855337	-0.518072
-1242.4	5228.8	0.852883	-0.522102
-1245.45	5233.74	0.848649	-0.528956
-1248.54	5238.66	0.844263	-0.535929
-1251.67	5243.56	0.839676	-0.543088
-1254.84	5248.42	0.834878	-0.550435
-1258.06	5253.26	0.831493	-0.555535
-1261.29	5258.08	0.829634	-0.558307
-1264.53	5262.9	0.827802	-0.56102
-1267.8	5267.7	0.82607	-0.563568
-1271.07	5272.48	0.824722	-0.565538
-1274.36	5277.27	0.823744	-0.566961
-1277.65	5282.04	0.822835	-0.56828
-1280.95	5286.81	0.821894	-0.569641
-1284.25	5291.58	0.820674	-0.571397
-1287.57	5296.33	0.819313	-0.573347
-1290.9	5301.08	0.817844	-0.57544
-1294.24	5305.81	0.816045	-0.577989
-1297.59	5310.54	0.81403	-0.580823
-1300.98	5315.24	0.803519	-0.595279
-1304.48	5319.85	0.783975	-0.620792
-1308.14	5324.34	0.763538	-0.645763
-1311.94	5328.72	0.742111	-0.670277
-1315.88	5332.97	0.719698	-0.694288
-1319.95	5337.08	0.693852	-0.720118
-1324.19	5341.03	0.66439	-0.747386
-1328.58	5344.81	0.633774	-0.773519
-1333.12	5348.41	0.601919	-0.798557
-1337.81	5351.83	0.571892	-0.820329
-1342.61	5355.08	0.544106	-0.839016
-1347.51	5358.17	0.515708	-0.856765
-1352.52	5361.09	0.48673	-0.873552
-1357.62	5363.84	0.457208	-0.88936
-1362.81	5366.42	0.424911	-0.905235
-1368.09	5368.8	0.389762	-0.920915
-1373.46	5370.98	0.354035	-0.935232
-1378.92	5372.95	0.317782	-0.948164
-1384.44	5374.71	0.281056	-0.959691
-1390.03	5376.25	0.249207	-0.96845
-1395.66	5377.64	0.222417	-0.974952
-1401.33	5378.86	0.195459	-0.980712
-1402.46	5379.09	0.192754	-0.981247
-1402.46	5379.09	0.192754	-0.981247
-1402.46	5379.09	0.192754	-0.981247
-1402.46	5379.09	0.192754	-0.981247
-1402.46	5379.09	0.192754	-0.981247
-1402.46	5379.09	0.192754	-0.981247
-1402.46	5379.09	0.192754	-0.981247
-1402.46	5379.09	0.192754	-0.981247
-1402.46	5379.09	0.192754	-0.981247
-1402.46	5379.09	0.192754	-0.981247
-1402.46	5379.09	0.192754	-0.981247
-1402.46	5379.09	0.192754	-0.981247
-1402.46	5379.09	0.192754	-0.981247
-1402.46	5379.09	0.192754	-0.981247
-1402.46	5379.09	0.192754	-0.981247
-1402.46	5379.09	0.192754	-0.981247
-1402.46	5379.09	0.192754	-0.981247
-1402.46	5379.09	0.192754	-0.981247
-1402.46	5379.09	0.192754	-0.981247
-1402.46	5379.09	0.192754	-0.981247
-1402.46	5379.09	0.192754	-0.981247
-1402.46	5379.09	0.192754	-0.981247
-1402.46	5379.09	0.192754	-0.981247
-1402.46	5379.09	0.192754	-0.981247
-1402.46	5379.09	0.192754	-0.981247
-1402.46	5379.09	0.192754	-0.981247
-1402.46	5379.09	0.192754	-0.981247
-1402.46	5379.09	0.192754	-0.981247
-1402.46	5379.09	0.192754	-0.981247
-1402.46	5379.09	0.192754	-0.981247
-1402.46	5379.09	0.192754	-0.981247
-1402.46	5379.09	0.192754	-0.981247
-1402.46	5379.09	0.192754	-0.981247
-1402.46	5379.09	0.192754	-0.981247
-1402.46	5379.09	0.192754	-0.981247
-1402.46	5379.09	0.192754	-0.981247
-1402.46	5379.09	0.192754	-0.981247
-1402.46	5379.09	0.192754	-0.981247
-1402.46	5379.09	0.192754	-0.981247
-1402.46	5379.09	0.192754	-0.981247
-1402.46	5379.09	0.192754	-0.981247
-1402.46	5379.09	0.192754	-0.981247
-1402.46	5379.09	0.192754	-0.981247
-1402.46	5379.09	0.192754	-0.981247
-1402.46	5379.09	0.192754	-0.981247
-1402.46	5379.09	0.192754	-0.981247
-1402.46	5379.09	0.192754	-0.981247
-1402.46	5379.09	0.192754	-0.981247
-1402.46	5379.09	0.192754	-0.981247
-1402.46	5379.09	0.192754	-0.981247
-1402.46	5379.09	0.192754	-0.981247
-1402.46	5379.09	0.192754	-0.981247
-1402.46	5379.09	0.192754	-0.981247
-1402.46	5379.09	0.192754	-0.981247
-1402.46	5379.09	0.192754	-0.981247
-1402.46	5379.09	0.192754	-0.981247
-1402.46	5379.09	0.192754	-0.981247
-1402.46	5379.09	0.192754	-0.981247
-1402.46	5379.09	0.192754	-0.981247
-1402.46	5379.09	0.192754	-0.981247
-1402.46	5379.09	0.192754	-0.981247
-1402.46	5379.09	0.192754	-0.981247
-1402.46	5379.09	0.192754	-0.981247
-1402.46	5379.09	0.192754	-0.981247
-1402.46	5379.09	0.192754	-0.981247
-1402.46	5379.09	0.192754	-0.981247
-1402.46	5379.09	0.192754	-0.981247
-1402.46	5379.09	0.192754	-0.981247
-1402.46	5379.09	0.192754	-0.981247
-1402.46	5379.09	0.192754	-0.981247
-1402.46	5379.09	0.192754	-0.981247
-1402.46	5379.09	0.192754	-0.981247
-1402.46	5379.09	0.192754	-0.981247
-1402.46	5379.09	0.192754	-0.981247
-1402.46	5379.09	0.192754	-0.981247
-1402.46	5379.09	0.192754	-0.981247
-1402.46	5379.09	0.192754	-0.981247
-1402.46	5379.09	0.192754	-0.981247
-1402.46	5379.09	0.192754	-0.981247
-1402.46	5379.09	0.192754	-0.981247
-1402.46	5379.09	0.192754	-0.981247
-1402.46	5379.09	0.192754	-0.981247
-1402.46	5379.09	0.192754	-0.981247
-1402.46	5379.09	0.192754	-0.981247
-1402.46	5379.09	0.192754	-0.981247
-1402.46	5379.09	0.192754	-0.981247
-1402.46	5379.09	0.192754	-0.981247
-1402.46	5379.09	0.192754	-0.981247
-1402.46	5379.09	0.192754	-0.981247
-1402.46	5379.09	0.192754	-0.981247
-1402.46	5379.09	0.192754	-0.981247
-1402.46	5379.09	0.192754	-0.981247
-1402.46	5379.09	0.192754	-0.981247
-1402.46	5379.09	0.192754	-0.981247
-1402.46	5379.09	0.192754	-0.981247
-1402.46	5379.09	0.192754	-0.981247
-1402.46	5379.09	0.192754	-0.981247
-1402.46	5379.09	0.192754	-0.981247
-1402.46	5379.09	0.192754	-0.981247
-1402.46	5379.09	0.192754	-0.981247
-1402.46	5379.09	0.192754	-0.981247
-1402.46	5379.09	0.192754	-0.981247
-1402.46	5379.09	0.192754	-0.981247
-1402.46	5379.09	0.192754	-0.981247
-1402.46	5379.09	0.192754	-0.981247
-1402.46	5379.09	0.192754	-0.981247
-1402.46	5379.09	0.192754	-0.981247
-1402.46	5379.09	0.192754	-0.981247
-1402.46	5379.09	0.192754	-0.981247
-1402.46	5379.09	0.192754	-0.981247
