0	0
0	0
0	0
0	0
0	0
0	0
0	0
0	0
0	0
0	0
0	0
0	0
0	0
0	0
0	0
0	0
0	0
0	0
0	0
0	0
0	0
0	0
0	0
0	0
0	0
0	0
0	0
0	0
0	0
0	0
0.00765938	0.00210427
0.0153191	0.00420824
0.0688039	0.0188894
0.123038	0.0337581
0.180347	0.0494496
0.242257	0.0663781
0.308773	0.0845395
0.379135	0.103721
0.455518	0.124509
0.533459	0.145683
0.61143	0.166828
0.692495	0.188772
0.773437	0.210642
0.854411	0.232479
0.935416	0.254285
1.01799	0.27647
1.10366	0.299443
1.18991	0.322525
1.27619	0.34557
1.36251	0.368578
1.44886	0.39155
1.53507	0.414438
1.62132	0.437288
1.08358	1.08425
1.13815	1.1388
1.19272	1.19334
1.24517	1.24997
1.29972	1.3045
1.35428	1.35902
1.40876	1.41362
1.4631	1.46836
1.51588	1.52456
1.57025	1.57918
1.62473	1.63368
1.67921	1.68819
1.73369	1.74269
1.7873	1.79785
1.84167	1.85224
1.90089	1.91151
1.97647	1.9872
2.05274	2.06489
2.12922	2.14139
2.20953	2.22175
2.30561	2.31795
2.41177	2.42419
2.53038	2.54641
2.65699	2.6731
2.78362	2.79977
2.91025	2.92644
3.03687	3.05311
3.1613	3.18146
3.28767	3.30788
3.41407	3.43426
3.54076	3.56036
3.66614	3.68735
3.79297	3.81289
3.91947	3.93876
4.04571	4.06489
4.17194	4.19103
4.29596	4.31887
4.42192	4.44475
4.54805	4.57048
4.67393	4.6955
4.79812	4.82179
4.92393	4.94647
5.04985	5.07103
5.17607	5.1953
5.30252	5.31933
5.42708	5.44474
5.55406	5.56773
5.68157	5.6902
5.80912	5.81262
5.93492	5.93638
6.06206	6.0588
6.18877	6.18166
6.31545	6.30454
6.44217	6.42739
6.55977	6.55818
6.68582	6.68051
6.81086	6.80194
6.93588	6.9234
7.05736	7.04709
7.18199	7.16668
7.30497	7.28504
7.42746	7.4039
7.54825	7.52159
7.66346	7.6425
7.78156	7.7567
7.89958	7.8681
8.01789	7.97921
8.13228	8.09394
8.24996	8.20538
8.36717	8.31728
8.48322	8.43035
8.59864	8.54405
8.71113	8.66021
8.82646	8.77353
8.94209	8.88655
9.05739	8.99991
9.23597	9.04889
9.35424	9.15821
9.47242	9.26763
9.59012	9.37751
9.70748	9.48775
9.83109	9.58947
9.94173	9.69362
10.0514	9.79878
10.1616	9.90427
10.2721	10.0096
10.375	10.1208
10.4846	10.2255
10.5933	10.33
10.7028	10.4356
10.8147	10.5413
10.9281	10.6485
11.041	10.7543
11.1519	10.8582
11.2625	10.9624
11.4023	11.0375
11.5128	11.142
11.6244	11.2473
11.7396	11.3567
11.8514	11.469
11.9645	11.5781
12.0777	11.687
12.1921	11.7967
12.3068	11.9061
12.4177	12.0168
12.5314	12.1246
12.6449	12.2327
12.7583	12.3409
12.8677	12.4526
12.981	12.5605
13.094	12.6686
13.2067	12.7769
13.3189	12.8858
13.4208	13.0034
13.5327	13.112
13.6442	13.2201
13.7556	13.3281
13.867	13.4362
13.9676	13.5546
14.0787	13.6624
14.1898	13.7702
14.3009	13.878
14.4033	13.9942
14.5142	14.1018
14.6251	14.2093
14.736	14.3169
14.847	14.4245
15.0674	14.4244
15.1796	14.5329
15.2917	14.6414
15.4038	14.7499
15.5136	14.8602
15.6253	14.9685
15.7371	15.0767
15.8489	15.1849
15.9516	15.3014
16.063	15.4092
16.1744	15.517
16.2858	15.6248
16.3972	15.7326
16.5179	15.8299
16.6258	15.941
16.7326	16.0532
16.839	16.1657
16.9445	16.2792
17.0333	16.4084
17.1371	16.5214
17.2411	16.6344
17.3456	16.7469
17.4207	16.8877
17.5258	16.9984
17.631	17.109
17.7357	17.2201
17.838	17.3337
17.9141	17.4726
18.0139	17.5878
18.1134	17.7033
18.2144	17.8173
18.3128	17.9339
18.3815	18.0795
18.4756	18.1997
18.5682	18.3214
18.6612	18.4427
18.748	18.5698
18.8439	18.6878
18.9417	18.8039
19.0402	18.9193
19.1298	19.0432
19.226	19.1605
19.3204	19.2796
19.4151	19.3985
19.5175	19.5096
19.6198	19.6204
19.726	19.7272
19.8288	19.8376
19.926	19.9515
20.0186	20.0697
20.1149	20.1832
20.2104	20.2976
20.3048	20.4139
20.3999	20.5297
20.4183	20.7219
20.5132	20.8378
20.6093	20.9523
20.7063	21.0661
20.783	21.2
20.8807	21.3129
20.9781	21.4262
21.0765	21.5383
21.1752	21.6503
21.2432	21.7929
21.3427	21.904
21.4444	22.0129
21.5487	22.1193
21.66	22.218
21.7641	22.3241
21.8684	22.43
21.9757	22.5328
22.0849	22.6338
22.1664	22.7623
22.2761	22.8628
22.3855	22.9635
22.4942	23.0649
22.6087	23.1601
22.716	23.2624
22.8238	23.3643
22.9321	23.4655
23.0364	23.5622
23.1383	23.6194
23.2084	23.6797
23.2616	23.7219
23.3029	23.7518
23.3488	23.769
23.3853	23.7966
23.4223	23.8236
23.4604	23.8476
23.4846	23.8544
23.5166	23.8247
23.5218	23.8102
23.5269	23.7958
23.5315	23.7819
23.5474	23.7566
23.5518	23.7428
23.5552	23.73
23.5557	23.7201
23.5539	23.7125
23.5607	23.6962
23.5559	23.6915
23.5486	23.6893
23.5364	23.6921
23.5248	23.6942
23.5154	23.6941
23.5078	23.6922
23.5002	23.6904
23.4973	23.6837
23.4888	23.6827
23.4801	23.682
23.4712	23.6814
23.4617	23.6814
23.4574	23.6761
23.4466	23.6774
23.4356	23.679
23.4233	23.6817
23.4169	23.6786
23.4051	23.6808
23.3933	23.6831
23.3829	23.6839
23.3759	23.6814
23.3807	23.6671
23.3728	23.6654
23.367	23.6616
23.3663	23.6528
23.3802	23.6294
23.3821	23.6178
23.3826	23.6078
23.3838	23.5999
23.3856	23.5924
23.4097	23.5646
23.4089	23.5626
23.4095	23.5631
23.4105	23.5642
23.4115	23.5652
23.3956	23.5832
23.3973	23.5837
23.4002	23.5828
23.4039	23.5802
23.4085	23.566
23.4074	23.5575
23.407	23.5484
23.4079	23.5379
23.4116	23.5246
23.4347	23.4918
23.4411	23.4758
23.4469	23.4605
23.4524	23.4454
23.4603	23.4279
23.4577	23.421
23.4546	23.4145
23.4538	23.4057
23.4545	23.3954
23.4621	23.3782
23.4631	23.3677
23.4637	23.3575
23.4633	23.3484
23.4628	23.3393
23.463	23.3296
23.4635	23.3195
23.4643	23.3092
23.4663	23.2977
23.4692	23.2853
23.4721	23.2728
23.4747	23.2607
23.4765	23.2494
23.4781	23.2383
23.4622	23.2446
23.4623	23.2351
23.4628	23.2251
23.4641	23.2142
23.449	23.2199
23.4503	23.2091
23.4515	23.1984
23.4533	23.1872
23.4559	23.1751
23.4452	23.1764
23.443	23.1692
23.4411	23.1617
23.4364	23.157
23.4312	23.1528
23.4151	23.1595
23.4104	23.1549
23.4047	23.1513
23.4017	23.1449
23.4766	23.0605
23.4812	23.0464
23.4865	23.0317
23.4928	23.016
23.4988	23.0006
23.4367	23.0535
23.4398	23.0411
23.4425	23.029
23.4449	23.0173
23.4244	23.0286
23.4255	23.0183
23.4266	23.008
23.4274	22.9979
23.4283	22.9879
23.4066	23.0006
23.4061	22.9921
23.407	22.9822
23.407	22.9732
23.652	22.7195
23.6526	22.711
23.6527	22.703
23.6525	22.6953
23.6522	22.6878
23.6456	22.6864
23.6421	22.6819
23.635	22.6811
23.6232	22.685
23.6096	22.6907
23.5641	22.7279
23.5502	22.7334
23.5375	22.7377
23.5257	22.741
23.4781	22.78
23.4682	22.7809
23.458	22.7822
23.4476	22.7838
23.4368	22.7857
23.3818	22.8317
23.3701	22.8342
23.3576	22.8376
23.3452	22.8407
23.3	22.8767
23.2883	22.8792
23.2767	22.8815
23.2649	22.8841
23.2524	22.8873
23.2176	22.9129
23.2049	22.9163
23.1918	22.9201
23.1782	22.9245
23.1425	22.9511
23.1287	22.9557
23.1157	22.9595
23.1032	22.9628
23.0912	22.9657
23.0577	22.99
23.0465	22.9922
23.0353	22.9943
23.0238	22.9968
23.0121	22.9994
22.9845	23.0181
22.9725	23.0211
22.9602	23.0245
22.9483	23.0275
22.9322	23.0347
22.9225	23.0355
22.9134	23.0357
22.9052	23.0351
22.8978	23.0336
22.8867	23.036
22.882	23.0318
22.8776	23.0274
22.8732	23.023
22.8688	23.0186
22.8644	23.0142
22.8601	23.0098
22.8557	23.0054
22.8513	23.001
22.847	22.9965
22.8426	22.9921
22.8382	22.9878
22.8338	22.9834
22.8348	22.9735
22.8304	22.9691
22.826	22.9647
22.8216	22.9603
22.8172	22.9559
22.8129	22.9515
22.8085	22.9471
22.8041	22.9427
22.7997	22.9383
22.7949	22.9343
22.9	22.8202
22.8869	22.8243
22.8763	22.8259
22.8704	22.8227
22.7043	22.9806
22.6987	22.978
22.6921	22.9764
22.6844	22.9759
22.676	22.9761
22.6574	22.9866
22.6492	22.9867
22.6418	22.9862
22.6354	22.9845
22.6359	22.9759
22.6333	22.9705
22.633	22.9627
22.6325	22.9551
22.631	22.9485
22.6405	22.9308
22.6399	22.9232
22.6388	22.9161
22.6377	22.9089
22.6468	22.8915
22.645	22.8849
22.6421	22.8795
22.639	22.8742
22.6361	22.8688
22.645	22.8514
22.6441	22.8438
22.6437	22.8358
22.6442	22.8269
22.6545	22.808
22.6526	22.8013
22.6492	22.7962
22.6468	22.79
22.6447	22.7835
22.6481	22.7715
22.6457	22.7653
22.6435	22.7589
22.6417	22.7522
22.6455	22.7398
22.6442	22.7324
22.6429	22.7251
22.6416	22.7177
22.6403	22.7104
22.6494	22.6926
22.6481	22.6852
22.6466	22.678
22.6451	22.6708
22.6436	22.6636
22.6409	22.6577
22.6346	22.6553
22.6241	22.6571
22.611	22.6614
22.6026	22.6611
22.5895	22.6656
22.5776	22.6688
22.5686	22.6691
22.5618	22.6671
22.5562	22.664
22.5517	22.6598
22.5474	22.6555
22.5424	22.6517
22.5422	22.6432
22.5379	22.6388
22.5335	22.6345
22.5292	22.6301
22.5302	22.6204
22.5258	22.616
22.5215	22.6116
22.517	22.6074
22.5097	22.6059
22.504	22.6029
22.4931	22.605
22.4866	22.6028
22.4822	22.5984
22.4847	22.5872
22.483	22.5802
22.4804	22.574
22.4771	22.5686
22.4753	22.5616
22.088	22.9546
22.0929	22.9563
22.0963	22.9594
22.0995	22.9627
22.4994	22.555
22.4994	22.5461
22.5024	22.5343
22.5031	22.5249
22.5022	22.517
22.5327	22.4777
22.5313	22.4703
22.5299	22.4629
22.5288	22.4552
22.5275	22.4477
22.5431	22.4233
22.5431	22.4145
22.5433	22.4056
22.5433	22.3968
22.5426	22.3887
22.5411	22.3814
22.5391	22.3747
22.5368	22.3682
22.5341	22.3622
22.5362	22.3514
22.5335	22.3454
22.5311	22.339
22.5282	22.3332
22.5189	22.3337
22.5155	22.3285
22.512	22.3233
22.5076	22.319
22.5032	22.3146
22.4935	22.3156
22.4889	22.3114
22.4846	22.3071
22.4798	22.3032
22.4683	22.3059
22.4624	22.3032
22.4546	22.3023
22.446	22.3021
22.4383	22.3012
22.4248	22.306
22.4157	22.3064
22.4056	22.3077
22.3951	22.3096
22.3722	22.3238
22.3584	22.3289
22.3452	22.3335
22.3342	22.3357
22.327	22.3343
22.3215	22.3311
22.3169	22.3271
22.313	22.3223
22.3092	22.3174
22.3054	22.3126
22.3012	22.3081
22.2969	22.3038
22.2927	22.2994
22.2886	22.2948
22.2848	22.2899
22.283	22.2831
22.2816	22.2759
22.2784	22.2705
22.2743	22.2659
22.2716	22.26
22.2688	22.2542
22.2661	22.2483
22.263	22.2428
22.2595	22.2377
22.2566	22.232
22.2548	22.2252
22.2541	22.2172
22.253	22.2097
22.257	22.1972
22.255	22.1906
22.2524	22.1846
22.2487	22.1798
22.2444	22.1755
22.2348	22.1765
22.2305	22.1722
22.2273	22.1669
22.2256	22.16
22.2236	22.1535
22.221	22.1475
22.2184	22.1415
22.2163	22.135
22.2139	22.1289
22.211	22.1233
22.2082	22.1176
22.2062	22.1111
22.2048	22.1039
22.1974	22.1027
22.1951	22.0966
22.1916	22.0916
22.1882	22.0864
22.1849	22.0812
22.1759	22.0817
22.1717	22.0775
22.1674	22.0732
22.1632	22.069
22.1537	22.07
22.1494	22.0658
22.1452	22.0616
22.1412	22.0571
22.1378	22.0521
22.1297	22.0517
22.1268	22.0462
22.1241	22.0404
22.1218	22.0343
22.1192	22.0286
22.116	22.0233
22.1131	22.0178
22.1104	22.0121
22.1081	22.0059
22.1006	22.0051
22.0985	21.9988
22.0956	21.9933
22.0934	21.9871
22.0851	21.987
22.081	21.9829
22.0768	21.9787
22.0726	21.9746
22.0684	21.9704
22.0543	21.9763
22.0517	21.9706
22.0494	21.9646
22.0471	21.9586
22.0448	21.9526
22.0372	21.9521
22.0346	21.9464
22.0319	21.9408
22.029	21.9356
22.1461	21.8102
22.1434	21.8049
22.1398	21.8003
22.1356	21.7964
22.1309	21.7931
22.1308	21.7851
22.1242	21.7837
22.1149	21.7849
22.1043	21.7876
22.093	21.7909
22.0712	21.8045
22.0594	21.8083
22.0472	21.8123
22.0343	21.8171
22.0108	21.8325
21.9972	21.838
21.9836	21.8434
21.9704	21.8484
21.9583	21.8524
21.9379	21.8646
21.9334	21.8609
21.9293	21.8568
21.9252	21.8526
21.9211	21.8485
21.9154	21.8461
21.9072	21.8461
21.8989	21.8462
21.8916	21.8453
21.8801	21.8486
21.8734	21.8471
21.8666	21.8456
21.8604	21.8436
21.8542	21.8416
21.8536	21.8341
21.8474	21.8321
21.841	21.8304
21.8344	21.8288
21.8275	21.8275
21.8162	21.8307
21.8106	21.8281
21.8051	21.8254
21.7987	21.8237
21.6541	21.9606
21.6472	21.9599
21.6406	21.9589
21.6339	21.9581
21.6267	21.9577
21.7672	21.8092
21.7607	21.8077
21.7552	21.805
21.7501	21.802
21.7456	21.7985
21.7721	21.7642
21.7674	21.761
21.7612	21.7594
21.7538	21.7589
21.584	21.921
21.5793	21.9179
21.5755	21.914
21.5717	21.9102
21.5678	21.9063
21.5641	21.9023
21.5603	21.8985
21.5562	21.8949
21.5523	21.891
21.5485	21.8872
21.5658	21.862
21.5644	21.8556
21.5626	21.8495
21.5607	21.8435
21.5594	21.8369
21.7556	21.6338
21.7547	21.6276
21.7532	21.6222
21.7519	21.6165
21.5898	21.7705
21.5895	21.7626
21.5872	21.7569
21.5825	21.7535
21.5755	21.7525
21.5734	21.7465
21.5682	21.7436
21.5633	21.7404
21.557	21.7387
21.5509	21.7367
21.5566	21.7229
21.5525	21.7188
21.5485	21.7148
21.5447	21.7105
21.5675	21.6797
21.5644	21.6747
21.5603	21.6706
21.5563	21.6666
21.5523	21.6625
21.4523	21.7549
21.4485	21.7511
21.4447	21.7472
21.4407	21.7437
21.4398	21.7369
21.4356	21.7335
21.4318	21.7296
21.4287	21.7252
21.4262	21.7201
21.435	21.7036
21.4336	21.6972
21.4317	21.6914
21.4296	21.6858
21.4276	21.6801
21.4412	21.6587
21.4406	21.6514
21.4405	21.6438
21.4414	21.635
21.4433	21.6253
21.4614	21.5993
21.4648	21.588
21.468	21.5769
21.47	21.567
21.4691	21.5599
21.4808	21.5404
21.4768	21.5364
21.4728	21.5324
21.4688	21.5284
21.4699	21.5194
21.466	21.5154
21.462	21.5114
21.458	21.5074
21.454	21.5034
21.4703	21.4792
21.4664	21.4752
21.4624	21.4712
21.4584	21.4672
21.4595	21.4582
21.4555	21.4542
21.4515	21.4502
21.4476	21.4462
21.4436	21.4422
21.4497	21.4282
21.4458	21.4242
21.4417	21.4204
21.4359	21.4182
21.4342	21.4121
21.4282	21.4102
21.4224	21.408
21.4163	21.4062
21.4102	21.4045
21.4094	21.3974
21.4036	21.3953
21.3984	21.3926
21.3923	21.3909
21.3903	21.385
21.3819	21.3856
21.3731	21.3866
21.3645	21.3873
21.3564	21.3875
21.3484	21.3877
21.3413	21.387
21.3354	21.3852
21.3315	21.3813
21.3276	21.3773
21.2872	21.4098
21.2756	21.4135
21.2619	21.4194
21.2492	21.4242
21.2427	21.4229
21.2308	21.4269
21.2196	21.4302
21.2094	21.4326
21.1992	21.4349
20.991	21.6377
20.9815	21.6422
20.97	21.6488
20.9585	21.6553
20.948	21.6608
20.9401	21.6638
20.9351	21.6638
20.9326	21.6613
20.9302	21.6588
20.9405	21.6432
20.9386	21.6398
20.9378	21.6353
20.9369	21.6308
20.9534	21.6085
20.9526	21.6036
20.9523	21.5981
20.9521	21.5925
20.9519	21.5869
20.9831	21.5493
20.9825	21.5435
20.9821	21.5375
20.9819	21.5311
21.0048	21.5014
21.0046	21.4947
21.0041	21.4883
21.0036	21.4819
21.0032	21.4754
21.0173	21.4543
21.0168	21.4476
21.0169	21.4405
21.0169	21.4334
21.0366	21.4064
21.0367	21.399
21.037	21.3914
21.0373	21.3838
21.0378	21.3759
21.063	21.3432
21.0637	21.335
21.0646	21.3265
21.066	21.3176
21.087	21.289
21.0882	21.2801
21.0896	21.271
21.0911	21.2619
21.0926	21.2528
21.1042	21.2335
21.1059	21.2242
21.1076	21.2148
21.109	21.2057
21.139	21.168
21.138	21.1613
21.1363	21.1553
21.1336	21.1503
21.13	21.1462
21.1361	21.1324
21.1318	21.129
21.1264	21.1267
21.1203	21.1251
21.1132	21.1246
21.1109	21.1192
21.1043	21.1182
21.0984	21.1165
21.0924	21.1148
21.0909	21.1087
21.0839	21.1081
21.0762	21.1082
21.0681	21.1086
21.0603	21.1088
21.0635	21.0981
21.0573	21.0967
21.0511	21.0953
21.0441	21.0948
21.0418	21.0895
21.0348	21.089
21.0285	21.0878
21.0228	21.086
21.0177	21.0835
20.9777	21.1159
20.97	21.116
20.961	21.1173
20.9533	21.1174
20.9389	21.1242
20.936	21.1195
20.9329	21.115
20.9291	21.1112
20.9253	21.1074
20.9348	21.0903
20.9279	21.0896
20.9208	21.0892
20.9129	21.0894
20.7432	21.2531
20.7369	21.2535
20.731	21.2534
20.7246	21.2539
20.7183	21.2544
20.7146	21.2522
20.7119	21.249
20.7115	21.2435
20.7122	21.237
20.7222	21.221
20.7238	21.2133
20.7263	21.2047
20.7296	21.1954
20.7334	21.1856
20.76	21.1525
20.7646	21.1415
20.7693	21.1303
20.7742	21.1189
20.7973	21.0891
20.8018	21.0778
20.8068	21.066
20.8118	21.0542
20.8159	21.0433
20.8228	21.0296
20.8217	21.0238
20.8184	21.0203
20.815	21.0168
20.8116	21.0134
20.8224	20.9956
20.8189	20.9921
20.8154	20.9886
20.8119	20.9851
20.8084	20.9816
20.8097	20.9732
20.8062	20.9697
20.8026	20.9661
20.7991	20.9626
20.8052	20.9494
20.8016	20.9458
20.798	20.9422
20.7945	20.9387
20.7909	20.9351
20.7922	20.9266
20.7886	20.923
20.785	20.9194
20.7814	20.9158
20.7827	20.9074
20.7791	20.9038
20.7755	20.9002
20.7719	20.8966
20.7683	20.893
20.7743	20.8796
20.7707	20.876
20.7686	20.8708
20.7693	20.8629
20.77	20.8548
20.769	20.8486
20.7666	20.8437
20.7636	20.8395
20.7602	20.8356
20.7674	20.8211
20.7658	20.8155
20.7636	20.8104
20.7615	20.8051
20.7643	20.7951
20.7613	20.7907
20.7577	20.787
20.754	20.7834
20.7503	20.7797
20.7467	20.7761
20.7431	20.7724
20.7389	20.7692
20.734	20.7668
20.7387	20.7548
20.7347	20.7515
20.731	20.7478
20.7268	20.7448
20.7207	20.7435
20.7193	20.7376
20.7138	20.7357
20.709	20.7332
20.7054	20.7295
20.7017	20.7258
20.6932	20.727
20.6896	20.7234
20.6859	20.7197
20.6823	20.7161
20.6835	20.7075
20.6798	20.7039
20.6762	20.7002
20.6725	20.6966
20.6689	20.6929
20.6652	20.6893
20.6616	20.6856
20.6579	20.682
20.6543	20.6784
20.6603	20.665
20.6567	20.6614
20.653	20.6577
20.6494	20.6541
20.6457	20.6504
20.5799	20.7093
20.5765	20.7059
20.573	20.7024
20.5696	20.6989
20.6331	20.6281
20.6295	20.6245
20.6259	20.6208
20.6222	20.6172
20.6186	20.6136
20.6198	20.6051
20.6161	20.6015
20.6125	20.5978
20.6089	20.5942
20.6052	20.5906
20.6064	20.5821
20.6028	20.5785
20.5992	20.5749
20.5956	20.5713
20.5919	20.5676
20.5883	20.564
20.5847	20.5604
20.5811	20.5568
20.5775	20.5532
20.5787	20.5448
20.5751	20.5411
20.5714	20.5375
20.5678	20.5339
20.5642	20.5303
20.5654	20.5219
20.5618	20.5183
20.5582	20.5147
20.5546	20.5112
20.551	20.5076
20.5474	20.504
20.5439	20.5004
20.5403	20.4968
20.5367	20.4932
20.5331	20.4897
20.5295	20.4861
20.5259	20.4825
20.5223	20.4789
20.5187	20.4753
20.5151	20.4718
20.5116	20.4682
20.508	20.4646
20.5044	20.4611
20.5008	20.4575
20.4973	20.4539
20.4937	20.4504
20.4901	20.4468
20.4865	20.4432
20.483	20.4397
20.4794	20.4361
20.4758	20.4326
20.4723	20.429
20.4687	20.4254
20.4651	20.4219
20.4616	20.4183
20.4584	20.4144
20.4554	20.4103
20.4525	20.4061
20.4498	20.4017
20.4468	20.3976
20.4434	20.3939
20.4398	20.3904
20.4363	20.3869
20.4327	20.3833
20.4292	20.3798
20.4256	20.3762
20.4221	20.3727
20.4186	20.3692
20.415	20.3656
20.4115	20.3621
20.4079	20.3586
20.4044	20.3551
20.401	20.3514
20.3983	20.347
20.3966	20.3417
20.394	20.3372
20.386	20.3382
20.3826	20.3345
20.3798	20.3303
20.3772	20.3258
20.3738	20.3222
20.3703	20.3187
20.3667	20.3152
20.3639	20.3109
20.3621	20.3057
20.3599	20.3008
20.3577	20.296
20.3549	20.2918
20.352	20.2877
20.3455	20.2872
20.3434	20.2823
20.3414	20.2772
20.339	20.2726
20.3367	20.2679
20.3345	20.2631
20.3327	20.2579
20.3304	20.2532
20.3275	20.2491
20.3207	20.2489
20.3174	20.2452
20.3115	20.2441
20.3043	20.2444
20.2983	20.2434
20.2932	20.2415
20.2877	20.2399
20.2822	20.2385
20.2772	20.2366
20.2722	20.2345
20.2633	20.2365
20.2592	20.2336
20.2556	20.2303
20.2521	20.2268
20.2481	20.2238
20.242	20.223
20.2348	20.2232
20.2277	20.2233
20.2222	20.2219
20.2186	20.2185
20.2152	20.2151
20.2117	20.2116
20.2082	20.2081
20.2048	20.2047
20.2013	20.2012
20.1978	20.1977
20.1944	20.1943
20.1862	20.1955
20.1827	20.1921
20.1793	20.1886
20.1758	20.1852
20.1724	20.1817
20.1689	20.1782
20.1655	20.1748
20.162	20.1713
20.1586	20.1679
20.1551	20.1644
20.1517	20.161
20.1482	20.1576
20.1448	20.1541
20.1414	20.1507
20.1379	20.1472
20.1345	20.1438
20.1311	20.1404
20.1276	20.1369
20.1242	20.1335
20.1208	20.1301
20.1173	20.1266
20.1139	20.1232
20.1105	20.1198
20.1071	20.1163
20.1036	20.1129
20.1002	20.1095
20.0968	20.1061
20.0934	20.1027
20.09	20.0992
20.0865	20.0958
20.0831	20.0924
20.0797	20.089
20.0763	20.0856
20.0729	20.0822
20.0695	20.0788
20.0661	20.0753
20.0627	20.0719
20.0593	20.0685
20.0559	20.0651
20.0525	20.0617
20.049	20.0583
20.0457	20.0549
20.0423	20.0515
20.0389	20.0481
20.0355	20.0447
20.0321	20.0413
20.0287	20.0379
20.0253	20.0345
20.0219	20.0311
20.0185	20.0278
20.0151	20.0244
20.0117	20.021
20.0084	20.0176
20.005	20.0142
20.0016	20.0108
19.9982	20.0074
19.9948	20.0041
19.9914	20.0007
19.9881	19.9973
19.9847	19.9939
19.9813	19.9906
19.978	19.9872
19.9999	20.0091
20.0779	20.0872
20.1708	20.1801
20.2632	20.2725
20.3547	20.3639
20.4476	20.4568
20.5455	20.5454
20.654	20.6539
20.7655	20.7653
20.8817	20.8815
21.0008	21.0005
21.1146	21.1245
21.2335	21.2433
21.3524	21.3622
21.4713	21.481
21.5898	21.5999
21.7085	21.7185
21.8271	21.8372
21.9458	21.9558
22.0645	22.0744
22.1827	22.1931
22.3011	22.3115
22.4196	22.4299
22.5381	22.5483
22.6561	22.6668
22.7743	22.785
22.8926	22.9032
23.0109	23.0214
23.1291	23.1396
23.2468	23.2579
23.3649	23.3758
23.4829	23.4938
23.6009	23.6118
23.7185	23.7298
23.8363	23.8476
23.9541	23.9653
24.0719	24.0831
24.1898	24.2009
24.3071	24.3187
24.4246	24.4362
24.5422	24.5538
24.6598	24.6713
24.7769	24.7884
24.8732	24.8731
24.9383	24.9381
25.0034	25.0032
25.0618	25.0616
25.1142	25.1141
25.1429	25.1427
25.1588	25.1587
25.1656	25.1654
25.1601	25.1599
25.1546	25.1545
25.1491	25.149
25.1436	25.1435
25.1381	25.138
25.1326	25.1325
25.1272	25.127
25.1217	25.1216
25.1162	25.1161
25.1107	25.1106
25.1053	25.1051
25.0998	25.0997
25.0943	25.0942
25.0888	25.0887
25.0834	25.0833
25.0779	25.0778
25.0725	25.0723
25.067	25.0669
25.0616	25.0614
25.0561	25.056
25.0507	25.0505
25.0452	25.0451
25.0398	25.0396
24.9979	25.0707
24.9925	25.0653
24.9871	25.0599
24.9817	25.0545
24.9763	25.0491
25.0073	25.0072
25.0019	25.0018
24.9965	24.9964
24.9911	24.9909
24.9917	24.9794
24.9863	24.974
24.9809	24.9686
24.9755	24.9632
24.97	24.9578
24.9646	24.9523
24.9592	24.9469
24.9538	24.9415
24.9484	24.9361
24.943	24.9307
24.9376	24.9253
24.9322	24.9199
24.9268	24.9145
24.9214	24.9091
24.916	24.9037
24.8443	24.9648
24.8391	24.9595
24.8338	24.9542
24.8285	24.9489
24.8895	24.8772
24.8841	24.8718
24.8787	24.8665
24.8733	24.8611
24.8679	24.8557
24.8686	24.8443
24.8632	24.8389
24.8579	24.8336
24.8525	24.8282
24.8471	24.8229
24.8418	24.8175
24.8364	24.8121
24.8311	24.8068
24.8257	24.8014
24.8203	24.7961
24.815	24.7908
24.8096	24.7854
24.8043	24.7801
24.7569	24.8169
24.7516	24.8116
24.7462	24.8063
24.7409	24.8009
24.7356	24.7956
24.7724	24.7482
24.7671	24.7429
24.7617	24.7376
24.7564	24.7322
24.7511	24.7269
24.7518	24.7156
24.7465	24.7103
24.7411	24.705
24.7358	24.6997
24.7305	24.6944
24.7252	24.6891
24.7199	24.6838
24.7146	24.6785
24.7093	24.6732
24.698	24.6739
24.6927	24.6686
24.6874	24.6633
24.6821	24.658
24.6768	24.6527
24.6715	24.6474
24.6662	24.6421
24.6609	24.6369
24.6556	24.6316
24.6503	24.6263
24.6391	24.627
24.6338	24.6217
24.6285	24.6164
24.6232	24.6112
24.624	24.5999
24.6187	24.5947
24.6134	24.5894
24.6081	24.5841
24.6029	24.5789
24.5976	24.5736
24.5924	24.5684
24.5871	24.5631
24.5818	24.5579
24.5766	24.5526
24.5713	24.5474
24.5661	24.5421
24.5608	24.5369
24.5556	24.5316
24.5384	24.5383
24.5332	24.5331
24.528	24.5278
24.5227	24.5226
24.5175	24.5174
24.5182	24.5062
24.513	24.501
24.5078	24.4958
24.5025	24.4905
24.4973	24.4853
24.4921	24.4801
24.4869	24.4749
24.4816	24.4697
24.4764	24.4644
24.4653	24.4652
24.4601	24.46
24.4549	24.4548
24.4497	24.4496
24.4445	24.4443
24.4393	24.4391
24.4341	24.434
24.4289	24.4288
24.4237	24.4236
24.4185	24.4184
24.4133	24.4132
24.4081	24.408
24.4029	24.4028
24.3977	24.3976
24.3925	24.3924
24.3874	24.3873
24.3822	24.3821
24.377	24.3769
24.3718	24.3717
24.3667	24.3666
24.3615	24.3614
24.3563	24.3562
24.3512	24.3511
24.346	24.3459
24.3409	24.3407
24.3357	24.3356
24.3306	24.3304
24.3254	24.3253
24.3202	24.3201
24.3151	24.315
24.31	24.3098
24.3048	24.3047
24.2997	24.2995
24.2945	24.2944
24.2894	24.2893
24.2843	24.2841
24.2791	24.279
24.274	24.2739
23.8111	24.7408
23.8137	24.7434
23.8162	24.7459
23.8188	24.7485
24.2791	24.279
24.274	24.2738
24.2688	24.2687
24.2637	24.2636
24.2586	24.2585
24.2886	24.2182
24.2835	24.2131
24.2784	24.208
24.2733	24.2029
24.2741	24.192
24.269	24.1869
24.2639	24.1818
24.2588	24.1768
24.2537	24.1717
24.2486	24.1666
24.2435	24.1616
24.2385	24.1565
24.2334	24.1514
24.2283	24.1464
24.2232	24.1413
24.2182	24.1363
24.2131	24.1312
24.208	24.1262
24.2029	24.1212
24.1979	24.1161
24.1928	24.1111
24.1878	24.106
24.1769	24.1068
24.1718	24.1017
24.1668	24.0967
24.1617	24.0916
24.1567	24.0866
24.1516	24.0816
24.1465	24.0765
24.1415	24.0715
24.1364	24.0665
24.1256	24.0673
24.1221	24.0606
24.1206	24.052
24.1193	24.0433
24.1176	24.0348
24.1215	24.0209
24.1201	24.0122
24.1187	24.0036
24.1177	23.9945
24.117	23.9852
24.1106	23.9816
24.1097	23.9724
24.1084	23.9636
24.1071	23.9549
24.1062	23.9458
24.1001	23.9419
24.0993	23.9326
24.0976	23.9242
24.0956	23.9163
24.0865	23.9153
24.0828	23.909
24.0794	23.9024
24.0772	23.8945
24.0749	23.8868
24.0598	23.8919
24.0549	23.8868
24.0497	23.8819
24.0439	23.8777
24.026	23.8856
24.0181	23.8836
24.0104	23.8812
24.0038	23.8779
23.996	23.8756
23.9732	23.8885
23.9606	23.8912
23.9476	23.8942
23.9367	23.8952
23.9199	23.902
23.9075	23.9046
23.894	23.9081
23.8808	23.9114
23.8693	23.913
23.8504	23.922
23.8455	23.9171
23.8406	23.9121
23.8357	23.9072
23.8308	23.9023
23.8258	23.8973
23.8209	23.8924
23.816	23.8875
23.8111	23.8826
23.8062	23.8776
23.8013	23.8727
23.7964	23.8678
23.7915	23.8629
23.7866	23.858
23.7817	23.853
23.7768	23.8481
23.7719	23.8432
23.767	23.8383
23.7621	23.8334
23.7573	23.8285
23.7524	23.8236
23.7475	23.8187
23.7426	23.8138
23.7377	23.8089
23.7329	23.804
23.728	23.7991
23.7231	23.7942
23.7182	23.7893
23.7134	23.7845
23.7085	23.7796
23.7036	23.7747
23.6988	23.7698
23.6996	23.7592
23.6947	23.7544
23.6899	23.7495
23.685	23.7446
23.6801	23.7397
23.6753	23.7348
23.6704	23.73
23.6655	23.7251
23.6607	23.7202
23.6558	23.7153
23.651	23.7105
23.6461	23.7056
23.6413	23.7008
23.6365	23.6959
23.6316	23.691
23.6268	23.6862
23.6219	23.6813
23.6171	23.6765
23.6179	23.6659
23.6131	23.6611
23.6082	23.6562
23.6034	23.6514
23.5986	23.6465
23.5937	23.6417
23.5889	23.6368
23.584	23.632
23.5792	23.6272
23.58	23.6166
23.5752	23.6118
23.5704	23.607
23.5655	23.6021
23.5607	23.5973
23.5559	23.5924
23.5511	23.5876
23.5462	23.5828
23.5414	23.5779
23.5366	23.5731
23.5318	23.5683
23.5269	23.5634
23.5221	23.5586
23.5173	23.5538
23.5182	23.5433
23.5133	23.5385
23.5085	23.5337
23.5037	23.5289
23.4989	23.524
23.4941	23.5192
23.4893	23.5144
23.4845	23.5096
23.4797	23.5048
23.4749	23.5
23.4701	23.4952
23.4653	23.4904
23.4605	23.4856
23.4613	23.4751
23.4565	23.4703
23.4517	23.4656
23.4469	23.4608
23.4421	23.456
23.4374	23.4512
23.4326	23.4464
23.4278	23.4416
23.423	23.4368
23.4182	23.432
23.4135	23.4272
23.4087	23.4225
23.4039	23.4177
23.3991	23.4129
23.4	23.4025
23.3952	23.3977
23.3904	23.393
23.3857	23.3882
23.3809	23.3834
23.3761	23.3787
23.3714	23.3739
23.3666	23.3691
23.3618	23.3644
23.3571	23.3596
23.3523	23.3549
23.3476	23.3501
23.3428	23.3454
23.3381	23.3406
23.3333	23.3359
23.3286	23.3311
23.3238	23.3264
23.3191	23.3216
23.3144	23.3169
23.3096	23.3121
23.3049	23.3074
23.3001	23.3027
23.2954	23.2979
23.2907	23.2932
23.286	23.2885
23.2812	23.2838
23.2765	23.279
23.2774	23.2687
23.2726	23.264
23.2679	23.2593
23.2632	23.2546
23.2585	23.2498
23.2538	23.2451
23.2491	23.2404
23.2444	23.2357
23.2396	23.231
23.2349	23.2263
23.2302	23.2216
23.2255	23.2169
23.2208	23.2122
23.2161	23.2075
23.2114	23.2028
23.2067	23.1981
23.202	23.1934
23.1973	23.1887
23.1926	23.184
23.188	23.1793
23.1833	23.1747
23.1786	23.17
23.1739	23.1653
23.1692	23.1606
23.1646	23.156
23.1599	23.1513
23.1552	23.1466
23.1505	23.1419
23.1459	23.1373
23.1412	23.1326
23.1365	23.1279
23.1319	23.1233
23.1272	23.1186
23.1225	23.1139
23.1179	23.1093
23.1132	23.1046
23.1086	23.1
23.1039	23.0953
23.0993	23.0907
23.1001	23.0805
23.0955	23.0759
23.0908	23.0712
23.0862	23.0666
23.0816	23.0619
23.0769	23.0573
23.0723	23.0527
23.0676	23.048
23.063	23.0434
23.0584	23.0388
23.0537	23.0342
23.0491	23.0295
23.0445	23.0249
23.0399	23.0203
23.0297	23.0212
23.0251	23.0166
23.0205	23.0119
23.0159	23.0073
23.0113	23.0027
23.0121	22.9926
23.0075	22.988
23.0029	22.9834
22.9983	22.9788
22.9937	22.9742
22.9836	22.9751
22.979	22.9705
22.9744	22.9659
22.9698	22.9613
22.9652	22.9567
22.9606	22.9521
22.956	22.9475
22.9514	22.9429
22.9468	22.9383
22.9422	22.9337
22.9431	22.9237
22.9386	22.9191
22.934	22.9145
22.9294	22.9099
22.9248	22.9054
22.9202	22.9008
22.9157	22.8962
22.9111	22.8917
22.9065	22.8871
22.902	22.8825
22.8974	22.878
22.8928	22.8734
22.8883	22.8688
22.8837	22.8643
22.8737	22.8652
22.8691	22.8606
22.8646	22.8561
22.8595	22.8521
22.8505	22.8519
22.8344	22.859
22.8255	22.8587
22.8179	22.8572
22.8111	22.855
22.804	22.8529
22.7974	22.8505
22.7905	22.8483
22.7833	22.8464
22.7763	22.8444
22.7756	22.836
22.7694	22.8332
22.7631	22.8304
22.7568	22.8277
22.7509	22.8245
22.7447	22.8217
22.738	22.8193
22.7308	22.8174
22.724	22.8153
22.7174	22.8128
22.694	22.8272
22.6871	22.8251
22.681	22.8222
22.6744	22.8197
22.668	22.8172
22.6626	22.8136
22.6581	22.8091
22.6536	22.8046
22.6491	22.8001
22.6447	22.7956
22.6405	22.7908
22.6366	22.7858
22.6336	22.7797
22.631	22.7733
22.6397	22.7557
22.6377	22.7488
22.6357	22.7418
22.6339	22.7346
22.6332	22.7264
22.6448	22.7058
22.6462	22.6954
22.6485	22.6842
22.6498	22.674
22.65	22.6648
22.648	22.6579
22.644	22.653
22.6395	22.6485
22.6351	22.644
22.4836	22.7877
22.4798	22.7838
22.4759	22.78
22.4722	22.776
22.6261	22.6133
22.6217	22.6089
22.6172	22.6044
22.6128	22.6
22.6083	22.5955
22.6147	22.5803
22.6102	22.5759
22.6058	22.5715
22.6014	22.5671
22.597	22.5626
22.5979	22.5529
22.5935	22.5485
22.5891	22.5441
22.5847	22.5397
22.5803	22.5353
22.5759	22.5309
22.5715	22.5265
22.5671	22.5221
22.5627	22.5177
22.5583	22.5134
22.5539	22.509
22.5495	22.5046
22.5451	22.5002
22.5407	22.4958
22.5363	22.4915
22.532	22.4871
22.5276	22.4827
22.5232	22.4783
22.5134	22.4793
22.5091	22.4749
22.5047	22.4705
22.5003	22.4662
22.4959	22.4618
22.4915	22.4574
22.4872	22.4531
22.4828	22.4487
22.4784	22.4443
22.4801	22.4339
22.4765	22.4288
22.4726	22.424
22.4685	22.4194
22.4644	22.4148
22.4607	22.4098
22.4577	22.4041
22.4546	22.3985
22.4511	22.3933
22.4469	22.3889
22.4426	22.3844
22.4392	22.3791
22.4368	22.3729
22.4356	22.3654
22.4294	22.3629
22.4273	22.3563
22.4232	22.3518
22.4188	22.3475
22.4145	22.3431
22.4048	22.3441
22.4004	22.3398
22.3961	22.3355
22.3918	22.3311
22.3874	22.3268
22.3831	22.3225
22.3787	22.3182
22.3744	22.3138
22.3701	22.3095
22.3657	22.3052
22.3614	22.3009
22.3571	22.2966
22.3527	22.2922
22.3484	22.2879
22.4779	22.1511
22.4743	22.1476
22.4707	22.144
22.4666	22.141
22.3234	22.2757
22.319	22.2714
22.3144	22.2674
22.3074	22.2658
22.3002	22.2644
22.304	22.252
22.2973	22.2501
22.2909	22.2479
22.2863	22.2439
22.282	22.2396
22.2724	22.2406
22.2681	22.2364
22.2639	22.2321
22.2596	22.2278
22.2553	22.2235
22.251	22.2192
22.2467	22.2149
22.2424	22.2106
22.2381	22.2064
22.2338	22.2021
22.2296	22.1978
22.2253	22.1936
22.221	22.1893
22.2167	22.185
22.2072	22.186
22.2029	22.1818
22.1986	22.1775
22.1944	22.1732
22.1901	22.169
22.1841	22.1664
22.1774	22.1646
22.1726	22.1609
22.1683	22.1566
22.1588	22.1576
22.1546	22.1533
22.1503	22.1491
22.146	22.1448
22.1415	22.1408
22.136	22.1378
22.1315	22.1338
22.1273	22.1295
22.123	22.1253
22.1188	22.121
22.1145	22.1168
22.1103	22.1126
22.1064	22.1079
22.1023	22.1035
22.1033	22.0941
22.0991	22.0898
22.0949	22.0856
22.0907	22.0814
22.0864	22.0771
22.0508	22.1044
22.0465	22.1001
22.0423	22.0959
22.0381	22.0917
22.0287	22.0927
22.0245	22.0885
22.0202	22.0842
22.016	22.08
22.0122	22.0754
22.0088	22.0704
22.0055	22.0654
22.0016	22.0608
21.9974	22.0566
21.9932	22.0524
21.9891	22.0482
21.9849	22.044
21.9807	22.0398
21.9765	22.0356
21.9775	22.0262
21.9733	22.022
21.9692	22.0178
21.965	22.0136
21.9608	22.0094
21.9566	22.0052
21.9524	22.001
21.9483	21.9968
21.9441	21.9926
21.9399	21.9884
21.9357	21.9842
21.9316	21.9801
21.9274	21.9759
21.9232	21.9717
21.9191	21.9675
21.9149	21.9633
21.9107	21.9592
21.9066	21.955
21.9024	21.9508
21.8982	21.9467
21.8941	21.9425
21.8899	21.9383
21.8858	21.9342
21.8816	21.93
21.8775	21.9258
21.8733	21.9217
21.8692	21.9175
21.865	21.9134
21.8661	21.904
21.8619	21.8999
21.8578	21.8957
21.8536	21.8916
21.8495	21.8874
21.8454	21.8833
21.8412	21.8791
21.8371	21.875
21.833	21.8708
21.8288	21.8667
21.8247	21.8626
21.8206	21.8584
21.8164	21.8543
21.8123	21.8502
21.8086	21.8456
21.8088	21.8372
21.8107	21.827
21.8113	21.8182
21.8147	21.8065
21.8128	21.8002
21.8112	21.7935
21.8094	21.7871
21.8029	21.7854
21.8013	21.7787
21.7995	21.7723
21.7977	21.7659
21.7962	21.7592
21.7959	21.7513
21.7961	21.7429
21.7955	21.7353
21.7944	21.7281
21.7933	21.721
21.7921	21.7141
21.7911	21.7068
21.7904	21.6993
21.7892	21.6924
21.7826	21.6908
21.7807	21.6845
21.7788	21.6782
21.7774	21.6716
21.7764	21.6643
21.7748	21.6578
21.7715	21.653
21.7674	21.6489
21.7628	21.6454
21.7523	21.6477
21.7462	21.6456
21.7398	21.6439
21.7334	21.6422
21.7265	21.641
21.7344	21.625
21.7256	21.6256
21.7154	21.6277
21.7042	21.6308
21.6871	21.6397
21.6748	21.644
21.6623	21.6483
21.651	21.6515
21.6422	21.6522
21.6371	21.6491
21.6331	21.6451
21.629	21.641
21.625	21.637
21.6158	21.6381
21.6118	21.634
21.6078	21.63
21.6037	21.626
21.5997	21.6219
21.5957	21.6179
21.5916	21.6138
21.5876	21.6098
21.5836	21.6058
21.5847	21.5966
21.5806	21.5926
21.5766	21.5886
21.5726	21.5846
21.5686	21.5805
21.5645	21.5765
21.5605	21.5725
21.5565	21.5685
21.5525	21.5644
21.5485	21.5604
21.5445	21.5564
21.5404	21.5524
21.5364	21.5484
21.5324	21.5444
21.5284	21.5404
21.5244	21.5364
21.5204	21.5324
21.5164	21.5283
21.5124	21.5243
21.5084	21.5203
21.5044	21.5163
21.5004	21.5124
21.4964	21.5084
21.4924	21.5044
21.4884	21.5004
21.4845	21.4964
21.4805	21.4924
21.4765	21.4884
21.4776	21.4793
21.4736	21.4753
21.4696	21.4714
21.4656	21.4674
21.4616	21.4634
21.4577	21.4594
21.4537	21.4554
21.4497	21.4515
21.4457	21.4475
21.4418	21.4435
21.4378	21.4396
21.4338	21.4356
21.4298	21.4316
21.4259	21.4276
21.4219	21.4237
21.418	21.4197
21.414	21.4158
21.41	21.4118
21.4061	21.4078
21.4021	21.4039
21.3982	21.3999
21.3942	21.396
21.3903	21.392
21.3863	21.3881
21.3824	21.3841
21.3784	21.3802
21.3745	21.3762
21.3705	21.3723
21.3666	21.3683
21.3627	21.3644
21.3587	21.3605
21.3548	21.3565
21.3508	21.3526
21.3469	21.3487
21.343	21.3447
21.339	21.3408
21.3351	21.3369
21.3312	21.3329
21.3273	21.329
21.3233	21.3251
21.3194	21.3212
21.3155	21.3172
21.3116	21.3133
21.3077	21.3094
21.3037	21.3055
21.2998	21.3016
21.2959	21.2977
21.292	21.2937
21.2881	21.2898
21.2842	21.2859
21.2803	21.282
21.2764	21.2781
21.2725	21.2742
21.2686	21.2703
21.2697	21.2614
21.2658	21.2575
21.2619	21.2536
21.258	21.2497
21.2541	21.2458
21.2502	21.2419
21.2463	21.238
21.2424	21.2341
21.2385	21.2302
21.2346	21.2263
21.2307	21.2225
21.2269	21.2186
21.223	21.2147
21.2191	21.2108
21.2102	21.2119
21.2063	21.2081
21.2024	21.2042
21.1986	21.2003
21.1947	21.1964
21.1908	21.1926
21.187	21.1887
21.1831	21.1848
21.1792	21.181
21.1754	21.1771
21.1715	21.1732
21.1676	21.1694
21.1638	21.1655
21.1649	21.1567
21.1611	21.1528
21.1572	21.149
21.1533	21.1451
21.1495	21.1413
21.1456	21.1374
21.1418	21.1336
21.1379	21.1297
21.1341	21.1259
21.1302	21.122
21.1264	21.1182
21.1226	21.1143
21.1187	21.1105
21.1149	21.1067
21.1061	21.1078
21.1022	21.104
21.0984	21.1001
21.0946	21.0963
21.0907	21.0925
21.0869	21.0886
21.0831	21.0848
21.0793	21.081
21.0754	21.0772
21.0716	21.0733
21.0678	21.0695
21.064	21.0657
21.0602	21.0619
21.0563	21.0581
21.0525	21.0543
21.0487	21.0504
21.0449	21.0466
21.0411	21.0428
21.0422	21.0341
21.0384	21.0303
21.0346	21.0264
21.0308	21.0226
21.027	21.0188
21.0232	21.015
21.0194	21.0112
21.0156	21.0075
21.0118	21.0037
21.0031	21.0048
20.9993	21.001
20.9955	20.9972
20.9917	20.9934
20.9879	20.9896
20.9841	20.9859
20.9804	20.9821
20.9766	20.9783
20.9728	20.9745
20.969	20.9707
20.9652	20.967
20.9615	20.9632
20.9577	20.9594
20.9588	20.9507
20.9551	20.9469
20.9513	20.9432
20.9475	20.9394
20.9438	20.9356
20.94	20.9319
20.939	20.9253
20.939	20.9178
20.9374	20.9119
20.9347	20.907
20.927	20.9072
20.9248	20.9019
20.9226	20.8966
20.921	20.8907
20.9191	20.8851
20.9171	20.8796
20.915	20.8742
20.913	20.8687
20.9112	20.863
20.9101	20.8566
20.9091	20.8502
20.908	20.8438
20.9066	20.8377
20.9055	20.8313
20.9047	20.8246
20.9037	20.8181
20.9022	20.8122
20.9002	20.8067
20.8973	20.8021
20.8937	20.7983
20.8911	20.7934
20.8897	20.7874
20.8816	20.7881
20.8771	20.7851
20.8702	20.7846
20.8627	20.7846
20.8554	20.7845
20.8429	20.7896
20.8352	20.7898
20.8262	20.7915
20.8161	20.7941
20.8063	20.7965
20.7921	20.8034
20.7848	20.8033
20.7798	20.8009
20.7761	20.7972
20.7676	20.7983
20.7639	20.7947
20.7602	20.791
20.7565	20.7873
20.7527	20.7837
20.7487	20.7804
20.7439	20.7778
20.7395	20.7749
20.7357	20.7714
20.7321	20.7677
20.7284	20.7641
20.7247	20.7604
20.7211	20.7567
20.7174	20.7531
20.7137	20.7494
20.7101	20.7457
20.7064	20.7421
20.7028	20.7384
20.6991	20.7347
20.6955	20.7311
20.6918	20.7274
20.6882	20.7238
20.6845	20.7201
20.6857	20.7116
20.6821	20.7079
20.6784	20.7043
20.6748	20.7006
20.6663	20.7018
20.6627	20.6982
20.659	20.6946
20.6554	20.6909
20.6517	20.6873
20.6481	20.6836
20.6445	20.68
20.6409	20.6764
20.6372	20.6727
20.6336	20.6691
20.63	20.6655
20.6264	20.6618
20.6227	20.6582
20.6721	20.7077
20.7633	20.7893
20.8541	20.88
20.9573	20.9832
21.0701	21.096
21.1891	21.2149
21.3074	21.3342
21.4262	21.453
21.545	21.5717
21.6639	21.6905
21.782	21.8095
21.9007	21.9281
22.0193	22.0467
22.1379	22.1653
22.2565	22.2838
22.3743	22.4027
22.4927	22.5211
22.6111	22.6394
22.7295	22.7577
22.8472	22.8763
22.9654	22.9944
23.0836	23.1126
23.2018	23.2307
23.3199	23.3489
23.4429	23.4617
23.5609	23.5796
23.6788	23.6975
23.7968	23.8153
23.9142	23.9334
24.0319	24.0511
24.1497	24.1688
24.2674	24.2865
24.3852	24.4041
24.5022	24.522
24.6198	24.6395
24.7373	24.7569
24.8548	24.8744
24.9778	24.9859
25.0951	25.1032
25.2125	25.2204
25.3298	25.3377
25.4471	25.4549
25.5639	25.5722
25.681	25.6892
25.798	25.8062
25.9151	25.9232
26.0318	26.0403
26.1487	26.1571
26.2656	26.2739
26.3824	26.3907
26.4993	26.5076
26.6095	26.6182
26.6897	26.6984
26.7426	26.7512
26.7565	26.7651
26.7503	26.7591
26.7441	26.7529
26.738	26.7468
26.7318	26.7406
26.7257	26.7345
26.7262	26.7218
26.7201	26.7156
26.7139	26.7095
26.7078	26.7034
26.7017	26.6973
26.6956	26.6911
26.6894	26.685
26.6833	26.6789
26.6772	26.6728
26.6711	26.6667
26.665	26.6606
26.6589	26.6545
26.6528	26.6484
26.6467	26.6423
26.6406	26.6362
26.6345	26.6301
26.6284	26.624
26.6223	26.6179
26.6162	26.6118
26.6101	26.6057
26.604	26.5996
26.5979	26.5935
26.5918	26.5875
26.5858	26.5814
26.5797	26.5753
26.5736	26.5692
26.5675	26.5632
26.5615	26.5571
26.5554	26.551
26.5493	26.545
26.5433	26.5389
26.5372	26.5328
26.5312	26.5268
26.5251	26.5207
26.5191	26.5147
26.513	26.5086
26.507	26.5026
26.5009	26.4966
26.4949	26.4905
26.4888	26.4845
26.4828	26.4784
26.4768	26.4724
26.4707	26.4664
26.4647	26.4604
26.4587	26.4543
26.4527	26.4483
26.4466	26.4423
26.4406	26.4363
26.4346	26.4303
26.4286	26.4242
26.4226	26.4182
26.4166	26.4122
26.4106	26.4062
26.4046	26.4002
26.3986	26.3942
26.3926	26.3882
26.3866	26.3822
26.3806	26.3762
26.3746	26.3702
26.3686	26.3643
26.3626	26.3583
26.3566	26.3523
26.3506	26.3463
26.3447	26.3403
26.3387	26.3344
26.3327	26.3284
26.3267	26.3224
26.3208	26.3164
26.3148	26.3105
26.3088	26.3045
26.3029	26.2985
26.2969	26.2926
26.291	26.2866
26.285	26.2807
26.2791	26.2747
26.2731	26.2688
26.2672	26.2628
26.2612	26.2569
26.2553	26.2509
26.2493	26.245
26.2434	26.2391
26.2375	26.2331
26.2315	26.2272
26.2256	26.2213
26.2197	26.2153
26.2137	26.2094
26.2078	26.2035
26.2019	26.1976
26.196	26.1917
26.19	26.1858
26.1841	26.1798
26.1782	26.1739
26.1723	26.168
26.1664	26.1621
26.1605	26.1562
26.1546	26.1503
26.1487	26.1444
26.1428	26.1385
26.1369	26.1326
26.131	26.1267
26.1251	26.1208
26.1192	26.115
26.1134	26.1091
26.1075	26.1032
26.1016	26.0973
26.0957	26.0914
26.0898	26.0856
26.084	26.0797
26.0781	26.0738
26.0722	26.068
26.0664	26.0621
26.0605	26.0562
26.0546	26.0504
26.0488	26.0445
26.0429	26.0387
26.0371	26.0328
26.0312	26.027
26.0254	26.0211
26.0195	26.0153
26.0137	26.0094
26.0078	26.0036
26.002	25.9977
25.9962	25.9919
25.9903	25.9861
25.9845	25.9802
25.9787	25.9744
25.9728	25.9686
25.967	25.9628
25.9612	25.9569
25.9554	25.9511
25.9496	25.9453
25.9437	25.9395
25.9379	25.9337
25.9321	25.9279
25.9263	25.9221
25.9205	25.9163
25.9147	25.9105
25.9089	25.9047
25.9031	25.8989
25.8973	25.8931
25.8915	25.8873
25.8857	25.8815
25.8799	25.8757
25.8741	25.8699
25.8683	25.8641
25.8626	25.8583
25.8568	25.8526
25.851	25.8468
25.8452	25.841
25.8395	25.8352
25.8337	25.8295
25.8279	25.8237
25.8222	25.8179
25.8164	25.8122
25.8106	25.8064
25.8049	25.8006
25.7991	25.7949
25.7934	25.7891
25.7876	25.7834
25.7819	25.7776
25.7761	25.7719
25.7704	25.7662
25.7646	25.7604
25.7589	25.7547
25.7532	25.7489
25.7474	25.7432
25.7417	25.7375
25.736	25.7317
25.7302	25.726
25.7245	25.7203
25.7188	25.7146
25.7131	25.7089
25.7073	25.7031
25.7016	25.6974
25.7022	25.6854
25.6965	25.6797
25.6908	25.674
25.6851	25.6683
25.6731	25.6689
25.6674	25.6632
25.6617	25.6575
25.656	25.6518
25.6503	25.6461
25.6446	25.6404
25.6389	25.6347
25.6332	25.629
25.6275	25.6233
25.6219	25.6177
25.6162	25.612
25.6105	25.6063
25.6048	25.6006
25.5991	25.5949
25.5872	25.5955
25.5815	25.5899
25.5759	25.5842
25.5702	25.5785
25.5646	25.5729
25.5589	25.5672
25.5532	25.5616
25.5476	25.5559
25.5419	25.5503
25.5363	25.5446
25.5307	25.539
25.525	25.5333
25.5194	25.5277
25.5137	25.522
25.5081	25.5164
25.5025	25.5108
25.4968	25.5051
25.4912	25.4995
25.4856	25.4939
25.48	25.4882
25.4743	25.4826
25.4687	25.477
25.4631	25.4714
25.4575	25.4658
25.4519	25.4602
25.4463	25.4545
25.4406	25.4489
25.435	25.4433
25.4294	25.4377
25.4238	25.4321
25.4182	25.4265
25.4126	25.4209
25.4133	25.4091
25.4077	25.4035
25.4021	25.3979
25.3965	25.3923
25.3909	25.3867
25.3853	25.3812
25.3797	25.3756
25.3741	25.37
25.3686	25.3644
25.363	25.3588
25.3574	25.3533
25.3518	25.3477
25.3463	25.3421
25.3407	25.3366
25.3413	25.3248
25.3357	25.3192
25.3302	25.3137
25.3246	25.3081
25.3129	25.3088
25.3073	25.3032
25.3018	25.2977
25.2962	25.2921
25.2907	25.2866
25.279	25.2872
25.2734	25.2816
25.2679	25.2761
25.2623	25.2706
25.2568	25.265
25.2513	25.2595
25.2458	25.254
25.2402	25.2484
25.2347	25.2429
25.2292	25.2374
25.2237	25.2319
25.2182	25.2263
25.2133	25.2202
25.1968	25.2257
25.1914	25.2201
25.1859	25.2146
25.181	25.2084
25.1772	25.2012
25.168	25.1995
25.1646	25.192
25.16	25.1856
25.1555	25.1792
25.1588	25.1649
25.1572	25.1555
25.1561	25.1457
25.1551	25.1357
25.1549	25.1249
25.1558	25.1131
25.1574	25.1006
25.1594	25.0877
25.162	25.0741
25.1641	25.061
25.2655	24.9488
25.2698	24.9339
25.2732	24.9197
25.2763	24.906
25.2118	24.9596
25.2139	24.9465
25.2148	24.9347
25.2147	24.9239
25.2138	24.9139
25.4798	24.6399
25.4814	24.6311
25.484	24.6213
25.4853	24.6127
25.4961	24.595
25.4973	24.5869
25.4963	24.5811
25.4928	24.5776
25.4893	24.5742
25.4603	24.5958
25.4552	24.5933
25.4506	24.5903
25.4462	24.5871
25.1604	24.8628
25.155	24.8575
25.1491	24.8525
25.1419	24.8489
25.1344	24.8455
25.341	24.6293
25.3391	24.622
25.3413	24.6107
25.3422	24.6006
25.0931	24.8396
25.0902	24.8319
25.0876	24.8238
25.0858	24.8149
25.0843	24.8058
25.048	24.8317
25.0462	24.8232
25.0409	24.8181
25.0339	24.8148
25.0285	24.8098
25.0232	24.8047
25.0221	24.7955
25.0294	24.7778
25.0375	24.7593
25.159	24.6269
25.1665	24.6086
25.1742	24.5901
25.1814	24.5721
25.1868	24.5559
25.2503	24.4817
25.2528	24.4687
25.2562	24.4548
25.2589	24.4417
25.254	24.4361
25.2548	24.4248
25.2553	24.4138
25.2558	24.4028
25.2563	24.3918
25.2887	24.349
25.2835	24.3441
25.2782	24.3392
25.273	24.3342
25.2561	24.341
25.2509	24.336
25.2456	24.3309
25.2404	24.3259
25.2352	24.3209
25.1764	24.3693
25.1711	24.3641
25.1657	24.3589
25.1603	24.3537
25.1009	24.4026
25.0955	24.3974
25.0901	24.3922
25.0846	24.3869
25.0792	24.3817
25.044	24.4065
25.0386	24.4013
25.0332	24.3962
25.0279	24.391
24.9871	24.4215
24.9819	24.4165
24.9766	24.4114
24.9714	24.4063
24.9661	24.4012
25.1448	24.2118
25.1397	24.2069
25.1326	24.204
25.1217	24.2048
25.0099	24.3065
24.9978	24.3081
24.9862	24.3091
24.975	24.3097
24.9627	24.3115
24.9018	24.3621
24.8886	24.3649
24.8751	24.3679
24.8608	24.3717
