0	0
0	0
0	0
0	0
0	0
0	0
0	0
0	0
0	0
0	0
0	0
0	0
0.00765938	0.00210427
0.0153191	0.00420824
0.022979	0.00631193
0.0306299	0.00841276
0.038281	0.0105133
0.0459324	0.0126135
0.0535841	0.0147135
0.0612361	0.0168132
0.0688727	0.0189083
0.0765096	0.0210031
0.0841468	0.0230976
0.0917844	0.0251919
0.0994096	0.0272824
0.107035	0.0293726
0.114661	0.0314626
0.122287	0.0335523
0.129914	0.0356417
0.137499	0.0377196
0.145086	0.0397972
0.152672	0.0418746
0.166374	0.0456256
0.173946	0.0476981
0.181519	0.0497703
0.189092	0.0518422
0.196665	0.0539138
0.216468	0.0593295
0.274459	0.0751739
0.330936	0.0905847
0.421092	0.115144
0.533356	0.145655
0.64719	0.176513
0.764661	0.208273
0.895788	0.243623
1.03228	0.280307
1.16282	0.315282
1.28939	0.349093
1.38796	0.375353
1.43812	0.388695
1.45446	0.393038
1.46158	0.394928
1.46857	0.396786
1.47556	0.398643
1.48255	0.4005
1.48954	0.402356
1.49668	0.404249
1.50381	0.406142
1.51863	0.410076
1.5473	0.417681
1.58829	0.428543
1.04028	1.05327
1.07834	1.09182
1.11653	1.13023
1.16243	1.17652
1.22371	1.2453
1.29075	1.31315
1.36548	1.38866
1.43521	1.45862
1.50466	1.5279
1.57143	1.59862
1.64045	1.6671
1.70855	1.73457
1.77667	1.80202
1.84484	1.86943
1.9108	1.93876
1.97848	2.00542
2.04568	2.0716
2.11286	2.1378
2.17766	2.2052
2.24411	2.27095
2.31056	2.33671
2.37702	2.40245
2.44332	2.46835
2.50726	2.53634
2.57337	2.60216
2.63954	2.66793
2.70426	2.73222
2.76525	2.79613
2.82782	2.85846
2.89043	2.92074
2.95306	2.98302
3.01564	3.04534
3.07565	3.11008
3.13816	3.17232
3.2006	3.23463
3.26307	3.29691
3.32566	3.35907
3.3886	3.42549
3.46114	3.49768
3.55027	3.58681
3.65093	3.68742
3.74852	3.78986
3.84768	3.89074
3.95293	3.99798
4.07654	4.12327
4.20311	4.2504
4.32551	4.38135
4.45293	4.50727
4.58049	4.63307
4.7079	4.759
4.82671	4.89383
4.94841	5.01427
5.04198	5.1063
5.11908	5.18223
5.17973	5.24185
5.21268	5.28109
5.22696	5.29424
5.23155	5.29759
5.23619	5.30091
5.24035	5.30465
5.24499	5.30791
5.24973	5.31107
5.25457	5.31413
5.25937	5.31723
5.26319	5.32142
5.26814	5.32449
5.27312	5.32752
5.27801	5.33065
5.28266	5.33399
5.287	5.33765
5.29074	5.34191
5.29398	5.34667
5.29722	5.35144
5.29999	5.35664
5.30236	5.36226
5.30432	5.36828
5.30616	5.37442
5.30801	5.38056
5.31054	5.386
5.31494	5.38956
5.31998	5.39249
5.32529	5.39515
5.33053	5.39786
5.33596	5.40038
5.34142	5.40288
5.34682	5.40543
5.35225	5.40796
5.35749	5.41066
5.36289	5.41319
5.36829	5.41573
5.3737	5.41826
5.41692	5.38024
5.42106	5.38129
5.42537	5.38218
5.42964	5.38311
5.43368	5.38427
5.43745	5.38568
5.44126	5.38706
5.44533	5.38817
5.44951	5.38918
5.45242	5.39146
5.45607	5.393
5.4589	5.39535
5.46118	5.39826
5.46356	5.40107
5.46639	5.40342
5.4697	5.40529
5.47346	5.40671
5.47733	5.40801
5.48127	5.40926
5.48331	5.41242
5.4875	5.41342
5.49137	5.41476
5.49478	5.41655
5.5174	5.39927
5.52161	5.4004
5.5257	5.40165
5.5298	5.40288
5.534	5.40402
5.53702	5.40629
5.54139	5.40721
5.546	5.40789
5.55074	5.40844
5.55534	5.40913
5.56582	5.41562
5.58439	5.43055
5.60361	5.44679
5.62496	5.46674
5.66395	5.50884
5.70749	5.55125
5.7505	5.59323
5.79303	5.63471
5.83607	5.67665
5.87938	5.71815
5.92225	5.76009
5.9645	5.80265
6.01092	5.84981
6.06153	5.90056
6.11195	5.95227
6.16265	6.00271
6.21376	6.05275
6.27138	6.10893
6.33355	6.17399
6.40475	6.24342
6.48663	6.32326
6.5769	6.411
6.66835	6.49948
6.76172	6.59144
6.85953	6.68567
6.95647	6.77886
7.0529	6.87159
7.14873	6.96398
7.24261	7.05694
7.3377	7.14871
7.43249	7.24078
7.5272	7.33292
7.6188	7.42786
7.71332	7.51987
7.80784	7.61188
7.90236	7.70389
7.99689	7.7959
8.08965	7.88929
8.18301	7.98016
8.27642	8.07099
8.36975	8.1619
8.46121	8.25436
8.55443	8.34508
8.64717	8.43532
8.7399	8.52556
8.83216	8.61532
8.92042	8.70872
9.0125	8.7983
9.10263	8.88599
9.1913	8.97227
9.2708	9.05787
9.34797	9.13431
9.42455	9.20942
9.50622	9.28902
9.59135	9.37186
9.67576	9.46281
9.76414	9.54882
9.85642	9.63861
9.96082	9.74023
10.0764	9.86209
10.201	9.98342
10.3262	10.1052
10.4514	10.227
10.5766	10.3488
10.6959	10.476
10.8209	10.5976
10.9459	10.7191
11.0708	10.8407
11.286	10.8727
11.4114	10.9945
11.5369	11.1163
11.6623	11.2382
11.7876	11.3601
11.9302	11.4647
12.0546	11.5877
12.1777	11.7119
12.3001	11.8369
12.4105	11.9728
12.5312	12.0985
12.6503	12.2238
12.768	12.3477
12.885	12.4713
12.9921	12.6038
13.1075	12.7252
13.2219	12.8476
13.3357	12.9706
13.4492	13.0939
13.5543	13.2248
13.6671	13.3471
13.778	13.4684
13.8867	13.588
13.9843	13.7173
14.0916	13.8367
14.1997	13.9555
14.3081	14.0738
14.4101	14.1982
14.5143	14.3184
14.6177	14.4394
14.7203	14.5603
14.8219	14.6802
14.9193	14.8
15.016	14.9129
15.113	15.0225
15.211	15.1312
15.3058	15.2383
15.395	15.3466
15.4912	15.447
15.5853	15.5456
15.6793	15.6463
15.7807	15.7451
15.8782	15.8486
15.9777	15.955
16.0777	16.0618
16.177	16.1694
16.277	16.2758
16.3759	16.3834
16.4743	16.4913
16.5727	16.5993
16.6765	16.7017
16.776	16.8074
16.8758	16.9127
16.9753	17.0183
17.075	17.1238
17.1209	17.2824
17.2191	17.3887
17.3169	17.4954
17.4145	17.6023
17.5039	17.7171
17.6018	17.8234
17.6992	17.9302
17.7945	18.0343
17.8888	18.138
17.983	18.2401
18.0769	18.3423
18.1711	18.4424
18.2657	18.5392
18.3262	18.6612
18.4144	18.7508
18.5031	18.8409
18.5918	18.9319
18.639	19.0645
18.7248	19.1585
18.8124	19.2507
18.9024	19.3415
18.9936	19.4312
19.0928	19.5123
19.1855	19.599
19.2766	19.6834
19.3636	19.7642
19.4522	19.8326
19.5205	19.8954
19.5807	19.9508
19.6384	20.005
19.6962	20.058
19.7671	20.0976
19.8264	20.1497
19.886	20.2015
19.945	20.252
20.0071	20.2884
20.0564	20.3288
20.1018	20.3653
20.1382	20.3943
20.1636	20.411
20.1847	20.4142
20.1903	20.4096
20.192	20.4011
20.1935	20.3928
20.1948	20.3846
20.2054	20.3672
20.2062	20.3595
20.2072	20.3516
20.2081	20.3438
20.2124	20.3326
20.2098	20.3283
20.2063	20.3249
20.2034	20.3209
20.2018	20.3156
20.2068	20.3037
20.2069	20.2966
20.2047	20.292
20.2012	20.2885
20.1994	20.2835
20.1909	20.2851
20.1847	20.2844
20.1795	20.2826
20.175	20.2802
20.1715	20.2767
20.1676	20.2737
20.1639	20.2705
20.1606	20.2669
20.1618	20.2589
20.1556	20.2582
20.1483	20.2585
20.1415	20.2585
20.1352	20.2579
20.1296	20.2566
20.1241	20.2551
20.1181	20.2542
20.1121	20.2534
20.1107	20.2478
20.105	20.2466
20.0998	20.245
20.0951	20.2427
20.0915	20.2395
20.0879	20.2361
20.0819	20.2353
20.0748	20.2355
20.0682	20.2352
20.0715	20.225
20.0671	20.2265
20.0708	20.2373
20.0816	20.2537
20.0947	20.2717
20.0942	20.3042
20.111	20.3282
20.1337	20.358
20.1659	20.3939
20.2104	20.4232
20.2488	20.4664
20.2863	20.5114
20.3266	20.5537
20.3677	20.5952
20.4138	20.6315
20.4583	20.6694
20.5053	20.7068
20.5531	20.7472
20.6153	20.7731
20.6646	20.8119
20.7162	20.8484
20.7699	20.8828
20.8243	20.9166
20.8835	20.9453
20.9367	20.98
20.9892	21.0155
21.041	21.0516
21.1029	21.0775
21.1529	21.1134
21.2021	21.15
21.2512	21.1868
21.2985	21.2254
21.3506	21.259
21.3982	21.2971
21.4468	21.3342
21.4952	21.3715
21.5432	21.4092
21.5901	21.4478
21.6361	21.4874
21.6824	21.5267
21.7292	21.5654
21.7664	21.6135
21.8133	21.652
21.8612	21.6915
21.9086	21.7294
21.9569	21.7665
21.9953	21.8132
22.0433	21.8503
22.0909	21.8879
22.1386	21.9254
22.176	21.972
22.2245	22.0085
22.2728	22.0453
22.3222	22.0809
22.3715	22.1166
22.4095	22.1634
22.4577	22.2002
22.5061	22.2366
22.554	22.2725
22.6005	22.3099
22.6355	22.3596
22.6814	22.3984
22.7273	22.4362
22.7746	22.4727
22.8866	22.4442
22.933	22.4805
22.9792	22.518
23.0256	22.5552
23.0726	22.5919
23.1101	22.6379
23.1579	22.6736
23.2038	22.7111
23.2484	22.7499
23.2929	22.7889
23.278	22.8872
23.3206	22.9278
23.3661	22.9655
23.4121	23.0029
23.4047	23.0937
23.4469	23.135
23.4891	23.1762
23.532	23.2167
23.5743	23.2578
23.8786	23.0377
23.9216	23.0795
23.9646	23.1213
24.0075	23.1632
24.0463	23.2091
24.0869	23.253
24.1257	23.2988
24.1631	23.346
24.2	23.3937
24.2066	23.4711
24.2433	23.5182
24.2795	23.5658
24.3149	23.6143
24.3289	23.6837
24.3641	23.7319
24.3993	23.7801
24.4347	23.8281
24.4701	23.876
24.4782	23.9508
24.5133	23.9986
24.5488	24.046
24.5843	24.0933
24.6193	24.1412
24.626	24.217
24.6607	24.2647
24.6957	24.3121
24.7301	24.3602
24.7294	24.443
24.7632	24.4913
24.7975	24.5392
24.8308	24.5879
24.863	24.6378
24.8774	24.7053
24.9091	24.7555
24.9407	24.8057
24.9722	24.8561
24.986	24.924
25.0192	24.9725
25.0557	25.0177
25.0957	25.0594
25.1236	25.113
25.164	25.1542
25.2068	25.193
25.2496	25.2317
25.2917	25.2712
25.3202	25.3241
25.3625	25.3632
25.4072	25.3999
25.452	25.4365
25.4902	25.4796
25.5344	25.5167
25.5781	25.5543
25.6208	25.5928
25.6635	25.6314
25.706	25.67
25.7493	25.7078
25.7927	25.7456
25.8359	25.7835
25.8797	25.8209
25.9169	25.8646
25.9602	25.9023
26.0033	25.9402
26.046	25.9784
26.0884	26.017
26.2192	25.967
26.2612	26.0059
26.3043	26.0437
26.3452	26.0837
26.2127	26.2975
26.2483	26.3431
26.2807	26.3918
26.3118	26.4419
26.3419	26.493
26.3463	26.5698
26.3773	26.62
26.4106	26.668
26.4473	26.7136
26.4704	26.7718
26.5052	26.8183
26.5397	26.865
26.5781	26.9079
26.6175	26.9498
26.6529	26.9955
26.6891	27.0405
26.7248	27.0859
26.7612	27.1296
26.8058	27.165
26.8451	27.2056
26.8821	27.2486
26.9214	27.2892
26.9613	27.3293
27.0184	27.3517
27.0568	27.393
27.0937	27.4356
27.1306	27.4783
27.1693	27.5172
27.2144	27.5514
27.254	27.5912
27.2926	27.63
27.3314	27.6705
27.3833	27.6977
27.4242	27.7359
27.4675	27.7718
27.5118	27.8065
27.5548	27.8426
27.6113	27.865
27.6559	27.8992
27.7012	27.9327
27.747	27.9658
27.8196	27.9717
27.8652	28.0046
27.9092	28.0391
27.9505	28.0765
27.9903	28.1151
28.044	28.1397
28.0856	28.1764
28.1254	28.2149
28.1651	28.2536
28.2115	28.2852
28.2533	28.3216
28.2958	28.3572
28.3374	28.3938
28.3848	28.4243
28.4251	28.462
28.4656	28.4995
28.5061	28.537
28.5464	28.5747
28.5925	28.6064
28.6287	28.648
28.6585	28.6959
28.6879	28.7444
28.7189	28.7911
28.7582	28.8295
28.7925	28.8728
28.8314	28.9115
28.8724	28.9481
28.9132	28.9849
28.9543	29.0212
28.9955	29.0576
29.0376	29.093
29.0796	29.1284
29.1203	29.1651
29.1607	29.202
29.2014	29.2386
29.2431	29.2742
29.2915	29.303
29.3316	29.3401
29.371	29.3779
29.4114	29.4148
29.4521	29.4513
29.499	29.4814
29.5392	29.5192
29.5796	29.5558
29.6194	29.5931
29.6591	29.6304
29.6987	29.6676
29.7386	29.7046
29.7778	29.7422
29.8173	29.7796
29.8648	29.8098
29.9038	29.8476
29.9422	29.8859
29.9806	29.9242
30.0198	29.9617
30.0594	29.9987
30.0999	30.0348
30.1399	30.0714
30.1796	30.1083
30.2197	30.1447
30.2602	30.1806
30.3005	30.2168
30.3404	30.2533
30.3792	30.2909
30.4102	30.3362
30.4501	30.3726
30.4909	30.4081
30.5313	30.444
30.5711	30.4805
30.6101	30.5176
30.6499	30.554
30.6901	30.59
30.7298	30.6264
30.7698	30.6626
30.8023	30.706
30.8426	30.7417
30.883	30.7774
30.9219	30.8144
30.9527	30.8596
30.9928	30.8953
31.0328	30.9312
31.073	30.967
31.1133	31.0026
31.1527	31.0389
31.1925	31.0748
31.2319	31.1111
31.2709	31.1479
31.3102	31.1843
31.3423	31.2278
31.3823	31.2634
31.4214	31.2999
31.4602	31.3367
31.4827	31.3898
31.5214	31.4265
31.561	31.4625
31.6014	31.4977
31.6413	31.5332
31.6712	31.5788
31.7107	31.6147
31.7511	31.6507
31.7911	31.687
31.8214	31.733
31.8592	31.7705
31.8971	31.8089
31.9339	31.8474
31.9655	31.8804
31.9723	31.9079
31.9617	31.9022
31.9505	31.8971
31.9378	31.8936
31.8985	31.9166
31.8796	31.9194
31.8619	31.9209
31.8444	31.9223
31.8286	31.9219
31.8062	31.9282
31.7937	31.9246
31.784	31.9182
31.784	31.9196
31.7911	31.9266
31.7982	31.9336
31.8057	31.9402
31.8163	31.9437
31.8272	31.945
32.0505	31.7355
32.0619	31.7389
32.0739	31.7447
32.0878	31.7505
32.1032	31.7579
32.1482	31.7366
32.1604	31.75
32.1699	31.7673
32.1767	31.7882
32.1821	31.8104
32.1788	31.8423
32.1829	31.8668
32.1873	31.8929
32.1918	31.9189
32.1994	31.9419
32.1862	31.9853
32.2007	32.0011
32.2117	32.0205
32.2178	32.0446
32.2247	32.068
32.2319	32.0911
32.24	32.1132
32.249	32.1345
32.2591	32.1547
32.2596	32.1843
32.2662	32.2079
32.2715	32.2337
32.2754	32.2609
32.2791	32.2884
32.2751	32.3244
32.2805	32.351
32.2866	32.3768
32.2942	32.4032
32.3271	32.4043
32.3351	32.4303
32.3444	32.456
32.3568	32.4796
32.3693	32.503
32.4059	32.5044
32.4165	32.5327
32.426	32.5621
32.4349	32.5922
32.4438	32.6232
32.469	32.6379
32.4775	32.6693
32.4868	32.7
32.4975	32.7291
32.5252	32.7415
32.5364	32.7693
32.5484	32.7953
32.5616	32.8202
32.576	32.8418
32.3213	33.1304
32.3374	33.1481
32.3549	33.1653
32.372	33.1829
32.3871	33.2026
32.4278	33.1975
32.4491	33.2136
32.4752	33.225
32.5011	33.2366
32.6314	33.1449
32.6601	33.1544
32.6881	33.1637
32.7171	33.173
32.7449	33.1834
32.6445	33.3218
32.6716	33.3331
32.6978	33.3453
32.7236	33.358
32.7499	33.3701
32.8113	33.3471
32.8396	33.357
32.8686	33.3662
32.8986	33.3744
32.9805	33.3307
33.0121	33.3371
33.0455	33.3417
33.0789	33.3472
33.1112	33.353
33.1959	33.3073
33.2283	33.3138
33.2607	33.3222
33.2918	33.33
33.3831	33.2777
33.4125	33.2872
33.4393	33.2994
33.4605	33.3172
33.48	33.3367
33.5511	33.3047
33.5707	33.3243
33.5903	33.3438
33.6099	33.3634
33.6543	33.3582
33.6711	33.3807
33.683	33.4081
33.6931	33.4374
33.7024	33.4663
33.7116	33.4964
33.7182	33.5289
33.7253	33.561
33.7333	33.5923
33.7339	33.6308
33.742	33.6618
33.751	33.6919
33.7615	33.7204
33.7729	33.75
33.7152	33.8482
33.726	33.879
33.7361	33.9104
33.7453	33.9427
33.7542	33.9753
33.3781	34.3943
33.3876	34.429
33.3963	34.4635
33.4048	34.4992
33.3985	34.5497
33.4142	34.5775
33.4354	34.5997
33.4568	34.6217
33.4813	34.6418
33.5582	34.6079
33.593	34.6169
33.629	34.6246
33.6631	34.6342
33.7523	34.5884
33.7807	34.603
33.8074	34.6184
33.8353	34.6335
33.8649	34.6459
33.9905	34.563
34.0224	34.5733
34.054	34.584
34.0855	34.5948
34.1165	34.6059
34.2084	34.5562
34.2363	34.5701
34.2632	34.5852
34.2891	34.6002
34.3787	34.5526
34.4046	34.5685
34.4305	34.5843
34.4556	34.601
34.4811	34.6173
34.5514	34.5877
34.5742	34.6008
34.5864	34.6042
34.5829	34.592
34.6225	34.5339
34.6151	34.5228
34.6061	34.5133
34.599	34.502
34.59	34.4925
34.5983	34.4658
34.5845	34.4613
34.5668	34.4605
34.5473	34.4618
34.4728	34.5177
34.4532	34.5187
34.4332	34.5202
34.4122	34.5227
34.3905	34.5258
34.334	34.5637
34.3154	34.5638
34.296	34.5645
34.2765	34.5655
33.9512	34.8728
33.932	34.8751
33.9126	34.8776
33.8943	34.879
33.8791	34.8773
33.8557	34.884
33.853	34.8701
33.8545	34.8521
33.8575	34.8325
33.9108	34.7624
33.9158	34.7403
33.9227	34.7163
33.9302	34.6917
33.9386	34.6661
34.0254	34.5619
34.0367	34.5328
34.047	34.5047
34.0552	34.4787
34.0621	34.4539
34.1129	34.3852
34.1176	34.3625
34.1186	34.3434
34.1155	34.3284
34.1557	34.2699
34.1523	34.2551
34.1461	34.243
34.1411	34.2298
34.1384	34.2143
34.1637	34.1707
34.1626	34.1536
34.1607	34.1371
34.1563	34.1232
34.1604	34.1008
34.1554	34.0876
34.1473	34.0774
34.1382	34.0683
34.129	34.0592
34.1288	34.0411
34.1179	34.0337
34.1051	34.0283
34.0905	34.0247
34.0745	34.0223
34.0589	34.0197
34.0432	34.0172
34.0291	34.0131
34.015	34.009
34.001	34.0048
33.9869	34.0007
33.9734	33.996
33.9605	33.9907
33.9512	33.9818
33.9333	33.9816
33.9242	33.9725
33.9167	33.9619
33.9113	33.9492
33.9145	33.9279
33.9066	33.9177
33.8975	33.9086
33.8893	33.8987
33.883	33.8869
33.7727	33.9794
33.7665	33.9679
33.759	33.9577
33.7507	33.9484
33.8644	33.8167
33.8571	33.8059
33.8519	33.7931
33.848	33.7788
33.8436	33.7651
33.8545	33.7362
33.846	33.7267
33.8398	33.7148
33.8339	33.7026
33.8267	33.6918
33.8177	33.6829
33.8086	33.6739
33.7996	33.6649
33.7906	33.6559
33.7816	33.6469
33.7725	33.638
33.7635	33.629
33.7545	33.62
33.7446	33.612
33.7248	33.6138
33.7131	33.6076
33.701	33.6017
33.6878	33.5971
33.664	33.6029
33.6484	33.6006
33.6325	33.5986
33.6159	33.5973
33.6007	33.5946
33.5885	33.5889
33.5778	33.5818
33.5673	33.5744
33.5579	33.5659
33.5402	33.5658
33.5313	33.5568
33.5224	33.5479
33.5135	33.539
33.5046	33.5301
33.4957	33.5212
33.4868	33.5123
33.4779	33.5034
33.469	33.4945
33.4601	33.4856
33.4512	33.4767
33.4424	33.4678
33.4335	33.4589
33.4237	33.451
33.4235	33.4333
33.4147	33.4245
33.4058	33.4156
33.3969	33.4067
33.3881	33.3979
33.3705	33.3977
33.3617	33.3888
33.3526	33.3802
33.3438	33.3713
33.3349	33.3625
33.3348	33.345
33.326	33.3361
33.3173	33.3271
33.3114	33.3154
33.3146	33.2946
33.3092	33.2823
33.3031	33.2708
33.2964	33.2598
33.2894	33.2492
33.2823	33.2386
33.2762	33.2272
33.2704	33.2153
33.2642	33.2039
33.2578	33.1927
33.2528	33.1802
33.2479	33.1675
33.2427	33.1551
33.2369	33.1433
33.2212	33.1415
33.2133	33.1318
33.2045	33.1231
33.1949	33.1152
33.1826	33.1099
33.1686	33.1065
33.1528	33.1047
33.137	33.103
33.1215	33.101
33.1071	33.0979
33.0865	33.1011
33.0769	33.0932
33.0666	33.086
33.0576	33.0776
33.049	33.0688
33.0402	33.0601
33.0313	33.0516
33.0226	33.0429
33.0139	33.0342
33.0052	33.0254
32.9965	33.0167
32.9878	33.0081
32.9791	32.9994
32.9705	32.9907
32.9618	32.982
32.9531	32.9733
32.9444	32.9646
32.9357	32.9559
32.9271	32.9472
32.9184	32.9386
32.9097	32.9299
32.9011	32.9213
32.8925	32.9126
32.8838	32.9039
32.8751	32.8953
32.8665	32.8866
32.8578	32.878
32.8492	32.8693
32.8406	32.8607
32.832	32.8521
32.8233	32.8434
32.8147	32.8348
32.8061	32.8262
32.7975	32.8176
32.7889	32.8089
32.7802	32.8003
32.7717	32.7917
32.7631	32.7831
32.7547	32.7743
32.7478	32.764
32.7401	32.7545
32.7315	32.7459
32.7229	32.7373
32.7143	32.7287
32.7057	32.7201
32.7057	32.7031
32.6971	32.6945
32.6885	32.6859
32.6799	32.6774
32.6715	32.6686
32.6645	32.6586
32.659	32.6469
32.6517	32.6371
32.6432	32.6285
32.6346	32.62
32.6261	32.6115
32.6175	32.6029
32.609	32.5944
32.6004	32.5858
32.5919	32.5773
32.5834	32.5688
32.5749	32.5603
32.5663	32.5518
32.5578	32.5432
32.5493	32.5347
32.5408	32.5262
32.5323	32.5177
32.5238	32.5092
32.5069	32.5091
32.4984	32.5006
32.4899	32.4921
32.4814	32.4837
32.4729	32.4752
32.4645	32.4667
32.456	32.4582
32.4475	32.4498
32.439	32.4413
32.4306	32.4328
32.4221	32.4244
32.4136	32.4159
32.4052	32.4074
32.3468	32.4491
32.3384	32.4407
32.33	32.4323
32.3216	32.4239
32.3132	32.4156
32.3549	32.3571
32.3464	32.3487
32.338	32.3402
32.3296	32.3318
32.3295	32.315
32.3211	32.3066
32.3127	32.2982
32.3042	32.2898
32.2958	32.2814
32.2958	32.2646
32.2873	32.2562
32.2789	32.2479
32.2709	32.2391
32.1716	32.3219
32.1633	32.3136
32.155	32.3053
32.1467	32.2971
32.1385	32.2888
32.2212	32.1894
32.2128	32.181
32.2046	32.1724
32.1964	32.1639
32.1964	32.1472
32.1884	32.1384
32.1801	32.1301
32.1717	32.1217
32.1633	32.1134
32.155	32.105
32.1466	32.0967
32.1383	32.0884
32.1299	32.0801
32.0392	32.1543
32.031	32.146
32.0227	32.1378
32.0145	32.1296
32.0062	32.1213
32.0804	32.0306
32.072	32.0223
32.0637	32.014
32.0554	32.0057
32.0471	31.9973
32.047	31.9808
32.0387	31.9725
32.0304	31.9642
32.0221	31.956
32.0138	31.9477
32.0055	31.9394
31.9972	31.9311
31.989	31.9229
31.9807	31.9146
31.9642	31.9146
31.9559	31.9063
31.9476	31.8981
31.9393	31.8898
31.9311	31.8816
31.9228	31.8733
31.9146	31.8651
31.9063	31.8568
31.8981	31.8486
31.8898	31.8404
31.8734	31.8403
31.8651	31.8321
31.8569	31.8239
31.8487	31.8157
31.8404	31.8075
31.8322	31.7993
31.824	31.791
31.8158	31.7828
31.8075	31.7746
31.7994	31.7664
31.7911	31.7582
31.7829	31.75
31.7747	31.7419
31.7665	31.7337
31.7583	31.7255
31.7502	31.7173
31.742	31.7091
31.7338	31.701
31.7175	31.7009
31.7093	31.6928
31.7011	31.6846
31.6929	31.6764
31.6848	31.6683
31.6766	31.6601
31.6685	31.652
31.6603	31.6438
31.6522	31.6357
31.644	31.6276
31.6359	31.6194
31.6277	31.6113
31.6196	31.6032
31.6115	31.595
31.5952	31.595
31.5871	31.5869
31.579	31.5788
31.5709	31.5707
31.5628	31.5626
31.5547	31.5545
31.5466	31.5464
31.5385	31.5383
31.5281	31.5324
31.5149	31.5295
31.5023	31.5259
31.4922	31.5198
31.4839	31.512
31.4758	31.5039
31.4677	31.4958
31.4597	31.4877
31.4516	31.4797
31.4435	31.4716
31.4354	31.4635
31.4194	31.4635
31.4113	31.4555
31.4033	31.4474
31.3952	31.4394
31.3872	31.4313
31.3792	31.4233
31.3712	31.4152
31.3631	31.4072
31.3551	31.3992
31.3471	31.3911
31.3391	31.3831
31.3311	31.3751
31.323	31.3671
31.3231	31.351
31.3151	31.343
31.3071	31.335
31.2991	31.327
31.291	31.319
31.2831	31.311
31.2751	31.303
31.2671	31.295
31.2591	31.287
31.2511	31.279
31.2432	31.271
31.2352	31.263
31.2272	31.255
31.2192	31.2471
31.2113	31.2391
31.2033	31.2311
31.1953	31.2231
31.1874	31.2152
31.1794	31.2072
31.1715	31.1992
31.1645	31.1903
31.1578	31.1811
31.1499	31.1732
31.1503	31.1568
31.1436	31.1477
31.1371	31.1383
31.1293	31.1302
31.1214	31.1223
31.1139	31.1139
31.107	31.105
31.0994	31.0967
31.0919	31.0884
31.0934	31.0711
31.0869	31.0617
31.0792	31.0536
31.0713	31.0457
31.0633	31.0378
31.0554	31.0299
31.0475	31.022
31.0396	31.0141
31.0317	31.0062
31.0159	31.0063
31.008	30.9984
31.0002	30.9905
30.9923	30.9827
30.9844	30.9748
30.9765	30.9669
30.9692	30.9585
30.9624	30.9495
30.9557	30.9405
30.9495	30.931
30.9433	30.9215
30.9366	30.9125
30.9303	30.9031
30.9241	30.8936
30.9166	30.8854
30.9094	30.8769
30.9032	30.8675
30.8965	30.8585
30.8893	30.8501
30.8736	30.8501
30.8658	30.8423
30.8579	30.8345
30.8501	30.8267
30.8423	30.8189
30.8345	30.8111
30.8267	30.8033
30.8189	30.7955
30.8111	30.7877
30.8033	30.7799
30.7955	30.7721
30.7877	30.7644
30.7799	30.7566
30.7721	30.7488
30.7644	30.741
30.7566	30.7333
30.7488	30.7255
30.741	30.7177
30.7333	30.71
30.7255	30.7022
30.7177	30.6945
30.71	30.6867
30.6944	30.6868
30.6867	30.679
30.6789	30.6713
30.6712	30.6636
30.6634	30.6558
30.6557	30.6481
30.648	30.6404
30.6403	30.6327
30.6325	30.6249
30.6248	30.6172
30.6152	30.6115
30.6027	30.6085
30.5886	30.6071
30.5759	30.6044
30.5579	30.6071
30.5495	30.6001
30.5418	30.5924
30.5341	30.5847
30.5265	30.577
30.5184	30.5698
30.5095	30.5633
30.5018	30.5556
30.4942	30.5479
30.4943	30.5325
30.4866	30.5248
30.479	30.5171
30.4705	30.5103
30.4621	30.5034
30.4533	30.4969
30.4444	30.4904
30.4368	30.4828
30.4291	30.4751
30.4215	30.4674
30.4139	30.4598
30.4062	30.4522
30.3986	30.4445
30.3909	30.4369
30.3912	30.4213
30.3842	30.4131
30.3766	30.4054
30.3694	30.3974
30.3622	30.3894
30.3551	30.3812
30.3481	30.373
30.3415	30.3644
30.3348	30.3558
30.3351	30.3403
30.3275	30.3327
30.3201	30.3248
30.3147	30.3151
30.3077	30.3069
30.3005	30.2989
30.2929	30.2913
30.2853	30.2837
30.2777	30.2762
30.2701	30.2686
30.2617	30.2618
30.2522	30.2561
30.2429	30.2503
30.2351	30.243
30.2276	30.2354
30.22	30.2278
30.2124	30.2203
30.2048	30.2127
30.1985	30.204
30.1927	30.1947
30.1867	30.1855
30.1807	30.1765
30.1755	30.1665
30.1768	30.1502
30.1692	30.1427
30.163	30.1338
30.159	30.1227
30.1538	30.1129
30.1486	30.1031
30.1419	30.0947
30.1349	30.0866
30.1301	30.0764
30.1232	30.0683
30.1156	30.0608
30.1081	30.0533
30.1006	30.0458
30.1084	30.0231
30.0997	30.0167
30.0903	30.0112
30.0808	30.0056
30.0712	30.0003
30.0387	30.0178
30.0285	30.0131
30.0164	30.0102
30.0043	30.0074
29.9937	30.003
29.9781	30.0037
29.9706	29.9962
29.9631	29.9888
29.9557	29.9813
29.9482	29.9739
29.9408	29.9664
29.9333	29.959
29.9259	29.9515
29.9184	29.9441
29.911	29.9366
29.9036	29.9292
29.8962	29.9218
29.8887	29.9143
29.8813	29.9069
29.8739	29.8995
29.8665	29.892
29.8579	29.8858
29.8478	29.8811
29.8373	29.8767
29.8267	29.8725
29.817	29.8674
29.8075	29.8621
29.7972	29.8576
29.7862	29.8538
29.7841	29.8412
29.7765	29.834
29.7687	29.827
29.7596	29.8213
29.7499	29.8162
29.7488	29.8026
29.7398	29.7968
29.731	29.7909
29.7215	29.7856
29.7116	29.7807
29.7023	29.7752
29.6931	29.7698
29.6837	29.7645
29.6734	29.76
29.6719	29.7468
29.6639	29.7401
29.6555	29.7338
29.6466	29.728
29.6391	29.7208
29.6393	29.7059
29.6321	29.6984
29.625	29.6909
29.6177	29.6835
29.6104	29.6762
29.6105	29.6614
29.6032	29.654
29.5959	29.6467
29.5886	29.6394
29.5815	29.6319
29.545	29.6537
29.5389	29.6452
29.5327	29.6368
29.5254	29.6295
29.5183	29.622
29.512	29.6137
29.5051	29.606
29.4991	29.5974
29.4959	29.5861
29.4937	29.5737
29.5057	29.5471
29.5021	29.5362
29.4973	29.5265
29.4917	29.5175
29.4869	29.5077
29.4811	29.499
29.4748	29.4908
29.4675	29.4835
29.4603	29.4763
29.4605	29.4616
29.4532	29.4543
29.446	29.4471
29.4387	29.4398
29.4315	29.4326
29.2218	29.6288
29.2152	29.6221
29.2086	29.6155
29.2019	29.6088
29.4051	29.3914
29.3979	29.3842
29.3909	29.3768
29.3859	29.3673
29.3838	29.3549
29.4031	29.3213
29.3978	29.3123
29.3908	29.3049
29.3836	29.2977
29.3838	29.2832
29.377	29.2756
29.372	29.2662
29.3675	29.2564
29.3613	29.2483
29.3541	29.2412
29.3469	29.2341
29.3397	29.2269
29.3326	29.2198
29.318	29.22
29.3105	29.2133
29.3033	29.2061
29.2962	29.199
29.289	29.1918
29.2745	29.1921
29.2673	29.185
29.2598	29.1782
29.2493	29.1744
29.2373	29.1722
29.2262	29.1689
29.2183	29.1626
29.2112	29.1554
29.2041	29.1483
29.1894	29.1488
29.1793	29.1446
29.1675	29.1421
29.1574	29.138
29.1499	29.1312
29.1428	29.1241
29.1354	29.1173
29.1265	29.112
29.1175	29.1068
29.11	29.1001
29.1029	29.093
29.0958	29.0859
29.0887	29.0788
29.0816	29.0716
29.0745	29.0646
29.0675	29.0575
29.0604	29.0504
29.0533	29.0433
29.0462	29.0362
29.0391	29.0292
29.0321	29.0221
29.025	29.0151
29.0179	29.008
29.0109	29.0009
29.0038	28.9939
28.9968	28.9868
28.9897	28.9798
28.9826	28.9727
29.0047	28.9367
28.9977	28.9296
28.9907	28.9226
28.9837	28.9156
28.9767	28.9086
28.9696	28.9017
28.9626	28.8947
28.9556	28.8877
28.9486	28.8807
28.9488	28.8665
28.9419	28.8596
28.9349	28.8526
28.9272	28.8464
28.9164	28.8432
28.9056	28.84
28.8963	28.8355
28.8872	28.8307
28.8783	28.8256
28.869	28.8211
28.8527	28.8234
28.8451	28.8172
28.837	28.8113
28.8288	28.8056
28.8205	28.8
28.811	28.7956
28.8009	28.7918
28.7911	28.7878
28.7812	28.7838
28.7709	28.7802
28.7604	28.7769
28.7499	28.7735
28.7399	28.7697
28.7308	28.7649
28.7222	28.7597
28.7153	28.7528
28.7091	28.7451
28.7044	28.736
28.6563	28.7702
28.6514	28.7612
28.6465	28.7522
28.6414	28.7434
28.6369	28.7341
28.6325	28.7246
28.6287	28.7145
28.6261	28.7032
28.6246	28.691
28.6235	28.6782
28.6279	28.6599
28.6245	28.6495
28.6205	28.6397
28.6167	28.6296
28.6206	28.6119
28.6168	28.6019
28.6126	28.5923
28.6083	28.5828
28.606	28.5714
28.007	29.1709
28.013	29.1672
28.0173	29.1653
28.019	29.1659
28.0202	29.1671
28.62	28.5552
28.6165	28.5449
28.6153	28.5324
28.6137	28.5202
28.6832	28.4372
28.6814	28.4255
28.6789	28.4145
28.6767	28.4032
28.6749	28.3915
28.6802	28.3728
28.6781	28.3615
28.6761	28.35
28.6743	28.3385
28.6656	28.3338
28.6637	28.3222
28.6621	28.3104
28.6598	28.2992
28.6569	28.2887
28.6316	28.3005
28.6265	28.2921
28.6215	28.2836
28.616	28.2756
28.5959	28.2821
28.5889	28.2756
28.5819	28.269
28.5751	28.2622
28.5683	28.2555
28.5382	28.272
28.5308	28.2658
28.524	28.2591
28.5172	28.2523
28.4883	28.2676
28.4798	28.2624
28.4728	28.2558
28.4637	28.2514
28.4509	28.2506
28.4157	28.2722
28.4014	28.273
28.3861	28.2747
28.3715	28.2756
28.3363	28.2973
28.322	28.2981
28.3085	28.298
28.2982	28.2948
28.2907	28.2888
28.2693	28.2967
28.2584	28.2941
28.2454	28.2936
28.2331	28.2924
28.2124	28.2997
28.1983	28.3004
28.187	28.2983
28.1792	28.2926
28.1724	28.2859
28.2024	28.2425
28.1999	28.2315
28.2002	28.2178
28.1997	28.2047
28.2018	28.1892
28.1953	28.1823
28.1903	28.1738
28.187	28.1636
28.1835	28.1537
28.1796	28.1441
28.1754	28.1349
28.172	28.1248
28.1687	28.1147
28.1578	28.1121
28.1538	28.1027
28.1499	28.0932
28.1456	28.0842
28.1408	28.0755
28.1299	28.073
28.1259	28.0637
28.121	28.0552
28.1143	28.0485
28.1076	28.0419
28.0936	28.0425
28.0848	28.038
28.0753	28.0342
28.0663	28.0299
28.0505	28.0323
28.0398	28.0298
28.0276	28.0287
28.0143	28.0286
28.0022	28.0275
27.9853	28.0311
27.9783	28.0249
27.9701	28.0198
27.9615	28.0152
27.9531	28.0103
27.9451	28.0051
27.937	27.9999
27.9301	27.9936
27.9235	27.987
27.91	27.9873
27.9034	27.9808
27.8968	27.9742
27.8902	27.9676
27.8836	27.961
27.884	27.9474
27.8774	27.9408
27.8708	27.9342
27.8642	27.9277
27.8577	27.9211
27.8511	27.9144
27.8446	27.9079
27.838	27.9013
27.8314	27.8947
27.8249	27.8881
27.8183	27.8816
27.8117	27.875
27.8052	27.8684
27.7986	27.8619
27.799	27.8483
27.7925	27.8418
27.7859	27.8352
27.7793	27.8287
27.7735	27.8214
27.7622	27.8196
27.7592	27.8096
27.7558	27.7998
27.7499	27.7926
27.7503	27.7792
27.7438	27.7726
27.7368	27.7666
27.7297	27.7606
27.7232	27.7541
27.7167	27.7475
27.7102	27.741
27.7026	27.7355
27.6939	27.7311
27.6858	27.7261
27.6845	27.7145
27.676	27.7099
27.6686	27.7043
27.6621	27.6977
27.6556	27.6912
27.6491	27.6847
27.6426	27.6782
27.6361	27.6717
27.6296	27.6652
27.6232	27.6587
27.6167	27.6522
27.6102	27.6457
27.6037	27.6392
27.5972	27.6327
27.5907	27.6262
27.5842	27.6197
27.5778	27.6132
27.5713	27.6068
27.5717	27.5934
27.5652	27.5869
27.5587	27.5805
27.5523	27.574
27.5458	27.5675
27.5393	27.561
27.5329	27.5546
27.5264	27.5481
27.5199	27.5417
27.5158	27.5329
27.5121	27.5237
27.5095	27.5134
27.5065	27.5035
27.5099	27.4872
27.506	27.4782
27.5002	27.4711
27.4945	27.464
27.4896	27.456
27.4781	27.4546
27.4734	27.4465
27.4687	27.4383
27.464	27.4302
27.4666	27.4147
27.462	27.4065
27.4576	27.398
27.452	27.3908
27.4456	27.3844
27.4324	27.3848
27.4268	27.3775
27.4232	27.3683
27.4187	27.36
27.4126	27.3533
27.4062	27.3469
27.3998	27.3405
27.3932	27.3343
27.3868	27.3279
27.3737	27.3283
27.3669	27.3223
27.3592	27.3173
27.3495	27.3143
27.3376	27.3134
27.3244	27.3139
27.3108	27.3148
27.2975	27.3154
27.2856	27.3145
27.2693	27.3182
27.2619	27.3128
27.2556	27.3065
27.2493	27.3001
27.2429	27.2938
27.2366	27.2874
27.2303	27.2811
27.224	27.2748
27.2176	27.2684
27.2181	27.2553
27.2117	27.249
27.2054	27.2427
27.1991	27.2364
27.1928	27.23
27.1865	27.2237
27.1802	27.2174
27.1738	27.2111
27.1675	27.2047
27.1612	27.1984
27.1549	27.1921
27.1486	27.1858
27.1423	27.1795
27.136	27.1732
27.1365	27.1602
27.1302	27.1539
27.1239	27.1476
27.1176	27.1413
27.1113	27.135
27.105	27.1287
27.0987	27.1224
27.0925	27.1161
27.0862	27.1098
27.0866	27.0968
27.0803	27.0905
27.0741	27.0843
27.0678	27.078
27.0615	27.0717
27.0553	27.0655
27.049	27.0592
27.0427	27.0529
27.0364	27.0467
27.0302	27.0404
27.0239	27.0341
27.0177	27.0279
27.0114	27.0216
27.0052	27.0154
26.999	27.0091
26.9927	27.0029
26.9865	26.9966
26.9802	26.9904
26.974	26.9842
26.9678	26.9779
26.9615	26.9717
26.9553	26.9655
26.9558	26.9526
26.9495	26.9463
26.9433	26.9401
26.9371	26.9339
26.9308	26.9277
26.9246	26.9215
26.9184	26.9153
26.9122	26.909
26.906	26.9028
26.8998	26.8966
26.8936	26.8904
26.8874	26.8842
26.8812	26.878
26.875	26.8718
26.8688	26.8656
26.8626	26.8595
26.8564	26.8533
26.8502	26.8471
26.8441	26.8409
26.8379	26.8347
26.8317	26.8285
26.8255	26.8224
26.8193	26.8162
26.8132	26.81
26.807	26.8039
26.8008	26.7977
26.7947	26.7915
26.7885	26.7854
26.7824	26.7792
26.7762	26.7731
26.77	26.7669
26.7639	26.7607
26.7644	26.748
26.7582	26.7418
26.7521	26.7357
26.7459	26.7296
26.7398	26.7234
26.7336	26.7173
26.7277	26.711
26.724	26.7024
26.7194	26.6947
26.7143	26.6876
26.7097	26.68
26.7055	26.6719
26.7008	26.6644
26.6956	26.6573
26.6914	26.6494
26.6874	26.6411
26.6835	26.6328
26.6795	26.6245
26.6754	26.6164
26.671	26.6086
26.6667	26.6007
26.663	26.5923
26.6527	26.5904
26.6477	26.5832
26.6439	26.5748
26.64	26.5665
26.6369	26.5575
26.6268	26.5554
26.6227	26.5474
26.6179	26.54
26.6129	26.5329
26.6071	26.5265
26.6011	26.5204
26.595	26.5144
26.5887	26.5085
26.5823	26.5028
26.5682	26.5048
26.5598	26.5011
26.5495	26.4994
26.5384	26.4983
26.5277	26.497
26.5172	26.4954
26.5073	26.4932
26.4986	26.4898
26.4896	26.4868
26.4753	26.4891
26.4678	26.4846
26.4601	26.4802
26.4539	26.4744
26.4479	26.4683
26.4354	26.4688
26.4294	26.4628
26.4232	26.457
26.4152	26.453
26.406	26.4503
26.3978	26.4464
26.3917	26.4406
26.3857	26.4346
26.3797	26.4286
26.3802	26.4161
26.3743	26.4101
26.3683	26.4042
26.3634	26.397
26.3522	26.3964
26.3469	26.3897
26.3422	26.3825
26.3379	26.3748
26.3323	26.3685
26.3328	26.3561
26.3268	26.3501
26.3209	26.3441
26.3149	26.3382
26.3089	26.3322
26.303	26.3263
26.2971	26.3203
26.2926	26.3129
26.2882	26.3053
26.2829	26.2988
26.2769	26.2929
26.271	26.287
26.266	26.2801
26.2609	26.2733
26.2559	26.2664
26.2505	26.2599
26.2453	26.2533
26.2393	26.2474
26.2336	26.2413
26.2276	26.2354
26.2219	26.2294
26.2159	26.2234
26.2102	26.2173
26.2047	26.2111
26.1992	26.2047
26.1933	26.1988
26.1874	26.1929
26.1815	26.187
26.1756	26.1811
26.1697	26.1752
26.1638	26.1693
26.1579	26.1634
26.152	26.1575
26.1462	26.1516
26.1403	26.1457
26.1344	26.1399
26.1285	26.134
26.1226	26.1281
26.1161	26.1229
26.1094	26.1178
26.1035	26.112
26.0977	26.1061
26.0918	26.1002
26.086	26.0944
26.0801	26.0885
26.0743	26.0826
26.0684	26.0768
26.0625	26.0709
26.0567	26.0651
26.051	26.059
26.0457	26.0527
26.0406	26.0461
26.0353	26.0397
26.0301	26.0333
26.0248	26.0269
26.0193	26.0207
26.0134	26.0149
26.0076	26.0091
26.0011	26.0039
25.9938	25.9995
25.9839	25.9978
25.9739	25.9962
25.9648	25.9936
25.9569	25.9899
25.9508	25.9844
25.945	25.9786
25.9392	25.9728
25.9334	25.9669
25.9276	25.9611
25.9218	25.9553
25.916	25.9495
25.9102	25.9437
25.9044	25.9379
25.905	25.9258
25.8992	25.92
25.8934	25.9142
25.8876	25.9084
25.8818	25.9026
25.876	25.8968
25.8703	25.891
25.8645	25.8852
25.8587	25.8795
25.8593	25.8673
25.8535	25.8616
25.8477	25.8558
25.8419	25.85
25.8362	25.8442
25.8304	25.8385
25.8246	25.8327
25.8189	25.8269
25.8131	25.8212
25.8074	25.8154
25.8016	25.8097
25.7959	25.8039
25.7901	25.7982
25.7843	25.7924
25.7786	25.7866
25.7729	25.7809
25.7671	25.7752
25.7614	25.7694
25.7557	25.7637
25.7499	25.7579
25.7442	25.7522
25.7385	25.7465
25.7327	25.7408
25.7333	25.7287
25.7276	25.723
25.7219	25.7173
25.7161	25.7115
25.7104	25.7058
25.7047	25.7001
25.6994	25.6939
25.6961	25.6858
25.693	25.6776
25.6893	25.6698
25.6853	25.6625
25.6813	25.655
25.6772	25.6477
25.6729	25.6406
25.6691	25.633
25.6655	25.6252
25.6625	25.6168
25.6591	25.6089
25.6549	25.6016
25.651	25.5942
25.6477	25.5861
25.6447	25.5778
25.6419	25.5692
25.6392	25.5605
25.6367	25.5517
25.6341	25.543
25.6314	25.5343
25.6286	25.5258
25.6196	25.5235
25.6169	25.5149
25.6138	25.5067
25.6103	25.4988
25.6069	25.491
25.5967	25.4898
25.5914	25.4839
25.5857	25.4783
25.5801	25.4726
25.5744	25.467
25.5683	25.4619
25.5622	25.4568
25.5546	25.453
25.5338	25.4627
25.5248	25.4605
25.5162	25.4579
25.5066	25.4563
25.4972	25.4544
25.4814	25.459
25.4703	25.459
25.4585	25.4595
25.4469	25.46
25.4363	25.4595
25.4254	25.4592
25.4138	25.4596
25.4035	25.4588
25.3954	25.4557
25.3833	25.4567
25.3778	25.4511
25.3722	25.4455
25.3667	25.44
25.3611	25.4344
25.3556	25.4288
25.3501	25.4233
25.3445	25.4177
25.339	25.4122
25.3335	25.4066
25.328	25.4011
25.3224	25.3956
25.3169	25.39
25.3113	25.3845
25.3059	25.3789
25.3007	25.3731
25.2953	25.3674
25.2901	25.3616
25.2855	25.3551
25.2863	25.3432
25.2808	25.3377
25.2753	25.3322
25.2697	25.3267
25.2704	25.3149
25.2649	25.3094
25.2593	25.3039
25.2538	25.2984
25.2483	25.2928
25.2428	25.2873
25.2373	25.2818
25.2321	25.276
25.2279	25.2692
25.2233	25.2627
25.2192	25.2558
25.2159	25.2481
25.2124	25.2406
25.2069	25.2351
25.2015	25.2295
25.196	25.2241
25.1905	25.2186
25.185	25.2131
25.1795	25.2076
25.1801	25.1959
25.1745	25.1906
25.1664	25.1878
25.1568	25.1863
25.155	25.1772
25.1493	25.1719
25.1438	25.1664
25.1383	25.1609
25.1328	25.1554
25.1213	25.1561
25.1158	25.1506
25.1105	25.145
25.1054	25.1392
25.0999	25.1337
25.1012	25.1215
25.0966	25.1151
25.0918	25.109
25.087	25.1029
25.0709	25.1081
25.0674	25.1007
25.0643	25.0929
25.0602	25.0862
25.0559	25.0795
25.0525	25.0721
25.0496	25.0642
25.0471	25.0558
25.0452	25.0468
25.0434	25.0378
25.0425	25.0278
25.0418	25.0176
25.0404	25.0082
25.0381	24.9997
25.0361	24.9909
25.0347	24.9815
25.0347	24.9706
25.0353	24.9592
25.0361	24.9476
25.1337	24.8393
25.1344	24.8279
25.1357	24.8159
25.1382	24.8028
25.0802	24.8501
25.0818	24.8376
25.0832	24.8254
25.0842	24.8136
25.0856	24.8014
25.3586	24.5207
25.3654	24.5069
25.3731	24.4922
25.3801	24.4782
25.3862	24.465
25.3968	24.4476
25.4002	24.4373
25.4014	24.4293
25.4018	24.4221
25.3865	24.4303
25.3829	24.4267
25.3787	24.4237
25.3736	24.4216
25.3687	24.4193
25.3286	24.4514
25.3239	24.4479
25.3187	24.445
25.3134	24.4422
25.0172	24.7286
25.0102	24.7251
25.0032	24.7215
24.9962	24.718
24.9888	24.7147
25.184	24.5093
25.1789	24.5046
25.175	24.4987
25.1737	24.4904
24.9194	24.735
24.9194	24.725
24.9181	24.7161
24.9173	24.7068
24.9162	24.6978
24.8868	24.7175
24.8867	24.7079
24.8863	24.6985
24.8811	24.694
25.142	24.4226
25.137	24.4177
25.132	24.4128
25.1272	24.4076
25.1279	24.397
25.1451	24.37
25.1494	24.3558
25.1518	24.3437
25.1542	24.3315
25.0032	24.4723
25.0043	24.4605
25.0044	24.4498
25.0041	24.4395
25.0042	24.4287
25.0645	24.3577
25.0648	24.3469
25.066	24.3351
25.0676	24.3229
25.0637	24.3163
25.0642	24.3053
25.0634	24.2955
25.0625	24.2858
25.0616	24.2762
25.0415	24.2858
25.0359	24.2808
25.0306	24.2756
25.0251	24.2705
25.0197	24.2653
24.9785	24.2961
24.9731	24.2909
24.9678	24.2857
24.9624	24.2806
24.898	24.3349
24.8928	24.3298
24.8876	24.3248
24.8824	24.3198
24.8772	24.3147
24.937	24.2442
24.9316	24.2391
24.9263	24.2339
24.921	24.2287
24.8625	24.2771
24.8572	24.272
24.852	24.267
24.8468	24.2619
25.0126	24.0855
25.0075	24.0806
25.0025	24.0758
24.9974	24.0709
24.9924	24.066
24.8161	24.2327
24.8109	24.2276
