1300	-5000	1	0
1300	-5000	1	0
1300	-5000	1	0
1300	-5000	1	0
1300	-5000	1	0
1300	-5000	1	0
1300	-5000	1	0
1300	-5000	1	0
1300	-5000	1	0
1300	-5000	1	0
1300	-5000	1	0
1300	-5000	1	0
1300	-5000	1	0
1300	-5000	1	0
1300	-5000	1	0
1300	-5000	1	0
1300	-5000	1	0
1300	-5000	1	0
1300	-5000	1	0
1300	-5000	1	0
1300	-5000	1	0
1300	-5000	1	0
1300	-5000	1	0
1300	-5000	1	0
1300	-5000	1	0
1300	-5000	1	-8.60691e-07
1300	-4999.99	1	-5.0588e-06
1300	-4999.96	1	-1.79386e-05
1300	-4999.9	1	-4.43253e-05
1300	-4999.8	1	-9.10744e-05
1300	-4999.65	1	-0.00018829
1300	-4999.45	1	-0.000394734
1300	-4999.19	1	-0.00078884
1300	-4998.86	0.999999	-0.00145915
1300	-4998.47	0.999997	-0.00249234
1300	-4998.01	0.999992	-0.00399576
1299.99	-4997.49	0.999982	-0.00606171
1299.99	-4996.9	0.999962	-0.00872628
1299.98	-4996.25	0.999928	-0.0120341
1299.97	-4995.53	0.999872	-0.0160206
1299.96	-4994.74	0.999786	-0.0206804
1299.94	-4993.9	0.999661	-0.026022
1299.92	-4992.98	0.999489	-0.0319652
1299.88	-4992	0.999263	-0.038385
1299.84	-4990.96	0.998975	-0.0452544
1299.78	-4989.85	0.998617	-0.0525756
1299.72	-4988.67	0.998177	-0.0603476
1299.64	-4987.43	0.997646	-0.0685722
1299.55	-4986.13	0.997012	-0.0772508
1299.44	-4984.76	0.996262	-0.0863848
1299.31	-4983.33	0.995384	-0.095975
1299.15	-4981.84	0.994364	-0.106022
1298.98	-4980.28	0.993188	-0.116527
1298.78	-4978.65	0.99184	-0.127489
1298.56	-4976.97	0.990305	-0.138907
1298.31	-4975.22	0.988567	-0.150781
1298.02	-4973.41	0.986608	-0.16311
1297.7	-4971.55	0.98441	-0.175891
1297.35	-4969.62	0.981969	-0.18904
1296.95	-4967.63	0.979271	-0.202552
1296.52	-4965.59	0.976293	-0.216454
1296.04	-4963.49	0.972992	-0.230838
1295.52	-4961.33	0.969371	-0.245601
1294.94	-4959.13	0.965403	-0.260762
1294.31	-4956.86	0.961071	-0.276303
1293.63	-4954.55	0.95635	-0.292224
1292.89	-4952.18	0.951223	-0.308505
1292.09	-4949.77	0.945655	-0.325171
1291.22	-4947.31	0.939623	-0.342212
1290.29	-4944.8	0.9331	-0.359616
1289.29	-4942.26	0.926063	-0.377369
1288.21	-4939.67	0.918485	-0.395457
1287.05	-4937.04	0.910339	-0.413863
1285.81	-4934.38	0.9016	-0.43257
1284.49	-4931.68	0.892242	-0.451559
1283.09	-4928.96	0.882252	-0.470778
1281.43	-4925.93	0.870533	-0.492111
1279.83	-4923.16	0.859184	-0.511666
1278.13	-4920.36	0.847116	-0.531408
1276.33	-4917.56	0.834173	-0.551503
1274.43	-4914.74	0.820253	-0.572002
1272.42	-4911.92	0.805426	-0.592696
1270.3	-4909.09	0.789737	-0.613446
1268.06	-4906.28	0.773159	-0.634212
1265.71	-4903.47	0.755668	-0.654954
1263.23	-4900.68	0.737285	-0.675582
1260.64	-4897.92	0.718027	-0.696015
1257.92	-4895.18	0.697838	-0.716256
1255.08	-4892.47	0.67666	-0.736295
1252.11	-4889.81	0.654476	-0.756082
1249.02	-4887.19	0.631292	-0.775545
1245.79	-4884.63	0.607117	-0.794613
1242.43	-4882.13	0.581921	-0.813245
1238.95	-4879.7	0.555826	-0.831299
1235.33	-4877.35	0.52918	-0.84851
1231.58	-4875.08	0.502734	-0.864441
1227.71	-4872.89	0.477891	-0.878419
1223.73	-4870.77	0.455636	-0.890166
1219.63	-4868.73	0.436938	-0.899492
1215.44	-4866.73	0.421686	-0.906742
1211.16	-4864.77	0.407888	-0.913032
1206.79	-4862.85	0.394144	-0.919049
1202.33	-4860.97	0.380081	-0.924953
1197.78	-4859.13	0.3657	-0.930733
1193.15	-4857.34	0.350996	-0.936377
1188.42	-4855.61	0.335969	-0.941873
1183.6	-4853.92	0.320653	-0.947197
1178.7	-4852.3	0.305416	-0.952219
1173.71	-4850.73	0.291883	-0.956454
1168.64	-4849.21	0.282339	-0.959315
1163.5	-4847.71	0.278514	-0.960432
1158.32	-4846.21	0.279202	-0.960232
1153.09	-4844.68	0.28067	-0.959804
1147.81	-4843.14	0.281644	-0.959519
1142.49	-4841.57	0.283108	-0.959088
1137.14	-4839.99	0.285754	-0.958303
1131.75	-4838.37	0.289191	-0.957271
1126.33	-4836.72	0.292737	-0.956193
1120.87	-4835.05	0.296145	-0.955143
1115.39	-4833.34	0.297451	-0.954737
1109.87	-4831.62	0.297267	-0.954795
1104.31	-4829.89	0.29788	-0.954603
1098.73	-4828.15	0.298837	-0.954304
1093.12	-4826.39	0.299972	-0.953948
1087.49	-4824.61	0.301499	-0.953467
1081.86	-4822.83	0.303244	-0.952913
1076.22	-4821.03	0.304989	-0.952356
1070.59	-4819.22	0.30699	-0.951713
1064.96	-4817.4	0.309545	-0.950885
1059.34	-4815.56	0.313211	-0.949683
1053.73	-4813.7	0.319397	-0.947621
1048.13	-4811.79	0.329405	-0.944189
1042.55	-4809.81	0.343615	-0.939111
1037.01	-4807.73	0.361995	-0.93218
1031.52	-4805.54	0.384528	-0.923113
1026.08	-4803.21	0.411034	-0.91162
1020.72	-4800.71	0.440439	-0.897782
1015.45	-4798.03	0.470497	-0.882401
1010.27	-4795.18	0.499159	-0.86651
1005.18	-4792.16	0.525749	-0.85064
1000.18	-4788.99	0.551046	-0.834475
995.287	-4785.67	0.57581	-0.817584
990.492	-4782.21	0.600057	-0.799958
985.803	-4778.6	0.623234	-0.782036
981.219	-4774.86	0.644496	-0.764608
976.736	-4771.01	0.663856	-0.74786
972.351	-4767.03	0.68209	-0.731269
968.065	-4762.96	0.699781	-0.714358
963.88	-4758.78	0.717053	-0.697019
959.798	-4754.5	0.733526	-0.679661
955.817	-4750.12	0.747875	-0.66384
951.923	-4745.67	0.758953	-0.651145
948.095	-4741.16	0.766843	-0.641835
944.315	-4736.61	0.771815	-0.635847
940.562	-4732.03	0.77429	-0.632831
936.823	-4727.45	0.775589	-0.631239
933.092	-4722.86	0.776744	-0.629817
929.37	-4718.26	0.778066	-0.628183
925.658	-4713.65	0.780006	-0.625772
921.964	-4709.03	0.782752	-0.622334
918.292	-4704.4	0.78618	-0.617997
914.648	-4699.74	0.789972	-0.613143
911.032	-4695.05	0.793787	-0.608196
907.446	-4690.35	0.797571	-0.603225
903.889	-4685.62	0.801324	-0.598231
900.362	-4680.87	0.804805	-0.593539
896.859	-4676.11	0.806184	-0.591665
893.357	-4671.34	0.805909	-0.59204
889.855	-4666.57	0.805847	-0.592124
886.352	-4661.8	0.805811	-0.592172
882.849	-4657.04	0.805776	-0.592221
879.345	-4652.27	0.80574	-0.592269
875.841	-4647.5	0.805704	-0.592318
872.337	-4642.74	0.805669	-0.592366
868.833	-4637.97	0.805633	-0.592415
865.328	-4633.21	0.805597	-0.592463
861.823	-4628.44	0.805562	-0.592512
858.318	-4623.68	0.805526	-0.59256
854.813	-4618.91	0.80549	-0.592609
851.307	-4614.15	0.805455	-0.592657
847.801	-4609.38	0.805419	-0.592706
844.294	-4604.62	0.805383	-0.592754
840.784	-4599.85	0.805348	-0.592803
837.261	-4595.06	0.805312	-0.592852
833.716	-4590.25	0.805276	-0.592901
830.148	-4585.4	0.805239	-0.59295
826.554	-4580.52	0.805202	-0.593
822.935	-4575.61	0.805165	-0.593051
819.292	-4570.66	0.805128	-0.593101
815.624	-4565.68	0.805201	-0.593001
811.934	-4560.67	0.80553	-0.592555
808.224	-4555.62	0.806035	-0.591868
804.495	-4550.54	0.806573	-0.591135
800.746	-4545.42	0.807114	-0.590395
796.979	-4540.27	0.807659	-0.589649
793.194	-4535.08	0.808208	-0.588897
789.39	-4529.85	0.808938	-0.587893
785.572	-4524.59	0.81009	-0.586306
781.743	-4519.29	0.811485	-0.584374
777.908	-4513.95	0.813335	-0.581796
774.073	-4508.57	0.815998	-0.578055
770.246	-4503.15	0.818988	-0.573811
766.427	-4497.67	0.821133	-0.570737
762.603	-4492.16	0.82184	-0.569718
758.764	-4486.63	0.82186	-0.56969
754.906	-4481.06	0.821757	-0.569838
751.027	-4475.47	0.821286	-0.570516
747.123	-4469.85	0.820349	-0.571863
743.189	-4464.22	0.819249	-0.573438
739.226	-4458.57	0.818107	-0.575066
735.232	-4452.9	0.816956	-0.5767
731.209	-4447.21	0.816179	-0.577799
727.161	-4441.49	0.815944	-0.578131
723.093	-4435.75	0.8159	-0.578192
719.006	-4429.98	0.815857	-0.578254
714.899	-4424.19	0.815813	-0.578316
710.773	-4418.37	0.815769	-0.578378
706.629	-4412.52	0.815883	-0.578217
702.47	-4406.65	0.816744	-0.577001
698.303	-4400.74	0.818401	-0.574647
694.134	-4394.79	0.819692	-0.572804
689.958	-4388.8	0.819966	-0.572412
685.76	-4382.8	0.819177	-0.573541
681.533	-4376.77	0.818038	-0.575164
677.274	-4370.73	0.816323	-0.577596
672.974	-4364.67	0.813935	-0.580956
668.629	-4358.6	0.811351	-0.584559
664.238	-4352.53	0.808737	-0.58817
659.799	-4346.45	0.805801	-0.592187
655.308	-4340.37	0.802006	-0.597316
650.755	-4334.3	0.797547	-0.603256
646.137	-4328.23	0.792973	-0.609257
641.453	-4322.17	0.788327	-0.615257
636.702	-4316.12	0.783422	-0.62149
631.882	-4310.09	0.77806	-0.62819
626.988	-4304.07	0.772467	-0.635055
622.019	-4298.07	0.766715	-0.641988
616.975	-4292.09	0.760535	-0.649297
611.85	-4286.14	0.753694	-0.657226
606.64	-4280.22	0.746352	-0.665552
601.341	-4274.33	0.73831	-0.674461
595.4	-4267.9	0.727932	-0.68565
590.443	-4262.7	0.718241	-0.695795
584.825	-4256.97	0.706176	-0.708036
579.082	-4251.33	0.692954	-0.720981
573.21	-4245.77	0.679128	-0.73402
567.209	-4240.3	0.66498	-0.746861
561.08	-4234.93	0.650514	-0.759495
554.823	-4229.65	0.635729	-0.771912
548.44	-4224.48	0.620629	-0.784105
541.931	-4219.41	0.605257	-0.79603
535.3	-4214.45	0.589864	-0.807502
528.549	-4209.59	0.575018	-0.818141
521.686	-4204.84	0.561549	-0.827443
514.725	-4200.18	0.549385	-0.835569
507.669	-4195.59	0.537422	-0.843314
500.523	-4191.1	0.525869	-0.850565
493.291	-4186.67	0.515458	-0.856915
485.98	-4182.32	0.506281	-0.862369
478.597	-4178.03	0.497648	-0.867379
471.144	-4173.79	0.488996	-0.872286
463.621	-4169.61	0.480254	-0.87713
456.029	-4165.49	0.471988	-0.881605
448.372	-4161.43	0.465388	-0.885107
440.661	-4157.39	0.46075	-0.88753
432.903	-4153.38	0.45726	-0.889333
425.101	-4149.39	0.453983	-0.89101
417.255	-4145.4	0.450685	-0.892683
408.575	-4141.04	0.447303	-0.894382
400.641	-4137.08	0.44505	-0.895506
392.67	-4133.13	0.444145	-0.895955
384.669	-4129.16	0.444738	-0.895661
376.644	-4125.17	0.446018	-0.895024
368.595	-4121.15	0.447302	-0.894383
360.524	-4117.11	0.448592	-0.893737
352.43	-4113.04	0.449887	-0.893086
344.313	-4108.95	0.451187	-0.892429
336.173	-4104.83	0.452702	-0.891662
328.013	-4100.67	0.454787	-0.8906
319.835	-4096.49	0.457232	-0.889348
311.64	-4092.26	0.459684	-0.888082
303.428	-4088	0.462145	-0.886804
295.199	-4083.7	0.464613	-0.885514
286.954	-4079.36	0.467658	-0.88391
278.698	-4074.97	0.471713	-0.881752
270.436	-4070.53	0.476209	-0.879332
262.168	-4066.03	0.480714	-0.876878
253.894	-4061.48	0.485226	-0.874389
245.617	-4056.86	0.489746	-0.871865
237.331	-4052.18	0.494277	-0.869304
229.028	-4047.44	0.498826	-0.866702
220.696	-4042.62	0.503401	-0.864053
212.334	-4037.72	0.508004	-0.861355
203.942	-4032.75	0.512927	-0.858432
195.526	-4027.69	0.519437	-0.854509
187.098	-4022.52	0.528204	-0.849117
178.673	-4017.22	0.539004	-0.842303
170.269	-4011.77	0.552935	-0.833224
161.913	-4006.13	0.570377	-0.821383
153.632	-4000.27	0.589174	-0.808006
145.436	-3994.18	0.607816	-0.794078
137.333	-3987.85	0.626216	-0.77965
129.329	-3981.3	0.643572	-0.765386
121.418	-3974.54	0.658135	-0.7529
113.576	-3967.59	0.669351	-0.742947
105.782	-3960.5	0.678622	-0.734488
98.0252	-3953.26	0.686464	-0.727164
90.2916	-3945.91	0.692124	-0.721779
82.5595	-3938.46	0.695968	-0.718072
74.8163	-3930.93	0.698977	-0.715144
67.0551	-3923.32	0.701073	-0.713089
59.2649	-3915.65	0.702258	-0.711922
51.4387	-3907.93	0.702946	-0.711243
43.5703	-3900.15	0.702332	-0.71185
35.6426	-3892.34	0.700551	-0.713602
27.6505	-3884.51	0.698681	-0.715433
19.5935	-3876.66	0.696714	-0.717349
11.4696	-3868.79	0.694573	-0.719422
3.27669	-3860.9	0.692107	-0.721795
-4.98972	-3853	0.689383	-0.724397
-13.3319	-3845.08	0.686628	-0.727009
-21.7519	-3837.15	0.683842	-0.72963
-30.2499	-3829.21	0.681024	-0.732261
-38.8266	-3821.26	0.678174	-0.734902
-47.4834	-3813.3	0.674713	-0.73808
-56.2311	-3805.34	0.669884	-0.742466
-65.0857	-3797.4	0.663559	-0.748124
-74.0619	-3789.5	0.656024	-0.75474
-83.1695	-3781.66	0.64793	-0.7617
-92.4105	-3773.86	0.639794	-0.768547
-101.783	-3766.13	0.632068	-0.774913
-111.28	-3758.44	0.625226	-0.780444
-120.892	-3750.79	0.619391	-0.785083
-130.607	-3743.16	0.614509	-0.78891
-140.419	-3735.56	0.610132	-0.7923
-150.324	-3727.96	0.605891	-0.795548
-160.32	-3720.38	0.602379	-0.79821
-170.397	-3712.8	0.599611	-0.800292
-180.552	-3705.21	0.596912	-0.802307
-190.786	-3697.62	0.594186	-0.804328
-201.097	-3690.02	0.591841	-0.806055
-211.476	-3682.42	0.590373	-0.807131
-221.916	-3674.79	0.589624	-0.807678
-232.417	-3667.13	0.58887	-0.808228
-242.977	-3659.44	0.58811	-0.808781
-253.598	-3651.72	0.587344	-0.809337
-264.279	-3643.97	0.586572	-0.809897
-275.021	-3636.2	0.585795	-0.81046
-285.823	-3628.4	0.585011	-0.811026
-296.685	-3620.57	0.584221	-0.811595
-307.609	-3612.71	0.583425	-0.812167
-319.696	-3604.04	0.582543	-0.8128
-330.747	-3596.13	0.581734	-0.813379
-340.745	-3588.98	0.581001	-0.813903
-351.912	-3581.02	0.580093	-0.81455
-364.271	-3572.23	0.578255	-0.815856
-375.584	-3564.23	0.575706	-0.817656
-386.978	-3556.23	0.571985	-0.820264
-398.47	-3548.26	0.565899	-0.824475
-410.083	-3540.35	0.558447	-0.82954
-421.821	-3532.51	0.550899	-0.834572
-433.685	-3524.74	0.543256	-0.839567
-445.674	-3517.05	0.535517	-0.844524
-457.79	-3509.43	0.527308	-0.849674
-470.037	-3501.9	0.518489	-0.855084
-482.419	-3494.46	0.509299	-0.86059
-494.937	-3487.13	0.499351	-0.8664
-507.601	-3479.92	0.48783	-0.872939
-520.422	-3472.85	0.473882	-0.880589
-533.421	-3465.98	0.457157	-0.889386
-546.611	-3459.33	0.438652	-0.898657
-559.998	-3452.94	0.419559	-0.907728
-573.576	-3446.8	0.400443	-0.916322
-587.337	-3440.92	0.382474	-0.923966
-601.266	-3435.27	0.367458	-0.93004
-615.331	-3429.79	0.35875	-0.933434
-629.483	-3424.38	0.35485	-0.934923
-643.704	-3419.01	0.350923	-0.936404
-657.99	-3413.68	0.346976	-0.937874
-672.324	-3408.4	0.344218	-0.93889
-686.678	-3403.15	0.343114	-0.939294
-701.033	-3397.9	0.345319	-0.938485
-715.366	-3392.59	0.351881	-0.936045
-729.652	-3387.16	0.362024	-0.932169
-743.87	-3381.55	0.375245	-0.926926
-758	-3375.72	0.391344	-0.920244
-772.004	-3369.63	0.410807	-0.911722
-785.807	-3363.25	0.4344	-0.90072
-799.295	-3356.55	0.462634	-0.886549
-812.344	-3349.5	0.49604	-0.8683
-824.871	-3342.06	0.532617	-0.846356
-836.845	-3334.23	0.568658	-0.822574
-848.264	-3326.05	0.602192	-0.798352
-859.151	-3317.57	0.631663	-0.775243
-869.569	-3308.85	0.656792	-0.754072
-879.593	-3299.9	0.679277	-0.733882
-889.259	-3290.74	0.70049	-0.713662
-898.564	-3281.39	0.720828	-0.693114
-907.5	-3271.88	0.741296	-0.671178
-916.024	-3262.22	0.761864	-0.647737
-924.116	-3252.48	0.77859	-0.627533
-931.863	-3242.73	0.785935	-0.618309
-939.431	-3233.1	0.785424	-0.618958
-946.896	-3223.66	0.783272	-0.62168
-954.263	-3214.4	0.781371	-0.624066
-961.53	-3205.32	0.779444	-0.626472
-968.695	-3196.43	0.777229	-0.629218
-975.754	-3187.74	0.774802	-0.632203
-982.689	-3179.27	0.772439	-0.635089
-989.477	-3171.03	0.770148	-0.637865
-996.095	-3163.06	0.768288	-0.640105
-1002.52	-3155.36	0.767182	-0.64143
-1008.76	-3147.92	0.766508	-0.642235
-1014.78	-3140.72	0.766321	-0.642458
-1020.6	-3133.78	0.766936	-0.641723
-1026.21	-3127.08	0.76791	-0.640558
-1031.59	-3120.61	0.768834	-0.639448
-1036.75	-3114.4	0.769709	-0.638395
-1041.68	-3108.45	0.770535	-0.637398
-1046.39	-3102.76	0.771311	-0.636459
-1050.85	-3097.35	0.772036	-0.635579
-1055.07	-3092.22	0.772713	-0.634756
-1059.05	-3087.36	0.773342	-0.633988
-1062.81	-3082.77	0.773928	-0.633273
-1066.35	-3078.45	0.774472	-0.632609
-1069.66	-3074.39	0.774972	-0.631995
-1072.74	-3070.61	0.775431	-0.631433
-1075.59	-3067.11	0.775849	-0.630919
-1078.25	-3063.84	0.776235	-0.630444
-1080.79	-3060.71	0.776585	-0.630012
-1083.28	-3057.63	0.776736	-0.629826
-1085.78	-3054.55	0.776556	-0.630049
-1088.27	-3051.48	0.776218	-0.630465
-1090.77	-3048.41	0.775879	-0.630882
-1093.27	-3045.34	0.775733	-0.631062
-1095.77	-3042.26	0.776041	-0.630683
-1098.26	-3039.19	0.776611	-0.62998
-1100.76	-3036.11	0.777411	-0.628993
-1103.26	-3033.01	0.778495	-0.627651
-1105.78	-3029.89	0.77964	-0.626228
-1108.32	-3026.72	0.780742	-0.624853
-1110.87	-3023.52	0.781747	-0.623596
-1113.45	-3020.29	0.782708	-0.622389
-1116.05	-3017.01	0.78368	-0.621165
-1118.68	-3013.7	0.784661	-0.619925
-1121.33	-3010.34	0.785654	-0.618667
-1124	-3006.94	0.786733	-0.617294
-1126.69	-3003.51	0.788093	-0.615556
-1129.4	-3000.03	0.789679	-0.61352
-1132.13	-2996.5	0.791318	-0.611404
-1134.88	-2992.94	0.793131	-0.609051
-1137.65	-2989.33	0.795217	-0.606325
-1140.43	-2985.67	0.797558	-0.603242
-1143.22	-2981.96	0.800117	-0.599844
-1146.03	-2978.2	0.802773	-0.596284
-1148.84	-2974.4	0.805444	-0.592671
-1151.67	-2970.54	0.80813	-0.589004
-1154.51	-2966.64	0.810829	-0.585283
-1157.35	-2962.68	0.813584	-0.581447
-1160.2	-2958.68	0.816624	-0.57717
-1163.05	-2954.62	0.820133	-0.572173
-1165.91	-2950.5	0.824047	-0.566522
-1168.76	-2946.33	0.828445	-0.560071
-1171.6	-2942.1	0.833442	-0.552606
-1174.43	-2937.8	0.838861	-0.544346
-1177.24	-2933.43	0.844523	-0.535519
-1180.02	-2929	0.850397	-0.526142
-1182.78	-2924.49	0.85645	-0.51623
-1185.51	-2919.91	0.86255	-0.505972
-1188.2	-2915.27	0.868589	-0.495533
-1190.87	-2910.55	0.874563	-0.484912
-1193.49	-2905.75	0.880544	-0.473965
-1196.08	-2900.89	0.88658	-0.462575
-1198.63	-2895.95	0.892585	-0.45088
-1201.13	-2890.93	0.898308	-0.439366
-1203.58	-2885.84	0.903539	-0.428506
-1206	-2880.68	0.90848	-0.417929
-1208.39	-2875.44	0.913356	-0.407162
-1210.73	-2870.11	0.918166	-0.396195
-1213.03	-2864.7	0.922905	-0.385027
-1215.3	-2859.2	0.927566	-0.373659
-1217.51	-2853.62	0.932176	-0.362005
-1219.68	-2847.96	0.93689	-0.349626
-1221.78	-2842.22	0.941711	-0.336422
-1223.83	-2836.39	0.946458	-0.322826
-1225.8	-2830.49	0.951056	-0.309019
-1227.7	-2824.51	0.95538	-0.295379
-1229.54	-2818.46	0.959328	-0.282294
-1231.31	-2812.33	0.963026	-0.269407
-1233	-2806.14	0.966551	-0.256473
-1234.63	-2799.87	0.969802	-0.243894
-1236.19	-2793.54	0.972696	-0.232085
-1237.69	-2787.14	0.975201	-0.221322
-1239.12	-2780.67	0.977282	-0.211943
-1240.52	-2774.15	0.97877	-0.204963
-1241.88	-2767.57	0.979518	-0.201354
-1243.24	-2760.94	0.979619	-0.200865
-1244.61	-2754.26	0.97954	-0.201252
-1246	-2747.53	0.979503	-0.201429
-1247.39	-2740.76	0.979603	-0.200943
-1248.79	-2733.93	0.97981	-0.199932
-1250.19	-2727.06	0.980026	-0.198869
-1251.59	-2720.13	0.980373	-0.197153
-1252.98	-2713.16	0.981034	-0.193834
-1254.36	-2706.13	0.982099	-0.188363
-1255.69	-2699.04	0.983676	-0.179947
-1256.97	-2691.9	0.985665	-0.168711
-1258.16	-2684.69	0.987734	-0.156149
-1259.28	-2677.41	0.989678	-0.143311
-1260.3	-2670.08	0.99145	-0.130484
-1261.23	-2662.68	0.992958	-0.118467
-1262.09	-2655.23	0.994129	-0.108198
-1262.88	-2647.72	0.995024	-0.0996372
-1263.61	-2640.16	0.995712	-0.0925046
-1264.3	-2632.54	0.996223	-0.086827
-1264.96	-2624.88	0.996562	-0.0828559
-1265.59	-2617.16	0.996794	-0.0800127
-1266.2	-2609.4	0.997	-0.0774036
-1266.8	-2601.58	0.997166	-0.0752377
-1267.39	-2593.72	0.99729	-0.0735692
-1267.97	-2585.81	0.99743	-0.0716497
-1268.53	-2577.86	0.997651	-0.0685043
-1269.07	-2569.85	0.997986	-0.063427
-1269.56	-2561.79	0.998417	-0.0562528
-1269.99	-2553.69	0.998901	-0.0468647
-1270.33	-2545.53	0.999381	-0.0351743
-1270.58	-2537.32	0.999766	-0.0216143
-1270.71	-2529.07	0.999973	-0.00736959
-1270.72	-2520.76	0.999981	0.00620074
-1270.63	-2512.41	0.999847	0.0175163
-1270.45	-2504.02	0.999665	0.0258942
-1270.21	-2495.57	0.999516	0.0310937
-1269.94	-2487.09	0.999428	0.0338163
-1269.64	-2478.55	0.999361	0.0357556
-1269.33	-2469.97	0.99931	0.0371298
-1269.01	-2461.35	0.999297	0.0374941
-1268.65	-2451.81	0.999315	0.0370069
-1268.36	-2443.96	0.99934	0.0363266
-1268.02	-2434.31	0.999373	0.0353945
-1267.71	-2425.5	0.999403	0.0345409
-1267.4	-2416.63	0.999433	0.0336814
-1267.11	-2407.72	0.999461	0.0328158
-1266.82	-2398.76	0.99949	0.0319443
-1266.53	-2389.76	0.999515	0.0311476
-1266.25	-2380.71	0.999537	0.0304262
-1265.98	-2371.61	0.999559	0.0296999
-1265.71	-2362.47	0.99958	0.0289687
-1265.44	-2353.28	0.999601	0.0282324
-1265.19	-2344.05	0.999622	0.0274913
-1264.93	-2334.76	0.999642	0.0267452
-1264.69	-2325.43	0.999666	0.0258302
-1264.45	-2316.06	0.999694	0.0247456
-1264.22	-2306.65	0.99972	0.0236545
-1264	-2297.19	0.999746	0.0225578
-1263.79	-2287.71	0.99977	0.0214573
-1263.59	-2278.22	0.999793	0.0203551
-1263.4	-2268.73	0.999818	0.0190851
-1263.23	-2259.23	0.999847	0.0174798
-1263.07	-2249.73	0.999877	0.0157062
-1262.93	-2240.22	0.999905	0.0137692
-1262.8	-2230.7	0.999936	0.0113332
-1262.71	-2221.18	0.999963	0.00855993
-1262.64	-2211.66	0.999985	0.00553548
-1262.6	-2202.13	0.999998	0.00184212
-1262.59	-2192.59	0.999997	-0.00227142
-1262.63	-2183.05	0.999977	-0.00680048
-1262.72	-2173.51	0.999928	-0.0120006
-1262.85	-2163.96	0.999848	-0.0174597
-1263.04	-2154.4	0.999737	-0.0229226
-1263.28	-2144.84	0.999597	-0.0283891
-1263.57	-2135.28	0.999427	-0.0338589
-1263.92	-2125.71	0.999252	-0.0386614
-1264.3	-2116.14	0.999112	-0.0421256
-1264.72	-2106.56	0.998994	-0.0448339
-1265.16	-2096.98	0.998873	-0.0474565
-1265.62	-2087.4	0.998724	-0.0505013
-1266.12	-2077.81	0.998524	-0.0543074
-1266.66	-2068.22	0.998266	-0.0588697
-1267.24	-2058.63	0.997932	-0.0642709
-1267.88	-2049.04	0.99754	-0.0700952
-1268.58	-2039.44	0.997114	-0.0759216
-1269.33	-2029.85	0.996653	-0.0817498
-1270.14	-2020.25	0.996217	-0.0869059
-1271	-2010.65	0.99596	-0.0897954
-1271.87	-2001.05	0.995874	-0.0907519
-1272.74	-1991.44	0.99584	-0.0911166
-1273.62	-1981.82	0.99593	-0.0901348
-1274.48	-1972.21	0.996115	-0.0880579
-1275.33	-1962.58	0.996297	-0.085979
-1276.15	-1952.95	0.996474	-0.0838982
-1276.95	-1943.3	0.996647	-0.0818156
-1277.74	-1933.66	0.996816	-0.0797312
-1278.5	-1924	0.996981	-0.0776448
-1279.25	-1914.34	0.997142	-0.0755564
-1279.97	-1904.67	0.997298	-0.0734662
-1280.68	-1895	0.99745	-0.071374
-1281.36	-1885.32	0.997597	-0.0692802
-1282.02	-1875.63	0.997741	-0.0671845
-1282.67	-1865.93	0.99788	-0.0650871
-1283.29	-1856.23	0.998014	-0.0629878
-1283.9	-1846.52	0.998176	-0.0603752
-1284.47	-1836.81	0.998384	-0.05682
-1285.01	-1827.08	0.998603	-0.0528327
-1285.51	-1817.35	0.998807	-0.0488416
-1285.97	-1807.62	0.998994	-0.0448469
-1286.39	-1797.87	0.999165	-0.0408485
-1286.77	-1788.12	0.999321	-0.0368467
-1287.12	-1778.37	0.999461	-0.0328415
-1287.42	-1768.6	0.999584	-0.0288329
-1287.69	-1758.83	0.999692	-0.0248209
-1287.92	-1749.05	0.999784	-0.0208057
-1288.1	-1739.27	0.999859	-0.0167873
-1288.25	-1729.48	0.999919	-0.0127658
-1288.36	-1719.69	0.999962	-0.00874111
-1288.43	-1709.89	0.999989	-0.00471349
-1288.46	-1700.08	0.999999	-0.00120101
-1288.46	-1690.27	0.999999	0.00144654
-1288.44	-1680.46	0.999994	0.0035717
-1288.4	-1670.64	0.999987	0.00517927
-1288.34	-1660.81	0.99998	0.00626873
-1288.28	-1650.98	0.999975	0.00700877
-1288.21	-1641.14	0.999974	0.00714853
-1288.14	-1631.3	0.999976	0.00686282
-1288.07	-1621.46	0.999978	0.00657695
-1288.01	-1611.61	0.99998	0.00629086
-1287.95	-1601.75	0.999982	0.00600453
-1287.89	-1591.89	0.999984	0.00571805
-1287.83	-1582.02	0.999985	0.00543134
-1287.78	-1572.15	0.999987	0.00514441
-1287.73	-1562.27	0.999988	0.00485732
-1287.69	-1552.39	0.99999	0.00457
-1287.64	-1542.5	0.999991	0.00428245
-1287.6	-1532.6	0.999992	0.00399475
-1287.56	-1522.71	0.999993	0.00370681
-1287.53	-1512.8	0.999994	0.00341865
-1287.49	-1502.89	0.999995	0.00313034
-1287.46	-1492.98	0.999996	0.0028418
-1287.44	-1483.06	0.999997	0.00255303
-1287.41	-1473.13	0.999997	0.0022641
-1287.39	-1463.2	0.999998	0.00197495
-1287.37	-1453.27	0.999999	0.00168557
-1287.36	-1443.33	0.999999	0.00139595
-1287.34	-1433.38	0.999999	0.00110613
-1287.33	-1423.43	1	0.000816152
-1287.33	-1413.47	1	0.00052596
-1287.32	-1403.51	1	0.000235524
-1287.32	-1393.54	1	-5.51252e-05
-1287.32	-1383.56	1	-0.000346019
-1287.33	-1373.59	1	-0.000637065
-1287.34	-1363.6	1	-0.000928325
-1287.35	-1353.61	0.999999	-0.00121983
-1287.36	-1343.62	0.999999	-0.00151148
-1287.38	-1332.62	0.999998	-0.00183256
-1287.4	-1323.61	0.999998	-0.00209547
-1287.42	-1313.6	0.999997	-0.00238786
-1287.44	-1303.58	0.999996	-0.00268076
-1287.47	-1293.53	0.999996	-0.0029744
-1287.5	-1283.47	0.999995	-0.00326902
-1287.54	-1272.36	0.999994	-0.00359433
-1287.58	-1262.24	0.999992	-0.00389119
-1287.62	-1252.09	0.999991	-0.00418919
-1287.66	-1241.9	0.99999	-0.00448841
-1287.71	-1231.68	0.999989	-0.00478909
-1287.76	-1221.42	0.999987	-0.00509151
-1287.81	-1211.11	0.999985	-0.00539577
-1287.87	-1200.76	0.999984	-0.00570178
-1287.93	-1190.37	0.999982	-0.00600947
-1287.99	-1179.93	0.99998	-0.00631883
-1288.06	-1169.45	0.999978	-0.00662988
-1288.13	-1158.94	0.999976	-0.0069426
-1288.21	-1148.37	0.999974	-0.00725707
-1288.29	-1137.77	0.999971	-0.00757338
-1288.37	-1127.11	0.999969	-0.00789174
-1288.45	-1116.39	0.999966	-0.00821247
-1288.54	-1105.62	0.999964	-0.00853564
-1288.64	-1094.79	0.999961	-0.00886125
-1288.74	-1083.9	0.999958	-0.0091893
-1288.84	-1072.94	0.999955	-0.00951987
-1288.94	-1061.92	0.999951	-0.00985311
-1289.05	-1050.84	0.999948	-0.0101891
-1289.17	-1039.69	0.999945	-0.0105277
-1289.29	-1028.47	0.999941	-0.0108691
-1289.41	-1017.19	0.999937	-0.0112131
-1289.54	-1005.85	0.999933	-0.0115599
-1289.68	-994.436	0.999929	-0.0119095
-1289.81	-982.96	0.999925	-0.0122619
-1289.96	-971.418	0.99992	-0.0126171
-1290.11	-959.811	0.999916	-0.012975
-1290.26	-948.138	0.999911	-0.0133357
-1290.42	-936.401	0.999906	-0.0136992
-1290.58	-924.598	0.999901	-0.0140655
-1290.75	-912.731	0.999896	-0.0144346
-1290.92	-900.803	0.99989	-0.0148063
-1291.1	-888.822	0.999885	-0.0151801
-1291.29	-876.8	0.999879	-0.0155558
-1291.48	-864.748	0.999873	-0.0159326
-1291.67	-852.684	0.999867	-0.01631
-1291.87	-840.618	0.999861	-0.0166874
-1292.07	-828.552	0.999854	-0.0170649
-1292.28	-816.486	0.999848	-0.0174423
-1292.49	-804.42	0.999843	-0.0177076
-1292.71	-792.354	0.999848	-0.0174106
-1292.91	-780.288	0.999863	-0.0165437
-1293.11	-768.222	0.999879	-0.0155572
-1293.29	-756.156	0.999894	-0.0145707
-1293.46	-744.089	0.999908	-0.0135842
-1293.62	-732.022	0.999921	-0.0125976
-1293.77	-719.956	0.999933	-0.011611
-1293.9	-707.889	0.999944	-0.0106245
-1294.03	-695.822	0.999954	-0.00963789
-1294.14	-683.754	0.999963	-0.0086513
-1294.24	-671.687	0.999971	-0.0076647
-1294.32	-659.62	0.999978	-0.00667809
-1294.4	-647.552	0.999984	-0.00569148
-1294.46	-635.485	0.999989	-0.00470486
-1294.52	-623.417	0.999993	-0.00371823
-1294.56	-611.349	0.999996	-0.0027316
-1294.58	-599.282	0.999998	-0.00174497
-1294.6	-587.214	1	-0.000758342
-1294.61	-575.146	1	0.000228292
-1294.6	-563.079	0.999999	0.00121492
-1294.58	-551.011	0.999998	0.00220156
-1294.55	-538.943	0.999995	0.00318819
-1294.5	-526.876	0.999991	0.00417481
-1294.45	-514.808	0.999987	0.00516144
-1294.38	-502.741	0.999981	0.00614805
-1294.3	-490.673	0.999975	0.00713466
-1294.21	-478.606	0.999967	0.00812127
-1294.11	-466.539	0.999959	0.00910787
-1293.99	-454.471	0.999949	0.0100945
-1293.87	-442.404	0.999939	0.011081
-1293.73	-430.337	0.99992	0.012643
-1293.56	-418.271	0.999884	0.0152362
-1293.37	-406.205	0.999833	0.0182851
-1293.13	-394.139	0.999772	0.0213339
-1292.86	-382.075	0.999703	0.0243824
-1292.55	-370.011	0.999624	0.0274307
-1292.2	-357.948	0.999542	0.0302472
-1291.83	-345.886	0.999479	0.0322642
-1291.43	-333.825	0.999458	0.0329122
-1291.04	-321.764	0.999504	0.0314966
-1290.67	-309.702	0.999588	0.0287063
-1290.34	-297.639	0.999667	0.0258038
-1290.04	-285.575	0.999738	0.0229011
-1289.78	-273.51	0.999802	0.0198785
-1289.56	-261.444	0.99986	0.0167362
-1289.37	-249.378	0.999908	0.0135937
-1289.22	-237.311	0.999945	0.0104511
-1289.11	-225.244	0.999973	0.00730838
-1289.04	-213.176	0.999991	0.00416558
-1289	-201.109	0.999999	0.00102274
-1289	-189.041	0.999998	-0.00212011
-1289.04	-176.973	0.999986	-0.00526294
-1289.12	-164.906	0.999965	-0.00840572
-1289.24	-152.839	0.999933	-0.0115484
-1289.39	-140.772	0.999892	-0.014691
-1289.59	-128.706	0.999841	-0.0178334
-1289.82	-116.641	0.99978	-0.0209757
-1290.09	-104.576	0.999709	-0.0241177
-1290.39	-92.512	0.999628	-0.0272596
-1290.74	-80.4492	0.999538	-0.0304011
-1291.12	-68.3876	0.999437	-0.0335423
-1291.54	-56.3272	0.999327	-0.0366833
-1292	-44.2682	0.999207	-0.0398238
-1292.49	-32.2107	0.999077	-0.042964
-1293.02	-20.1548	0.998937	-0.0461037
-1293.6	-8.10057	0.998815	-0.0486682
-1294.19	3.9525	0.998785	-0.0492897
-1294.78	16.0058	0.998865	-0.0476249
-1295.34	28.0604	0.998985	-0.0450417
-1295.87	40.1165	0.999128	-0.0417636
-1296.36	52.1744	0.999294	-0.0375666
-1296.79	64.2344	0.999451	-0.0331448
-1297.16	76.2961	0.999601	-0.0282591
-1297.48	88.3597	0.999738	-0.0229094
-1297.73	100.425	0.99985	-0.0173349
-1297.91	112.491	0.99994	-0.0109602
-1298.01	124.558	0.999992	-0.0040096
-1298.02	136.626	0.999996	0.00294122
-1297.96	148.694	0.999965	0.00840461
-1297.84	160.761	0.999934	0.0114613
-1297.69	172.827	0.999908	0.0135988
-1297.52	184.894	0.999885	0.0151801
-1297.33	196.96	0.999887	0.0150213
-1297.16	209.027	0.999904	0.0138607
-1296.99	221.093	0.999921	0.0125567
-1296.85	233.16	0.999937	0.0112526
-1296.72	245.227	0.999951	0.00994848
-1296.61	257.294	0.999963	0.00864437
-1296.51	269.362	0.999973	0.00734024
-1296.43	281.429	0.999982	0.0060361
-1296.36	293.496	0.999989	0.00473195
-1296.31	305.564	0.999994	0.00342779
-1296.27	317.632	0.999998	0.00212363
-1296.25	329.699	1	0.000819463
-1296.25	341.767	1	-0.000484706
-1296.26	353.835	0.999998	-0.00178887
-1296.29	365.902	0.999995	-0.00309304
-1296.33	377.97	0.99999	-0.0043972
-1296.39	390.038	0.999984	-0.00570135
-1296.47	402.105	0.999975	-0.00700549
-1296.56	414.173	0.999965	-0.00830962
-1296.67	426.24	0.999955	-0.0095181
-1296.79	438.307	0.999944	-0.0105831
-1296.92	450.374	0.999932	-0.0116481
-1297.06	462.441	0.999919	-0.0127131
-1297.22	474.507	0.999905	-0.0137781
-1297.39	486.574	0.99989	-0.014843
-1297.58	498.64	0.999873	-0.015908
-1297.8	511.913	0.999854	-0.0170794
-1297.99	522.772	0.999837	-0.0180378
-1298.21	534.838	0.999818	-0.0191027
-1298.44	546.903	0.999797	-0.0201675
-1298.69	558.968	0.999775	-0.0212323
-1298.95	571.033	0.999751	-0.0222972
-1299.23	583.098	0.999727	-0.0233619
-1299.52	595.162	0.999702	-0.0244267
-1299.82	607.226	0.999675	-0.0254914
-1300.13	619.29	0.999657	-0.0261915
-1300.44	631.353	0.999665	-0.0258889
-1300.75	643.417	0.99969	-0.0249026
-1301.05	655.481	0.999714	-0.0239162
-1301.33	667.545	0.999739	-0.0228402
-1301.6	679.61	0.999778	-0.0210798
-1301.84	691.675	0.999836	-0.0181236
-1302.04	703.741	0.999901	-0.0140613
-1302.19	715.808	0.999959	-0.00908398
-1302.28	729.082	0.999995	-0.00311687
-1302.29	741.15	0.999994	0.00337802
-1302.21	753.218	0.999944	0.0105678
-1302.05	765.284	0.999852	0.0171816
-1301.82	777.35	0.999764	0.0217249
-1301.54	789.414	0.999704	0.0243176
-1301.24	801.478	0.99965	0.0264545
-1300.91	813.541	0.999611	0.0278965
-1300.57	825.604	0.999622	0.0275061
-1300.25	837.668	0.999663	0.0259782
-1299.94	849.731	0.999701	0.0244502
-1299.65	861.796	0.999737	0.0229221
-1299.38	873.86	0.999771	0.021394
-1299.13	885.898	0.999803	0.0198719
-1298.9	897.851	0.999831	0.0183655
-1298.69	909.661	0.999857	0.0168852
-1298.5	921.263	0.999881	0.0154421
-1298.33	932.594	0.999901	0.0140461
-1298.18	943.619	0.999919	0.0127017
-1298.05	954.335	0.999938	0.0111237
-1297.95	964.738	0.999957	0.00922827
-1297.86	974.834	0.999975	0.00714063
-1297.8	984.651	0.999991	0.00427904
-1297.77	994.235	1	0.000410955
-1297.79	1003.63	0.999988	-0.00496988
-1297.86	1012.83	0.999926	-0.0121994
-1298	1021.91	0.999795	-0.0202498
-1298.21	1030.92	0.999597	-0.0283931
-1298.49	1039.9	0.999317	-0.0369538
-1298.86	1048.85	0.998851	-0.0479231
-1299.34	1057.77	0.998006	-0.0631115
-1299.96	1066.65	0.996669	-0.0815591
-1300.76	1075.49	0.99486	-0.101261
-1301.73	1084.29	0.992487	-0.122346
-1302.88	1093.04	0.989376	-0.145382
-1304.25	1101.73	0.985591	-0.169144
-1305.81	1110.37	0.981367	-0.192145
-1307.58	1118.95	0.976669	-0.21475
-1309.53	1127.46	0.971081	-0.23875
-1311.7	1135.9	0.964223	-0.265093
-1314.1	1144.25	0.956159	-0.292847
-1316.74	1152.51	0.94721	-0.320615
-1319.61	1160.67	0.937486	-0.348024
-1322.7	1168.72	0.927003	-0.375053
-1326.02	1176.66	0.915779	-0.401683
-1329.56	1184.48	0.903828	-0.427895
-1333.31	1192.18	0.891172	-0.453666
-1337.27	1199.75	0.87783	-0.478972
-1341.44	1207.18	0.863822	-0.503798
-1345.8	1214.46	0.849275	-0.52795
-1350.35	1221.61	0.834967	-0.5503
-1355.08	1228.62	0.820978	-0.57096
-1359.96	1235.5	0.806612	-0.591081
-1364.99	1242.23	0.791802	-0.610777
-1370.18	1248.82	0.776562	-0.630041
-1375.52	1255.27	0.760908	-0.64886
-1380.99	1261.56	0.744857	-0.667224
-1386.6	1267.71	0.729279	-0.684217
-1392.33	1273.71	0.716179	-0.697917
-1398.14	1279.6	0.706789	-0.707424
-1404	1285.42	0.701145	-0.713018
-1409.89	1291.18	0.698921	-0.715198
-1415.76	1296.91	0.698417	-0.715692
-1421.62	1302.63	0.698593	-0.71552
-1427.46	1308.34	0.699638	-0.714498
-1433.28	1314.04	0.701162	-0.713002
-1439.06	1319.74	0.703204	-0.710989
-1444.81	1325.45	0.705849	-0.708363
-1450.52	1331.15	0.708711	-0.705499
-1456.19	1336.87	0.711551	-0.702635
-1461.82	1342.59	0.714369	-0.69977
-1467.41	1348.32	0.717164	-0.696904
-1472.96	1354.05	0.719937	-0.694039
-1478.47	1359.78	0.722687	-0.691175
-1483.94	1365.52	0.725414	-0.688312
-1489.37	1371.26	0.728165	-0.685401
-1494.76	1377.01	0.731293	-0.682063
-1500.11	1382.76	0.735136	-0.67792
-1505.4	1388.53	0.739716	-0.672919
-1510.63	1394.31	0.745056	-0.667002
-1515.8	1400.13	0.75079	-0.660541
-1520.9	1405.96	0.756484	-0.654012
-1525.93	1411.82	0.76181	-0.6478
-1530.9	1417.7	0.765973	-0.642873
-1535.82	1423.59	0.768366	-0.640011
-1540.71	1429.46	0.769624	-0.638498
-1545.57	1435.34	0.770676	-0.637227
-1550.43	1441.22	0.77149	-0.636241
-1555.28	1447.1	0.772067	-0.635542
-1560.12	1452.99	0.77284	-0.634601
-1564.96	1458.89	0.774399	-0.632698
-1569.77	1464.8	0.777049	-0.629441
-1574.56	1470.74	0.780814	-0.624764
-1579.31	1476.71	0.786243	-0.617917
-1583.99	1482.72	0.793999	-0.607919
-1588.59	1488.81	0.804702	-0.593679
-1593.06	1494.99	0.818626	-0.574327
-1597.37	1501.28	0.834901	-0.5504
-1601.49	1507.7	0.85214	-0.523314
-1605.39	1514.25	0.869178	-0.4945
-1609.08	1520.92	0.885269	-0.465079
-1612.53	1527.72	0.899851	-0.436198
-1615.77	1534.62	0.91296	-0.40805
-1618.8	1541.62	0.92507	-0.379797
-1621.61	1548.71	0.936306	-0.351186
-1624.2	1555.88	0.946657	-0.322242
-1626.57	1563.13	0.955859	-0.293826
-1628.72	1570.45	0.963579	-0.267425
-1630.69	1577.81	0.969876	-0.243597
-1632.48	1585.23	0.975063	-0.221926
-1634.11	1592.68	0.979366	-0.202094
-1635.59	1600.16	0.982773	-0.184817
-1636.96	1607.66	0.985354	-0.170521
-1638.22	1615.18	0.987202	-0.159476
-1639.41	1622.71	0.988448	-0.151557
-1640.66	1631.01	0.989442	-0.144929
-1641.64	1637.8	0.990193	-0.139705
-1642.79	1646.11	0.991201	-0.132365
-1643.77	1653.67	0.992304	-0.123827
-1644.69	1661.24	0.993554	-0.113363
-1645.52	1668.83	0.99489	-0.100966
-1646.24	1676.42	0.996272	-0.086265
-1646.85	1684.02	0.997556	-0.069874
-1647.33	1691.63	0.99859	-0.0530925
-1647.69	1699.25	0.999341	-0.036296
-1647.91	1706.87	0.999822	-0.0188663
-1648	1714.5	1	6.21386e-05
-1647.94	1722.12	0.999786	0.0206692
-1647.71	1729.74	0.999085	0.0427591
-1647.32	1737.36	0.997819	0.0660072
-1646.74	1744.96	0.995967	0.0897151
-1645.99	1752.55	0.993553	0.113372
-1645.05	1760.12	0.990576	0.136965
-1643.93	1767.66	0.987029	0.160541
-1642.64	1775.18	0.982784	0.184757
-1641.15	1782.66	0.977672	0.210139
-1639.47	1790.09	0.971684	0.236285
-1637.59	1797.48	0.964704	0.263338
-1635.49	1804.82	0.956445	0.291912
-1633.18	1812.08	0.946682	0.32217
-1630.62	1819.27	0.935171	0.354197
-1627.82	1826.36	0.921518	0.388335
-1624.75	1833.34	0.905251	0.424878
-1621.39	1840.18	0.885954	0.463774
-1617.73	1846.87	0.863298	0.504694
-1613.76	1853.38	0.836922	0.547322
-1609.45	1859.67	0.805946	0.591989
-1604.8	1865.71	0.76934	0.63884
-1599.78	1871.45	0.726946	0.686695
-1594.4	1876.85	0.680077	0.73314
-1588.68	1881.89	0.630056	0.77655
-1582.63	1886.53	0.577222	0.816588
-1576.29	1890.76	0.52185	0.853037
-1569.69	1894.57	0.464186	0.885738
-1562.84	1897.93	0.404482	0.914546
-1555.79	1900.82	0.343	0.939336
-1548.57	1903.25	0.280011	0.959997
-1541.19	1905.19	0.215791	0.97644
-1533.71	1906.63	0.150623	0.988591
-1526.15	1907.58	0.0847929	0.996399
-1518.53	1908.03	0.0185904	0.999827
-1510.91	1907.97	-0.0465775	0.998915
-1503.31	1907.42	-0.107962	0.994155
-1495.75	1906.43	-0.161087	0.98694
-1488.25	1905.06	-0.201098	0.979571
-1480.8	1903.44	-0.225541	0.974234
-1473.38	1901.68	-0.23338	0.972386
-1465.96	1899.91	-0.228883	0.973454
-1458.53	1898.19	-0.218624	0.975809
-1451.08	1896.56	-0.20372	0.979029
-1443.6	1895.06	-0.183759	0.982971
-1436.09	1893.73	-0.161147	0.98693
-1428.56	1892.57	-0.13814	0.990413
-1420.99	1891.59	-0.113206	0.993572
-1413.42	1890.82	-0.0833469	0.996521
-1405.88	1890.29	-0.0478235	0.998856
-1398.43	1890.05	-0.00799932	0.999968
-1391.11	1890.11	0.034597	0.999401
-1383.97	1890.48	0.0781945	0.996938
-1377	1891.15	0.120873	0.992668
-1370.21	1892.09	0.161843	0.986817
-1363.6	1893.28	0.201211	0.979548
-1357.18	1894.71	0.238426	0.971161
-1350.96	1896.33	0.273196	0.961958
-1344.94	1898.13	0.306122	0.951992
-1339.11	1900.09	0.337658	0.941269
-1333.47	1902.2	0.36796	0.929842
-1328.04	1904.43	0.397033	0.917804
-1322.8	1906.77	0.424758	0.905307
-1317.74	1909.21	0.451211	0.892417
-1312.86	1911.75	0.476613	0.879113
-1308.16	1914.37	0.50096	0.86547
-1303.63	1917.06	0.524038	0.851695
-1299.26	1919.81	0.545321	0.838227
-1295.06	1922.6	0.564932	0.825138
-1291.02	1925.42	0.583499	0.812114
-1287.14	1928.26	0.601287	0.799033
-1283.41	1931.12	0.61834	0.785911
-1279.83	1933.98	0.634623	0.772822
-1276.4	1936.85	0.650111	0.759839
-1273.11	1939.7	0.664578	0.747219
-1269.96	1942.55	0.677875	0.735177
-1266.95	1945.37	0.690057	0.723755
-1264.06	1948.15	0.701256	0.712909
-1261.29	1950.9	0.711577	0.702608
-1258.65	1953.61	0.720767	0.693178
-1256.12	1956.27	0.728613	0.684926
-1253.69	1958.87	0.735209	0.677841
-1251.37	1961.41	0.740581	0.671967
-1249.13	1963.89	0.744682	0.66742
-1246.98	1966.3	0.747513	0.664248
-1244.87	1968.68	0.749223	0.662318
-1242.76	1971.07	0.750114	0.661308
-1240.65	1973.46	0.750562	0.6608
-1238.55	1975.85	0.750852	0.66047
-1236.45	1978.24	0.751171	0.660107
-1234.35	1980.63	0.751647	0.659566
-1232.25	1983.03	0.752407	0.658699
-1230.15	1985.42	0.753435	0.657522
-1228.05	1987.83	0.754808	0.655946
-1225.95	1990.26	0.75689	0.653542
-1223.83	1992.72	0.759723	0.650247
-1221.7	1995.22	0.763082	0.646302
-1219.56	1997.75	0.766955	0.6417
-1217.42	2000.33	0.771416	0.636332
-1215.27	2002.95	0.776344	0.63031
-1213.13	2005.61	0.781533	0.623865
-1210.98	2008.32	0.786805	0.617201
-1208.83	2011.08	0.79221	0.610249
-1206.68	2013.89	0.798115	0.602505
-1204.54	2016.76	0.80476	0.5936
-1202.4	2019.68	0.8121	0.583519
-1200.27	2022.67	0.820023	0.57233
-1198.17	2025.73	0.828227	0.560392
-1196.09	2028.85	0.83642	0.548089
-1194.02	2032.03	0.844534	0.535501
-1191.99	2035.28	0.852661	0.522465
-1189.98	2038.6	0.860922	0.508736
-1188.01	2041.99	0.869214	0.494437
-1186.08	2045.45	0.877382	0.479793
-1184.18	2048.98	0.885401	0.464828
-1182.32	2052.58	0.89326	0.44954
-1180.51	2056.24	0.90092	0.433985
-1178.74	2059.98	0.908246	0.418437
-1176.85	2064.16	0.91574	0.401771
-1175.35	2067.64	0.921278	0.388906
-1173.72	2071.57	0.926618	0.376003
-1172.12	2075.55	0.931078	0.36482
-1170.56	2079.59	0.934824	0.35511
-1169.02	2083.69	0.938164	0.34619
-1167.51	2087.83	0.941487	0.337049
-1166.03	2092.03	0.94515	0.326636
-1164.58	2096.28	0.949448	0.313923
-1163.19	2100.59	0.95421	0.299137
-1161.85	2104.96	0.959174	0.282818
-1160.58	2109.39	0.964107	0.265513
-1159.38	2113.88	0.968799	0.247848
-1158.25	2118.43	0.973132	0.230248
-1157.19	2123.04	0.976912	0.213644
-1156.2	2127.71	0.979974	0.199128
-1155.27	2132.43	0.982288	0.187379
-1154.38	2137.19	0.983856	0.178964
-1153.52	2141.99	0.984649	0.174544
-1152.66	2146.83	0.984757	0.173934
-1151.8	2151.69	0.98461	0.174767
-1150.93	2156.57	0.984529	0.175219
-1150.06	2161.48	0.984448	0.175674
-1149.18	2166.4	0.984367	0.17613
-1148.3	2171.33	0.98429	0.176558
-1147.41	2176.29	0.984373	0.176098
-1146.52	2181.25	0.984748	0.173987
-1145.65	2186.24	0.98522	0.171293
-1144.78	2191.25	0.985738	0.16829
-1143.93	2196.28	0.986442	0.164109
-1143.1	2201.34	0.987408	0.158195
-1142.3	2206.43	0.988582	0.150683
-1141.54	2211.56	0.989908	0.141713
-1140.82	2216.72	0.991291	0.131691
-1140.15	2221.92	0.992664	0.120906
-1139.54	2227.16	0.994014	0.109254
-1138.98	2232.43	0.995278	0.0970694
-1138.49	2237.74	0.996395	0.0848334
-1138.06	2243.08	0.997345	0.0728233
-1137.7	2248.46	0.998084	0.0618806
-1137.38	2253.87	0.998625	0.0524269
-1137.12	2259.31	0.999037	0.0438674
-1136.89	2264.79	0.999372	0.0354432
-1136.72	2270.29	0.999636	0.0269611
-1136.59	2275.83	0.999828	0.0185217
-1136.5	2281.39	0.999944	0.0106143
-1136.46	2287.55	0.999995	0.00317139
-1136.45	2292.61	0.999999	-0.00159366
-1136.47	2298.26	0.999988	-0.00490832
-1136.5	2303.95	0.99998	-0.00630318
-1136.54	2310.23	0.999977	-0.0067188
-1136.58	2315.98	0.999977	-0.00673326
-1136.62	2321.75	0.999978	-0.00661924
-1136.66	2327.55	0.999979	-0.00650453
-1136.69	2333.38	0.999979	-0.00647661
-1136.73	2339.22	0.999979	-0.00653585
-1136.77	2345.06	0.999978	-0.00659513
-1136.81	2350.9	0.999979	-0.0064802
-1136.85	2356.75	0.999981	-0.00614478
-1136.88	2362.59	0.999983	-0.00580936
-1136.92	2368.44	0.999984	-0.00573779
-1136.95	2374.28	0.999983	-0.00588382
-1136.98	2380.12	0.999982	-0.00602984
-1137.02	2385.97	0.999981	-0.00622214
-1137.06	2391.81	0.999977	-0.00677011
-1137.1	2397.66	0.999971	-0.00767375
-1137.15	2403.5	0.999963	-0.00857738
-1137.2	2409.34	0.999958	-0.00921208
-1137.25	2415.19	0.999959	-0.00900461
-1137.3	2421.03	0.999967	-0.00809083
-1137.35	2426.88	0.999974	-0.00726669
-1137.39	2432.72	0.999977	-0.00670862
-1137.43	2438.56	0.99998	-0.0063732
-1137.46	2444.41	0.99998	-0.00639128
-1137.5	2450.25	0.999978	-0.00662984
-1137.54	2456.09	0.999976	-0.00686841
-1137.58	2461.94	0.999975	-0.00710698
-1137.62	2467.78	0.999973	-0.00734554
-1137.67	2473.63	0.999971	-0.00758411
-1137.71	2479.47	0.999969	-0.00782267
-1137.76	2485.31	0.999966	-0.00819425
-1137.81	2491.16	0.999961	-0.00883185
-1137.86	2497	0.999954	-0.00960246
-1137.92	2502.85	0.999946	-0.0103731
-1137.98	2508.69	0.999938	-0.0111437
-1138.05	2514.54	0.999928	-0.0119582
-1138.12	2520.39	0.999918	-0.0128187
-1138.2	2526.28	0.999906	-0.0136833
-1138.28	2532.18	0.999894	-0.0145522
-1138.37	2538.11	0.999881	-0.0154254
-1138.46	2544.06	0.999867	-0.0163034
-1138.56	2550.05	0.999852	-0.0171869
-1138.67	2556.06	0.999837	-0.0180767
-1138.78	2562.12	0.99982	-0.0189731
-1138.9	2568.21	0.999802	-0.0198766
-1139.02	2574.34	0.999784	-0.0207874
-1139.15	2580.51	0.999764	-0.0217059
-1139.29	2586.73	0.999734	-0.0230648
-1139.44	2592.98	0.999676	-0.0254532
-1139.61	2599.28	0.999581	-0.0289348
-1139.8	2605.62	0.999426	-0.0338723
-1140.03	2612	0.999162	-0.0409367
-1140.32	2618.42	0.998774	-0.0495057
-1140.66	2624.88	0.998312	-0.0580867
-1141.06	2631.38	0.997832	-0.0658179
-1141.51	2637.92	0.997362	-0.0725864
-1142.01	2644.5	0.996952	-0.0780155
-1142.53	2651.11	0.996728	-0.0808349
-1143.08	2657.77	0.996666	-0.0815851
-1143.63	2664.47	0.996635	-0.0819717
-1144.18	2671.21	0.996624	-0.0820962
-1144.74	2678	0.996728	-0.0808287
-1145.29	2684.82	0.99692	-0.0784231
-1145.82	2691.69	0.997108	-0.0759987
-1146.34	2698.6	0.997283	-0.0736632
-1146.85	2705.55	0.997403	-0.0720279
-1147.35	2712.54	0.997469	-0.0711036
-1147.85	2719.58	0.997527	-0.0702853
-1148.34	2726.65	0.997585	-0.0694609
-1148.84	2733.77	0.997646	-0.0685746
-1149.33	2740.93	0.997781	-0.0665875
-1149.8	2748.13	0.99799	-0.0633734
-1150.25	2755.37	0.998215	-0.0597297
-1150.67	2762.65	0.998486	-0.0550028
-1151.06	2769.98	0.99879	-0.0491774
-1151.4	2777.35	0.999072	-0.0430695
-1151.7	2784.76	0.999278	-0.0380021
-1151.98	2792.21	0.999395	-0.0347688
-1152.23	2799.71	0.999478	-0.0322981
-1152.47	2807.24	0.999548	-0.0300581
-1152.69	2814.82	0.999592	-0.0285461
-1152.9	2822.44	0.99962	-0.0275802
-1153.11	2830.1	0.999644	-0.0266684
-1153.31	2837.79	0.999665	-0.0258779
-1153.51	2845.53	0.999679	-0.0253379
-1153.71	2853.31	0.999689	-0.0249225
-1153.9	2861.13	0.999708	-0.0241814
-1154.09	2868.99	0.999743	-0.0226563
-1154.26	2876.89	0.999786	-0.0206651
-1154.42	2884.83	0.999826	-0.0186608
-1154.56	2892.81	0.999861	-0.0166434
-1154.69	2900.83	0.999893	-0.0146128
-1154.8	2908.89	0.999921	-0.0125691
-1154.89	2916.99	0.999943	-0.0106483
-1154.98	2925.13	0.999961	-0.00885127
-1155.04	2933.31	0.999975	-0.00704278
-1155.09	2941.53	0.999986	-0.00522274
-1155.13	2949.79	0.999994	-0.00339117
-1155.15	2958.08	0.999999	-0.00154807
-1155.16	2966.42	1	0.000306714
-1155.15	2974.81	0.999998	0.0021734
-1155.13	2983.23	0.999992	0.00405213
-1155.09	2991.69	0.999982	0.00594297
-1155.03	3000.2	0.999969	0.007846
-1154.95	3008.74	0.999952	0.00976121
-1154.86	3017.33	0.999932	0.0116885
-1154.76	3025.96	0.999904	0.0138471
-1154.63	3034.63	0.999868	0.0162385
-1154.48	3043.34	0.999826	0.0186445
-1154.31	3052.09	0.999778	0.0210653
-1154.11	3060.88	0.999724	0.0235009
-1153.9	3069.71	0.999663	0.0259514
-1153.66	3078.58	0.999596	0.0284168
-1153.4	3087.49	0.999523	0.0308973
-1153.11	3096.44	0.999442	0.0333928
-1152.8	3105.44	0.999355	0.0359033
-1152.47	3114.47	0.999273	0.0381199
-1152.11	3123.54	0.999218	0.039538
-1151.75	3132.66	0.999199	0.0400237
-1151.38	3141.81	0.999213	0.0396587
-1151.02	3151	0.999263	0.0383737
-1150.67	3160.24	0.999318	0.0369249
-1150.34	3169.52	0.999395	0.0347936
-1150.03	3178.84	0.999503	0.0315177
-1149.72	3189.14	0.999649	0.0264809
-1149.51	3197.61	0.999788	0.0205837
-1149.35	3207.05	0.99993	0.0118404
-1149.27	3217.5	1	-0.000243442
-1149.32	3227.03	0.999928	-0.0120219
-1149.48	3236.61	0.999721	-0.0236152
-1149.75	3246.23	0.999424	-0.0339257
-1150.11	3255.88	0.999118	-0.0420024
-1150.55	3265.57	0.998848	-0.0479881
-1151.03	3275.3	0.998618	-0.0525521
-1151.56	3285.07	0.9984	-0.0565421
-1152.13	3294.88	0.998233	-0.0594291
-1152.72	3304.73	0.998141	-0.0609392
-1153.33	3314.62	0.99807	-0.0621051
-1153.96	3324.55	0.997996	-0.0632773
-1154.59	3334.52	0.997921	-0.0644559
-1155.24	3344.53	0.997843	-0.0656409
-1155.91	3354.58	0.997764	-0.0668322
-1156.59	3364.67	0.997683	-0.0680299
-1157.29	3374.8	0.9976	-0.069234
-1158	3384.97	0.997516	-0.0704445
-1158.72	3395.18	0.997429	-0.0716615
-1159.46	3405.42	0.99734	-0.0728848
-1160.22	3415.71	0.997277	-0.0737468
-1160.98	3426.04	0.997356	-0.072668
-1161.73	3436.41	0.997579	-0.0695362
-1162.44	3446.82	0.99785	-0.0655376
-1163.1	3457.28	0.99817	-0.0604774
-1163.72	3467.78	0.998507	-0.0546303
-1164.27	3478.32	0.998764	-0.0497047
-1164.78	3488.9	0.998906	-0.0467705
-1165.27	3499.53	0.999005	-0.0445904
-1165.74	3510.2	0.999109	-0.0422035
-1166.18	3520.91	0.999203	-0.0399058
-1166.6	3531.66	0.9993	-0.0374038
-1166.99	3542.46	0.999452	-0.0331088
-1167.32	3553.29	0.999641	-0.0268077
-1167.58	3564.17	0.999814	-0.0192802
-1167.75	3575.09	0.999943	-0.0107175
-1167.83	3586.05	0.999998	-0.00181021
-1167.81	3597.05	0.999974	0.00714183
-1167.69	3608.09	0.99987	0.016138
-1167.48	3619.17	0.999723	0.0235454
-1167.19	3630.29	0.999625	0.0274013
-1166.88	3641.45	0.999573	0.0292133
-1166.55	3652.65	0.999531	0.0306155
-1166.2	3663.89	0.999529	0.030679
-1165.86	3675.17	0.999568	0.0293873
-1165.53	3686.48	0.999614	0.0277683
-1165.22	3697.85	0.999658	0.0261412
-1164.93	3709.25	0.9997	0.0245061
-1164.66	3720.69	0.999739	0.0228631
-1164.4	3732.17	0.999775	0.021212
-1164.17	3743.7	0.999809	0.0195528
-1163.95	3755.26	0.99984	0.0178855
-1163.75	3766.87	0.999869	0.0162101
-1163.57	3778.51	0.999894	0.0145266
-1163.41	3790.2	0.999918	0.012835
-1163.26	3801.93	0.999938	0.0111353
-1163.14	3813.69	0.999956	0.00942752
-1163.04	3825.5	0.99997	0.0077115
-1162.95	3837.35	0.999982	0.00598745
-1162.89	3849.24	0.999991	0.00425537
-1162.85	3861.17	0.999997	0.00251519
-1162.83	3873.14	1	0.000766919
-1162.83	3885.15	1	-0.000989444
-1162.85	3897.19	0.999996	-0.00275381
-1162.89	3909.28	0.99999	-0.00452619
-1162.95	3921.41	0.99998	-0.00630663
-1163.04	3933.57	0.999967	-0.00809461
-1163.15	3945.77	0.999951	-0.00988889
-1163.28	3957.99	0.999932	-0.0116884
-1163.43	3970.23	0.999909	-0.0134927
-1163.6	3982.5	0.999885	-0.0151792
-1163.79	3994.79	0.999871	-0.0160412
-1163.99	4007.11	0.99988	-0.0154961
-1164.18	4019.45	0.9999	-0.0141234
-1164.34	4031.81	0.99992	-0.0126234
-1164.49	4044.2	0.999943	-0.0106458
-1164.61	4056.61	0.999969	-0.0078311
-1164.69	4069.04	0.999989	-0.00465085
-1164.73	4081.5	0.999999	-0.00146208
-1164.74	4093.98	0.999998	0.00173516
-1164.7	4106.49	0.999988	0.00494079
-1164.62	4119.02	0.999968	0.0080365
-1164.51	4131.57	0.999942	0.0107769
-1164.36	4144.15	0.999912	0.0132793
-1164.18	4156.74	0.999875	0.0157882
-1163.97	4169.37	0.999832	0.0183037
-1163.72	4182.01	0.999783	0.0208258
-1163.44	4194.68	0.999727	0.0233544
-1163.14	4207.38	0.999665	0.0258895
-1162.79	4220.09	0.999603	0.0281815
-1162.42	4232.83	0.999547	0.0301085
-1162.03	4245.59	0.99949	0.0319194
-1161.61	4258.37	0.999431	0.0337349
-1161.17	4271.18	0.999377	0.0353027
-1160.71	4284.01	0.999338	0.0363694
-1160.24	4296.87	0.999308	0.037186
-1159.76	4309.74	0.999278	0.0380046
-1159.26	4322.64	0.999251	0.0387022
-1158.76	4335.57	0.999253	0.0386501
-1158.26	4348.51	0.999284	0.0378454
-1157.78	4361.49	0.999318	0.0369147
-1157.3	4374.48	0.999362	0.0357241
-1156.84	4387.5	0.999417	0.034148
-1156.41	4400.55	0.999474	0.0324429
-1155.99	4413.62	0.999528	0.0307332
-1155.6	4426.71	0.999579	0.0290192
-1155.23	4439.82	0.999627	0.0273013
-1154.88	4452.96	0.999673	0.0255801
-1154.55	4466.1	0.999715	0.0238565
-1154.25	4479.26	0.999755	0.0221321
-1153.96	4492.41	0.999792	0.0204077
-1153.7	4505.56	0.999825	0.0186832
-1153.47	4518.72	0.999856	0.0169586
-1153.25	4531.87	0.999884	0.015234
-1153.06	4545.03	0.999909	0.0135093
-1152.89	4558.18	0.999931	0.0117846
-1152.75	4571.34	0.999952	0.00979829
-1152.63	4584.49	0.999972	0.00742396
-1152.55	4597.65	0.999988	0.00492309
-1152.49	4610.8	0.999997	0.00242219
-1152.48	4623.96	1	-7.87229e-05
-1152.49	4637.12	0.999997	-0.00257964
-1152.54	4650.27	0.999987	-0.00508053
-1152.62	4663.43	0.999971	-0.0075814
-1152.73	4676.59	0.999949	-0.0100822
-1152.88	4689.74	0.999921	-0.012583
-1153.05	4702.9	0.999886	-0.0150836
-1153.27	4716.05	0.999845	-0.0175842
-1153.51	4729.2	0.999798	-0.0200847
-1153.79	4742.36	0.999742	-0.0227199
-1154.1	4755.51	0.999669	-0.0257428
-1154.46	4768.66	0.999579	-0.0290186
-1154.86	4781.81	0.999478	-0.032294
-1155.3	4794.96	0.999367	-0.0355691
-1155.78	4808.11	0.999245	-0.0388438
-1156.31	4821.25	0.999113	-0.0421181
-1156.88	4834.4	0.998969	-0.0453919
-1157.5	4847.54	0.998815	-0.0486653
-1158.16	4860.68	0.99865	-0.0519381
-1158.86	4873.82	0.998475	-0.0552104
-1159.6	4886.95	0.998288	-0.0584821
-1160.39	4900.08	0.998091	-0.0617531
-1161.22	4913.21	0.997884	-0.0650235
-1162.09	4926.34	0.997665	-0.0682932
-1163	4939.47	0.997436	-0.0715621
-1163.96	4952.59	0.997196	-0.0748303
-1164.97	4965.71	0.996946	-0.0780977
-1166.01	4978.82	0.996684	-0.0813643
-1167.1	4991.93	0.996412	-0.0846299
-1168.23	5005.04	0.99613	-0.0878947
-1169.4	5018.14	0.995836	-0.0911585
-1170.62	5031.24	0.995463	-0.0951468
-1171.9	5044.34	0.994893	-0.10094
-1173.26	5057.42	0.994116	-0.108322
-1174.73	5070.5	0.993133	-0.116989
-1176.32	5083.56	0.99195	-0.126627
-1178.04	5096.6	0.99036	-0.138517
-1179.95	5109.62	0.987795	-0.15576
-1182.11	5122.59	0.983928	-0.178565
-1184.6	5135.51	0.978531	-0.206099
-1187.47	5148.35	0.971423	-0.237353
-1190.76	5161.09	0.962871	-0.269963
-1194.48	5173.7	0.953178	-0.30241
-1198.63	5186.19	0.942184	-0.335095
-1203.22	5198.52	0.92965	-0.368443
-1208.24	5210.68	0.915811	-0.40161
-1213.69	5222.65	0.900788	-0.434259
-1219.58	5234.41	0.884602	-0.466346
-1225.88	5245.96	0.867015	-0.498282
-1232.6	5257.27	0.847092	-0.531447
-1239.78	5268.29	0.824026	-0.566552
-1247.42	5279	0.798043	-0.6026
-1255.54	5289.35	0.769725	-0.638376
-1264.12	5299.32	0.739694	-0.672943
-1273.15	5308.89	0.708113	-0.706099
-1282.6	5318.03	0.675048	-0.737774
-1292.47	5326.73	0.640567	-0.767903
-1302.72	5334.97	0.604742	-0.796421
-1313.34	5342.73	0.56765	-0.82327
-1324.31	5350	0.529368	-0.848392
-1335.59	5356.76	0.489976	-0.871736
-1347.18	5362.99	0.449834	-0.893112
-1359.03	5368.7	0.410608	-0.911812
-1371.11	5373.9	0.375181	-0.926952
-1383.37	5378.67	0.344017	-0.938963
-1395.78	5383.04	0.314437	-0.949278
-1408.32	5387.02	0.284946	-0.958544
-1410.84	5387.77	0.281996	-0.959416
-1410.84	5387.77	0.281996	-0.959416
-1410.84	5387.77	0.281996	-0.959416
-1410.84	5387.77	0.281996	-0.959416
-1410.84	5387.77	0.281996	-0.959416
-1410.84	5387.77	0.281996	-0.959416
-1410.84	5387.77	0.281996	-0.959416
-1410.84	5387.77	0.281996	-0.959416
-1410.84	5387.77	0.281996	-0.959416
-1410.84	5387.77	0.281996	-0.959416
-1410.84	5387.77	0.281996	-0.959416
-1410.84	5387.77	0.281996	-0.959416
-1410.84	5387.77	0.281996	-0.959416
-1410.84	5387.77	0.281996	-0.959416
-1410.84	5387.77	0.281996	-0.959416
-1410.84	5387.77	0.281996	-0.959416
-1410.84	5387.77	0.281996	-0.959416
-1410.84	5387.77	0.281996	-0.959416
-1410.84	5387.77	0.281996	-0.959416
-1410.84	5387.77	0.281996	-0.959416
-1410.84	5387.77	0.281996	-0.959416
-1410.84	5387.77	0.281996	-0.959416
-1410.84	5387.77	0.281996	-0.959416
-1410.84	5387.77	0.281996	-0.959416
-1410.84	5387.77	0.281996	-0.959416
-1410.84	5387.77	0.281996	-0.959416
-1410.84	5387.77	0.281996	-0.959416
-1410.84	5387.77	0.281996	-0.959416
-1410.84	5387.77	0.281996	-0.959416
-1410.84	5387.77	0.281996	-0.959416
-1410.84	5387.77	0.281996	-0.959416
-1410.84	5387.77	0.281996	-0.959416
-1410.84	5387.77	0.281996	-0.959416
-1410.84	5387.77	0.281996	-0.959416
-1410.84	5387.77	0.281996	-0.959416
-1410.84	5387.77	0.281996	-0.959416
-1410.84	5387.77	0.281996	-0.959416
-1410.84	5387.77	0.281996	-0.959416
-1410.84	5387.77	0.281996	-0.959416
-1410.84	5387.77	0.281996	-0.959416
-1410.84	5387.77	0.281996	-0.959416
-1410.84	5387.77	0.281996	-0.959416
-1410.84	5387.77	0.281996	-0.959416
-1410.84	5387.77	0.281996	-0.959416
-1410.84	5387.77	0.281996	-0.959416
-1410.84	5387.77	0.281996	-0.959416
-1410.84	5387.77	0.281996	-0.959416
-1410.84	5387.77	0.281996	-0.959416
-1410.84	5387.77	0.281996	-0.959416
-1410.84	5387.77	0.281996	-0.959416
-1410.84	5387.77	0.281996	-0.959416
-1410.84	5387.77	0.281996	-0.959416
-1410.84	5387.77	0.281996	-0.959416
-1410.84	5387.77	0.281996	-0.959416
-1410.84	5387.77	0.281996	-0.959416
-1410.84	5387.77	0.281996	-0.959416
-1410.84	5387.77	0.281996	-0.959416
-1410.84	5387.77	0.281996	-0.959416
-1410.84	5387.77	0.281996	-0.959416
-1410.84	5387.77	0.281996	-0.959416
-1410.84	5387.77	0.281996	-0.959416
-1410.84	5387.77	0.281996	-0.959416
-1410.84	5387.77	0.281996	-0.959416
-1410.84	5387.77	0.281996	-0.959416
-1410.84	5387.77	0.281996	-0.959416
-1410.84	5387.77	0.281996	-0.959416
-1410.84	5387.77	0.281996	-0.959416
-1410.84	5387.77	0.281996	-0.959416
-1410.84	5387.77	0.281996	-0.959416
-1410.84	5387.77	0.281996	-0.959416
-1410.84	5387.77	0.281996	-0.959416
-1410.84	5387.77	0.281996	-0.959416
-1410.84	5387.77	0.281996	-0.959416
-1410.84	5387.77	0.281996	-0.959416
-1410.84	5387.77	0.281996	-0.959416
-1410.84	5387.77	0.281996	-0.959416
-1410.84	5387.77	0.281996	-0.959416
-1410.84	5387.77	0.281996	-0.959416
-1410.84	5387.77	0.281996	-0.959416
-1410.84	5387.77	0.281996	-0.959416
-1410.84	5387.77	0.281996	-0.959416
-1410.84	5387.77	0.281996	-0.959416
-1410.84	5387.77	0.281996	-0.959416
-1410.84	5387.77	0.281996	-0.959416
-1410.84	5387.77	0.281996	-0.959416
-1410.84	5387.77	0.281996	-0.959416
-1410.84	5387.77	0.281996	-0.959416
-1410.84	5387.77	0.281996	-0.959416
-1410.84	5387.77	0.281996	-0.959416
-1410.84	5387.77	0.281996	-0.959416
-1410.84	5387.77	0.281996	-0.959416
-1410.84	5387.77	0.281996	-0.959416
-1410.84	5387.77	0.281996	-0.959416
-1410.84	5387.77	0.281996	-0.959416
-1410.84	5387.77	0.281996	-0.959416
-1410.84	5387.77	0.281996	-0.959416
-1410.84	5387.77	0.281996	-0.959416
-1410.84	5387.77	0.281996	-0.959416
-1410.84	5387.77	0.281996	-0.959416
-1410.84	5387.77	0.281996	-0.959416
-1410.84	5387.77	0.281996	-0.959416
-1410.84	5387.77	0.281996	-0.959416
-1410.84	5387.77	0.281996	-0.959416
-1410.84	5387.77	0.281996	-0.959416
-1410.84	5387.77	0.281996	-0.959416
-1410.84	5387.77	0.281996	-0.959416
-1410.84	5387.77	0.281996	-0.959416
-1410.84	5387.77	0.281996	-0.959416
-1410.84	5387.77	0.281996	-0.959416
-1410.84	5387.77	0.281996	-0.959416
-1410.84	5387.77	0.281996	-0.959416
-1410.84	5387.77	0.281996	-0.959416
-1410.84	5387.77	0.281996	-0.959416
-1410.84	5387.77	0.281996	-0.959416
-1410.84	5387.77	0.281996	-0.959416
-1410.84	5387.77	0.281996	-0.959416
-1410.84	5387.77	0.281996	-0.959416
-1410.84	5387.77	0.281996	-0.959416
-1410.84	5387.77	0.281996	-0.959416
-1410.84	5387.77	0.281996	-0.959416
-1410.84	5387.77	0.281996	-0.959416
-1410.84	5387.77	0.281996	-0.959416
-1410.84	5387.77	0.281996	-0.959416
-1410.84	5387.77	0.281996	-0.959416
-1410.84	5387.77	0.281996	-0.959416
-1410.84	5387.77	0.281996	-0.959416
-1410.84	5387.77	0.281996	-0.959416
-1410.84	5387.77	0.281996	-0.959416
-1410.84	5387.77	0.281996	-0.959416
-1410.84	5387.77	0.281996	-0.959416
-1410.84	5387.77	0.281996	-0.959416
-1410.84	5387.77	0.281996	-0.959416
-1410.84	5387.77	0.281996	-0.959416
-1410.84	5387.77	0.281996	-0.959416
-1410.84	5387.77	0.281996	-0.959416
-1410.84	5387.77	0.281996	-0.959416
-1410.84	5387.77	0.281996	-0.959416
-1410.84	5387.77	0.281996	-0.959416
