1300	-5000	1	0
1300	-5000	1	0
1300	-5000	1	0
1300	-5000	1	0
1300	-5000	1	0
1300	-5000	1	0
1300	-5000	1	0
1300	-5000	1	0
1300	-5000	1	0
1300	-5000	1	0
1300	-5000	1	0
1300	-5000	1	0
1300	-5000	1	0
1300	-5000	1	0
1300	-5000	1	0
1300	-5000	1	0
1300	-5000	1	0
1300	-5000	1	0
1300	-5000	1	0
1300	-5000	1	0
1300	-5000	1	0
1300	-5000	1	0
1300	-5000	1	0
1300	-5000	1	0
1300	-5000	1	0
1300	-5000	1	0
1300	-5000	1	0
1300	-5000	1	0
1300	-5000	1	0
1300	-5000	1	0
1300	-5000	1	0
1300	-5000	1	0
1300	-5000	1	0
1300	-5000	1	0
1300	-5000	1	0
1300	-5000	1	0
1300	-5000	1	0
1300	-5000	1	0
1300	-5000	1	-1.21603e-06
1300	-4999.99	1	-1.1357e-05
1300	-4999.98	1	-4.41371e-05
1300	-4999.95	1	-0.00011291
1300	-4999.9	1	-0.000228218
1300	-4999.84	1	-0.000399719
1300	-4999.76	1	-0.000638324
1300	-4999.66	1	-0.000964056
1300	-4999.54	0.999999	-0.00140103
1300	-4999.39	0.999998	-0.00196453
1300	-4999.22	0.999996	-0.00266852
1300	-4999.01	0.999994	-0.00351645
1300	-4998.77	0.99999	-0.00450644
1300	-4998.5	0.999984	-0.00566391
1299.99	-4998.19	0.999975	-0.00703349
1299.99	-4997.84	0.999963	-0.00864157
1299.99	-4997.46	0.999945	-0.0104951
1299.98	-4997.04	0.999921	-0.0125911
1299.98	-4996.58	0.999889	-0.0149072
1299.97	-4996.08	0.999848	-0.0174253
1299.96	-4995.55	0.999797	-0.0201535
1299.95	-4994.97	0.999733	-0.0231268
1299.93	-4994.36	0.999652	-0.0263752
1299.91	-4993.7	0.999553	-0.029888
1299.89	-4993	0.999434	-0.0336468
1299.87	-4992.25	0.999291	-0.0376497
1299.83	-4991.46	0.999122	-0.0418977
1299.8	-4990.63	0.998921	-0.0464334
1299.76	-4989.76	0.998681	-0.0513368
1299.71	-4988.84	0.998397	-0.0566076
1299.65	-4987.88	0.998066	-0.062163
1299.58	-4986.87	0.997683	-0.0680321
1299.51	-4985.82	0.997246	-0.0741616
1299.43	-4984.72	0.996754	-0.0805104
1299.33	-4983.58	0.996204	-0.0870545
1299.22	-4982.4	0.995588	-0.0938327
1299.11	-4981.17	0.994899	-0.100873
1298.97	-4979.91	0.994132	-0.108177
1298.83	-4978.6	0.993279	-0.115744
1298.66	-4977.24	0.992338	-0.123551
1298.49	-4975.85	0.991295	-0.13166
1298.29	-4974.4	0.990145	-0.140049
1298.07	-4972.91	0.98888	-0.148716
1297.84	-4971.38	0.987493	-0.157665
1297.58	-4969.81	0.985963	-0.166965
1297.3	-4968.19	0.984273	-0.176655
1296.99	-4966.53	0.982396	-0.186808
1296.66	-4964.83	0.980328	-0.197375
1296.3	-4963.08	0.978072	-0.208268
1295.91	-4961.3	0.975619	-0.219473
1295.49	-4959.47	0.972937	-0.231069
1295.04	-4957.6	0.969988	-0.243154
1294.55	-4955.69	0.966748	-0.25573
1294.03	-4953.75	0.963234	-0.268663
1293.46	-4951.76	0.959451	-0.281874
1292.86	-4949.74	0.955386	-0.29536
1292.21	-4947.69	0.951025	-0.309113
1291.51	-4945.59	0.946355	-0.323129
1290.77	-4943.47	0.941361	-0.337402
1289.98	-4941.31	0.936028	-0.351926
1289.15	-4939.12	0.930343	-0.366692
1288.25	-4936.9	0.92429	-0.381691
1287.31	-4934.66	0.917855	-0.396916
1286.31	-4932.38	0.911023	-0.412356
1285.25	-4930.08	0.90379	-0.427976
1284.13	-4927.76	0.89618	-0.443691
1282.94	-4925.41	0.888219	-0.459419
1281.57	-4922.81	0.879032	-0.476763
1280.39	-4920.66	0.871126	-0.491059
1279.01	-4918.26	0.861838	-0.507184
1277.57	-4915.85	0.851891	-0.52372
1276.05	-4913.42	0.841255	-0.540638
1274.46	-4910.99	0.82999	-0.557778
1272.79	-4908.55	0.818147	-0.575009
1271.04	-4906.11	0.805751	-0.592254
1269.21	-4903.67	0.792818	-0.609458
1267.31	-4901.23	0.779297	-0.626655
1265.31	-4898.8	0.765104	-0.643906
1263.24	-4896.38	0.750116	-0.661306
1260.85	-4893.73	0.73274	-0.680509
1258.82	-4891.58	0.717914	-0.696132
1256.48	-4889.21	0.700782	-0.713375
1253.8	-4886.63	0.681235	-0.732065
1251.27	-4884.32	0.662972	-0.748644
1248.64	-4882.04	0.644393	-0.764694
1245.92	-4879.8	0.626061	-0.779774
1243.12	-4877.59	0.608696	-0.793404
1240.23	-4875.41	0.592785	-0.805361
1237.27	-4873.26	0.578993	-0.815332
1234.23	-4871.13	0.568082	-0.822972
1231.13	-4869.01	0.560712	-0.828011
1227.97	-4866.88	0.557414	-0.830235
1224.77	-4864.73	0.557256	-0.830341
1221.53	-4862.56	0.55804	-0.829814
1218.26	-4860.36	0.55886	-0.829262
1214.95	-4858.12	0.559361	-0.828924
1211.6	-4855.86	0.559469	-0.828851
1208.22	-4853.58	0.559625	-0.828746
1204.79	-4851.27	0.559782	-0.82864
1201.33	-4848.93	0.559942	-0.828532
1197.84	-4846.57	0.560006	-0.828489
1194.3	-4844.18	0.559466	-0.828853
1190.73	-4841.77	0.558102	-0.829772
1187.11	-4839.34	0.555863	-0.831274
1183.44	-4836.9	0.551852	-0.833942
1179.73	-4834.45	0.54545	-0.838144
1175.95	-4832.01	0.537302	-0.84339
1172.11	-4829.59	0.528393	-0.849
1168.2	-4827.18	0.518862	-0.854858
1164.23	-4824.79	0.508631	-0.860985
1160.18	-4822.43	0.498028	-0.867161
1156.07	-4820.1	0.487223	-0.873278
1151.89	-4817.79	0.475845	-0.879529
1147.64	-4815.52	0.463534	-0.886079
1143.32	-4813.29	0.450707	-0.892672
1138.92	-4811.1	0.437702	-0.89912
1134.45	-4808.96	0.424689	-0.905339
1129.9	-4806.86	0.412416	-0.910995
1125.29	-4804.8	0.402013	-0.915634
1120.62	-4802.77	0.394974	-0.918692
1115.89	-4800.74	0.393443	-0.919349
1111.12	-4798.7	0.39413	-0.919054
1106.31	-4796.63	0.394083	-0.919075
1101.45	-4794.55	0.395045	-0.918662
1096.56	-4792.44	0.396964	-0.917834
1091.63	-4790.3	0.400006	-0.916512
1086.67	-4788.13	0.403813	-0.914841
1081.67	-4785.91	0.407352	-0.913271
1076.64	-4783.66	0.410203	-0.911994
1071.58	-4781.38	0.412662	-0.910884
1066.48	-4779.06	0.415143	-0.909756
1061.34	-4776.71	0.418152	-0.908377
1056.18	-4774.32	0.422316	-0.906448
1050.98	-4771.89	0.427137	-0.904187
1045.76	-4769.41	0.431992	-0.901878
1040.51	-4766.88	0.436881	-0.899519
1035.23	-4764.3	0.441804	-0.897112
1029.93	-4761.68	0.446761	-0.894653
1024.6	-4759	0.451303	-0.892371
1019.25	-4756.28	0.454729	-0.89063
1013.86	-4753.52	0.457314	-0.889305
1008.44	-4750.73	0.459295	-0.888284
1002.98	-4747.9	0.460453	-0.887684
997.488	-4745.05	0.461242	-0.887275
991.958	-4742.17	0.462037	-0.886861
986.391	-4739.27	0.463012	-0.886352
980.788	-4736.34	0.464384	-0.885634
975.15	-4733.38	0.465987	-0.884792
969.479	-4730.38	0.467601	-0.88394
963.774	-4727.36	0.469896	-0.882722
958.041	-4724.3	0.473416	-0.880839
952.282	-4721.19	0.477497	-0.878633
946.5	-4718.03	0.482282	-0.876016
940.7	-4714.82	0.488819	-0.872385
934.889	-4711.53	0.497429	-0.867505
929.078	-4708.16	0.508344	-0.861154
923.277	-4704.69	0.521681	-0.853141
917.499	-4701.1	0.537766	-0.843094
911.76	-4697.37	0.557165	-0.830402
906.08	-4693.47	0.579533	-0.814948
900.479	-4689.39	0.60362	-0.797272
894.971	-4685.11	0.627955	-0.77825
889.563	-4680.64	0.651064	-0.759023
884.257	-4675.98	0.671672	-0.740849
879.041	-4671.16	0.689298	-0.724478
873.905	-4666.18	0.704019	-0.710181
868.834	-4661.09	0.715454	-0.69866
863.805	-4655.88	0.722215	-0.691669
858.78	-4650.62	0.723606	-0.690213
853.725	-4645.33	0.723309	-0.690525
848.642	-4640	0.72399	-0.68981
843.535	-4634.63	0.724759	-0.689002
838.406	-4629.23	0.726449	-0.68722
833.267	-4623.78	0.730019	-0.683427
828.134	-4618.26	0.736007	-0.676974
823.031	-4612.66	0.745488	-0.666519
817.993	-4606.94	0.758624	-0.651529
813.055	-4601.08	0.774051	-0.633123
808.237	-4595.07	0.789986	-0.613124
803.549	-4588.9	0.805551	-0.592527
798.997	-4582.57	0.820684	-0.571382
794.589	-4576.09	0.836002	-0.548726
790.343	-4569.46	0.851886	-0.523727
786.278	-4562.66	0.867583	-0.497293
782.403	-4555.7	0.882561	-0.470199
778.727	-4548.59	0.896699	-0.442642
775.252	-4541.33	0.909732	-0.415196
771.979	-4533.93	0.921251	-0.388969
768.894	-4526.4	0.930483	-0.366335
765.959	-4518.77	0.936856	-0.349714
763.122	-4511.05	0.940483	-0.33984
760.331	-4503.27	0.941754	-0.336302
757.539	-4495.44	0.941839	-0.336066
754.732	-4487.58	0.941807	-0.336153
751.628	-4478.88	0.941534	-0.336918
748.78	-4470.94	0.940878	-0.338746
745.899	-4462.97	0.939972	-0.341253
742.98	-4454.96	0.938533	-0.345191
740.003	-4446.93	0.936155	-0.351589
736.946	-4438.88	0.932352	-0.361552
733.77	-4430.83	0.926247	-0.376916
730.424	-4422.8	0.917544	-0.397633
726.866	-4414.81	0.9066	-0.421992
723.067	-4406.89	0.893726	-0.448614
719.009	-4399.05	0.879119	-0.476602
714.678	-4391.31	0.862767	-0.505601
710.066	-4383.68	0.845102	-0.534605
705.177	-4376.17	0.827378	-0.561645
700.031	-4368.79	0.810846	-0.585259
694.662	-4361.51	0.79664	-0.604453
689.115	-4354.31	0.786262	-0.617893
683.455	-4347.17	0.782064	-0.623198
677.773	-4340.04	0.782241	-0.622975
672.095	-4332.91	0.782174	-0.62306
666.411	-4325.78	0.781861	-0.623453
660.728	-4318.65	0.782084	-0.623173
655.047	-4311.52	0.782163	-0.623074
649.365	-4304.39	0.781951	-0.62334
643.68	-4297.26	0.781593	-0.623789
637.991	-4290.13	0.781234	-0.624238
632.298	-4283.01	0.780875	-0.624687
626.6	-4275.9	0.780369	-0.62532
620.895	-4268.78	0.77888	-0.627174
615.165	-4261.69	0.775951	-0.630794
609.396	-4254.63	0.771658	-0.636038
603.572	-4247.62	0.764759	-0.644316
597.655	-4240.68	0.753554	-0.657386
591.601	-4233.86	0.737	-0.675892
585.358	-4227.22	0.714909	-0.699218
578.89	-4220.79	0.68816	-0.725559
572.183	-4214.64	0.657608	-0.753361
565.254	-4208.8	0.62409	-0.781352
558.144	-4203.32	0.589107	-0.808055
550.901	-4198.23	0.553639	-0.832757
543.57	-4193.53	0.517977	-0.855394
536.204	-4189.23	0.482383	-0.87596
528.826	-4185.32	0.446856	-0.894606
521.452	-4181.78	0.411692	-0.911323
514.087	-4178.59	0.378705	-0.925517
506.742	-4175.69	0.350564	-0.936539
499.434	-4173.04	0.329038	-0.944317
492.176	-4170.57	0.315144	-0.949044
484.988	-4168.21	0.310297	-0.95064
477.891	-4165.89	0.311242	-0.950331
470.895	-4163.59	0.312574	-0.949893
463.997	-4161.32	0.313489	-0.949592
457.198	-4159.07	0.314766	-0.949169
450.498	-4156.84	0.316397	-0.948627
443.898	-4154.64	0.317999	-0.948091
437.398	-4152.45	0.319162	-0.9477
430.995	-4150.3	0.319897	-0.947452
424.69	-4148.16	0.320617	-0.947209
418.483	-4146.06	0.321323	-0.946969
412.373	-4143.99	0.322252	-0.946654
406.361	-4141.94	0.323487	-0.946233
400.445	-4139.91	0.324788	-0.945787
394.61	-4137.9	0.326114	-0.94533
388.826	-4135.9	0.327606	-0.944815
383.075	-4133.9	0.32922	-0.944253
377.35	-4131.9	0.330999	-0.943631
371.641	-4129.9	0.332948	-0.942945
365.936	-4127.88	0.334895	-0.942256
360.235	-4125.84	0.336971	-0.941515
354.54	-4123.8	0.339702	-0.940533
348.85	-4121.74	0.343128	-0.939289
343.169	-4119.65	0.346722	-0.937968
337.496	-4117.54	0.350311	-0.936633
331.83	-4115.41	0.353895	-0.935285
326.173	-4113.26	0.357474	-0.933923
320.525	-4111.09	0.361048	-0.932547
314.884	-4108.9	0.364616	-0.931158
309.252	-4106.68	0.368179	-0.929755
303.629	-4104.45	0.371736	-0.928338
298.014	-4102.19	0.375761	-0.926717
292.41	-4099.9	0.380768	-0.924671
286.82	-4097.58	0.386279	-0.922382
281.243	-4095.23	0.391776	-0.920061
275.681	-4092.85	0.397259	-0.917706
270.133	-4090.43	0.402728	-0.91532
264.599	-4087.98	0.408183	-0.9129
259.08	-4085.5	0.413623	-0.910448
253.576	-4082.98	0.419049	-0.907964
248.087	-4080.43	0.424459	-0.905447
242.614	-4077.85	0.429855	-0.902898
237.156	-4075.24	0.435235	-0.900317
231.713	-4072.59	0.44064	-0.897684
226.287	-4069.91	0.44607	-0.894998
220.877	-4067.2	0.451484	-0.892279
215.484	-4064.45	0.456881	-0.889528
210.107	-4061.67	0.462262	-0.886744
204.745	-4058.86	0.467627	-0.883926
199.399	-4056.02	0.472978	-0.881074
194.067	-4053.14	0.478316	-0.878188
188.749	-4050.22	0.48421	-0.874952
183.45	-4047.27	0.49106	-0.871126
178.172	-4044.27	0.49829	-0.867011
172.913	-4041.23	0.505495	-0.86283
167.671	-4038.13	0.512721	-0.858555
162.443	-4034.98	0.520654	-0.853768
157.231	-4031.78	0.529686	-0.848194
152.042	-4028.5	0.539124	-0.842226
146.876	-4025.16	0.548526	-0.836134
141.734	-4021.76	0.557888	-0.829916
136.619	-4018.28	0.567209	-0.823574
131.529	-4014.75	0.576487	-0.817106
126.468	-4011.14	0.58572	-0.810513
121.436	-4007.47	0.594907	-0.803795
116.433	-4003.73	0.604044	-0.796951
111.46	-3999.93	0.613131	-0.789981
106.52	-3996.05	0.622165	-0.782886
101.612	-3992.12	0.631145	-0.775665
96.738	-3988.11	0.640068	-0.768318
91.8987	-3984.04	0.648933	-0.760845
87.0951	-3979.91	0.657738	-0.753247
82.3283	-3975.71	0.66648	-0.745523
77.5993	-3971.44	0.675158	-0.737673
72.9093	-3967.11	0.68377	-0.729697
68.2591	-3962.71	0.692314	-0.721597
63.65	-3958.24	0.700787	-0.713371
59.0829	-3953.71	0.709188	-0.70502
54.5598	-3949.12	0.717343	-0.69672
50.0783	-3944.47	0.724539	-0.689234
45.6288	-3939.76	0.72983	-0.683629
41.2016	-3935.01	0.733426	-0.67977
36.7837	-3930.23	0.735307	-0.677734
32.3651	-3925.43	0.736363	-0.676586
27.9434	-3920.61	0.737421	-0.675434
23.519	-3915.77	0.738479	-0.674276
19.0922	-3910.92	0.739539	-0.673113
14.6635	-3906.05	0.740378	-0.672191
10.2311	-3901.16	0.740828	-0.671695
5.7944	-3896.27	0.741195	-0.67129
1.35339	-3891.36	0.74134	-0.67113
-3.09489	-3886.45	0.741042	-0.671459
-7.55288	-3881.53	0.740576	-0.671973
-12.0211	-3876.61	0.740109	-0.672487
-16.4995	-3871.68	0.739641	-0.673002
-20.9882	-3866.75	0.739171	-0.673517
-25.4874	-3861.82	0.738701	-0.674034
-29.997	-3856.88	0.738229	-0.674551
-34.5171	-3851.93	0.737755	-0.675068
-39.0479	-3846.99	0.737281	-0.675587
-43.5893	-3842.03	0.736805	-0.676106
-48.1415	-3837.07	0.736125	-0.676845
-52.7075	-3832.11	0.734767	-0.67832
-57.2936	-3827.16	0.732782	-0.680464
-61.9022	-3822.21	0.730493	-0.68292
-66.5367	-3817.27	0.727618	-0.685982
-71.2018	-3812.34	0.723913	-0.689891
-75.9042	-3807.43	0.719075	-0.694932
-80.652	-3802.55	0.713198	-0.700963
-85.4505	-3797.7	0.706846	-0.707368
-90.3007	-3792.89	0.700423	-0.713728
-95.2023	-3788.11	0.693929	-0.720043
-100.155	-3783.37	0.687365	-0.726312
-105.159	-3778.67	0.680825	-0.732446
-110.213	-3774.01	0.675101	-0.737725
-115.306	-3769.37	0.671964	-0.740583
-120.418	-3764.73	0.671358	-0.741134
-126.055	-3759.63	0.670956	-0.741497
-131.19	-3754.99	0.670371	-0.742026
-136.339	-3750.34	0.669742	-0.742594
-141.499	-3745.69	0.669111	-0.743163
-146.672	-3741.03	0.668478	-0.743732
-151.856	-3736.38	0.667843	-0.744302
-157.054	-3731.72	0.667207	-0.744872
-162.264	-3727.05	0.666528	-0.74548
-167.487	-3722.39	0.665517	-0.746383
-172.726	-3717.72	0.664168	-0.747583
-177.982	-3713.06	0.66273	-0.748858
-183.256	-3708.4	0.660867	-0.750503
-188.553	-3703.75	0.658277	-0.752775
-193.875	-3699.11	0.655334	-0.755339
-199.225	-3694.48	0.652375	-0.757896
-204.601	-3689.87	0.649399	-0.760448
-210.004	-3685.27	0.646407	-0.762992
-215.435	-3680.68	0.643399	-0.765531
-220.892	-3676.11	0.640375	-0.768063
-226.376	-3671.55	0.637334	-0.770588
-231.888	-3667.01	0.634277	-0.773106
-237.426	-3662.48	0.631204	-0.775617
-242.991	-3657.97	0.628114	-0.778122
-248.583	-3653.47	0.625008	-0.780619
-254.203	-3648.98	0.621885	-0.783109
-259.849	-3644.51	0.618699	-0.785628
-265.523	-3640.06	0.615311	-0.788284
-271.227	-3635.62	0.6114	-0.791321
-276.962	-3631.21	0.606869	-0.794802
-282.734	-3626.83	0.60175	-0.798684
-288.544	-3622.48	0.596222	-0.80282
-294.394	-3618.16	0.590322	-0.807168
-300.286	-3613.88	0.583473	-0.812133
-306.226	-3609.64	0.575706	-0.817656
-312.216	-3605.46	0.567629	-0.823284
-318.257	-3601.33	0.55948	-0.828844
-324.348	-3597.25	0.551309	-0.834301
-330.488	-3593.23	0.543265	-0.839561
-336.676	-3589.26	0.535758	-0.844372
-342.906	-3585.33	0.529808	-0.848117
-349.17	-3581.44	0.526051	-0.850453
-355.457	-3577.56	0.523547	-0.851997
-361.765	-3573.69	0.521235	-0.853413
-368.094	-3569.84	0.518915	-0.854826
-374.442	-3565.99	0.516587	-0.856235
-380.811	-3562.16	0.51425	-0.85764
-387.201	-3558.34	0.511385	-0.859352
-393.615	-3554.54	0.507574	-0.861608
-400.058	-3550.76	0.502962	-0.864308
-406.532	-3547.01	0.497327	-0.867563
-413.042	-3543.31	0.490603	-0.871383
-419.592	-3539.65	0.483143	-0.875542
-426.184	-3536.04	0.474933	-0.880022
-432.821	-3532.49	0.466072	-0.884747
-439.505	-3529.01	0.456982	-0.889476
-446.233	-3525.59	0.447827	-0.89412
-453.007	-3522.23	0.438606	-0.898679
-459.825	-3518.93	0.429376	-0.903126
-466.687	-3515.71	0.420305	-0.907383
-473.591	-3512.54	0.411511	-0.911405
-480.535	-3509.44	0.403115	-0.915149
-487.518	-3506.39	0.395296	-0.918554
-494.536	-3503.4	0.388695	-0.921367
-501.583	-3500.44	0.383732	-0.923445
-508.656	-3497.52	0.379962	-0.925002
-515.749	-3494.62	0.37699	-0.926217
-522.863	-3491.73	0.374356	-0.927285
-529.995	-3488.86	0.371714	-0.928347
-537.146	-3486.01	0.369121	-0.929381
-544.316	-3483.17	0.36699	-0.930225
-551.502	-3480.34	0.365384	-0.930857
-558.703	-3477.52	0.363952	-0.931418
-565.919	-3474.7	0.363104	-0.931749
-573.147	-3471.88	0.363555	-0.931573
-580.383	-3469.06	0.364832	-0.931073
-587.625	-3466.21	0.366169	-0.930548
-594.874	-3463.36	0.367508	-0.93002
-602.129	-3460.48	0.368849	-0.929489
-609.391	-3457.6	0.370192	-0.928955
-616.659	-3454.7	0.371536	-0.928419
-623.933	-3451.78	0.372882	-0.927879
-631.214	-3448.85	0.37423	-0.927336
-638.502	-3445.9	0.375579	-0.92679
-645.795	-3442.94	0.37693	-0.926242
-653.095	-3439.97	0.378283	-0.92569
-660.401	-3436.98	0.379638	-0.925135
-667.713	-3433.97	0.380995	-0.924577
-675.031	-3430.95	0.382353	-0.924017
-682.354	-3427.92	0.383712	-0.923453
-689.682	-3424.87	0.385073	-0.922886
-697.015	-3421.8	0.386436	-0.922316
-704.354	-3418.72	0.387799	-0.921744
-711.697	-3415.63	0.389165	-0.921168
-719.044	-3412.52	0.390713	-0.920512
-726.395	-3409.39	0.392931	-0.919568
-733.747	-3406.24	0.3957	-0.91838
-741.099	-3403.06	0.398533	-0.917154
-748.45	-3399.85	0.401366	-0.915918
-755.801	-3396.62	0.404565	-0.914509
-763.148	-3393.36	0.408615	-0.912707
-770.489	-3390.05	0.413149	-0.910663
-777.823	-3386.71	0.41768	-0.908594
-785.15	-3383.32	0.422209	-0.906499
-792.469	-3379.89	0.426857	-0.904319
-799.779	-3376.42	0.431923	-0.90191
-807.078	-3372.91	0.437283	-0.899324
-814.366	-3369.34	0.442637	-0.896701
-821.641	-3365.73	0.447983	-0.894042
-828.904	-3362.07	0.453323	-0.891347
-836.154	-3358.36	0.458655	-0.888615
-843.391	-3354.6	0.463979	-0.885846
-850.615	-3350.8	0.469295	-0.883041
-857.825	-3346.94	0.474604	-0.8802
-865.019	-3343.04	0.479903	-0.877322
-872.199	-3339.09	0.485243	-0.87438
-879.363	-3335.09	0.491219	-0.871036
-886.507	-3331.03	0.498511	-0.866883
-894.333	-3326.49	0.507025	-0.861931
-900.711	-3322.71	0.513966	-0.857811
-908.474	-3318.02	0.522474	-0.852655
-914.798	-3314.11	0.53012	-0.847923
-922.485	-3309.25	0.541171	-0.840913
-929.423	-3304.74	0.551972	-0.833863
-936.312	-3300.13	0.562699	-0.826662
-943.148	-3295.42	0.573065	-0.81951
-949.937	-3290.63	0.580927	-0.813956
-956.698	-3285.78	0.584577	-0.811338
-963.453	-3280.9	0.586019	-0.810297
-970.209	-3276.01	0.587407	-0.809292
-976.964	-3271.1	0.589476	-0.807786
-983.711	-3266.16	0.592731	-0.8054
-990.444	-3261.18	0.597613	-0.801784
-997.148	-3256.15	0.604947	-0.796266
-1003.81	-3251.04	0.615019	-0.788512
-1010.4	-3245.84	0.627152	-0.778897
-1016.92	-3240.52	0.639969	-0.7684
-1023.36	-3235.08	0.652631	-0.757676
-1029.71	-3229.53	0.665133	-0.746725
-1035.98	-3223.88	0.677471	-0.735549
-1042.16	-3218.11	0.689641	-0.724151
-1048.25	-3212.23	0.701638	-0.712533
-1054.25	-3206.24	0.713458	-0.700698
-1060.16	-3200.15	0.725097	-0.688646
-1065.97	-3193.95	0.736551	-0.676382
-1071.68	-3187.64	0.747815	-0.663907
-1077.29	-3181.23	0.758886	-0.651224
-1082.8	-3174.72	0.769758	-0.638336
-1088.21	-3168.12	0.780428	-0.625245
-1093.51	-3161.41	0.790893	-0.611955
-1098.7	-3154.6	0.800972	-0.598701
-1103.79	-3147.71	0.809487	-0.587138
-1108.79	-3140.74	0.815255	-0.579102
-1113.75	-3133.72	0.818252	-0.574859
-1118.69	-3126.68	0.819653	-0.57286
-1123.61	-3119.62	0.820759	-0.571274
-1128.53	-3112.54	0.821864	-0.569684
-1133.44	-3105.44	0.823175	-0.567787
-1138.34	-3098.32	0.824856	-0.565343
-1143.23	-3091.17	0.826986	-0.562223
-1148.08	-3084	0.82964	-0.558298
-1152.91	-3076.79	0.832933	-0.553374
-1157.7	-3069.55	0.837049	-0.547128
-1162.43	-3062.25	0.842	-0.539477
-1167.1	-3054.91	0.847398	-0.530959
-1171.69	-3047.5	0.852792	-0.52225
-1176.22	-3040.04	0.858106	-0.513473
-1180.67	-3032.53	0.863338	-0.504627
-1185.06	-3024.96	0.868486	-0.495714
-1189.37	-3017.33	0.87355	-0.486734
-1193.6	-3009.66	0.878529	-0.477689
-1197.76	-3001.93	0.883422	-0.468579
-1201.85	-2994.15	0.888228	-0.459404
-1205.86	-2986.31	0.892945	-0.450165
-1209.79	-2978.43	0.897574	-0.440863
-1213.65	-2970.5	0.902113	-0.4315
-1217.42	-2962.52	0.906561	-0.422075
-1221.12	-2954.49	0.910917	-0.412589
-1224.74	-2946.41	0.915181	-0.403043
-1228.28	-2938.29	0.919351	-0.393439
-1231.73	-2930.12	0.923426	-0.383776
-1235.11	-2921.9	0.927406	-0.374056
-1238.4	-2913.64	0.93129	-0.36428
-1241.61	-2905.33	0.935076	-0.354448
-1244.73	-2896.99	0.938764	-0.344561
-1247.77	-2888.6	0.942353	-0.334621
-1250.72	-2880.16	0.945842	-0.324628
-1253.59	-2871.69	0.94923	-0.314584
-1256.37	-2863.18	0.952516	-0.304488
-1259.07	-2854.63	0.9557	-0.294343
-1261.67	-2846.04	0.95878	-0.284149
-1264.19	-2837.41	0.961756	-0.273907
-1266.62	-2828.75	0.964627	-0.263618
-1268.95	-2820.05	0.967392	-0.253283
-1271.2	-2811.32	0.970201	-0.242303
-1273.34	-2802.55	0.973442	-0.228933
-1275.35	-2793.74	0.97702	-0.213147
-1277.22	-2784.89	0.98047	-0.196671
-1278.94	-2776	0.983646	-0.180115
-1280.52	-2767.07	0.986546	-0.163482
-1281.94	-2758.1	0.98917	-0.146777
-1283.21	-2749.1	0.991513	-0.130005
-1284.34	-2740.07	0.993576	-0.11317
-1285.31	-2731.01	0.995354	-0.096278
-1286.12	-2721.93	0.996848	-0.0793323
-1286.78	-2712.82	0.998055	-0.0623379
-1287.29	-2703.69	0.998973	-0.0452999
-1287.64	-2694.55	0.999602	-0.0282229
-1287.84	-2685.39	0.999938	-0.0111121
-1287.88	-2676.22	0.999982	0.0060278
-1287.76	-2667.04	0.999731	0.0231917
-1287.48	-2657.85	0.999185	0.0403745
-1287.05	-2648.65	0.998341	0.0575711
-1286.46	-2639.46	0.9972	0.0747763
-1285.7	-2630.27	0.995863	0.0908681
-1284.81	-2621.08	0.994724	0.102591
-1283.84	-2611.88	0.994146	0.108044
-1282.83	-2602.68	0.993967	0.109681
-1281.81	-2593.47	0.993892	0.11036
-1280.79	-2584.25	0.993966	0.109688
-1279.78	-2575.02	0.994179	0.107744
-1278.78	-2565.78	0.994396	0.105719
-1277.81	-2556.52	0.99461	0.10369
-1276.85	-2547.25	0.994819	0.101657
-1275.91	-2537.97	0.995025	0.0996215
-1274.98	-2528.68	0.995299	0.0968522
-1274.09	-2519.37	0.995641	0.0932686
-1273.23	-2510.05	0.996028	0.0890352
-1272.42	-2500.72	0.996549	0.0830092
-1271.67	-2491.37	0.997127	0.07575
-1270.98	-2482	0.997653	0.0684759
-1270.37	-2472.62	0.998126	0.0611873
-1269.82	-2463.23	0.998595	0.0529846
-1269.36	-2453.82	0.999055	0.0434545
-1268.98	-2444.39	0.999425	0.0339067
-1268.7	-2434.95	0.999652	0.0263975
-1268.47	-2425.5	0.999767	0.0215929
-1268.28	-2416.04	0.999841	0.0178536
-1268.12	-2406.57	0.9999	0.0141085
-1268	-2397.08	0.999946	0.0103577
-1267.92	-2387.59	0.999978	0.00660129
-1267.87	-2378.08	0.999996	0.00283928
-1267.86	-2368.56	0.999999	-0.00100944
-1267.88	-2359.03	0.999983	-0.00586116
-1267.96	-2349.5	0.999928	-0.0119727
-1268.1	-2339.95	0.999819	-0.0190112
-1268.31	-2330.39	0.999618	-0.0276477
-1268.62	-2320.83	0.999292	-0.0376339
-1269.02	-2311.26	0.998853	-0.0478815
-1269.51	-2301.68	0.998362	-0.0572165
-1270.09	-2292.1	0.997958	-0.0638722
-1270.72	-2282.5	0.997719	-0.0675112
-1271.38	-2272.91	0.997549	-0.0699784
-1272.07	-2263.3	0.997372	-0.0724487
-1272.77	-2253.68	0.997189	-0.074922
-1273.51	-2244.05	0.997	-0.0773985
-1274.26	-2234.42	0.996805	-0.079878
-1275.05	-2224.78	0.996603	-0.0823607
-1275.85	-2215.13	0.996409	-0.0846752
-1276.68	-2205.47	0.996238	-0.0866557
-1277.53	-2195.8	0.996079	-0.0884728
-1278.4	-2186.12	0.995915	-0.0902922
-1279.28	-2176.44	0.995748	-0.0921139
-1280.19	-2166.74	0.995578	-0.0939377
-1281.11	-2157.04	0.995404	-0.0957634
-1282.05	-2147.34	0.995227	-0.0975911
-1283.01	-2137.62	0.995046	-0.0994201
-1283.99	-2127.9	0.994861	-0.10125
-1284.98	-2118.18	0.994687	-0.102943
-1285.99	-2108.46	0.994611	-0.103679
-1287.01	-2098.74	0.994708	-0.10274
-1288	-2089.02	0.994923	-0.100634
-1288.98	-2079.29	0.995239	-0.097464
-1289.91	-2069.56	0.995654	-0.0931253
-1290.8	-2059.83	0.996175	-0.0873802
-1291.63	-2050.09	0.996804	-0.0798867
-1292.38	-2040.34	0.997446	-0.0714272
-1293.04	-2030.59	0.998053	-0.062374
-1293.61	-2020.83	0.998583	-0.0532082
-1294.1	-2011.07	0.99906	-0.0433525
-1294.48	-2001.3	0.999477	-0.0323251
-1294.75	-1991.53	0.999767	-0.0215695
-1294.93	-1981.76	0.999896	-0.0144298
-1295.06	-1971.99	0.999918	-0.0127943
-1295.18	-1962.22	0.999917	-0.0129092
-1295.31	-1952.44	0.999915	-0.0130241
-1295.44	-1942.67	0.999914	-0.013139
-1295.57	-1932.89	0.999912	-0.0132539
-1295.7	-1923.12	0.999911	-0.0133688
-1295.83	-1913.35	0.999909	-0.0134837
-1295.96	-1903.57	0.999908	-0.0135986
-1296.09	-1893.8	0.999906	-0.0137134
-1296.23	-1884.03	0.999904	-0.0138283
-1296.36	-1874.25	0.999903	-0.0139432
-1296.5	-1864.48	0.999901	-0.0140581
-1296.64	-1854.71	0.9999	-0.014173
-1296.78	-1844.93	0.999898	-0.0142879
-1296.92	-1835.16	0.999896	-0.0144028
-1297.06	-1825.39	0.999895	-0.0145177
-1297.2	-1815.61	0.999893	-0.0146325
-1297.34	-1805.84	0.999891	-0.0147474
-1297.49	-1796.07	0.99989	-0.0148623
-1297.63	-1786.3	0.999888	-0.0149772
-1297.78	-1776.52	0.999886	-0.0150921
-1297.94	-1765.77	0.999884	-0.0152185
-1298.08	-1756.98	0.999883	-0.0153219
-1298.23	-1747.2	0.999881	-0.0154367
-1298.38	-1737.43	0.999879	-0.0155516
-1298.55	-1726.68	0.999877	-0.015678
-1298.7	-1716.91	0.999875	-0.0157929
-1298.86	-1707.13	0.999873	-0.0159078
-1299.01	-1697.36	0.999872	-0.0160227
-1299.17	-1687.59	0.99987	-0.0161375
-1299.33	-1677.81	0.999868	-0.0162524
-1299.49	-1668.04	0.999866	-0.0163673
-1299.65	-1658.27	0.999864	-0.0164822
-1299.81	-1648.5	0.999873	-0.015912
-1299.96	-1638.72	0.999913	-0.0131938
-1300.07	-1628.95	0.999959	-0.00901272
-1300.14	-1619.17	0.99999	-0.00439987
-1300.16	-1609.4	0.999998	0.00219169
-1300.1	-1599.63	0.999934	0.0115258
-1299.95	-1589.88	0.99974	0.0228146
-1299.68	-1580.16	0.999393	0.0348262
-1299.3	-1570.49	0.998911	0.0466613
-1298.81	-1560.9	0.998391	0.0566979
-1298.24	-1551.42	0.998026	0.0628012
-1297.64	-1542.02	0.997844	0.0656288
-1297.02	-1532.71	0.997755	0.0669647
-1296.4	-1523.48	0.997752	0.0670191
-1295.78	-1514.31	0.997806	0.0662025
-1295.18	-1505.15	0.997865	0.0653056
-1294.58	-1496	0.997939	0.0641721
-1294	-1486.84	0.998066	0.0621697
-1293.44	-1477.68	0.998226	0.0595347
-1292.9	-1468.52	0.998407	0.0564261
-1292.4	-1459.36	0.998644	0.0520514
-1291.94	-1450.2	0.9989	0.0468834
-1291.53	-1441.03	0.99913	0.041714
-1291.17	-1431.87	0.999332	0.0365436
-1290.85	-1422.7	0.999493	0.031851
-1290.57	-1413.53	0.999618	0.0276365
-1290.34	-1404.36	0.999726	0.0234216
-1290.14	-1395.18	0.999803	0.0198398
-1289.96	-1386.01	0.999852	0.0172054
-1289.81	-1376.84	0.999889	0.0148852
-1289.69	-1367.66	0.999921	0.0125648
-1289.58	-1358.49	0.999948	0.0102444
-1289.49	-1349.31	0.999969	0.00792395
-1289.43	-1340.14	0.999984	0.00560345
-1289.39	-1330.97	0.999995	0.00328292
-1289.37	-1321.79	0.999999	0.00112205
-1289.36	-1312.62	1	-0.000801857
-1289.38	-1303.44	0.999997	-0.0022519
-1289.4	-1294.27	0.999995	-0.00330536
-1289.43	-1285.09	0.999992	-0.00396217
-1289.47	-1275.92	0.999992	-0.00398925
-1289.51	-1266.74	0.999993	-0.00378326
-1289.54	-1257.57	0.999994	-0.00357727
-1289.57	-1248.39	0.999994	-0.00337128
-1289.6	-1239.22	0.999995	-0.00316529
-1289.63	-1230.05	0.999996	-0.00295929
-1289.66	-1220.87	0.999996	-0.0027533
-1289.68	-1211.7	0.999997	-0.00254731
-1289.7	-1202.52	0.999997	-0.00234131
-1289.73	-1193.35	0.999998	-0.00213532
-1289.74	-1184.17	0.999998	-0.00192933
-1289.76	-1175	0.999999	-0.00172333
-1289.78	-1165.82	0.999999	-0.00151734
-1289.79	-1156.65	0.999999	-0.00131135
-1289.8	-1147.47	0.999999	-0.00110535
-1289.81	-1138.3	1	-0.00089936
-1289.82	-1129.13	1	-0.000693367
-1289.82	-1119.95	1	-0.000487373
-1289.83	-1110.78	1	-0.00028138
-1289.83	-1101.6	1	-7.53859e-05
-1289.83	-1092.43	1	0.000130608
-1289.83	-1083.25	1	0.000336601
-1289.82	-1074.08	1	0.000542595
-1289.82	-1064.9	1	0.000748589
-1289.81	-1055.73	1	0.000954582
-1289.8	-1046.55	0.999999	0.00116058
-1289.79	-1037.38	0.999999	0.00136657
-1289.78	-1028.2	0.999999	0.00157256
-1289.76	-1019.03	0.999998	0.00177856
-1289.74	-1009.85	0.999998	0.00198455
-1289.72	-1000.68	0.999998	0.00219054
-1289.7	-991.506	0.999997	0.00239654
-1289.68	-982.331	0.999997	0.00260253
-1289.66	-973.157	0.999996	0.00280852
-1289.63	-963.982	0.999995	0.00301451
-1289.6	-954.807	0.999995	0.00322051
-1289.57	-945.633	0.999994	0.0034265
-1289.54	-936.458	0.999993	0.00363249
-1289.5	-927.284	0.999993	0.00383848
-1289.47	-918.109	0.999992	0.00404448
-1289.43	-908.935	0.999991	0.00425047
-1289.39	-899.76	0.99999	0.00445646
-1289.35	-890.586	0.999989	0.00466245
-1289.31	-881.411	0.999988	0.00486844
-1289.26	-872.236	0.999987	0.00507443
-1289.21	-863.062	0.999986	0.00528042
-1289.16	-853.887	0.999985	0.00548642
-1289.11	-844.713	0.999984	0.00569241
-1289.06	-835.539	0.999983	0.0058984
-1289	-826.364	0.999981	0.00610439
-1288.95	-817.19	0.99998	0.00631038
-1288.89	-808.015	0.999979	0.00651636
-1288.83	-798.841	0.999977	0.00672235
-1288.77	-789.666	0.999976	0.00692834
-1288.7	-780.492	0.999975	0.00713433
-1288.64	-771.318	0.999973	0.00734032
-1288.57	-762.143	0.999972	0.00754631
-1288.5	-752.969	0.99997	0.0077523
-1288.43	-743.794	0.999968	0.00795828
-1288.34	-733.703	0.999967	0.00818487
-1288.27	-724.528	0.999965	0.00839085
-1288.2	-716.272	0.999963	0.00857624
-1288.12	-707.097	0.999961	0.00878223
-1288.03	-697.006	0.999959	0.00900881
-1287.95	-687.831	0.999958	0.0092148
-1287.86	-678.657	0.999956	0.00942078
-1287.77	-669.483	0.999954	0.00962677
-1287.69	-660.309	0.999952	0.00983275
-1287.59	-651.135	0.99995	0.0100387
-1287.5	-641.96	0.999948	0.0102447
-1287.41	-632.786	0.999945	0.0104507
-1287.31	-623.612	0.999943	0.0106567
-1287.21	-614.438	0.999941	0.0108627
-1287.11	-605.264	0.999939	0.0110686
-1287.01	-596.09	0.999936	0.0112746
-1286.9	-586.916	0.999934	0.0114806
-1286.8	-577.742	0.999932	0.0116866
-1286.69	-568.566	0.999929	0.0118926
-1286.58	-559.386	0.999927	0.0120988
-1286.47	-550.198	0.999927	0.0120716
-1286.36	-541.002	0.999931	0.0117279
-1286.25	-531.799	0.999936	0.0113011
-1286.15	-522.587	0.999941	0.0108738
-1286.05	-513.368	0.999945	0.010446
-1285.96	-504.141	0.99995	0.0100178
-1285.87	-494.906	0.999954	0.00958908
-1285.78	-485.662	0.999958	0.00915979
-1285.7	-476.412	0.999962	0.00873005
-1285.62	-467.153	0.999966	0.00829984
-1285.54	-457.888	0.999969	0.00786917
-1285.47	-448.615	0.999972	0.00743805
-1285.4	-439.335	0.999975	0.00700654
-1285.34	-430.048	0.999978	0.00657465
-1285.28	-420.754	0.999981	0.0061423
-1285.22	-411.453	0.999984	0.0057095
-1285.17	-402.145	0.999986	0.00527623
-1285.12	-392.83	0.999988	0.00484258
-1285.08	-383.508	0.99999	0.00440855
-1285.04	-374.18	0.999992	0.00397406
-1285.01	-364.846	0.999994	0.00353918
-1284.97	-355.505	0.999995	0.00310393
-1284.95	-346.158	0.999996	0.00266829
-1284.92	-336.804	0.999998	0.00223228
-1284.9	-327.445	0.999998	0.00179587
-1284.89	-318.08	0.999999	0.00135909
-1284.88	-308.709	1	0.000921928
-1284.87	-299.332	1	0.000484383
-1284.87	-289.949	1	4.64556e-05
-1284.87	-280.559	1	-0.000391777
-1284.87	-271.164	1	-0.000830391
-1284.88	-261.763	0.999999	-0.00126939
-1284.9	-252.356	0.999999	-0.00170876
-1284.92	-242.943	0.999998	-0.00214852
-1284.94	-233.524	0.999997	-0.00258866
-1284.96	-224.099	0.999995	-0.00302918
-1284.99	-214.669	0.999994	-0.00347
-1285.03	-205.232	0.999992	-0.00391121
-1285.07	-195.789	0.999991	-0.00435279
-1285.11	-186.34	0.999989	-0.00479476
-1285.16	-176.886	0.999986	-0.00523711
-1285.21	-167.426	0.999984	-0.00567976
-1285.26	-157.962	0.999981	-0.00612271
-1285.32	-148.492	0.999978	-0.00656597
-1285.39	-139.019	0.999975	-0.00700946
-1285.46	-129.542	0.999972	-0.00745317
-1285.53	-120.061	0.999969	-0.00789719
-1285.6	-110.575	0.999962	-0.00867002
-1285.69	-101.087	0.999951	-0.00993888
-1285.79	-91.594	0.999935	-0.0113755
-1285.9	-82.0976	0.999918	-0.0128128
-1286.03	-72.5975	0.999898	-0.0142509
-1286.17	-63.0938	0.999877	-0.0156897
-1286.33	-53.5863	0.999853	-0.0171293
-1286.5	-44.0752	0.999828	-0.0185696
-1286.68	-34.5604	0.9998	-0.0200108
-1286.87	-25.042	0.99977	-0.0214527
-1287.08	-15.5201	0.999738	-0.0228953
-1287.31	-5.99513	0.999704	-0.0243385
-1287.54	3.53203	0.999668	-0.0257821
-1287.8	13.0598	0.999629	-0.0272259
-1288.06	22.5871	0.999589	-0.0286696
-1288.34	32.1141	0.999546	-0.0301132
-1288.63	41.6407	0.999502	-0.0315567
-1288.94	51.1668	0.999455	-0.0330002
-1289.26	60.6925	0.999407	-0.0344436
-1289.59	70.2177	0.999356	-0.035887
-1289.94	79.7424	0.999303	-0.0373303
-1290.3	89.2666	0.999248	-0.0387735
-1290.68	98.7902	0.999191	-0.0402166
-1291.07	108.313	0.999132	-0.0416596
-1291.47	117.836	0.999071	-0.0431026
-1291.88	127.358	0.999007	-0.0445454
-1292.31	136.879	0.998942	-0.0459882
-1292.76	146.4	0.998894	-0.0470141
-1293.21	155.92	0.998885	-0.0472103
-1293.66	165.441	0.998907	-0.0467447
-1294.1	174.962	0.998974	-0.0452831
-1294.52	184.483	0.999072	-0.0430743
-1294.92	194.006	0.999175	-0.0406161
-1295.3	203.529	0.999297	-0.0374916
-1295.64	213.054	0.999424	-0.0339497
-1295.95	222.58	0.999538	-0.0304074
-1296.23	232.107	0.999639	-0.0268647
-1296.47	241.635	0.999728	-0.0233216
-1296.68	251.164	0.999804	-0.0197783
-1296.86	260.693	0.999863	-0.0165653
-1297	270.223	0.999897	-0.0143491
-1297.13	279.754	0.999918	-0.0127994
-1297.25	289.284	0.999937	-0.0112497
-1297.35	298.814	0.999951	-0.00994918
-1297.44	308.345	0.99996	-0.0088979
-1297.52	317.876	0.999969	-0.00784661
-1297.59	327.406	0.999977	-0.0067953
-1297.66	336.937	0.999984	-0.00574399
-1297.71	346.468	0.999989	-0.00469268
-1297.75	355.999	0.999993	-0.00364136
-1297.78	365.53	0.999997	-0.00259003
-1297.8	375.061	0.999999	-0.0015387
-1297.81	384.592	1	-0.000487373
-1297.81	394.123	1	0.000563957
-1297.8	403.654	0.999999	0.00161529
-1297.78	413.185	0.999996	0.00266662
-1297.75	422.716	0.999993	0.00371794
-1297.71	432.247	0.999989	0.00476926
-1297.66	441.778	0.999983	0.00582058
-1297.6	451.309	0.999976	0.00687189
-1297.53	460.84	0.999969	0.00792319
-1297.45	470.371	0.99996	0.00897448
-1297.36	479.901	0.99995	0.0100258
-1297.26	489.432	0.999939	0.011077
-1297.15	498.962	0.999926	0.0121283
-1297.04	508.493	0.999913	0.0131795
-1296.91	518.023	0.999899	0.0142308
-1296.77	527.553	0.999883	0.015282
-1296.62	537.083	0.999867	0.0163332
-1296.46	546.612	0.999849	0.0173844
-1296.29	556.142	0.99983	0.0184355
-1296.11	565.671	0.99981	0.0194867
-1295.92	575.2	0.999789	0.0205378
-1295.72	584.729	0.999767	0.0215889
-1295.51	594.258	0.999744	0.02264
-1295.29	603.787	0.999719	0.023691
-1295.06	613.315	0.999694	0.024742
-1294.82	622.843	0.999667	0.025793
-1294.57	632.371	0.99964	0.026844
-1294.31	641.898	0.999611	0.0278949
-1294.04	651.425	0.999581	0.0289458
-1293.76	660.952	0.99955	0.0299967
-1293.47	670.479	0.999518	0.0310476
-1293.17	680.005	0.999485	0.0320984
-1292.86	689.531	0.99945	0.0331491
-1292.54	699.057	0.999415	0.0341999
-1292.21	708.582	0.999379	0.0352506
-1291.87	718.107	0.999341	0.0363012
-1291.52	727.632	0.999302	0.0373518
-1291.16	737.156	0.999262	0.0384024
-1290.79	746.68	0.999221	0.0394529
-1290.41	756.204	0.999179	0.0405034
-1290.02	765.727	0.999136	0.0415539
-1289.62	775.249	0.999092	0.0426043
-1289.21	784.772	0.999047	0.0436546
-1288.79	794.293	0.999	0.0447049
-1288.36	803.815	0.998953	0.0457552
-1287.92	813.336	0.998904	0.0468054
-1287.47	822.856	0.998858	0.0477863
-1287.01	832.363	0.998822	0.0485277
-1286.55	841.822	0.998799	0.0489999
-1286.09	851.204	0.998784	0.0493079
-1285.63	860.471	0.998801	0.0489464
-1285.19	869.604	0.99888	0.0473051
-1284.77	878.599	0.998985	0.0450483
-1284.38	887.456	0.999107	0.04224
-1284.02	896.175	0.999273	0.038127
-1283.71	904.754	0.999451	0.0331179
-1283.45	913.192	0.999631	0.0271792
-1283.25	921.489	0.999808	0.0195749
-1283.11	930.45	0.999957	0.00929673
-1283.07	937.658	1	-4.9507e-05
-1283.1	945.529	0.999941	-0.0109061
-1283.22	953.256	0.999766	-0.0216337
-1283.42	960.839	0.999474	-0.0324256
-1283.69	968.277	0.999055	-0.0434606
-1284.04	975.568	0.998517	-0.0544321
-1284.46	982.713	0.997877	-0.0651237
-1284.95	989.712	0.997143	-0.0755388
-1285.49	996.567	0.996351	-0.0853457
-1286.09	1003.29	0.995585	-0.0938621
-1286.8	1010.56	0.99487	-0.10116
-1287.48	1017.08	0.994445	-0.105258
-1288.17	1023.55	0.994233	-0.107244
-1288.87	1030.01	0.994094	-0.108518
-1289.58	1036.47	0.993955	-0.109792
-1290.3	1042.93	0.993813	-0.111066
-1291.02	1049.38	0.993601	-0.112947
-1291.76	1055.84	0.993239	-0.116085
-1292.53	1062.29	0.992728	-0.120379
-1293.32	1068.74	0.991995	-0.126281
-1294.16	1075.18	0.99086	-0.134894
-1295.07	1081.61	0.98918	-0.146706
-1296.06	1088.03	0.986898	-0.161348
-1297.15	1094.44	0.984031	-0.178
-1298.35	1100.82	0.980714	-0.195446
-1299.66	1107.18	0.977079	-0.212879
-1301.09	1113.52	0.973203	-0.229949
-1302.63	1119.83	0.969153	-0.246459
-1304.27	1126.12	0.964877	-0.262704
-1306.02	1132.37	0.9603	-0.278969
-1307.88	1138.6	0.955255	-0.295783
-1309.84	1144.79	0.949692	-0.313184
-1311.92	1150.95	0.943679	-0.330863
-1314.12	1157.06	0.93716	-0.348901
-1316.43	1163.13	0.930203	-0.367046
-1318.86	1169.15	0.922895	-0.385052
-1321.41	1175.13	0.915238	-0.402914
-1324.08	1181.06	0.907236	-0.420623
-1326.85	1186.93	0.898957	-0.438036
-1329.74	1192.75	0.890414	-0.455152
-1332.74	1198.51	0.881568	-0.472057
-1335.85	1204.21	0.872425	-0.488748
-1339.07	1209.85	0.862966	-0.505262
-1342.4	1215.44	0.853274	-0.521463
-1345.83	1220.95	0.843441	-0.537222
-1349.36	1226.41	0.833401	-0.552669
-1352.99	1231.79	0.823078	-0.567928
-1356.72	1237.11	0.812535	-0.582912
-1360.54	1242.37	0.802205	-0.597048
-1364.45	1247.55	0.792558	-0.609796
-1368.45	1252.68	0.783718	-0.621117
-1372.51	1257.75	0.776094	-0.630618
-1376.63	1262.77	0.769552	-0.638584
-1380.79	1267.75	0.763353	-0.645981
-1385.01	1272.7	0.757183	-0.653203
-1389.27	1277.6	0.750943	-0.660367
-1393.58	1282.46	0.744636	-0.66747
-1397.93	1287.28	0.738262	-0.674514
-1402.33	1292.06	0.731857	-0.681458
-1406.78	1296.8	0.725528	-0.688192
-1411.27	1301.5	0.71942	-0.694576
-1415.8	1306.16	0.713503	-0.700653
-1420.36	1310.78	0.707677	-0.706536
-1424.97	1315.36	0.702272	-0.711909
-1429.6	1319.91	0.69777	-0.716321
-1434.27	1324.43	0.694372	-0.719616
-1438.95	1328.94	0.692057	-0.721843
-1443.64	1333.43	0.69047	-0.723361
-1448.35	1337.91	0.689284	-0.724491
-1453.06	1342.39	0.688537	-0.725201
-1457.77	1346.86	0.688048	-0.725666
-1462.48	1351.33	0.687558	-0.72613
-1467.2	1355.79	0.687068	-0.726594
-1471.92	1360.26	0.686577	-0.727057
-1476.65	1364.72	0.686086	-0.72752
-1481.38	1369.17	0.685595	-0.727983
-1486.11	1373.62	0.685251	-0.728307
-1490.84	1378.08	0.685606	-0.727973
-1495.56	1382.53	0.686549	-0.727083
-1500.29	1387	0.688006	-0.725705
-1505	1391.47	0.690268	-0.723554
-1509.69	1395.96	0.692887	-0.721046
-1514.37	1400.47	0.695753	-0.718281
-1519.02	1405	0.699444	-0.714688
-1523.66	1409.55	0.704124	-0.710077
-1528.26	1414.14	0.709629	-0.704575
-1532.82	1418.77	0.716048	-0.698051
-1537.33	1423.44	0.722935	-0.690917
-1541.8	1428.15	0.729783	-0.683679
-1546.23	1432.91	0.73656	-0.676373
-1550.6	1437.71	0.743263	-0.668999
-1554.93	1442.56	0.750161	-0.661256
-1559.2	1447.45	0.757936	-0.652328
-1563.41	1452.4	0.76655	-0.642185
-1567.56	1457.4	0.775284	-0.631613
-1571.63	1462.46	0.784061	-0.620684
-1575.64	1467.58	0.793148	-0.609029
-1579.56	1472.76	0.802395	-0.596794
-1583.41	1477.99	0.811541	-0.584295
-1587.17	1483.29	0.820929	-0.57103
-1590.84	1488.65	0.830664	-0.556774
-1594.42	1494.07	0.840317	-0.542096
-1597.9	1499.55	0.84971	-0.527251
-1601.29	1505.1	0.85884	-0.512243
-1604.58	1510.7	0.867706	-0.497078
-1607.77	1516.36	0.876304	-0.481758
-1610.86	1522.07	0.884892	-0.465797
-1613.84	1527.84	0.893667	-0.44873
-1616.99	1534.26	0.90318	-0.429262
-1619.73	1540.15	0.911314	-0.411713
-1622.36	1546.09	0.918446	-0.395547
-1624.9	1552.07	0.924366	-0.381506
-1627.34	1558.09	0.929062	-0.369923
-1629.72	1564.13	0.932134	-0.362115
-1632.06	1570.19	0.93324	-0.359253
-1634.4	1576.26	0.93327	-0.359176
-1636.73	1582.32	0.933281	-0.359146
-1639.06	1588.38	0.933346	-0.358977
-1641.39	1594.45	0.933684	-0.358099
-1643.71	1600.52	0.934346	-0.356367
-1646.02	1606.59	0.935419	-0.353541
-1648.31	1612.67	0.937227	-0.348719
-1650.56	1618.76	0.939948	-0.341317
-1652.75	1624.88	0.943873	-0.330309
-1654.86	1631.02	0.948988	-0.315312
-1656.86	1637.2	0.954864	-0.297044
-1658.74	1643.42	0.960924	-0.276814
-1660.49	1649.68	0.966685	-0.25597
-1662.09	1655.97	0.971994	-0.235006
-1663.57	1662.3	0.976837	-0.213983
-1664.9	1668.66	0.98101	-0.193956
-1666.11	1675.04	0.984623	-0.174695
-1667.2	1681.45	0.988185	-0.153264
-1668.13	1687.88	0.991775	-0.127992
-1668.89	1694.33	0.994981	-0.100065
-1669.46	1700.8	0.997451	-0.0713509
-1669.85	1707.28	0.999102	-0.0423734
-1670.05	1713.78	0.999928	-0.0120402
-1670.05	1720.27	0.99979	0.0204821
-1669.83	1726.76	0.998533	0.0541463
-1669.39	1733.25	0.996134	0.0878509
-1668.73	1739.71	0.992597	0.121455
-1667.85	1746.14	0.987927	0.154921
-1666.76	1752.55	0.982129	0.18821
-1665.45	1758.91	0.97521	0.221284
-1663.93	1765.23	0.967177	0.254105
-1662.19	1771.48	0.957822	0.287363
-1660.24	1777.68	0.946998	0.321238
-1658.06	1783.8	0.934887	0.354945
-1655.67	1789.84	0.921577	0.388196
-1653.06	1795.79	0.90702	0.421087
-1650.24	1801.64	0.891013	0.453978
-1647.21	1807.38	0.873542	0.486748
-1643.96	1813.01	0.854816	0.518932
-1640.51	1818.51	0.834904	0.550396
-1636.85	1823.88	0.813834	0.581097
-1633	1829.11	0.791636	0.610993
-1628.95	1834.19	0.768144	0.640277
-1624.72	1839.12	0.74323	0.669036
-1620.3	1843.88	0.717098	0.696972
-1615.7	1848.47	0.689918	0.723887
-1610.93	1852.88	0.661728	0.749744
-1606	1857.1	0.632608	0.774472
-1600.9	1861.13	0.603295	0.797518
-1595.67	1864.98	0.575094	0.818088
-1590.31	1868.65	0.549754	0.835327
-1584.84	1872.16	0.529029	0.848603
-1579.3	1875.55	0.514259	0.857635
-1573.72	1878.87	0.506692	0.862127
-1568.11	1882.15	0.505264	0.862965
-1562.5	1885.44	0.505367	0.862905
-1556.9	1888.72	0.504729	0.863278
-1551.29	1891.99	0.504002	0.863702
-1545.67	1895.26	0.501084	0.865399
-1540.04	1898.5	0.493406	0.869799
-1534.38	1901.68	0.480362	0.87707
-1528.66	1904.76	0.462902	0.88641
-1522.87	1907.71	0.442489	0.896774
-1517.02	1910.53	0.420052	0.9075
-1511.09	1913.2	0.396285	0.918128
-1505.1	1915.71	0.371827	0.928302
-1499.05	1918.06	0.347108	0.937825
-1492.93	1920.25	0.322145	0.94669
-1486.76	1922.28	0.296957	0.954891
-1480.54	1924.14	0.27156	0.962422
-1474.27	1925.84	0.245972	0.969277
-1467.95	1927.37	0.220212	0.975452
-1461.6	1928.73	0.194297	0.980943
-1455.22	1929.93	0.168246	0.985745
-1448.8	1930.95	0.142178	0.989841
-1442.36	1931.81	0.117221	0.993106
-1435.9	1932.51	0.095521	0.995427
-1429.43	1933.09	0.0799905	0.996796
-1422.95	1933.58	0.0738945	0.997266
-1416.48	1934.06	0.0754286	0.997151
-1410	1934.56	0.0795883	0.996828
-1403.52	1935.09	0.0862716	0.996272
-1397.05	1935.68	0.0989065	0.995097
-1390.59	1936.37	0.118729	0.992927
-1384.15	1937.2	0.144376	0.989523
-1377.73	1938.22	0.174271	0.984698
-1371.35	1939.43	0.207333	0.97827
-1365.03	1940.87	0.242973	0.970033
-1358.82	1942.53	0.280438	0.959872
-1352.78	1944.39	0.318962	0.947768
-1346.94	1946.47	0.35758	0.933882
-1341.3	1948.73	0.395201	0.918595
-1335.85	1951.18	0.431212	0.902251
-1330.61	1953.78	0.465616	0.884987
-1325.56	1956.54	0.498677	0.866788
-1320.71	1959.42	0.530551	0.847653
-1316.08	1962.42	0.56109	0.827754
-1311.65	1965.52	0.590154	0.807291
-1307.43	1968.69	0.617708	0.786407
-1303.44	1971.91	0.643388	0.765541
-1299.64	1975.19	0.665806	0.746125
-1295.99	1978.51	0.682954	0.730461
-1292.46	1981.86	0.694161	0.71982
-1289	1985.22	0.70071	0.713446
-1285.61	1988.56	0.704512	0.709692
-1282.28	1991.88	0.706411	0.707802
-1278.99	1995.17	0.707135	0.707079
-1275.73	1998.43	0.707748	0.706465
-1272.52	2001.65	0.70872	0.70549
-1269.36	2004.83	0.709999	0.704203
-1266.24	2007.98	0.711279	0.70291
-1263.16	2011.1	0.712555	0.701616
-1260.13	2014.19	0.714058	0.700087
-1257.14	2017.24	0.716538	0.697548
-1254.21	2020.26	0.720826	0.693116
-1251.34	2023.27	0.726671	0.686985
-1248.54	2026.25	0.733079	0.680143
-1245.8	2029.22	0.739725	0.672909
-1243.13	2032.18	0.746557	0.665321
-1240.53	2035.12	0.753322	0.657652
-1238	2038.05	0.759915	0.650022
-1235.54	2040.95	0.76632	0.64246
-1233.14	2043.84	0.772604	0.634888
-1230.8	2046.7	0.779044	0.626969
-1228.53	2049.55	0.785869	0.618394
-1226.33	2052.37	0.7929	0.609352
-1224.19	2055.18	0.79991	0.60012
-1222.12	2057.96	0.806831	0.590783
-1220.12	2060.72	0.813579	0.581454
-1218.18	2063.47	0.820123	0.572187
-1216.28	2066.22	0.826521	0.562906
-1214.4	2069	0.832707	0.553714
-1212.56	2071.8	0.838366	0.545108
-1210.75	2074.61	0.843135	0.537701
-1208.96	2077.44	0.847295	0.531122
-1207.19	2080.28	0.851812	0.523848
-1205.44	2083.14	0.857365	0.514709
-1203.74	2086.02	0.863915	0.503637
-1202.07	2088.92	0.870891	0.491477
-1200.44	2091.84	0.877884	0.478873
-1198.85	2094.79	0.884883	0.465814
-1197.31	2097.76	0.891852	0.452327
-1195.81	2100.76	0.898677	0.438612
-1194.36	2103.78	0.90529	0.424794
-1192.96	2106.82	0.911691	0.410876
-1191.6	2109.88	0.917878	0.396862
-1190.29	2112.96	0.92385	0.382755
-1189.03	2116.06	0.929625	0.368507
-1187.7	2119.49	0.935885	0.352306
-1186.65	2122.32	0.941012	0.338374
-1185.43	2125.79	0.947145	0.320805
-1184.38	2128.97	0.952452	0.304688
-1183.38	2132.16	0.957485	0.288484
-1182.44	2135.38	0.962229	0.272241
-1181.55	2138.6	0.966628	0.256185
-1180.71	2141.85	0.970527	0.240991
-1179.92	2145.1	0.973835	0.227255
-1179.18	2148.36	0.976684	0.214681
-1178.48	2151.64	0.979149	0.203146
-1177.81	2154.92	0.981102	0.193492
-1177.17	2158.2	0.982613	0.185664
-1176.56	2161.5	0.983882	0.178816
-1175.97	2164.79	0.985002	0.172545
-1175.4	2168.09	0.986039	0.166515
-1174.85	2171.39	0.987032	0.160524
-1174.32	2174.7	0.987989	0.154527
-1173.81	2178.01	0.988878	0.148728
-1173.32	2181.32	0.989606	0.143807
-1172.85	2184.63	0.990053	0.140695
-1172.38	2187.95	0.990205	0.139622
-1171.91	2191.26	0.990231	0.139434
-1171.45	2194.58	0.99028	0.139087
-1170.98	2197.89	0.990345	0.138626
-1170.52	2201.21	0.99039	0.138302
-1170.05	2204.52	0.990419	0.138092
-1169.59	2207.84	0.990452	0.137858
-1169.13	2211.16	0.990529	0.137307
-1168.67	2214.47	0.990698	0.136076
-1168.22	2217.79	0.990996	0.133891
-1167.78	2221.11	0.991472	0.130321
-1167.35	2224.43	0.992142	0.125115
-1166.93	2227.75	0.992965	0.118406
-1166.55	2231.08	0.993872	0.110533
-1166.19	2234.4	0.994776	0.102083
-1165.86	2237.74	0.995616	0.0935332
-1165.56	2241.07	0.996381	0.0850006
-1165.28	2244.41	0.997055	0.0766909
-1165.04	2247.75	0.997625	0.0688785
-1164.82	2251.09	0.998106	0.0615183
-1164.62	2254.43	0.998524	0.054314
-1164.45	2257.77	0.99889	0.0471068
-1164.3	2261.12	0.999203	0.0399209
-1164.18	2264.46	0.999456	0.0329847
-1164.08	2267.81	0.999639	0.0268702
-1163.99	2271.16	0.999761	0.0218537
-1163.92	2274.5	0.99984	0.0178885
-1163.87	2277.85	0.999885	0.0151803
-1163.82	2281.2	0.999904	0.0138228
-1163.78	2284.54	0.999914	0.0131519
-1163.73	2287.89	0.999922	0.0124572
-1163.69	2291.24	0.999932	0.0116939
-1163.65	2294.59	0.99994	0.0109306
-1163.62	2297.94	0.999948	0.0101674
-1163.58	2301.28	0.999955	0.00945023
-1163.55	2304.63	0.99996	0.00893862
-1163.52	2307.98	0.999962	0.00874725
-1163.5	2311.33	0.999962	0.00871673
-1163.47	2314.67	0.999962	0.00868622
-1163.44	2318.02	0.999963	0.0086557
-1163.41	2321.37	0.999963	0.00862518
-1163.38	2324.72	0.999963	0.00859467
-1163.35	2328.06	0.999963	0.00856415
-1163.32	2331.41	0.999964	0.00853363
-1163.29	2334.76	0.999964	0.00843461
-1163.27	2338.11	0.999966	0.00826707
-1163.24	2341.46	0.999967	0.00809954
-1163.21	2344.8	0.999969	0.007932
-1163.18	2348.15	0.99997	0.00774211
-1163.16	2351.5	0.999972	0.00748325
-1163.13	2354.87	0.999974	0.0071761
-1163.11	2358.27	0.999976	0.00686536
-1163.09	2361.71	0.999979	0.00655081
-1163.06	2365.19	0.999981	0.00623244
-1163.04	2368.7	0.999983	0.00590995
-1163.02	2372.26	0.999984	0.00558285
-1163	2375.86	0.999986	0.00525094
-1162.98	2379.51	0.999988	0.00491422
-1162.97	2383.2	0.99999	0.00457269
-1162.95	2386.94	0.999991	0.00422609
-1162.93	2390.73	0.999992	0.00387396
-1162.92	2394.57	0.999994	0.00351584
-1162.91	2398.47	0.999995	0.00315123
-1162.9	2402.44	0.999996	0.00277972
-1162.88	2406.47	0.999997	0.00240108
-1162.88	2410.56	0.999998	0.00201522
-1162.87	2414.73	0.999999	0.00162208
-1162.86	2418.95	0.999999	0.00122161
-1162.86	2423.24	1	0.00081382
-1162.85	2427.6	1	0.000398667
-1162.85	2432.02	1	-2.39256e-05
-1162.85	2436.51	1	-0.000453956
-1162.86	2441.07	1	-0.000891464
-1162.86	2445.69	0.999999	-0.0010024
-1162.87	2450.37	1	-0.000506637
-1162.87	2455.12	1	0.000271904
-1162.86	2459.94	0.999999	0.00106334
-1162.86	2464.82	0.999998	0.00186771
-1162.85	2469.76	0.999996	0.00268508
-1162.83	2474.77	0.999994	0.00351553
-1162.81	2479.85	0.99999	0.00439844
-1162.79	2484.99	0.999985	0.00544922
-1162.76	2490.2	0.999978	0.00663103
-1162.72	2495.47	0.999969	0.00783091
-1162.67	2500.81	0.999959	0.0090489
-1162.62	2506.22	0.999947	0.0102851
-1162.56	2511.68	0.999933	0.0115397
-1162.5	2517.22	0.999918	0.0128126
-1162.42	2522.82	0.999901	0.0141039
-1162.34	2528.48	0.999881	0.0154138
-1162.25	2534.21	0.99986	0.0167423
-1162.15	2540.01	0.999836	0.0180894
-1162.04	2545.87	0.999811	0.0194554
-1161.92	2551.8	0.999783	0.0208401
-1161.79	2557.79	0.999753	0.0222438
-1161.65	2563.84	0.999722	0.023572
-1161.51	2569.97	0.999694	0.0247278
-1161.35	2576.15	0.999667	0.0258033
-1161.19	2582.41	0.999638	0.0268929
-1161.01	2588.72	0.999608	0.0279967
-1160.83	2595.11	0.99958	0.0289652
-1160.64	2601.55	0.999556	0.0297966
-1160.45	2608.06	0.999531	0.0306374
-1160.24	2614.63	0.999508	0.0313646
-1160.01	2621.94	0.999494	0.0318124
-1159.8	2628.65	0.999486	0.0320533
-1159.58	2635.42	0.999478	0.032297
-1159.38	2641.57	0.999471	0.032519
-1159.13	2649.16	0.999473	0.032466
-1158.91	2656.13	0.999488	0.0320053
-1158.68	2663.17	0.999504	0.0314846
-1158.46	2670.27	0.999521	0.0309578
-1158.24	2677.44	0.999537	0.030425
-1158.02	2684.66	0.999553	0.0298863
-1157.81	2691.95	0.999569	0.0293415
-1157.59	2699.3	0.999585	0.0287908
-1157.38	2706.72	0.999601	0.0282342
-1157.17	2714.19	0.999617	0.0276717
-1156.97	2721.72	0.999633	0.0271038
-1156.76	2729.3	0.999648	0.0265313
-1156.56	2736.92	0.999663	0.0259556
-1156.36	2744.55	0.999678	0.0253782
-1156.17	2752.19	0.999692	0.0248004
-1155.98	2759.83	0.999707	0.0242226
-1155.8	2767.47	0.99972	0.0236448
-1155.62	2775.11	0.999734	0.0230669
-1155.45	2782.75	0.999747	0.0224891
-1155.28	2790.39	0.99976	0.0219112
-1155.11	2798.03	0.999772	0.0213333
-1154.95	2805.68	0.999785	0.0207555
-1154.79	2813.32	0.999796	0.0201776
-1154.64	2820.96	0.999808	0.0195997
-1154.49	2828.6	0.999819	0.0190218
-1154.35	2836.24	0.99983	0.0184439
-1154.21	2843.88	0.999845	0.0176145
-1154.08	2851.52	0.999865	0.0164078
-1153.96	2859.16	0.999886	0.0150754
-1153.85	2866.8	0.999906	0.013743
-1153.75	2874.44	0.999923	0.0124106
-1153.66	2882.09	0.999939	0.0110781
-1153.58	2889.73	0.999953	0.00974566
-1153.5	2897.37	0.999965	0.00841317
-1153.44	2905.01	0.999975	0.00708066
-1153.39	2912.65	0.999983	0.00574814
-1153.35	2920.3	0.99999	0.0044156
-1153.32	2927.94	0.999995	0.00308306
-1153.31	2935.58	0.999998	0.00175052
-1153.3	2943.22	1	0.000417969
-1153.3	2950.87	1	-0.000914581
-1153.31	2958.51	0.999997	-0.00224713
-1153.33	2966.15	0.999994	-0.00357967
-1153.36	2973.8	0.999988	-0.00491358
-1153.4	2981.46	0.99998	-0.00625115
-1153.45	2989.15	0.999971	-0.00759473
-1153.52	2996.87	0.99996	-0.00894715
-1153.59	3004.65	0.999947	-0.0103105
-1153.68	3012.47	0.999932	-0.0116857
-1153.77	3020.35	0.999915	-0.0130739
-1153.88	3028.3	0.999895	-0.0144756
-1154	3036.3	0.999874	-0.0158913
-1154.13	3044.36	0.99985	-0.017321
-1154.28	3052.48	0.999824	-0.0187647
-1154.44	3060.67	0.999796	-0.0202225
-1154.61	3068.91	0.999765	-0.0216944
-1154.79	3077.22	0.999731	-0.0231805
-1154.99	3085.59	0.999695	-0.0246806
-1155.21	3094.01	0.999657	-0.0261948
-1155.43	3102.5	0.999616	-0.0277231
-1155.68	3111.04	0.999572	-0.0292656
-1155.93	3119.65	0.999525	-0.0308223
-1156.21	3128.32	0.99948	-0.0322443
-1156.49	3137.04	0.99945	-0.0331571
-1156.79	3145.83	0.999434	-0.0336316
-1157.08	3154.67	0.999431	-0.0337346
-1157.38	3163.58	0.99946	-0.0328493
-1157.67	3172.54	0.999513	-0.0311935
-1157.95	3181.57	0.999566	-0.0294475
-1158.21	3190.65	0.999617	-0.0276861
-1158.46	3199.8	0.999664	-0.0259092
-1158.69	3209.01	0.999709	-0.0241167
-1158.9	3218.28	0.999751	-0.0223085
-1159.11	3227.61	0.99979	-0.0204848
-1159.29	3236.99	0.999826	-0.0186453
-1159.46	3246.44	0.999859	-0.01679
-1159.61	3255.95	0.999889	-0.014919
-1159.75	3265.52	0.999915	-0.0130321
-1159.87	3275.15	0.999938	-0.0111294
-1159.97	3284.84	0.999956	-0.00937796
-1160.05	3294.59	0.99997	-0.00777913
-1160.12	3304.4	0.999981	-0.00616723
-1160.18	3314.27	0.99999	-0.00454219
-1160.22	3324.19	0.999996	-0.00290402
-1160.24	3334.18	0.999999	-0.00125264
-1160.24	3344.23	1	0.000412018
-1160.23	3354.33	0.999998	0.00209003
-1160.2	3364.5	0.999993	0.00378145
-1160.16	3374.73	0.999985	0.0054863
-1160.1	3385.01	0.999974	0.00720463
-1160.01	3395.36	0.99996	0.00893645
-1159.91	3405.76	0.999943	0.0106817
-1159.79	3416.22	0.999923	0.0124407
-1159.66	3426.74	0.999899	0.0142118
-1159.5	3437.32	0.999872	0.015996
-1159.32	3447.95	0.999842	0.0177925
-1159.12	3458.63	0.999808	0.0196009
-1158.9	3469.36	0.999771	0.0214211
-1158.67	3480.14	0.99973	0.0232528
-1158.41	3490.97	0.999685	0.0250961
-1158.12	3501.85	0.999637	0.0269508
-1157.82	3512.78	0.999585	0.0288161
-1157.5	3523.75	0.999529	0.0306913
-1157.15	3534.76	0.999469	0.0325757
-1156.78	3545.8	0.999386	0.0350374
-1156.38	3556.89	0.999264	0.0383628
-1155.94	3568.01	0.999133	0.0416232
-1155.46	3579.16	0.998997	0.0447772
-1154.94	3590.35	0.998866	0.0476094
-1154.4	3601.57	0.998785	0.0492833
-1153.84	3612.83	0.998751	0.0499629
-1153.27	3624.13	0.998704	0.0509027
-1152.69	3635.45	0.998635	0.0522324
-1152.09	3646.81	0.998564	0.0535676
-1151.47	3658.21	0.998506	0.0546479
-1150.84	3669.64	0.998467	0.055342
-1150.2	3681.11	0.998429	0.0560388
-1149.49	3693.75	0.998385	0.0568083
-1148.83	3705.28	0.998345	0.0575105
-1148.23	3715.68	0.998308	0.0581447
-1147.48	3728.43	0.998263	0.0589226
-1146.79	3740.05	0.99822	0.0596326
-1146.09	3751.7	0.998178	0.0603452
-1145.38	3763.38	0.998134	0.0610604
-1144.66	3775.09	0.998097	0.0616704
-1143.94	3786.84	0.99814	0.0609601
-1143.23	3798.61	0.998334	0.057699
-1142.57	3810.42	0.998614	0.0526401
-1141.98	3822.27	0.999008	0.0445301
-1141.51	3834.16	0.999554	0.0298582
-1141.25	3846.08	0.999969	0.00789398
-1141.27	3858.04	0.999846	-0.0175556
-1141.6	3870.02	0.999148	-0.0412636
-1142.2	3882.03	0.998232	-0.0594411
-1142.97	3894.06	0.997579	-0.0695469
-1143.84	3906.12	0.997322	-0.0731422
-1144.73	3918.21	0.997208	-0.0746761
-1145.65	3930.32	0.997091	-0.0762155
-1146.58	3942.47	0.997034	-0.0769563
-1147.52	3954.65	0.997111	-0.0759612
-1148.44	3966.86	0.997256	-0.0740279
-1149.34	3979.11	0.997398	-0.0720872
-1150.22	3991.39	0.997537	-0.0701391
-1151.07	4003.71	0.997665	-0.0682994
-1151.91	4016.06	0.997782	-0.0665684
-1152.73	4028.44	0.997896	-0.0648309
-1153.53	4040.86	0.998008	-0.063087
-1154.3	4053.31	0.998168	-0.0604988
-1155.04	4065.79	0.998405	-0.0564579
-1155.73	4078.31	0.998658	-0.0517963
-1156.35	4090.86	0.998889	-0.0471181
-1156.92	4103.44	0.999099	-0.0424306
-1157.43	4116.01	0.999288	-0.0377409
-1157.89	4128.59	0.999454	-0.0330504
-1158.28	4141.18	0.999598	-0.0283592
-1158.61	4153.76	0.99972	-0.0236673
-1158.89	4166.35	0.99982	-0.0189749
-1159.1	4178.93	0.999898	-0.0142821
-1159.26	4191.52	0.999954	-0.00958901
-1159.35	4204.11	0.999988	-0.00489569
-1159.39	4216.7	1	-0.000202255
-1159.37	4229.29	0.99999	0.00449118
-1159.29	4241.88	0.999958	0.00918452
-1159.15	4254.47	0.999904	0.0138777
-1158.95	4267.05	0.999828	0.0185705
-1158.7	4279.64	0.999729	0.0232629
-1158.38	4292.22	0.999609	0.0279548
-1158	4304.81	0.999467	0.0326461
-1157.57	4317.39	0.999303	0.0373367
-1157.08	4329.97	0.999116	0.0420264
-1156.52	4342.54	0.998931	0.0462321
-1155.92	4355.12	0.998752	0.049954
-1155.28	4367.69	0.998558	0.0536752
-1154.58	4380.26	0.998352	0.0573957
-1153.84	4392.83	0.998131	0.0611153
-1153.05	4405.39	0.997935	0.0642249
-1152.23	4417.95	0.99778	0.0666038
-1151.38	4430.48	0.997627	0.0688572
-1150.51	4442.96	0.997469	0.0711002
-1149.61	4455.39	0.997308	0.0733281
-1148.69	4467.75	0.997143	0.0755367
-1147.75	4480.01	0.996975	0.0777242
-1146.79	4492.2	0.996804	0.0798908
-1145.81	4504.3	0.996648	0.0818054
-1144.82	4516.31	0.996539	0.0831303
-1143.82	4528.25	0.996504	0.0835437
-1142.83	4540.11	0.996591	0.0825004
-1141.86	4551.89	0.996767	0.0803498
-1140.93	4563.6	0.996988	0.0775607
-1140.04	4575.23	0.997272	0.0738179
-1139.21	4586.78	0.997577	0.0695655
-1138.43	4598.25	0.997862	0.0653526
-1137.7	4609.65	0.998127	0.0611792
-1137.03	4620.97	0.998372	0.0570457
-1136.4	4632.2	0.998597	0.0529529
-1135.83	4643.36	0.998804	0.0489006
-1135.3	4654.44	0.998992	0.0448882
-1134.83	4665.44	0.999163	0.0409149
-1134.4	4676.36	0.99932	0.0368834
-1134.02	4687.2	0.999472	0.0324998
-1133.69	4697.96	0.999612	0.0278649
-1133.41	4708.65	0.999729	0.0232766
-1133.18	4719.25	0.99984	0.0178711
-1133.02	4729.77	0.999935	0.0113754
-1132.93	4740.21	0.999989	0.0046646
-1132.91	4750.57	0.999998	-0.00197647
-1132.96	4760.85	0.999963	-0.00863705
-1133.07	4771.05	0.999871	-0.0160416
-1133.27	4781.17	0.999708	-0.0241792
-1133.54	4791.2	0.999469	-0.0325794
-1133.9	4801.15	0.999116	-0.042027
-1134.36	4811.01	0.998625	-0.052419
-1134.91	4820.79	0.998022	-0.0628646
-1135.56	4830.48	0.997318	-0.0731865
-1136.31	4840.08	0.996517	-0.0833864
-1137.14	4849.59	0.995623	-0.0934639
-1138.06	4859.01	0.994638	-0.103419
-1139.07	4868.34	0.993566	-0.11325
-1140.16	4877.59	0.992412	-0.122959
-1141.33	4886.74	0.991177	-0.132545
-1142.58	4895.8	0.989866	-0.142008
-1143.9	4904.77	0.988621	-0.150427
-1145.27	4913.65	0.987851	-0.155405
-1146.67	4922.45	0.987632	-0.156788
-1148.05	4931.17	0.987605	-0.156959
-1149.43	4939.82	0.987589	-0.157057
-1150.79	4948.39	0.987647	-0.156695
-1152.13	4956.89	0.987911	-0.155023
-1153.58	4966.15	0.988365	-0.152102
-1154.85	4974.5	0.988776	-0.149405
-1155.97	4981.95	0.98907	-0.147443
-1157.31	4990.97	0.989282	-0.146017
-1158.5	4999.09	0.989456	-0.144831
-1159.68	5007.15	0.989685	-0.143258
-1160.83	5015.13	0.989994	-0.141111
-1161.95	5023.04	0.990349	-0.138594
-1163.04	5030.88	0.990694	-0.136108
-1164.1	5038.65	0.991028	-0.133652
-1165.13	5046.34	0.991211	-0.13229
-1166.14	5053.95	0.991142	-0.132807
-1167.16	5061.49	0.990965	-0.134118
-1168.17	5068.95	0.9906	-0.136793
-1169.2	5076.34	0.989935	-0.141525
-1170.27	5083.64	0.989151	-0.146902
-1171.35	5090.87	0.988331	-0.152321
-1172.47	5098.01	0.987382	-0.158354
-1173.62	5105.08	0.986287	-0.165038
-1174.81	5112.05	0.985125	-0.171837
-1176.03	5118.93	0.983928	-0.178565
-1177.28	5125.69	0.982711	-0.185149
-1178.54	5132.31	0.981449	-0.191726
-1179.83	5138.8	0.979972	-0.199136
-1181.14	5145.15	0.978073	-0.208262
-1182.49	5151.34	0.975782	-0.218745
-1183.86	5157.36	0.97331	-0.229494
-1185.27	5163.22	0.970791	-0.239925
-1186.7	5168.9	0.96825	-0.249984
-1188.15	5174.41	0.965706	-0.259637
-1189.59	5179.7	0.963183	-0.268847
-1191.03	5184.77	0.960698	-0.277595
-1192.44	5189.61	0.958273	-0.285856
-1193.83	5194.2	0.955928	-0.2936
-1195.17	5198.53	0.95368	-0.300824
-1196.47	5202.61	0.951528	-0.307562
-1197.74	5206.48	0.949455	-0.313903
-1198.98	5210.2	0.947432	-0.319958
-1200.2	5213.8	0.945441	-0.325794
-1201.42	5217.3	0.943468	-0.331464
-1202.64	5220.75	0.941429	-0.337211
-1203.86	5224.15	0.939158	-0.343484
-1205.11	5227.51	0.936519	-0.350618
-1206.37	5230.85	0.933477	-0.358636
-1207.66	5234.17	0.930049	-0.367435
-1208.98	5237.47	0.926186	-0.377067
-1210.34	5240.77	0.921823	-0.387611
-1211.73	5244.04	0.916938	-0.399029
-1213.17	5247.3	0.911529	-0.411236
-1214.65	5250.54	0.905582	-0.424171
-1216.18	5253.75	0.899194	-0.437551
-1217.76	5256.94	0.892519	-0.45101
-1219.38	5260.11	0.885494	-0.464651
-1221.06	5263.25	0.87792	-0.478808
-1222.78	5266.37	0.869646	-0.493676
-1224.56	5269.45	0.860608	-0.509268
-1226.4	5272.5	0.850825	-0.525449
-1228.29	5275.52	0.840486	-0.541834
-1230.25	5278.5	0.829776	-0.558096
-1232.26	5281.43	0.81871	-0.574208
-1234.32	5284.33	0.807286	-0.590161
-1236.45	5287.19	0.795551	-0.605886
-1238.63	5290.01	0.783587	-0.621282
-1240.86	5292.78	0.771434	-0.636309
-1243.15	5295.51	0.759088	-0.650988
-1245.49	5298.19	0.746579	-0.665297
-1247.88	5300.83	0.73395	-0.679203
-1250.31	5303.43	0.721369	-0.692551
-1252.8	5305.98	0.709099	-0.705109
-1255.33	5308.49	0.697035	-0.717037
-1257.89	5310.95	0.685056	-0.72849
-1260.5	5313.38	0.673563	-0.73913
-1263.15	5315.76	0.662715	-0.748872
-1265.83	5318.1	0.652228	-0.758023
-1268.54	5320.41	0.641973	-0.766728
-1271.28	5322.68	0.632155	-0.774842
-1274.05	5324.92	0.622908	-0.782295
-1276.85	5327.13	0.614097	-0.78923
-1279.67	5329.3	0.605754	-0.795652
-1282.51	5331.45	0.598381	-0.801211
-1285.38	5333.57	0.592555	-0.80553
-1288.26	5335.69	0.588704	-0.808349
-1291.16	5337.79	0.586935	-0.809634
-1294.08	5339.91	0.586446	-0.809988
-1297.02	5342.04	0.586133	-0.810215
-1299.99	5344.18	0.585652	-0.810562
-1302.98	5346.34	0.585126	-0.810942
-1306	5348.52	0.584597	-0.811324
-1309.02	5350.69	0.584022	-0.811738
-1312.05	5352.87	0.583109	-0.812394
-1315.09	5355.05	0.581622	-0.813459
-1318.14	5357.22	0.579048	-0.815294
-1321.2	5359.39	0.574203	-0.818713
-1324.28	5361.53	0.566666	-0.823948
-1327.38	5363.65	0.557337	-0.830286
-1330.51	5365.73	0.54741	-0.836865
-1333.66	5367.77	0.537405	-0.843325
-1336.84	5369.77	0.527323	-0.849665
-1340.04	5371.74	0.517279	-0.855817
-1343.27	5373.67	0.507547	-0.861624
-1346.51	5375.56	0.498338	-0.866983
-1349.78	5377.42	0.489733	-0.871872
-1353.06	5379.25	0.481676	-0.876349
-1356.36	5381.04	0.473879	-0.88059
-1359.67	5382.81	0.466044	-0.884762
-1363	5384.55	0.457429	-0.889246
-1366.35	5386.26	0.446525	-0.894771
-1369.73	5387.91	0.432349	-0.901707
-1373.12	5389.51	0.415067	-0.909791
-1376.56	5391.04	0.395375	-0.91852
-1380.02	5392.5	0.374337	-0.927293
-1383.52	5393.87	0.35286	-0.935676
-1387.04	5395.17	0.33117	-0.943571
-1390.6	5396.38	0.309277	-0.950972
-1394.18	5397.51	0.287069	-0.95791
-1397.79	5398.55	0.264403	-0.964412
-1401.43	5399.51	0.241438	-0.970416
-1402.15	5399.69	0.239133	-0.970987
-1402.15	5399.69	0.239133	-0.970987
-1402.15	5399.69	0.239133	-0.970987
-1402.15	5399.69	0.239133	-0.970987
-1402.15	5399.69	0.239133	-0.970987
-1402.15	5399.69	0.239133	-0.970987
-1402.15	5399.69	0.239133	-0.970987
-1402.15	5399.69	0.239133	-0.970987
-1402.15	5399.69	0.239133	-0.970987
-1402.15	5399.69	0.239133	-0.970987
-1402.15	5399.69	0.239133	-0.970987
-1402.15	5399.69	0.239133	-0.970987
-1402.15	5399.69	0.239133	-0.970987
-1402.15	5399.69	0.239133	-0.970987
-1402.15	5399.69	0.239133	-0.970987
-1402.15	5399.69	0.239133	-0.970987
-1402.15	5399.69	0.239133	-0.970987
-1402.15	5399.69	0.239133	-0.970987
-1402.15	5399.69	0.239133	-0.970987
-1402.15	5399.69	0.239133	-0.970987
-1402.15	5399.69	0.239133	-0.970987
-1402.15	5399.69	0.239133	-0.970987
-1402.15	5399.69	0.239133	-0.970987
-1402.15	5399.69	0.239133	-0.970987
-1402.15	5399.69	0.239133	-0.970987
-1402.15	5399.69	0.239133	-0.970987
-1402.15	5399.69	0.239133	-0.970987
-1402.15	5399.69	0.239133	-0.970987
-1402.15	5399.69	0.239133	-0.970987
-1402.15	5399.69	0.239133	-0.970987
-1402.15	5399.69	0.239133	-0.970987
-1402.15	5399.69	0.239133	-0.970987
-1402.15	5399.69	0.239133	-0.970987
-1402.15	5399.69	0.239133	-0.970987
-1402.15	5399.69	0.239133	-0.970987
-1402.15	5399.69	0.239133	-0.970987
-1402.15	5399.69	0.239133	-0.970987
-1402.15	5399.69	0.239133	-0.970987
-1402.15	5399.69	0.239133	-0.970987
-1402.15	5399.69	0.239133	-0.970987
-1402.15	5399.69	0.239133	-0.970987
-1402.15	5399.69	0.239133	-0.970987
-1402.15	5399.69	0.239133	-0.970987
-1402.15	5399.69	0.239133	-0.970987
-1402.15	5399.69	0.239133	-0.970987
-1402.15	5399.69	0.239133	-0.970987
-1402.15	5399.69	0.239133	-0.970987
-1402.15	5399.69	0.239133	-0.970987
-1402.15	5399.69	0.239133	-0.970987
-1402.15	5399.69	0.239133	-0.970987
-1402.15	5399.69	0.239133	-0.970987
-1402.15	5399.69	0.239133	-0.970987
-1402.15	5399.69	0.239133	-0.970987
-1402.15	5399.69	0.239133	-0.970987
-1402.15	5399.69	0.239133	-0.970987
-1402.15	5399.69	0.239133	-0.970987
-1402.15	5399.69	0.239133	-0.970987
-1402.15	5399.69	0.239133	-0.970987
-1402.15	5399.69	0.239133	-0.970987
-1402.15	5399.69	0.239133	-0.970987
-1402.15	5399.69	0.239133	-0.970987
-1402.15	5399.69	0.239133	-0.970987
-1402.15	5399.69	0.239133	-0.970987
-1402.15	5399.69	0.239133	-0.970987
-1402.15	5399.69	0.239133	-0.970987
-1402.15	5399.69	0.239133	-0.970987
-1402.15	5399.69	0.239133	-0.970987
-1402.15	5399.69	0.239133	-0.970987
-1402.15	5399.69	0.239133	-0.970987
-1402.15	5399.69	0.239133	-0.970987
-1402.15	5399.69	0.239133	-0.970987
-1402.15	5399.69	0.239133	-0.970987
-1402.15	5399.69	0.239133	-0.970987
-1402.15	5399.69	0.239133	-0.970987
-1402.15	5399.69	0.239133	-0.970987
-1402.15	5399.69	0.239133	-0.970987
-1402.15	5399.69	0.239133	-0.970987
-1402.15	5399.69	0.239133	-0.970987
-1402.15	5399.69	0.239133	-0.970987
-1402.15	5399.69	0.239133	-0.970987
-1402.15	5399.69	0.239133	-0.970987
-1402.15	5399.69	0.239133	-0.970987
-1402.15	5399.69	0.239133	-0.970987
-1402.15	5399.69	0.239133	-0.970987
-1402.15	5399.69	0.239133	-0.970987
-1402.15	5399.69	0.239133	-0.970987
-1402.15	5399.69	0.239133	-0.970987
-1402.15	5399.69	0.239133	-0.970987
-1402.15	5399.69	0.239133	-0.970987
-1402.15	5399.69	0.239133	-0.970987
-1402.15	5399.69	0.239133	-0.970987
-1402.15	5399.69	0.239133	-0.970987
-1402.15	5399.69	0.239133	-0.970987
-1402.15	5399.69	0.239133	-0.970987
-1402.15	5399.69	0.239133	-0.970987
-1402.15	5399.69	0.239133	-0.970987
-1402.15	5399.69	0.239133	-0.970987
-1402.15	5399.69	0.239133	-0.970987
-1402.15	5399.69	0.239133	-0.970987
-1402.15	5399.69	0.239133	-0.970987
-1402.15	5399.69	0.239133	-0.970987
-1402.15	5399.69	0.239133	-0.970987
-1402.15	5399.69	0.239133	-0.970987
-1402.15	5399.69	0.239133	-0.970987
-1402.15	5399.69	0.239133	-0.970987
-1402.15	5399.69	0.239133	-0.970987
-1402.15	5399.69	0.239133	-0.970987
-1402.15	5399.69	0.239133	-0.970987
-1402.15	5399.69	0.239133	-0.970987
-1402.15	5399.69	0.239133	-0.970987
-1402.15	5399.69	0.239133	-0.970987
-1402.15	5399.69	0.239133	-0.970987
-1402.15	5399.69	0.239133	-0.970987
-1402.15	5399.69	0.239133	-0.970987
-1402.15	5399.69	0.239133	-0.970987
-1402.15	5399.69	0.239133	-0.970987
-1402.15	5399.69	0.239133	-0.970987
-1402.15	5399.69	0.239133	-0.970987
-1402.15	5399.69	0.239133	-0.970987
-1402.15	5399.69	0.239133	-0.970987
-1402.15	5399.69	0.239133	-0.970987
-1402.15	5399.69	0.239133	-0.970987
-1402.15	5399.69	0.239133	-0.970987
-1402.15	5399.69	0.239133	-0.970987
-1402.15	5399.69	0.239133	-0.970987
-1402.15	5399.69	0.239133	-0.970987
-1402.15	5399.69	0.239133	-0.970987
-1402.15	5399.69	0.239133	-0.970987
-1402.15	5399.69	0.239133	-0.970987
-1402.15	5399.69	0.239133	-0.970987
-1402.15	5399.69	0.239133	-0.970987
-1402.15	5399.69	0.239133	-0.970987
-1402.15	5399.69	0.239133	-0.970987
-1402.15	5399.69	0.239133	-0.970987
-1402.15	5399.69	0.239133	-0.970987
-1402.15	5399.69	0.239133	-0.970987
-1402.15	5399.69	0.239133	-0.970987
-1402.15	5399.69	0.239133	-0.970987
-1402.15	5399.69	0.239133	-0.970987
-1402.15	5399.69	0.239133	-0.970987
