1300	-5000	1	0
1300	-5000	1	0
1300	-5000	1	0
1300	-5000	1	0
1300	-5000	1	0
1300	-5000	1	0
1300	-5000	1	0
1300	-5000	1	0
1300	-5000	1	0
1300	-5000	1	0
1300	-5000	1	0
1300	-5000	1	0
1300	-5000	1	0
1300	-5000	1	0
1300	-5000	1	0
1300	-5000	1	0
1300	-5000	1	0
1300	-5000	1	0
1300	-5000	1	0
1300	-5000	1	0
1300	-5000	1	0
1300	-5000	1	0
1300	-5000	1	0
1300	-5000	1	0
1300	-5000	1	0
1300	-5000	1	0
1300	-5000	1	0
1300	-5000	1	0
1300	-5000	1	0
1300	-5000	1	0
1300	-5000	1	0
1300	-5000	1	0
1300	-5000	1	0
1300	-5000	1	0
1300	-5000	1	0
1300	-5000	1	0
1300	-5000	1	0
1300	-5000	1	0
1300	-5000	1	0
1300	-5000	1	0
1300	-5000	1	0
1300	-5000	1	3.72902e-08
1300	-4999.99	1	1.43275e-07
1300	-4999.98	1	3.12105e-07
1300	-4999.96	1	5.73322e-07
1300	-4999.94	1	9.91896e-07
1300	-4999.9	1	1.61923e-06
1300	-4999.84	1	2.51062e-06
1300	-4999.76	1	1.6088e-06
1300	-4999.66	1	-6.86578e-06
1300	-4999.54	1	-2.70813e-05
1300	-4999.4	1	-6.19834e-05
1300	-4999.23	1	-0.000118089
1300	-4999.04	1	-0.000201779
1300	-4998.83	1	-0.000329681
1300	-4998.6	1	-0.000530248
1300	-4998.34	1	-0.000832177
1300	-4998.06	0.999999	-0.00128414
1300	-4997.74	0.999998	-0.00193067
1300	-4997.39	0.999996	-0.00278343
1300	-4997.01	0.999993	-0.00385591
1300	-4996.6	0.999987	-0.00517486
1299.99	-4996.15	0.999977	-0.00677849
1299.99	-4995.68	0.999962	-0.00870334
1299.98	-4995.16	0.99994	-0.0109748
1299.98	-4994.61	0.999907	-0.0136404
1299.97	-4994.03	0.999859	-0.0167945
1299.96	-4993.4	0.999789	-0.0205458
1299.94	-4992.72	0.999692	-0.0248305
1299.92	-4992	0.999566	-0.0294702
1299.9	-4991.24	0.999408	-0.034401
1299.87	-4990.44	0.999215	-0.039624
1299.83	-4989.59	0.998981	-0.04514
1299.79	-4988.7	0.998701	-0.05095
1299.74	-4987.77	0.998371	-0.0570546
1299.68	-4986.79	0.997985	-0.0634547
1299.62	-4985.77	0.997536	-0.070151
1299.54	-4984.7	0.99702	-0.0771438
1299.45	-4983.6	0.996429	-0.0844337
1299.35	-4982.45	0.995757	-0.0920211
1299.23	-4981.25	0.994997	-0.099906
1299.11	-4980.02	0.994141	-0.108089
1298.96	-4978.74	0.993183	-0.116569
1298.8	-4977.42	0.992113	-0.125346
1298.63	-4976.06	0.990924	-0.13442
1298.43	-4974.66	0.989608	-0.143791
1298.21	-4973.21	0.988155	-0.153457
1297.98	-4971.73	0.986557	-0.163417
1297.72	-4970.2	0.984804	-0.17367
1297.44	-4968.64	0.982886	-0.184215
1297.13	-4967.03	0.980793	-0.195049
1296.79	-4965.39	0.978516	-0.206171
1296.43	-4963.7	0.976043	-0.217579
1296.04	-4961.98	0.973363	-0.229269
1295.61	-4960.22	0.970466	-0.241238
1295.16	-4958.42	0.96734	-0.253484
1294.67	-4956.59	0.963973	-0.266001
1294.14	-4954.72	0.960353	-0.278787
1293.58	-4952.82	0.956468	-0.291837
1292.97	-4950.88	0.952306	-0.305146
1292.33	-4948.91	0.947851	-0.318713
1291.64	-4946.91	0.94309	-0.332537
1290.91	-4944.88	0.93801	-0.346609
1290.14	-4942.81	0.932597	-0.36092
1289.31	-4940.72	0.926839	-0.375459
1288.43	-4938.59	0.920725	-0.390212
1287.51	-4936.45	0.914253	-0.405144
1286.54	-4934.29	0.907429	-0.420206
1285.51	-4932.12	0.900257	-0.435358
1284.44	-4929.95	0.892745	-0.450562
1283.33	-4927.77	0.884902	-0.465778
1282.17	-4925.6	0.876742	-0.480961
1280.96	-4923.44	0.868281	-0.496073
1279.72	-4921.3	0.859524	-0.511096
1278.43	-4919.17	0.850477	-0.526011
1277.1	-4917.06	0.841148	-0.540806
1275.74	-4914.96	0.831537	-0.55547
1274.33	-4912.89	0.821647	-0.569996
1272.89	-4910.84	0.811479	-0.584382
1271.4	-4908.81	0.801032	-0.598622
1269.88	-4906.8	0.790307	-0.612711
1268.31	-4904.81	0.779307	-0.626642
1266.71	-4902.85	0.768033	-0.640411
1265.07	-4900.91	0.756485	-0.654011
1263.4	-4899	0.744665	-0.667438
1261.68	-4897.11	0.732575	-0.680686
1259.93	-4895.25	0.720217	-0.693749
1258.14	-4893.42	0.707592	-0.706621
1256.31	-4891.62	0.694704	-0.719296
1254.44	-4889.84	0.681554	-0.731768
1252.54	-4888.1	0.668146	-0.74403
1250.6	-4886.38	0.654481	-0.756079
1248.63	-4884.7	0.640563	-0.767906
1246.63	-4883.05	0.626736	-0.779232
1244.58	-4881.43	0.613045	-0.790048
1242.51	-4879.84	0.599756	-0.800183
1240.41	-4878.29	0.58834	-0.808614
1238.28	-4876.76	0.580116	-0.814534
1236.14	-4875.24	0.57523	-0.817992
1233.98	-4873.72	0.5736	-0.819135
1231.82	-4872.21	0.574009	-0.818849
1229.65	-4870.69	0.574389	-0.818582
1227.48	-4869.17	0.57447	-0.818526
1225.3	-4867.64	0.574723	-0.818348
1223.12	-4866.11	0.575092	-0.818088
1220.94	-4864.57	0.575087	-0.818092
1218.75	-4863.04	0.574661	-0.818391
1216.56	-4861.5	0.574002	-0.818854
1214.36	-4859.96	0.57292	-0.819611
1212.16	-4858.42	0.571078	-0.820896
1209.96	-4856.9	0.568488	-0.822692
1207.75	-4855.37	0.565686	-0.824621
1205.54	-4853.86	0.562966	-0.82648
1203.32	-4852.35	0.560151	-0.82839
1201.1	-4850.86	0.556903	-0.830578
1198.87	-4849.37	0.552988	-0.833189
1196.62	-4847.88	0.548437	-0.836192
1194.36	-4846.41	0.54363	-0.839325
1192.08	-4844.94	0.538793	-0.842438
1189.78	-4843.47	0.533931	-0.845528
1187.45	-4842.01	0.529138	-0.848536
1185.08	-4840.54	0.524664	-0.851309
1182.68	-4839.07	0.520664	-0.853761
1180.25	-4837.59	0.516994	-0.855989
1177.78	-4836.1	0.513434	-0.858129
1175.28	-4834.61	0.510682	-0.85977
1172.75	-4833.11	0.509662	-0.860375
1170.19	-4831.6	0.509397	-0.860532
1167.6	-4830.07	0.508886	-0.860834
1164.99	-4828.52	0.508298	-0.861181
1162.35	-4826.97	0.507721	-0.861521
1159.68	-4825.39	0.507157	-0.861854
1156.99	-4823.81	0.506585	-0.86219
1154.26	-4822.21	0.506007	-0.862529
1151.51	-4820.59	0.505459	-0.862851
1148.73	-4818.97	0.504998	-0.86312
1145.92	-4817.32	0.504589	-0.86336
1143.09	-4815.67	0.504175	-0.863601
1140.22	-4814	0.503757	-0.863845
1137.33	-4812.31	0.503334	-0.864092
1134.41	-4810.61	0.503147	-0.864201
1131.46	-4808.89	0.503402	-0.864052
1128.49	-4807.16	0.503862	-0.863784
1125.49	-4805.41	0.504327	-0.863513
1122.47	-4803.64	0.504859	-0.863202
1119.41	-4801.86	0.505481	-0.862838
1116.34	-4800.05	0.506132	-0.862456
1113.24	-4798.23	0.506788	-0.862071
1110.11	-4796.39	0.507582	-0.861604
1106.95	-4794.53	0.508557	-0.861028
1103.78	-4792.65	0.509652	-0.86038
1100.58	-4790.75	0.511204	-0.85946
1097.35	-4788.83	0.513577	-0.858044
1094.11	-4786.88	0.516646	-0.856199
1090.84	-4784.91	0.520079	-0.854118
1087.56	-4782.9	0.52381	-0.851835
1084.26	-4780.86	0.52803	-0.849225
1080.94	-4778.79	0.532555	-0.846395
1077.61	-4776.69	0.537107	-0.843514
1074.27	-4774.55	0.541684	-0.840582
1070.91	-4772.37	0.546288	-0.837597
1067.53	-4770.16	0.550918	-0.83456
1064.15	-4767.91	0.555572	-0.831469
1060.74	-4765.63	0.56025	-0.828323
1057.33	-4763.31	0.564953	-0.825123
1053.91	-4760.95	0.569679	-0.821867
1050.47	-4758.56	0.574427	-0.818555
1047.02	-4756.12	0.579198	-0.815187
1043.56	-4753.65	0.584286	-0.811548
1040.09	-4751.14	0.590134	-0.807305
1036.61	-4748.58	0.59647	-0.802636
1033.13	-4745.98	0.602773	-0.797913
1029.65	-4743.33	0.608818	-0.79331
1026.16	-4740.64	0.61463	-0.788815
1022.67	-4737.9	0.620407	-0.78428
1019.17	-4735.11	0.626198	-0.779664
1015.67	-4732.29	0.632003	-0.774966
1012.16	-4729.41	0.63782	-0.770185
1008.66	-4726.49	0.643652	-0.765318
1005.15	-4723.52	0.649474	-0.760384
1001.63	-4720.49	0.655284	-0.755383
998.114	-4717.42	0.66108	-0.750315
994.595	-4714.3	0.666785	-0.74525
991.074	-4711.14	0.672246	-0.740328
987.551	-4707.92	0.676847	-0.736124
984.021	-4704.66	0.68041	-0.732832
980.48	-4701.36	0.683421	-0.730025
976.928	-4698.03	0.685692	-0.727892
973.359	-4694.66	0.68709	-0.726573
969.771	-4691.26	0.688158	-0.725561
966.164	-4687.84	0.689233	-0.72454
962.537	-4684.38	0.690316	-0.723508
958.891	-4680.9	0.691406	-0.722466
955.226	-4677.39	0.692503	-0.721415
951.541	-4673.85	0.693608	-0.720353
947.838	-4670.28	0.69472	-0.71928
944.115	-4666.68	0.695839	-0.718198
940.374	-4663.05	0.696966	-0.717105
936.614	-4659.39	0.698099	-0.716001
932.836	-4655.7	0.69924	-0.714887
929.039	-4651.98	0.700388	-0.713763
925.225	-4648.23	0.701543	-0.712627
921.392	-4644.45	0.702619	-0.711567
917.542	-4640.65	0.703557	-0.710639
913.672	-4636.81	0.704443	-0.70976
909.779	-4632.95	0.705336	-0.708873
905.862	-4629.04	0.706236	-0.707976
901.921	-4625.11	0.707143	-0.70707
897.957	-4621.14	0.708057	-0.706155
893.97	-4617.14	0.708978	-0.705231
889.959	-4613.1	0.709906	-0.704297
885.926	-4609.03	0.71087	-0.703323
881.87	-4604.93	0.712181	-0.701996
877.795	-4600.79	0.713964	-0.700182
873.703	-4596.6	0.715914	-0.698189
869.595	-4592.38	0.717874	-0.696173
865.472	-4588.12	0.719845	-0.694135
861.333	-4583.82	0.721826	-0.692075
857.179	-4579.48	0.723753	-0.690059
853.009	-4575.09	0.725531	-0.68819
848.824	-4570.67	0.727221	-0.686403
844.63	-4566.22	0.728917	-0.684602
840.432	-4561.74	0.730615	-0.682789
836.236	-4557.24	0.732314	-0.680967
832.044	-4552.73	0.734011	-0.679137
827.861	-4548.2	0.735705	-0.677302
823.689	-4543.66	0.737394	-0.675463
819.529	-4539.1	0.739079	-0.673619
815.38	-4534.54	0.740759	-0.671771
811.243	-4529.97	0.742434	-0.669919
807.117	-4525.39	0.744105	-0.668063
803.002	-4520.8	0.745771	-0.666203
798.899	-4516.2	0.747432	-0.664338
794.808	-4511.58	0.749308	-0.662222
790.73	-4506.96	0.751459	-0.65978
786.668	-4502.32	0.753665	-0.657258
782.622	-4497.67	0.755863	-0.65473
778.591	-4493	0.758053	-0.652193
774.577	-4488.32	0.76051	-0.649326
770.581	-4483.62	0.763602	-0.645687
766.61	-4478.91	0.767044	-0.641595
762.664	-4474.17	0.770282	-0.637703
758.741	-4469.41	0.77308	-0.634309
754.837	-4464.64	0.775622	-0.631198
750.953	-4459.85	0.778152	-0.628076
747.088	-4455.05	0.780609	-0.625019
743.241	-4450.23	0.782818	-0.62225
739.411	-4445.4	0.784782	-0.619772
735.595	-4440.55	0.786619	-0.617439
731.794	-4435.7	0.788216	-0.615399
728.004	-4430.83	0.789517	-0.613729
724.223	-4425.96	0.790495	-0.612469
720.449	-4421.09	0.791208	-0.611547
716.68	-4416.21	0.791861	-0.610701
712.917	-4411.32	0.792457	-0.609927
709.157	-4406.44	0.792593	-0.609752
705.397	-4401.55	0.792266	-0.610176
701.633	-4396.67	0.79188	-0.610677
697.866	-4391.78	0.791493	-0.611178
694.097	-4386.91	0.791166	-0.611602
690.325	-4382.03	0.790953	-0.611877
686.552	-4377.15	0.790797	-0.612079
682.777	-4372.28	0.790641	-0.61228
679.001	-4367.4	0.790485	-0.612482
675.225	-4362.53	0.790414	-0.612573
671.448	-4357.65	0.79046	-0.612514
667.671	-4352.78	0.790535	-0.612417
663.895	-4347.9	0.790581	-0.612358
660.119	-4343.03	0.790453	-0.612522
656.342	-4338.16	0.78995	-0.613171
652.558	-4333.29	0.789214	-0.614119
648.769	-4328.42	0.788476	-0.615066
644.975	-4323.56	0.787677	-0.616088
641.173	-4318.71	0.786437	-0.61767
637.359	-4313.86	0.784753	-0.619808
633.532	-4309.03	0.782975	-0.622053
629.691	-4304.21	0.781071	-0.624442
625.834	-4299.4	0.778714	-0.627379
621.957	-4294.6	0.775447	-0.631413
618.051	-4289.83	0.771071	-0.636749
614.11	-4285.09	0.765592	-0.643326
610.125	-4280.38	0.758975	-0.65112
606.089	-4275.72	0.751306	-0.659954
601.997	-4271.11	0.742835	-0.669475
597.844	-4266.55	0.733921	-0.679235
593.631	-4262.05	0.72481	-0.688949
589.355	-4257.6	0.715462	-0.698652
585.014	-4253.2	0.7055	-0.70871
580.605	-4248.86	0.694868	-0.719138
576.127	-4244.59	0.683964	-0.729516
571.58	-4240.38	0.672891	-0.739742
566.966	-4236.23	0.661795	-0.749685
562.287	-4232.15	0.650939	-0.75913
557.544	-4228.13	0.640222	-0.76819
552.736	-4224.17	0.629389	-0.77709
547.863	-4220.26	0.618404	-0.785861
542.924	-4216.42	0.607305	-0.794469
537.921	-4212.64	0.596249	-0.802799
532.855	-4208.92	0.585442	-0.810715
527.73	-4205.26	0.575177	-0.818029
522.549	-4201.65	0.5656	-0.82468
517.315	-4198.1	0.556449	-0.830881
512.029	-4194.59	0.547613	-0.836732
506.695	-4191.13	0.538979	-0.842319
501.311	-4187.72	0.530304	-0.847808
495.88	-4184.35	0.521715	-0.85312
490.402	-4181.03	0.514244	-0.857644
484.885	-4177.74	0.509253	-0.860617
479.34	-4174.47	0.506479	-0.862252
473.773	-4171.21	0.504339	-0.863506
468.183	-4167.95	0.502145	-0.864784
462.572	-4164.7	0.499983	-0.866035
456.939	-4161.46	0.497812	-0.867285
451.283	-4158.22	0.495276	-0.868736
445.604	-4154.99	0.492106	-0.870535
439.897	-4151.78	0.487936	-0.872879
434.158	-4148.59	0.482256	-0.876031
428.381	-4145.43	0.475631	-0.879645
422.565	-4142.31	0.468868	-0.883268
416.711	-4139.22	0.462149	-0.886802
410.818	-4136.18	0.455426	-0.890274
404.887	-4133.16	0.448655	-0.893705
398.918	-4130.19	0.442213	-0.89691
392.914	-4127.25	0.437668	-0.899136
386.883	-4124.32	0.434806	-0.900524
380.827	-4121.41	0.432073	-0.901839
374.747	-4118.5	0.429327	-0.903149
368.644	-4115.61	0.427146	-0.904183
362.519	-4112.72	0.425632	-0.904897
356.374	-4109.84	0.424256	-0.905542
350.209	-4106.95	0.422923	-0.906166
344.024	-4104.07	0.421585	-0.906789
337.819	-4101.19	0.420241	-0.907412
331.593	-4098.31	0.418892	-0.908036
325.347	-4095.43	0.417538	-0.90866
319.081	-4092.56	0.416178	-0.909283
312.794	-4089.69	0.415463	-0.90961
306.49	-4086.81	0.416297	-0.909229
300.175	-4083.91	0.418035	-0.908431
293.849	-4080.99	0.419976	-0.907535
287.513	-4078.05	0.422929	-0.906163
281.173	-4075.08	0.426946	-0.904277
274.831	-4072.07	0.43122	-0.902247
268.487	-4069.02	0.435499	-0.900189
262.141	-4065.94	0.440084	-0.897956
255.796	-4062.81	0.445025	-0.895518
249.452	-4059.64	0.449562	-0.893249
243.107	-4056.43	0.452836	-0.891594
236.756	-4053.2	0.455101	-0.89044
230.396	-4049.94	0.45737	-0.889276
224.03	-4046.66	0.460305	-0.887761
217.66	-4043.34	0.463957	-0.885858
211.289	-4039.99	0.467921	-0.88377
204.916	-4036.6	0.471942	-0.88163
198.543	-4033.18	0.476169	-0.879354
192.173	-4029.71	0.481678	-0.876348
185.811	-4026.18	0.489023	-0.872271
179.465	-4022.6	0.497167	-0.867655
173.138	-4018.94	0.505495	-0.862829
166.832	-4015.21	0.514513	-0.857483
160.551	-4011.4	0.524007	-0.851714
154.297	-4007.52	0.533315	-0.845917
148.07	-4003.55	0.542239	-0.840224
141.87	-3999.52	0.550432	-0.83488
135.692	-3995.41	0.557651	-0.830075
129.533	-3991.25	0.563262	-0.826278
123.383	-3987.03	0.567524	-0.823357
117.239	-3982.78	0.571535	-0.820578
111.102	-3978.49	0.575594	-0.817736
104.971	-3974.16	0.579751	-0.814794
98.8476	-3969.78	0.584054	-0.811714
92.734	-3965.36	0.589247	-0.807953
86.6371	-3960.88	0.595321	-0.803488
80.5599	-3956.35	0.601479	-0.798889
74.5035	-3951.76	0.607768	-0.794115
68.4698	-3947.11	0.614379	-0.789011
62.4617	-3942.4	0.621162	-0.783683
56.4803	-3937.63	0.627823	-0.778356
50.5245	-3932.79	0.633588	-0.773671
44.5861	-3927.91	0.637107	-0.770775
38.65	-3922.99	0.639126	-0.769102
32.7127	-3918.04	0.641099	-0.767458
26.7743	-3913.07	0.643219	-0.765682
20.8365	-3908.07	0.645534	-0.763732
14.9004	-3903.04	0.648093	-0.761561
8.96832	-3897.98	0.650944	-0.759126
3.04195	-3892.88	0.653889	-0.756591
-2.87828	-3887.75	0.656832	-0.754037
-8.79211	-3882.58	0.659775	-0.751464
-14.6993	-3877.38	0.662716	-0.748871
-20.5997	-3872.14	0.665656	-0.746259
-26.4934	-3866.87	0.668351	-0.743846
-32.3827	-3861.56	0.67061	-0.74181
-38.2703	-3856.23	0.672677	-0.739936
-44.1563	-3850.86	0.674745	-0.738051
-50.0407	-3845.47	0.676814	-0.736154
-55.9232	-3840.05	0.678883	-0.734246
-61.8038	-3834.6	0.680954	-0.732326
-67.6827	-3829.12	0.682683	-0.730715
-73.564	-3823.62	0.683633	-0.729826
-79.4539	-3818.1	0.683903	-0.729573
-85.3566	-3812.57	0.683491	-0.729959
-91.2784	-3807.03	0.682244	-0.731125
-97.2248	-3801.49	0.680596	-0.732659
-103.197	-3795.96	0.678742	-0.734377
-109.199	-3790.42	0.675927	-0.736969
-115.239	-3784.9	0.672239	-0.740334
-121.321	-3779.41	0.667712	-0.74442
-127.456	-3773.94	0.661141	-0.750261
-133.659	-3768.52	0.653148	-0.75723
-139.933	-3763.15	0.645428	-0.763821
-146.273	-3757.83	0.638948	-0.76925
-152.668	-3752.55	0.634282	-0.773102
-159.104	-3747.29	0.631359	-0.77549
-165.57	-3742.04	0.629286	-0.777174
-172.066	-3736.79	0.627475	-0.778637
-178.587	-3731.54	0.625982	-0.779837
-185.132	-3726.3	0.624594	-0.78095
-191.702	-3721.05	0.623199	-0.782063
-198.296	-3715.8	0.621799	-0.783177
-204.914	-3710.56	0.620392	-0.784292
-211.556	-3705.31	0.618979	-0.785407
-218.223	-3700.06	0.61756	-0.786523
-224.914	-3694.82	0.616135	-0.78764
-231.629	-3689.57	0.614704	-0.788758
-238.369	-3684.33	0.613266	-0.789876
-245.134	-3679.08	0.611823	-0.790995
-251.923	-3673.84	0.610372	-0.792115
-258.737	-3668.6	0.608916	-0.793235
-265.575	-3663.36	0.607454	-0.794355
-272.438	-3658.12	0.605985	-0.795476
-279.326	-3652.88	0.60451	-0.796598
-286.239	-3647.64	0.603085	-0.797677
-293.175	-3642.4	0.602066	-0.798447
-300.132	-3637.16	0.601099	-0.799175
-307.112	-3631.92	0.599715	-0.800214
-314.117	-3626.68	0.59821	-0.801339
-321.147	-3621.44	0.596698	-0.802466
-328.202	-3616.2	0.594819	-0.803859
-335.287	-3610.97	0.592327	-0.805698
-342.404	-3605.75	0.589577	-0.807712
-349.555	-3600.55	0.586446	-0.809988
-356.743	-3595.36	0.582562	-0.812786
-363.972	-3590.2	0.578283	-0.815836
-371.244	-3585.07	0.573976	-0.818872
-378.559	-3579.97	0.56983	-0.821763
-385.913	-3574.89	0.566412	-0.824122
-393.302	-3569.83	0.563605	-0.826044
-400.724	-3564.78	0.560846	-0.82792
-408.178	-3559.74	0.558073	-0.829792
-415.665	-3554.72	0.555353	-0.831615
-423.183	-3549.71	0.552944	-0.833218
-430.73	-3544.72	0.55117	-0.834393
-438.302	-3539.72	0.549778	-0.835311
-445.898	-3534.73	0.548381	-0.836229
-453.519	-3529.74	0.546978	-0.837147
-461.164	-3524.75	0.54557	-0.838066
-468.833	-3519.77	0.544156	-0.838984
-476.526	-3514.78	0.542737	-0.839903
-484.243	-3509.8	0.541447	-0.840735
-491.984	-3504.82	0.540623	-0.841265
-499.743	-3499.84	0.540933	-0.841066
-507.513	-3494.84	0.542114	-0.840305
-515.292	-3489.81	0.542427	-0.840103
-523.09	-3484.78	0.541325	-0.840813
-530.912	-3479.75	0.539946	-0.841699
-538.76	-3474.73	0.538766	-0.842456
-546.635	-3469.7	0.537579	-0.843213
-554.542	-3464.66	0.536387	-0.843972
-562.481	-3459.62	0.535189	-0.844732
-570.45	-3454.58	0.534542	-0.845142
-578.445	-3449.52	0.535005	-0.844849
-586.46	-3444.44	0.536024	-0.844203
-594.492	-3439.33	0.537047	-0.843552
-602.541	-3434.2	0.538073	-0.842898
-610.609	-3429.05	0.539103	-0.84224
-618.694	-3423.87	0.540135	-0.841578
-626.796	-3418.66	0.541454	-0.840731
-634.912	-3413.43	0.542988	-0.83974
-643.043	-3408.16	0.544458	-0.838788
-651.188	-3402.86	0.545931	-0.83783
-659.348	-3397.54	0.547408	-0.836866
-667.522	-3392.18	0.54889	-0.835895
-675.71	-3386.8	0.550375	-0.834917
-683.913	-3381.38	0.551865	-0.833933
-692.129	-3375.94	0.553359	-0.832943
-700.358	-3370.46	0.554856	-0.831946
-708.602	-3364.96	0.556358	-0.830943
-716.859	-3359.42	0.557863	-0.829933
-725.129	-3353.85	0.559372	-0.828917
-733.413	-3348.25	0.561034	-0.827793
-741.707	-3342.62	0.563218	-0.826308
-750.009	-3336.95	0.565776	-0.824559
-758.316	-3331.23	0.568261	-0.822848
-766.63	-3325.48	0.569784	-0.821794
-774.961	-3319.69	0.571092	-0.820886
-783.302	-3313.88	0.573221	-0.819401
-791.65	-3308.03	0.575505	-0.817798
-800.005	-3302.13	0.577793	-0.816184
-808.367	-3296.2	0.580309	-0.814397
-816.731	-3290.22	0.583053	-0.812434
-825.098	-3284.2	0.585873	-0.810403
-833.463	-3278.13	0.589072	-0.808081
-841.821	-3272.02	0.592798	-0.805351
-850.163	-3265.85	0.597344	-0.801985
-858.479	-3259.62	0.602924	-0.797798
-866.757	-3253.33	0.609299	-0.792941
-874.985	-3246.96	0.616378	-0.78745
-883.156	-3240.51	0.623848	-0.781546
-891.264	-3233.99	0.631332	-0.775512
-899.31	-3227.39	0.638759	-0.769407
-907.292	-3220.71	0.646126	-0.763231
-915.209	-3213.95	0.653434	-0.756984
-923.062	-3207.12	0.660681	-0.750667
-930.848	-3200.22	0.667517	-0.744594
-938.573	-3193.24	0.673951	-0.738776
-946.238	-3186.2	0.680334	-0.732902
-953.841	-3179.09	0.686666	-0.726973
-961.382	-3171.92	0.692946	-0.72099
-968.86	-3164.68	0.699174	-0.714952
-976.276	-3157.38	0.705349	-0.70886
-983.628	-3150.02	0.711471	-0.702715
-990.915	-3142.59	0.71754	-0.696517
-998.138	-3135.09	0.723685	-0.69013
-1005.29	-3127.53	0.730286	-0.683141
-1012.37	-3119.9	0.737261	-0.675608
-1019.37	-3112.2	0.74422	-0.667935
-1026.29	-3104.43	0.751098	-0.660191
-1033.13	-3096.58	0.757896	-0.652376
-1039.89	-3088.67	0.764612	-0.644491
-1046.56	-3080.68	0.771786	-0.635882
-1053.14	-3072.62	0.779628	-0.626243
-1059.61	-3064.47	0.787578	-0.616214
-1065.98	-3056.24	0.7954	-0.606085
-1072.25	-3047.93	0.803091	-0.595856
-1078.41	-3039.54	0.810705	-0.585455
-1084.46	-3031.07	0.818236	-0.574883
-1090.4	-3022.52	0.825684	-0.564132
-1096.22	-3013.9	0.833666	-0.552269
-1101.91	-3005.19	0.842287	-0.539029
-1107.47	-2996.39	0.850797	-0.525494
-1112.88	-2987.5	0.858993	-0.511987
-1118.15	-2978.52	0.866975	-0.498352
-1123.28	-2969.47	0.87474	-0.484593
-1128.27	-2960.33	0.882286	-0.470713
-1133.11	-2951.12	0.889613	-0.456715
-1137.8	-2941.83	0.896717	-0.442604
-1142.35	-2932.47	0.903598	-0.428381
-1146.75	-2923.04	0.910253	-0.414052
-1151	-2913.54	0.916681	-0.39962
-1155.1	-2903.97	0.92288	-0.385088
-1159.04	-2894.34	0.92909	-0.369853
-1162.82	-2884.65	0.935481	-0.353377
-1166.43	-2874.88	0.941801	-0.336171
-1169.86	-2865.06	0.947834	-0.318764
-1173.1	-2855.17	0.953461	-0.301517
-1176.17	-2845.22	0.958506	-0.285072
-1179.07	-2835.23	0.963091	-0.269176
-1181.81	-2825.19	0.967389	-0.253296
-1184.38	-2815.1	0.971136	-0.238526
-1186.8	-2804.98	0.974237	-0.225525
-1189.1	-2794.83	0.977005	-0.213218
-1191.27	-2784.65	0.979617	-0.200876
-1193.31	-2774.45	0.982073	-0.188503
-1195.22	-2764.22	0.984372	-0.176099
-1197	-2753.96	0.986516	-0.163667
-1198.65	-2743.69	0.988502	-0.15121
-1200.17	-2733.39	0.990331	-0.138728
-1201.56	-2723.08	0.992002	-0.126224
-1202.82	-2712.75	0.993515	-0.113701
-1203.95	-2702.4	0.994983	-0.100042
-1204.93	-2692.04	0.996431	-0.0844071
-1205.74	-2681.66	0.997691	-0.0679118
-1206.38	-2671.28	0.998659	-0.0517695
-1206.85	-2660.88	0.999335	-0.036455
-1207.17	-2650.48	0.999767	-0.0216015
-1207.34	-2640.07	0.999974	-0.00721293
-1207.36	-2629.66	0.999997	0.00249228
-1207.31	-2619.26	0.999984	0.00563991
-1207.25	-2608.85	0.999975	0.00709778
-1207.17	-2598.44	0.999966	0.00827504
-1207.09	-2588.03	0.999977	0.00683397
-1207.03	-2577.63	0.999992	0.00408598
-1206.99	-2567.22	0.999996	0.00264945
-1206.97	-2556.81	0.999997	0.00233527
-1206.94	-2546.4	0.999998	0.00221015
-1206.92	-2536	0.999998	0.00208503
-1206.9	-2525.59	0.999998	0.0019599
-1206.88	-2515.18	0.999998	0.00183478
-1206.86	-2504.77	0.999998	0.00217482
-1206.83	-2494.37	0.999995	0.0030715
-1206.8	-2483.96	0.999992	0.00405966
-1206.75	-2473.55	0.999987	0.0050478
-1206.7	-2463.15	0.999982	0.00603595
-1206.63	-2452.74	0.999975	0.00702409
-1206.55	-2442.33	0.999968	0.00801222
-1206.46	-2431.92	0.999959	0.00900034
-1206.37	-2421.52	0.99995	0.00998846
-1206.26	-2411.11	0.99994	0.0109766
-1206.14	-2400.7	0.999928	0.0119647
-1206.01	-2390.3	0.999921	0.0125807
-1205.88	-2379.89	0.999922	0.0124511
-1205.75	-2369.48	0.999929	0.0119479
-1205.63	-2359.08	0.999935	0.0114447
-1205.51	-2348.67	0.99994	0.0109415
-1205.4	-2338.26	0.999946	0.0104383
-1205.29	-2327.86	0.999951	0.00993505
-1205.19	-2317.45	0.999956	0.00943184
-1205.1	-2307.04	0.99996	0.00892863
-1205.01	-2296.63	0.999965	0.00842541
-1204.92	-2286.23	0.999969	0.00792219
-1204.84	-2275.82	0.999973	0.0073275
-1204.77	-2265.41	0.999981	0.0061716
-1204.71	-2255.01	0.99999	0.00445447
-1204.67	-2244.6	0.999996	0.00264586
-1204.65	-2234.19	1	0.000928716
-1204.65	-2223.78	1	-0.000696955
-1204.66	-2213.38	0.999997	-0.00232262
-1204.69	-2202.97	0.999992	-0.00394829
-1204.74	-2192.56	0.999986	-0.00538481
-1204.8	-2182.15	0.999979	-0.00644314
-1204.87	-2171.75	0.999973	-0.00731241
-1204.95	-2161.34	0.999967	-0.00818168
-1205.04	-2150.93	0.999959	-0.00905094
-1205.14	-2140.52	0.999951	-0.0099202
-1205.25	-2130.12	0.999942	-0.0107894
-1205.36	-2119.71	0.999932	-0.0116587
-1205.49	-2109.3	0.999922	-0.0125279
-1205.62	-2098.9	0.99991	-0.0133971
-1205.76	-2088.49	0.999898	-0.0142663
-1205.92	-2078.08	0.999885	-0.0151355
-1206.08	-2067.68	0.999872	-0.0160047
-1206.25	-2057.27	0.999858	-0.0168739
-1206.43	-2046.87	0.999843	-0.0177431
-1206.62	-2036.46	0.999827	-0.0186122
-1206.81	-2026.05	0.99981	-0.0194814
-1207.02	-2015.65	0.999793	-0.0203505
-1207.23	-2005.24	0.999775	-0.0212196
-1207.46	-1994.84	0.999756	-0.0220887
-1207.69	-1984.43	0.999736	-0.0229577
-1207.93	-1974.03	0.999716	-0.0238268
-1208.19	-1963.62	0.999695	-0.0246958
-1208.45	-1953.22	0.999673	-0.0255649
-1208.72	-1942.82	0.999658	-0.0261533
-1208.99	-1932.41	0.999657	-0.0261854
-1209.26	-1922.01	0.999678	-0.0253804
-1209.52	-1911.6	0.999727	-0.0233619
-1209.75	-1901.2	0.999786	-0.0206907
-1209.95	-1890.79	0.999838	-0.0180194
-1210.13	-1880.39	0.999881	-0.0154395
-1210.28	-1869.98	0.999909	-0.013512
-1210.42	-1859.57	0.999926	-0.0121457
-1210.54	-1849.17	0.999942	-0.0107794
-1210.64	-1838.76	0.999956	-0.00941302
-1210.74	-1828.35	0.999968	-0.00804665
-1210.81	-1817.95	0.999978	-0.00668026
-1210.88	-1807.54	0.999986	-0.00531386
-1210.93	-1797.13	0.999992	-0.00394745
-1210.96	-1786.72	0.999997	-0.00258103
-1210.98	-1776.32	0.999999	-0.00121461
-1210.99	-1765.91	1	0.000151815
-1210.98	-1755.5	0.999999	0.00151824
-1210.96	-1745.09	0.999996	0.00288466
-1210.93	-1734.69	0.999991	0.0041596
-1210.88	-1724.28	0.999989	0.00468877
-1210.83	-1713.87	0.999994	0.0034413
-1210.81	-1703.47	0.999999	0.00125441
-1210.8	-1693.06	1	-0.000749522
-1210.82	-1682.65	0.999996	-0.00275346
-1210.86	-1672.24	0.999989	-0.00475738
-1210.91	-1661.84	0.999977	-0.00676128
-1210.99	-1651.43	0.999962	-0.00876516
-1211.09	-1641.02	0.999942	-0.010769
-1211.21	-1630.61	0.999918	-0.0127728
-1211.35	-1620.21	0.999891	-0.0147765
-1211.52	-1609.8	0.999859	-0.0167802
-1211.7	-1599.4	0.999824	-0.0187838
-1211.9	-1588.99	0.999784	-0.0207874
-1212.13	-1578.59	0.999755	-0.0221321
-1212.36	-1568.18	0.999761	-0.0218836
-1212.58	-1557.77	0.999799	-0.0200478
-1212.78	-1547.37	0.999852	-0.0171812
-1212.94	-1536.96	0.999912	-0.0132838
-1213.06	-1526.56	0.999962	-0.00873342
-1213.13	-1516.15	0.99999	-0.00437194
-1213.16	-1505.74	1	-0.000663081
-1213.15	-1495.33	0.999997	0.00258216
-1213.11	-1484.93	0.999984	0.00572979
-1213.04	-1474.52	0.99997	0.00774886
-1212.96	-1464.11	0.999967	0.00818036
-1212.88	-1453.71	0.999966	0.0082398
-1212.79	-1443.3	0.999964	0.00848377
-1212.7	-1432.89	0.999962	0.00872775
-1212.61	-1422.48	0.99996	0.00897173
-1212.51	-1412.08	0.999958	0.00921571
-1212.42	-1401.67	0.999954	0.00955116
-1212.31	-1391.26	0.999947	0.0102587
-1212.2	-1380.86	0.999937	0.0112468
-1212.08	-1370.45	0.999925	0.0122349
-1211.95	-1360.04	0.999913	0.0132229
-1211.81	-1349.64	0.999896	0.0144001
-1211.65	-1339.23	0.999874	0.0158579
-1211.48	-1328.82	0.999848	0.017407
-1211.29	-1318.42	0.99982	0.0189561
-1211.09	-1308.01	0.99979	0.0205052
-1210.87	-1297.61	0.999757	0.0220542
-1210.63	-1287.2	0.999724	0.0235118
-1210.38	-1276.8	0.9997	0.0244997
-1210.13	-1266.39	0.999685	0.0251096
-1209.86	-1255.99	0.999676	0.0254389
-1209.6	-1245.59	0.999677	0.0254008
-1209.33	-1235.18	0.999681	0.0252757
-1209.07	-1224.78	0.999684	0.0251506
-1208.81	-1214.37	0.999687	0.0250255
-1208.55	-1203.97	0.99969	0.0249004
-1208.29	-1193.56	0.999693	0.0247754
-1208.04	-1183.16	0.999696	0.0246503
-1207.78	-1172.76	0.999706	0.0242447
-1207.53	-1162.35	0.999729	0.0232782
-1207.29	-1151.95	0.999757	0.0220311
-1207.07	-1141.54	0.999784	0.020784
-1206.86	-1131.14	0.999809	0.0195369
-1206.66	-1120.73	0.999833	0.0182897
-1206.48	-1110.32	0.999855	0.0170425
-1206.3	-1099.92	0.999875	0.0157952
-1206.14	-1089.51	0.999894	0.014548
-1206	-1079.11	0.999912	0.0133007
-1205.86	-1068.7	0.999927	0.0120534
-1205.74	-1058.29	0.999942	0.0108061
-1205.64	-1047.88	0.999954	0.00955871
-1205.54	-1037.48	0.999965	0.00831136
-1205.46	-1027.07	0.999975	0.00706399
-1205.39	-1016.66	0.999983	0.00581661
-1205.34	-1006.26	0.99999	0.00456922
-1205.3	-995.848	0.999994	0.00332182
-1205.27	-985.441	0.999998	0.00207442
-1205.25	-975.034	1	0.000827016
-1205.25	-964.626	1	-0.00042039
-1205.26	-954.219	0.999999	-0.00166779
-1205.28	-943.811	0.999996	-0.0029152
-1205.31	-933.404	0.999991	-0.0041626
-1205.36	-922.996	0.999985	-0.00540999
-1205.42	-912.589	0.999978	-0.0065659
-1205.5	-902.182	0.999973	-0.00734972
-1205.57	-891.774	0.999969	-0.00785294
-1205.66	-881.367	0.999965	-0.00835616
-1205.75	-870.96	0.999961	-0.00885938
-1205.84	-860.553	0.999956	-0.00936259
-1205.94	-850.146	0.999951	-0.0098658
-1206.05	-839.739	0.999946	-0.010369
-1206.16	-829.332	0.999941	-0.0108722
-1206.27	-818.925	0.999935	-0.0113754
-1206.39	-808.519	0.999929	-0.0118786
-1206.52	-798.112	0.999923	-0.0123818
-1206.65	-787.705	0.999917	-0.012885
-1206.78	-777.298	0.99991	-0.0133882
-1206.93	-766.892	0.999904	-0.0138914
-1207.07	-756.485	0.999896	-0.0143947
-1207.22	-746.078	0.999889	-0.014898
-1207.38	-735.67	0.999881	-0.0154013
-1207.54	-725.263	0.999874	-0.0159046
-1207.71	-714.856	0.999865	-0.016408
-1207.88	-704.448	0.999857	-0.0169113
-1208.06	-694.04	0.999848	-0.0174147
-1208.25	-683.629	0.999839	-0.0179181
-1208.43	-673.218	0.99983	-0.0184217
-1208.63	-662.805	0.999831	-0.0183682
-1208.82	-652.39	0.999851	-0.0172874
-1208.99	-641.974	0.999876	-0.0157361
-1209.15	-631.555	0.999899	-0.0141844
-1209.29	-621.135	0.99992	-0.0126324
-1209.41	-610.713	0.999939	-0.01108
-1209.52	-600.289	0.999955	-0.00952722
-1209.62	-589.864	0.999968	-0.00797409
-1209.69	-579.437	0.999979	-0.00642064
-1209.75	-569.008	0.999988	-0.00486686
-1209.8	-558.578	0.999993	-0.00368607
-1209.83	-548.146	0.999996	-0.00297623
-1209.86	-537.712	0.999997	-0.00236413
-1209.88	-527.277	0.999998	-0.00175187
-1209.9	-516.841	0.999999	-0.00113954
-1209.91	-506.402	1	-0.000527125
-1209.91	-495.963	1	-0.000375605
-1209.92	-485.521	1	-0.000875025
-1209.93	-475.078	0.999999	-0.00156449
-1209.95	-464.634	0.999997	-0.00225411
-1209.98	-454.188	0.999996	-0.00294388
-1210.01	-443.74	0.999993	-0.00363381
-1210.05	-433.291	0.999991	-0.0043238
-1210.1	-422.841	0.999987	-0.00501387
-1210.15	-412.389	0.999984	-0.0057041
-1210.22	-401.935	0.999981	-0.00611219
-1210.28	-391.48	0.999981	-0.00623807
-1210.35	-381.023	0.99998	-0.00636395
-1210.41	-370.565	0.999979	-0.00648983
-1210.48	-360.105	0.999978	-0.00661571
-1210.55	-349.644	0.999977	-0.0067416
-1210.62	-339.181	0.999976	-0.00686756
-1210.69	-328.716	0.999976	-0.00699359
-1210.77	-318.25	0.999975	-0.00711962
-1210.84	-307.783	0.999974	-0.00724566
-1210.92	-297.313	0.999973	-0.00737169
-1211	-286.843	0.999972	-0.00749773
-1211.08	-276.371	0.999971	-0.00762384
-1211.16	-265.897	0.99997	-0.00775002
-1211.24	-255.421	0.999969	-0.00787621
-1211.32	-244.945	0.999968	-0.0080024
-1211.41	-234.466	0.999967	-0.00812858
-1211.49	-223.986	0.999966	-0.00825477
-1211.58	-213.505	0.999965	-0.00838103
-1211.67	-203.022	0.999964	-0.00850737
-1211.76	-192.537	0.999963	-0.00863371
-1211.85	-182.052	0.999962	-0.00876005
-1211.94	-171.565	0.999961	-0.00888638
-1212.03	-161.076	0.999959	-0.00901272
-1212.13	-150.586	0.999958	-0.00913913
-1212.23	-140.094	0.999957	-0.00926562
-1212.32	-129.601	0.999956	-0.00939211
-1212.42	-119.106	0.999955	-0.0095186
-1212.52	-108.61	0.999953	-0.00964509
-1212.62	-98.1128	0.999952	-0.00977158
-1212.73	-87.6138	0.999951	-0.00989807
-1212.83	-77.1132	0.99995	-0.0100246
-1212.94	-66.6111	0.999948	-0.0101513
-1213.04	-56.1075	0.999947	-0.0102779
-1213.15	-45.6023	0.999946	-0.0104046
-1213.26	-35.0958	0.999945	-0.0105312
-1213.37	-24.588	0.999943	-0.0106578
-1213.49	-14.0787	0.999942	-0.0107846
-1213.6	-3.56784	0.99994	-0.0109114
-1213.72	6.94455	0.999939	-0.0110381
-1213.83	17.4585	0.999938	-0.0111649
-1213.95	27.974	0.999936	-0.0112917
-1214.07	38.491	0.999935	-0.0114185
-1214.19	49.0095	0.999933	-0.0115454
-1214.31	59.5294	0.999933	-0.0115841
-1214.43	70.0504	0.999947	-0.0102963
-1214.53	80.5728	0.999973	-0.00738611
-1214.59	91.0971	0.999991	-0.00428329
-1214.63	101.623	0.999999	-0.00137193
-1214.63	112.15	0.999999	0.00153983
-1214.6	122.677	0.999991	0.00425993
-1214.55	133.206	0.999979	0.00641032
-1214.47	143.737	0.999967	0.00818296
-1214.38	154.268	0.99995	0.0099558
-1214.26	164.8	0.999933	0.0115368
-1214.14	175.333	0.999923	0.0124482
-1214.01	185.868	0.999922	0.0125087
-1213.88	196.403	0.999926	0.0121954
-1213.75	206.939	0.999929	0.0118822
-1213.62	217.477	0.999933	0.0115689
-1213.5	228.016	0.999937	0.0112555
-1213.39	238.556	0.99994	0.0109421
-1213.27	249.097	0.999944	0.0106287
-1213.16	259.64	0.999947	0.0103152
-1213.05	270.183	0.99995	0.0100017
-1212.95	280.728	0.999955	0.00949554
-1212.85	291.274	0.999964	0.00851109
-1212.77	301.821	0.999974	0.00724076
-1212.7	312.37	0.999982	0.00597026
-1212.64	322.919	0.999989	0.0046996
-1212.6	333.47	0.999994	0.00342879
-1212.57	344.021	0.999998	0.00215781
-1212.55	354.574	0.999999	0.00126586
-1212.54	365.128	0.999999	0.00103431
-1212.52	375.683	0.999999	0.00108405
-1212.51	386.239	0.999999	0.00113379
-1212.5	396.796	0.999999	0.00118354
-1212.49	407.354	0.999999	0.00123328
-1212.47	417.913	0.999999	0.00128302
-1212.46	428.473	0.999999	0.00133277
-1212.45	439.034	0.999999	0.00138251
-1212.43	449.596	0.999999	0.00143226
-1212.42	460.159	0.999999	0.001482
-1212.4	470.724	0.999999	0.00153174
-1212.38	481.289	0.999999	0.00158149
-1212.37	491.855	0.999999	0.00163123
-1212.35	502.422	0.999999	0.00168105
-1212.33	512.991	0.999999	0.00173095
-1212.31	523.56	0.999998	0.00178084
-1212.29	534.131	0.999998	0.00183074
-1212.27	544.702	0.999998	0.00188063
-1212.25	555.275	0.999998	0.00193053
-1212.23	565.848	0.999998	0.00198043
-1212.21	576.423	0.999998	0.00203032
-1212.19	586.999	0.999998	0.00208022
-1212.17	597.575	0.999998	0.00213012
-1212.15	608.153	0.999998	0.00218001
-1212.12	618.732	0.999998	0.00222991
-1212.1	629.311	0.999997	0.0022798
-1212.07	639.892	0.999997	0.0023297
-1212.05	650.474	0.999997	0.0023796
-1212.02	661.057	0.999997	0.00242949
-1212	671.641	0.999997	0.00247939
-1211.97	682.226	0.999997	0.00252928
-1211.95	692.812	0.999997	0.00257918
-1211.92	703.399	0.999997	0.00262908
-1211.89	713.987	0.999996	0.00267897
-1211.86	724.576	0.999996	0.00272887
-1211.83	735.166	0.999996	0.00277876
-1211.8	745.757	0.999994	0.00340964
-1211.76	756.348	0.99998	0.0062517
-1211.67	766.938	0.999942	0.0107239
-1211.54	777.528	0.99988	0.0154832
-1211.35	788.118	0.999777	0.0211039
-1211.1	798.705	0.999625	0.0273922
-1210.79	809.291	0.999426	0.0338729
-1210.4	819.875	0.999158	0.0410262
-1209.93	830.456	0.998806	0.048845
-1209.38	841.032	0.998388	0.0567543
-1208.75	851.604	0.997981	0.0635131
-1208.05	862.172	0.997661	0.068356
-1207.31	872.737	0.997373	0.0724309
-1206.53	883.298	0.997069	0.0765047
-1205.7	893.857	0.996764	0.0803841
-1204.83	904.412	0.99646	0.0840694
-1203.93	914.964	0.996142	0.0877536
-1202.98	925.513	0.995811	0.0914365
-1202	936.058	0.995556	0.0941668
-1200.99	946.601	0.995387	0.0959452
-1199.97	957.142	0.995214	0.0977233
-1198.93	967.682	0.995037	0.0995011
-1197.87	978.219	0.994858	0.101279
-1196.79	988.755	0.994676	0.103056
-1195.69	999.288	0.99449	0.104833
-1194.57	1009.82	0.994301	0.106609
-1193.43	1020.35	0.994109	0.108385
-1192.28	1030.88	0.993914	0.110161
-1191.1	1041.4	0.993759	0.111552
-1189.92	1051.93	0.993656	0.112464
-1188.72	1062.45	0.993563	0.113283
-1187.52	1072.97	0.993469	0.114103
-1186.31	1083.49	0.993375	0.114922
-1185.09	1094.01	0.993279	0.115741
-1183.86	1104.53	0.993184	0.11656
-1182.62	1115.05	0.993087	0.117379
-1181.37	1125.57	0.99299	0.118198
-1180.12	1136.09	0.992892	0.119016
-1178.86	1146.6	0.992794	0.119835
-1177.58	1157.11	0.992695	0.120654
-1176.3	1167.63	0.992595	0.121472
-1175.01	1178.14	0.992494	0.122291
-1173.71	1188.65	0.992393	0.123109
-1172.41	1199.16	0.992315	0.123735
-1171.1	1209.67	0.992367	0.123318
-1169.79	1220.18	0.992536	0.121952
-1168.51	1230.69	0.992715	0.120485
-1167.24	1241.21	0.992937	0.11864
-1165.99	1251.72	0.993234	0.116131
-1164.78	1262.24	0.993557	0.113336
-1163.59	1272.77	0.993872	0.110539
-1162.43	1283.3	0.994179	0.107742
-1161.3	1293.83	0.994478	0.104944
-1160.2	1304.36	0.994731	0.102524
-1159.12	1314.9	0.994929	0.100582
-1158.06	1325.43	0.995113	0.0987392
-1157.03	1335.97	0.995295	0.096896
-1156.01	1346.52	0.995472	0.0950524
-1155.01	1357.06	0.995647	0.0932085
-1154.03	1367.6	0.995827	0.0912648
-1153.07	1378.15	0.99602	0.0891279
-1152.14	1388.7	0.996217	0.0868972
-1151.23	1399.25	0.996434	0.0843797
-1150.35	1409.81	0.996667	0.0815754
-1149.49	1420.36	0.996893	0.0787705
-1148.67	1430.92	0.99711	0.0759649
-1147.88	1441.48	0.99732	0.0731587
-1147.12	1452.05	0.997522	0.0703519
-1146.38	1462.61	0.997716	0.0675446
-1145.68	1473.18	0.997902	0.0647367
-1145	1483.75	0.998081	0.0619283
-1144.3	1495.38	0.998268	0.0588386
-1143.75	1504.89	0.998413	0.0563101
-1143.16	1515.47	0.998568	0.0535004
-1142.61	1526.04	0.998714	0.0506902
-1142.08	1536.62	0.998853	0.0478796
-1141.59	1547.2	0.998984	0.0450686
-1141.12	1557.78	0.999107	0.0422572
-1140.69	1568.36	0.999222	0.0394455
-1140.28	1578.95	0.999325	0.0367272
-1139.9	1589.53	0.999418	0.0341022
-1139.55	1600.12	0.999504	0.031477
-1139.23	1610.7	0.999584	0.0288515
-1138.94	1621.29	0.999656	0.0262258
-1138.67	1631.88	0.999721	0.0236
-1138.43	1642.46	0.99978	0.020974
-1138.22	1653.05	0.999832	0.0183479
-1138.04	1663.64	0.999876	0.0157216
-1137.88	1674.23	0.999914	0.0130952
-1137.75	1684.82	0.999945	0.0104688
-1137.65	1695.41	0.999968	0.00794218
-1137.58	1706	0.999984	0.00570286
-1137.53	1716.59	0.999993	0.00365088
-1137.5	1727.18	0.999999	0.00159888
-1137.49	1737.78	1	-6.57754e-05
-1137.49	1748.37	0.999999	-0.00114945
-1137.51	1758.96	0.999998	-0.0020395
-1137.54	1769.55	0.999996	-0.00292954
-1137.57	1780.14	0.999993	-0.00381958
-1137.61	1790.73	0.999989	-0.00470962
-1137.67	1801.32	0.999984	-0.00559965
-1137.73	1811.91	0.999979	-0.00648968
-1137.8	1822.5	0.999973	-0.0073797
-1137.89	1833.09	0.999966	-0.00826972
-1137.98	1843.68	0.999958	-0.00915973
-1138.08	1854.27	0.99995	-0.0100497
-1138.19	1864.86	0.999938	-0.0111334
-1138.31	1875.45	0.999922	-0.0125105
-1138.45	1886.04	0.999902	-0.0139876
-1138.6	1896.63	0.99988	-0.0154646
-1138.77	1907.22	0.999856	-0.0169416
-1138.96	1917.81	0.99983	-0.0184186
-1139.16	1928.4	0.999802	-0.0198955
-1139.38	1938.99	0.999772	-0.0213724
-1139.61	1949.58	0.999739	-0.0228493
-1139.86	1960.16	0.999704	-0.0243261
-1140.12	1970.75	0.999667	-0.0258028
-1140.4	1981.34	0.999628	-0.0272795
-1140.7	1991.93	0.999586	-0.0287561
-1141.01	2002.51	0.999543	-0.0302327
-1141.34	2013.1	0.999497	-0.0317092
-1141.68	2023.68	0.999449	-0.0331856
-1142.04	2034.27	0.999399	-0.0346619
-1142.41	2044.85	0.999347	-0.0361382
-1142.8	2055.44	0.999292	-0.0376144
-1143.24	2067.08	0.99923	-0.0392381
-1143.62	2076.6	0.999177	-0.0405666
-1144.06	2087.18	0.999116	-0.0420425
-1144.51	2097.76	0.999057	-0.0434185
-1144.97	2108.35	0.999035	-0.0439318
-1145.44	2118.93	0.999079	-0.0429146
-1145.88	2129.51	0.999166	-0.0408426
-1146.31	2140.09	0.999274	-0.0381026
-1146.69	2150.67	0.999398	-0.0346944
-1147.05	2161.26	0.999519	-0.0309985
-1147.36	2171.84	0.999627	-0.0273023
-1147.63	2182.43	0.999721	-0.0236057
-1147.87	2193.02	0.999786	-0.0206769
-1148.08	2203.61	0.999825	-0.0187034
-1148.27	2214.2	0.999857	-0.0169172
-1148.44	2224.79	0.999886	-0.0151309
-1148.59	2235.38	0.999907	-0.0136319
-1148.73	2245.97	0.999923	-0.0124201
-1148.86	2256.56	0.999937	-0.0112083
-1148.97	2267.15	0.99995	-0.00999656
-1149.07	2277.74	0.999961	-0.00878476
-1149.16	2288.33	0.999971	-0.00757295
-1149.24	2298.92	0.99998	-0.00636113
-1149.3	2309.51	0.999987	-0.00514929
-1149.35	2320.1	0.999992	-0.00393745
-1149.39	2330.69	0.999996	-0.00282555
-1149.41	2341.28	0.999998	-0.00181359
-1149.43	2351.87	1	-0.000995264
-1149.43	2362.46	1	-0.000657969
-1149.44	2373.05	1	-0.000697031
-1149.45	2383.65	1	-0.000825053
-1149.46	2394.24	1	-0.000953074
-1149.47	2404.83	0.999999	-0.0010811
-1149.48	2415.42	0.999999	-0.00120912
-1149.49	2426.01	0.999999	-0.00133714
-1149.51	2436.6	0.999998	-0.00175248
-1149.53	2447.19	0.999997	-0.00245515
-1149.56	2457.78	0.999995	-0.00315781
-1149.6	2468.37	0.999993	-0.00386047
-1149.64	2478.96	0.99999	-0.00456314
-1149.69	2489.55	0.999986	-0.00526579
-1149.75	2500.14	0.999982	-0.00596845
-1149.82	2510.73	0.999978	-0.0066711
-1149.89	2521.32	0.999976	-0.00699748
-1149.96	2531.92	0.999978	-0.00666019
-1150.03	2542.51	0.999983	-0.00584188
-1150.09	2553.1	0.99999	-0.00454261
-1150.13	2563.69	0.999996	-0.00295601
-1150.15	2574.28	0.999999	-0.00136941
-1150.16	2584.87	1	0.000217199
-1150.15	2595.46	0.999999	0.00171012
-1150.13	2606.05	0.999995	0.00301566
-1150.09	2616.64	0.999991	0.0042275
-1150.04	2627.23	0.999985	0.00543934
-1149.98	2637.82	0.999978	0.00665117
-1149.9	2648.41	0.999969	0.00786299
-1149.82	2659	0.999959	0.0090748
-1149.71	2669.59	0.999947	0.0102866
-1149.6	2680.18	0.999934	0.0114984
-1149.47	2690.77	0.999919	0.0127101
-1149.33	2701.36	0.999903	0.0139219
-1149.18	2711.95	0.999885	0.0151336
-1149.02	2722.54	0.999868	0.0162454
-1148.84	2733.13	0.999851	0.0172572
-1148.65	2743.72	0.999837	0.0180754
-1148.46	2754.31	0.999832	0.0183237
-1148.27	2764.9	0.999834	0.0181957
-1148.07	2775.49	0.999837	0.0180677
-1147.88	2786.08	0.999839	0.0179397
-1147.69	2796.67	0.999841	0.0178117
-1147.5	2807.26	0.999844	0.0176837
-1147.32	2817.85	0.999846	0.0175557
-1147.13	2828.44	0.999848	0.0174277
-1146.95	2839.02	0.99985	0.0172997
-1146.77	2849.61	0.999856	0.0169781
-1146.59	2860.2	0.999866	0.0163692
-1146.42	2870.79	0.999877	0.0156666
-1146.26	2881.38	0.999889	0.0148704
-1146.1	2891.97	0.999906	0.0136868
-1145.96	2902.56	0.999925	0.0122098
-1145.84	2913.15	0.999942	0.0107327
-1145.73	2923.74	0.999957	0.00925553
-1145.64	2934.33	0.99997	0.00777838
-1145.57	2944.92	0.99998	0.00630122
-1145.5	2955.51	0.999988	0.00482404
-1145.46	2966.1	0.999994	0.00334685
-1145.43	2976.7	0.999998	0.00186965
-1145.42	2987.29	1	0.000392446
-1145.42	2997.88	0.999999	-0.00108476
-1145.44	3008.47	0.999997	-0.00246201
-1145.47	3019.06	0.999993	-0.00373932
-1145.51	3029.65	0.999989	-0.00463561
-1145.56	3040.24	0.999987	-0.00505095
-1145.62	3050.83	0.999986	-0.00536635
-1145.68	3061.42	0.999984	-0.00568174
-1145.74	3072.01	0.999982	-0.00599714
-1145.8	3082.6	0.99998	-0.00631253
-1145.87	3093.19	0.999977	-0.00672786
-1145.95	3103.78	0.999974	-0.00724314
-1146.02	3114.37	0.99997	-0.00775842
-1146.11	3124.96	0.999966	-0.00827369
-1146.2	3135.56	0.999961	-0.00878896
-1146.29	3146.15	0.999957	-0.00930423
-1146.39	3156.74	0.999951	-0.00991318
-1146.5	3167.33	0.999943	-0.0107095
-1146.62	3177.92	0.999933	-0.0115995
-1146.75	3188.51	0.999922	-0.0124895
-1146.88	3199.1	0.99991	-0.0133794
-1147.03	3209.69	0.999898	-0.0142694
-1147.18	3220.28	0.999885	-0.0151593
-1147.35	3230.87	0.999871	-0.0160493
-1147.52	3241.45	0.999861	-0.0166519
-1147.7	3252.04	0.999873	-0.0159165
-1147.86	3262.63	0.999899	-0.0142301
-1148	3273.22	0.999918	-0.012831
-1148.13	3283.81	0.999931	-0.0117192
-1148.25	3294.4	0.999943	-0.0107073
-1148.36	3304.99	0.999953	-0.00969537
-1148.46	3315.58	0.999962	-0.00868345
-1148.55	3326.18	0.99997	-0.00776521
-1148.63	3336.77	0.999975	-0.00713427
-1148.7	3347.36	0.999978	-0.00669697
-1148.77	3357.95	0.99998	-0.00625966
-1148.83	3368.54	0.999984	-0.00572866
-1148.89	3379.13	0.999987	-0.00510398
-1148.94	3389.72	0.99999	-0.00447929
-1148.99	3400.31	0.999993	-0.0038546
-1149.03	3410.9	0.999995	-0.00322991
-1149.06	3421.49	0.999997	-0.00260522
-1149.08	3432.08	0.999998	-0.00216798
-1149.11	3442.67	0.999998	-0.00191819
-1149.12	3453.26	0.999999	-0.00166841
-1149.14	3463.85	0.999999	-0.00141862
-1149.15	3474.45	0.999999	-0.00116883
-1149.17	3485.04	1	-0.000919047
-1149.17	3495.63	1	-0.00066926
-1149.18	3506.22	1	-0.000419474
-1149.18	3516.81	1	-0.000169688
-1149.19	3527.4	1	8.00986e-05
-1149.18	3537.99	1	0.000329885
-1149.18	3548.58	1	0.000579671
-1149.17	3559.17	1	0.000353231
-1149.17	3569.76	1	-0.00054307
-1149.18	3580.35	0.999999	-0.001633
-1149.2	3590.94	0.999996	-0.00272294
-1149.24	3601.53	0.999992	-0.00390656
-1149.28	3612.13	0.999986	-0.00537749
-1149.35	3622.72	0.999975	-0.0071358
-1149.43	3633.31	0.99996	-0.00898785
-1149.54	3643.9	0.999941	-0.0108399
-1149.66	3654.49	0.999916	-0.0129792
-1149.81	3665.08	0.99988	-0.0155056
-1149.98	3675.67	0.999836	-0.0181319
-1150.18	3686.26	0.999787	-0.0206581
-1150.41	3696.84	0.999736	-0.0229906
-1150.67	3707.43	0.999703	-0.0243676
-1150.92	3718.02	0.9997	-0.0245003
-1151.18	3728.61	0.999706	-0.0242506
-1151.44	3739.19	0.999712	-0.0240008
-1151.69	3749.78	0.999718	-0.0237511
-1151.94	3760.37	0.999724	-0.0235014
-1152.19	3770.96	0.99973	-0.0232517
-1152.44	3781.55	0.99974	-0.0228146
-1152.67	3792.13	0.999775	-0.0212284
-1152.89	3802.72	0.999824	-0.018774
-1153.08	3813.31	0.999864	-0.0165132
-1153.24	3823.9	0.999896	-0.0144458
-1153.39	3834.49	0.999916	-0.0129531
-1153.52	3845.08	0.999926	-0.0121348
-1153.65	3855.67	0.999934	-0.0115101
-1153.77	3866.26	0.999941	-0.0108855
-1153.88	3876.85	0.999947	-0.0102608
-1153.98	3887.44	0.999954	-0.00963617
-1154.08	3898.03	0.999962	-0.00871793
-1154.17	3908.62	0.999976	-0.00693149
-1154.23	3919.21	0.99999	-0.00457038
-1154.27	3929.8	0.999998	-0.00211556
-1154.28	3940.4	0.999999	0.00110755
-1154.25	3950.99	0.999988	0.00490529
-1154.19	3961.58	0.999971	0.00764739
-1154.1	3972.17	0.999959	0.00904657
-1154	3982.76	0.999949	0.0100585
-1153.89	3993.35	0.999939	0.0110704
-1153.77	4003.94	0.999928	0.0119886
-1153.64	4014.53	0.999926	0.0121432
-1153.51	4025.12	0.999935	0.0114406
-1153.39	4035.71	0.999944	0.0105506
-1153.29	4046.3	0.999953	0.00966064
-1153.19	4056.89	0.999962	0.00877063
-1153.1	4067.48	0.999969	0.00788062
-1153.02	4078.07	0.999976	0.00699059
-1152.95	4088.66	0.999981	0.00610057
-1152.89	4099.25	0.999986	0.00521054
-1152.84	4109.84	0.99999	0.00450788
-1152.79	4120.43	0.999992	0.00399259
-1152.75	4131.02	0.999994	0.00347731
-1152.72	4141.61	0.999996	0.00296202
-1152.69	4152.2	0.999997	0.00244673
-1152.66	4162.8	0.999998	0.00193145
-1152.64	4173.39	0.999999	0.00141616
-1152.63	4181.86	0.999999	0.00100393
-1152.62	4194.57	1	0.00038558
-1152.62	4205.16	1	-0.00012971
-1152.63	4215.75	1	-0.000644999
-1152.64	4226.34	0.999999	-0.00116029
-1152.65	4236.93	0.999999	-0.00167558
-1152.67	4247.52	0.999998	-0.00219087
-1152.7	4258.11	0.999996	-0.00270615
-1152.73	4268.7	0.999995	-0.00322144
-1152.76	4279.29	0.999993	-0.00373673
-1152.8	4289.89	0.999991	-0.00425201
-1152.85	4300.48	0.999989	-0.0047673
-1152.9	4311.07	0.999986	-0.00528258
-1152.96	4321.66	0.999983	-0.00579786
-1153.03	4332.25	0.99998	-0.00631314
-1153.09	4342.84	0.999977	-0.00682842
-1153.17	4353.43	0.999973	-0.00734369
-1153.25	4364.02	0.999969	-0.00785897
-1153.33	4374.61	0.999965	-0.00837424
-1153.43	4385.2	0.99996	-0.00888951
-1153.52	4395.79	0.999956	-0.00940478
-1153.62	4406.38	0.999951	-0.00992004
-1153.73	4416.97	0.999946	-0.0104353
-1153.84	4427.56	0.99994	-0.0109506
-1153.96	4438.15	0.999934	-0.0114658
-1154.09	4448.74	0.999928	-0.0119811
-1154.21	4459.33	0.999922	-0.0124963
-1154.35	4469.92	0.999915	-0.0130116
-1154.49	4480.51	0.999903	-0.0139078
-1154.64	4491.1	0.999885	-0.015185
-1154.81	4501.69	0.999864	-0.0164621
-1154.99	4512.28	0.999843	-0.0177393
-1155.18	4522.87	0.999819	-0.0190164
-1155.39	4533.46	0.999794	-0.0202934
-1155.61	4544.05	0.999773	-0.0212832
-1155.84	4554.64	0.99976	-0.021892
-1156.07	4565.22	0.999749	-0.0224072
-1156.31	4575.81	0.999737	-0.0229223
-1156.55	4586.4	0.999725	-0.0234375
-1156.81	4596.99	0.999713	-0.0239526
-1157.06	4607.58	0.999701	-0.0244678
-1157.32	4618.16	0.999688	-0.0249829
-1157.59	4628.75	0.999685	-0.0251156
-1157.85	4639.34	0.999695	-0.0246785
-1158.11	4649.93	0.999711	-0.024054
-1158.36	4660.51	0.999725	-0.0234295
-1158.61	4671.1	0.99974	-0.022805
-1158.85	4681.69	0.999754	-0.0221804
-1159.08	4692.28	0.999768	-0.0215559
-1159.31	4702.87	0.999781	-0.0209313
-1159.53	4713.45	0.999794	-0.0203068
-1159.74	4724.04	0.999806	-0.0196822
-1159.94	4734.63	0.999822	-0.018864
-1160.14	4745.22	0.999847	-0.017465
-1160.32	4755.81	0.999877	-0.0156788
-1160.47	4766.4	0.999903	-0.0138925
-1160.61	4776.99	0.999927	-0.0121061
-1160.73	4787.58	0.999947	-0.0103197
-1160.84	4798.17	0.999964	-0.00853331
-1160.92	4808.76	0.999977	-0.00674686
-1160.98	4819.35	0.999988	-0.00496039
-1161.03	4829.94	0.999995	-0.00317391
-1161.05	4840.53	0.999999	-0.00138742
-1161.06	4851.12	1	-0.000181819
-1161.06	4861.72	1	-0.000701762
-1161.08	4872.31	0.999997	-0.00236634
-1161.11	4882.9	0.99999	-0.004412
-1161.17	4893.49	0.999975	-0.00703235
-1161.25	4904.08	0.999946	-0.0104209
-1161.38	4914.67	0.999895	-0.0144838
-1161.55	4925.26	0.999835	-0.0181656
-1161.76	4935.85	0.999792	-0.0204045
-1161.98	4946.43	0.999765	-0.0216815
-1162.21	4957.02	0.999736	-0.0229585
-1162.46	4967.61	0.999706	-0.0242355
-1162.72	4978.2	0.999675	-0.0255124
-1163	4988.79	0.999641	-0.0267893
-1163.29	4999.37	0.999606	-0.0280661
-1163.59	5009.96	0.999535	-0.0304917
-1163.93	5020.54	0.999406	-0.034453
-1164.32	5031.13	0.999247	-0.0388006
-1164.74	5041.71	0.999069	-0.0431475
-1165.22	5052.29	0.998788	-0.0492157
-1165.78	5062.87	0.998223	-0.0595911
-1166.47	5073.43	0.997159	-0.0753256
-1167.35	5083.99	0.995371	-0.0961054
-1168.47	5094.52	0.992787	-0.119889
-1169.84	5105.02	0.989525	-0.144364
-1171.47	5115.48	0.985674	-0.168659
-1173.36	5125.91	0.981467	-0.191632
-1175.48	5136.28	0.977236	-0.212157
-1177.81	5146.61	0.972865	-0.231373
-1180.34	5156.9	0.968117	-0.2505
-1183.07	5167.13	0.962992	-0.269529
-1186.01	5177.3	0.957494	-0.288454
-1189.14	5187.42	0.951564	-0.30745
-1192.48	5197.47	0.944912	-0.327323
-1196.04	5207.45	0.937211	-0.348762
-1199.83	5217.34	0.928419	-0.371535
-1203.86	5227.13	0.918279	-0.395933
-1208.16	5236.8	0.906528	-0.422147
-1212.75	5246.35	0.893596	-0.448871
-1217.61	5255.76	0.879878	-0.4752
-1222.76	5265.01	0.865336	-0.501191
-1228.17	5274.11	0.849978	-0.526818
-1233.86	5283.05	0.833862	-0.551974
-1239.81	5291.81	0.817	-0.576637
-1246.02	5300.39	0.79941	-0.600786
-1252.48	5308.77	0.781106	-0.624398
-1259.19	5316.97	0.761733	-0.647891
-1266.16	5324.95	0.739848	-0.672774
-1273.39	5332.68	0.714265	-0.699875
-1280.92	5340.12	0.685806	-0.727785
-1288.75	5347.26	0.655823	-0.754915
-1296.85	5354.07	0.624768	-0.78081
-1305.23	5360.55	0.592692	-0.80543
-1313.86	5366.69	0.559646	-0.828732
-1322.73	5372.48	0.525685	-0.850679
-1331.82	5377.9	0.490615	-0.871376
-1341.14	5382.93	0.452337	-0.891847
-1350.67	5387.55	0.409094	-0.912492
-1360.42	5391.68	0.362853	-0.931847
-1370.36	5395.33	0.314695	-0.949193
-1380.48	5398.44	0.262476	-0.964938
-1390.76	5400.99	0.2045	-0.978867
-1401.17	5402.89	0.142186	-0.98984
-1403.27	5403.19	0.135824	-0.990733
-1403.27	5403.19	0.135824	-0.990733
-1403.27	5403.19	0.135824	-0.990733
-1403.27	5403.19	0.135824	-0.990733
-1403.27	5403.19	0.135824	-0.990733
-1403.27	5403.19	0.135824	-0.990733
-1403.27	5403.19	0.135824	-0.990733
-1403.27	5403.19	0.135824	-0.990733
-1403.27	5403.19	0.135824	-0.990733
-1403.27	5403.19	0.135824	-0.990733
-1403.27	5403.19	0.135824	-0.990733
-1403.27	5403.19	0.135824	-0.990733
-1403.27	5403.19	0.135824	-0.990733
-1403.27	5403.19	0.135824	-0.990733
-1403.27	5403.19	0.135824	-0.990733
-1403.27	5403.19	0.135824	-0.990733
-1403.27	5403.19	0.135824	-0.990733
-1403.27	5403.19	0.135824	-0.990733
-1403.27	5403.19	0.135824	-0.990733
-1403.27	5403.19	0.135824	-0.990733
-1403.27	5403.19	0.135824	-0.990733
-1403.27	5403.19	0.135824	-0.990733
-1403.27	5403.19	0.135824	-0.990733
-1403.27	5403.19	0.135824	-0.990733
-1403.27	5403.19	0.135824	-0.990733
-1403.27	5403.19	0.135824	-0.990733
-1403.27	5403.19	0.135824	-0.990733
-1403.27	5403.19	0.135824	-0.990733
-1403.27	5403.19	0.135824	-0.990733
-1403.27	5403.19	0.135824	-0.990733
-1403.27	5403.19	0.135824	-0.990733
-1403.27	5403.19	0.135824	-0.990733
-1403.27	5403.19	0.135824	-0.990733
-1403.27	5403.19	0.135824	-0.990733
-1403.27	5403.19	0.135824	-0.990733
-1403.27	5403.19	0.135824	-0.990733
-1403.27	5403.19	0.135824	-0.990733
-1403.27	5403.19	0.135824	-0.990733
-1403.27	5403.19	0.135824	-0.990733
-1403.27	5403.19	0.135824	-0.990733
-1403.27	5403.19	0.135824	-0.990733
-1403.27	5403.19	0.135824	-0.990733
-1403.27	5403.19	0.135824	-0.990733
-1403.27	5403.19	0.135824	-0.990733
-1403.27	5403.19	0.135824	-0.990733
-1403.27	5403.19	0.135824	-0.990733
-1403.27	5403.19	0.135824	-0.990733
