1300	-5000	1	0
1300	-5000	1	0
1300	-5000	1	0
1300	-5000	1	0
1300	-5000	1	0
1300	-5000	1	0
1300	-5000	1	0
1300	-5000	1	0
1300	-5000	1	0
1300	-5000	1	0
1300	-5000	1	0
1300	-5000	1	0
1300	-5000	1	0
1300	-5000	1	0
1300	-5000	1	0
1300	-5000	1	0
1300	-5000	1	0
1300	-5000	1	0
1300	-5000	1	0
1300	-5000	1	0
1300	-5000	1	0
1300	-5000	1	0
1300	-5000	1	0
1300	-5000	1	0
1300	-5000	1	0
1300	-5000	1	0
1300	-5000	1	0
1300	-5000	1	0
1300	-5000	1	0
1300	-5000	1	0
1300	-5000	1	0
1300	-5000	1	0
1300	-5000	1	0
1300	-5000	1	0
1300	-5000	1	0
1300	-5000	1	0
1300	-5000	1	0
1300	-5000	1	-1.3344e-07
1300	-4999.99	1	-1.83359e-06
1300	-4999.95	1	-8.19418e-06
1300	-4999.9	1	-2.32441e-05
1300	-4999.84	1	-5.14461e-05
1300	-4999.78	1	-9.26001e-05
1300	-4999.7	1	-0.000153543
1300	-4999.62	1	-0.000240621
1300	-4999.53	1	-0.000361709
1300	-4999.43	1	-0.000522914
1300	-4999.32	1	-0.000727515
1300	-4999.21	1	-0.000980463
1300	-4999.08	0.999999	-0.0012929
1300	-4998.93	0.999999	-0.00167486
1300	-4998.77	0.999998	-0.00213263
1300	-4998.6	0.999996	-0.00267396
1300	-4998.41	0.999995	-0.00330781
1300	-4998.2	0.999992	-0.00403628
1300	-4997.98	0.999988	-0.00486114
1300	-4997.74	0.999983	-0.00579164
1299.99	-4997.48	0.999977	-0.00683519
1299.99	-4997.2	0.999968	-0.00799602
1299.99	-4996.9	0.999957	-0.00927903
1299.99	-4996.58	0.999943	-0.0106896
1299.98	-4996.25	0.999925	-0.0122337
1299.98	-4995.9	0.999903	-0.0138978
1299.97	-4995.53	0.999877	-0.0156569
1299.97	-4995.14	0.999847	-0.0175033
1299.96	-4994.73	0.999811	-0.0194345
1299.95	-4994.31	0.99977	-0.0214507
1299.94	-4993.87	0.999723	-0.0235562
1299.93	-4993.41	0.999668	-0.0257525
1299.92	-4992.93	0.999607	-0.0280402
1299.9	-4992.43	0.999537	-0.0304204
1299.89	-4991.91	0.999459	-0.032895
1299.87	-4991.37	0.999371	-0.035464
1299.85	-4990.82	0.999273	-0.0381276
1299.82	-4990.24	0.999164	-0.0408891
1299.8	-4989.64	0.999042	-0.0437506
1299.77	-4989.03	0.998908	-0.0467122
1299.74	-4988.39	0.99876	-0.0497742
1299.71	-4987.73	0.998598	-0.0529357
1299.67	-4987.05	0.99842	-0.056197
1299.63	-4986.36	0.998225	-0.0595583
1299.59	-4985.64	0.998012	-0.0630192
1299.54	-4984.9	0.997781	-0.0665799
1299.49	-4984.14	0.99753	-0.0702405
1299.43	-4983.36	0.997258	-0.0740001
1299.37	-4982.57	0.996964	-0.0778578
1299.31	-4981.75	0.996648	-0.0818131
1299.24	-4980.91	0.996307	-0.0858655
1299.16	-4980.06	0.995941	-0.0900131
1299.08	-4979.18	0.995549	-0.0942429
1298.99	-4978.3	0.995133	-0.0985381
1298.9	-4977.4	0.994692	-0.102894
1298.81	-4976.49	0.994225	-0.107312
1298.71	-4975.57	0.993732	-0.11179
1298.6	-4974.64	0.993211	-0.116328
1298.49	-4973.69	0.992662	-0.120925
1298.37	-4972.74	0.992083	-0.125582
1298.24	-4971.77	0.991475	-0.130298
1298.11	-4970.79	0.990836	-0.135073
1297.98	-4969.8	0.990165	-0.139906
1297.83	-4968.8	0.989461	-0.144799
1297.68	-4967.78	0.988724	-0.149752
1297.53	-4966.75	0.987951	-0.154766
1297.36	-4965.72	0.987143	-0.159842
1297.19	-4964.67	0.986297	-0.164978
1297.01	-4963.61	0.985414	-0.170175
1296.82	-4962.53	0.984492	-0.175432
1296.63	-4961.45	0.983529	-0.180749
1296.42	-4960.35	0.982526	-0.186125
1296.21	-4959.24	0.981481	-0.191562
1295.99	-4958.13	0.980392	-0.197057
1295.76	-4957	0.979259	-0.202612
1295.52	-4955.85	0.978081	-0.208225
1295.27	-4954.7	0.976856	-0.213896
1295.01	-4953.54	0.975584	-0.219625
1294.75	-4952.36	0.974263	-0.225412
1294.47	-4951.18	0.972893	-0.231256
1294.18	-4949.98	0.971471	-0.237157
1293.88	-4948.77	0.969998	-0.243113
1293.58	-4947.56	0.968471	-0.249126
1293.26	-4946.33	0.96689	-0.255194
1292.93	-4945.09	0.965253	-0.261317
1292.58	-4943.84	0.963559	-0.267494
1292.23	-4942.58	0.961808	-0.273726
1291.87	-4941.32	0.959997	-0.28001
1291.49	-4940.04	0.958126	-0.286348
1291.1	-4938.75	0.956193	-0.292737
1290.7	-4937.45	0.954197	-0.299179
1290.29	-4936.14	0.952137	-0.305671
1289.86	-4934.83	0.950012	-0.312213
1289.42	-4933.5	0.94782	-0.318806
1288.97	-4932.17	0.94556	-0.325447
1288.5	-4930.82	0.943231	-0.332136
1288.02	-4929.47	0.940832	-0.338873
1287.53	-4928.11	0.938361	-0.345657
1287.02	-4926.74	0.935817	-0.352487
1286.49	-4925.36	0.933198	-0.359362
1285.96	-4923.98	0.930504	-0.366281
1285.4	-4922.59	0.927733	-0.373244
1284.83	-4921.18	0.924884	-0.380249
1284.25	-4919.78	0.921955	-0.387297
1283.65	-4918.36	0.918946	-0.394384
1283.03	-4916.94	0.915854	-0.401512
1282.4	-4915.51	0.912678	-0.408678
1281.75	-4914.07	0.909418	-0.415883
1281.09	-4912.63	0.906072	-0.423124
1280.4	-4911.18	0.902638	-0.4304
1279.71	-4909.72	0.899116	-0.437711
1278.99	-4908.26	0.895503	-0.445055
1278.25	-4906.8	0.891799	-0.452432
1277.5	-4905.33	0.888002	-0.459839
1276.73	-4903.85	0.884111	-0.467277
1275.94	-4902.37	0.880125	-0.474743
1275.13	-4900.88	0.876042	-0.482235
1274.31	-4899.39	0.871861	-0.489754
1273.46	-4897.9	0.86758	-0.497298
1272.59	-4896.4	0.863199	-0.504864
1271.71	-4894.9	0.858714	-0.512454
1270.8	-4893.39	0.854126	-0.520066
1269.88	-4891.89	0.849432	-0.527699
1268.93	-4890.37	0.84463	-0.53535
1267.96	-4888.86	0.839721	-0.543018
1266.98	-4887.35	0.834701	-0.550703
1265.97	-4885.83	0.829571	-0.558401
1264.94	-4884.31	0.824329	-0.566112
1263.89	-4882.79	0.818973	-0.573832
1262.81	-4881.27	0.813502	-0.581562
1261.71	-4879.75	0.807915	-0.589298
1260.6	-4878.23	0.802207	-0.597046
1259.45	-4876.7	0.796365	-0.604816
1258.28	-4875.17	0.790379	-0.612618
1257.08	-4873.64	0.784236	-0.620463
1255.85	-4872.09	0.777915	-0.62837
1254.58	-4870.53	0.771404	-0.636346
1253.27	-4868.97	0.76469	-0.644398
1251.93	-4867.38	0.757765	-0.652528
1250.54	-4865.79	0.750623	-0.66073
1249.12	-4864.19	0.743259	-0.669004
1247.65	-4862.57	0.735676	-0.677334
1246.14	-4860.94	0.727902	-0.685681
1244.58	-4859.3	0.719962	-0.694014
1242.97	-4857.65	0.711848	-0.702333
1241.31	-4855.98	0.70351	-0.710685
1239.59	-4854.3	0.694896	-0.719111
1237.83	-4852.61	0.68599	-0.727611
1236	-4850.9	0.676786	-0.736179
1234.12	-4849.19	0.667279	-0.744808
1232.19	-4847.48	0.657465	-0.753485
1230.19	-4845.76	0.647375	-0.762172
1228.14	-4844.03	0.637108	-0.770775
1226.03	-4842.3	0.626766	-0.779207
1223.86	-4840.58	0.616395	-0.787437
1221.62	-4838.85	0.606011	-0.795456
1219.33	-4837.12	0.595632	-0.803257
1216.98	-4835.4	0.585261	-0.810845
1214.57	-4833.68	0.574895	-0.818227
1212.1	-4831.96	0.56453	-0.825412
1209.58	-4830.25	0.554179	-0.832398
1206.99	-4828.55	0.543824	-0.839199
1204.34	-4826.85	0.533478	-0.845814
1201.63	-4825.16	0.523139	-0.852248
1198.86	-4823.48	0.512856	-0.858475
1196.03	-4821.8	0.502736	-0.86444
1193.14	-4820.14	0.492888	-0.870093
1189.89	-4818.32	0.482489	-0.875902
1187.19	-4816.84	0.474371	-0.880325
1184.12	-4815.21	0.465751	-0.884916
1181	-4813.58	0.457466	-0.889227
1177.82	-4811.96	0.449515	-0.893273
1174.59	-4810.35	0.441998	-0.897016
1171.3	-4808.74	0.434992	-0.900434
1167.62	-4806.98	0.427976	-0.90379
1164.22	-4805.38	0.4223	-0.906456
1160.76	-4803.78	0.417397	-0.908724
1157.61	-4802.34	0.413715	-0.910407
1153.7	-4800.57	0.410172	-0.912008
1150.46	-4799.12	0.407953	-0.913003
1146.45	-4797.33	0.405944	-0.913898
1142.76	-4795.69	0.404834	-0.91439
1139.02	-4794.04	0.404627	-0.914482
1135.24	-4792.36	0.405273	-0.914196
1131.42	-4790.67	0.406409	-0.913691
1127.56	-4788.94	0.407683	-0.913123
1124.05	-4787.38	0.40889	-0.912584
1119.71	-4785.43	0.410648	-0.911794
1115.73	-4783.63	0.412687	-0.910873
1111.71	-4781.8	0.415091	-0.90978
1107.65	-4779.95	0.417742	-0.908566
1103.97	-4778.25	0.420379	-0.907348
1099.42	-4776.14	0.424123	-0.905605
1095.26	-4774.18	0.427955	-0.9038
1091.06	-4772.18	0.432038	-0.901856
1086.83	-4770.14	0.436435	-0.899736
1082.56	-4768.06	0.441234	-0.897392
1078.27	-4765.94	0.446456	-0.894805
1073.94	-4763.77	0.452107	-0.891964
1069.59	-4761.55	0.458088	-0.888907
1065.21	-4759.28	0.464329	-0.885663
1060.81	-4756.95	0.470835	-0.882221
1056.39	-4754.57	0.477547	-0.878606
1051.94	-4752.14	0.484368	-0.874864
1047.47	-4749.64	0.491358	-0.870958
1042.98	-4747.09	0.498656	-0.8668
1038.47	-4744.47	0.506274	-0.862372
1033.94	-4741.79	0.51414	-0.857706
1029.4	-4739.05	0.522195	-0.852826
1024.84	-4736.24	0.530386	-0.847756
1020.28	-4733.35	0.538701	-0.842497
1015.7	-4730.4	0.547258	-0.836964
1011.11	-4727.38	0.556079	-0.83113
1006.52	-4724.27	0.565015	-0.825081
1001.92	-4721.1	0.574001	-0.818855
997.325	-4717.84	0.583093	-0.812406
992.725	-4714.51	0.592326	-0.805699
988.125	-4711.09	0.601643	-0.798765
983.528	-4707.6	0.610984	-0.791643
978.936	-4704.02	0.620328	-0.784342
974.35	-4700.36	0.629641	-0.776886
969.772	-4696.61	0.638843	-0.769337
965.202	-4692.78	0.64765	-0.761938
960.64	-4688.87	0.655778	-0.754954
956.084	-4684.87	0.663352	-0.748307
951.533	-4680.81	0.670649	-0.741775
946.986	-4676.67	0.677615	-0.735417
942.444	-4672.45	0.684039	-0.729445
937.903	-4668.16	0.689834	-0.723967
933.362	-4663.81	0.694977	-0.719031
928.816	-4659.39	0.699459	-0.714673
924.263	-4654.92	0.70327	-0.710923
919.699	-4650.39	0.706414	-0.707799
915.12	-4645.8	0.708918	-0.70529
910.523	-4641.17	0.71087	-0.703324
905.905	-4636.49	0.712297	-0.701878
901.262	-4631.78	0.713157	-0.701005
896.59	-4627.02	0.713534	-0.700621
891.888	-4622.23	0.713842	-0.700307
887.155	-4617.4	0.714285	-0.699855
882.392	-4612.54	0.714724	-0.699406
877.6	-4607.64	0.715147	-0.698975
872.778	-4602.7	0.715572	-0.698539
867.926	-4597.73	0.716002	-0.698099
863.044	-4592.72	0.716324	-0.697768
858.132	-4587.68	0.716393	-0.697697
853.186	-4582.6	0.716098	-0.698
848.204	-4577.49	0.71535	-0.698766
843.183	-4572.36	0.714291	-0.699849
838.12	-4567.2	0.713146	-0.701015
833.016	-4562.01	0.71201	-0.702169
827.872	-4556.8	0.711066	-0.703125
822.688	-4551.57	0.71074	-0.703454
817.472	-4546.29	0.711334	-0.702855
812.231	-4540.98	0.712768	-0.7014
806.969	-4535.62	0.714844	-0.699284
801.692	-4530.21	0.717465	-0.696595
796.405	-4524.75	0.720546	-0.693407
791.11	-4519.23	0.723999	-0.689801
785.813	-4513.64	0.727789	-0.685801
780.515	-4507.99	0.731798	-0.681522
775.218	-4502.28	0.735863	-0.67713
769.925	-4496.5	0.73978	-0.672849
764.636	-4490.66	0.743406	-0.668841
759.359	-4484.77	0.74688	-0.664958
754.101	-4478.84	0.750345	-0.661047
748.867	-4472.87	0.753808	-0.657094
743.665	-4466.88	0.757372	-0.652983
738.497	-4460.85	0.761105	-0.648628
733.365	-4454.8	0.764884	-0.644168
728.271	-4448.73	0.768592	-0.639739
723.212	-4442.62	0.772245	-0.635324
718.191	-4436.49	0.775872	-0.630891
713.205	-4430.33	0.779471	-0.626438
708.257	-4424.14	0.783044	-0.621966
703.345	-4417.93	0.78659	-0.617476
698.47	-4411.69	0.790042	-0.613052
693.631	-4405.43	0.793289	-0.608846
688.826	-4399.14	0.79633	-0.604862
684.053	-4392.83	0.799101	-0.601197
679.309	-4386.5	0.801387	-0.598146
674.587	-4380.16	0.803059	-0.595899
669.882	-4373.81	0.804073	-0.59453
665.186	-4367.45	0.804492	-0.593963
660.494	-4361.1	0.804384	-0.594109
655.8	-4354.75	0.803802	-0.594897
651.099	-4348.4	0.802881	-0.59614
646.388	-4342.07	0.801729	-0.597688
641.666	-4335.74	0.800344	-0.599541
636.93	-4329.43	0.798687	-0.601747
632.176	-4323.14	0.796754	-0.604304
627.402	-4316.87	0.794548	-0.607201
622.604	-4310.61	0.792117	-0.61037
617.775	-4304.36	0.789513	-0.613734
612.91	-4298.13	0.786712	-0.61732
608.008	-4291.9	0.783677	-0.621169
603.063	-4285.69	0.780366	-0.625323
598.071	-4279.49	0.776723	-0.629843
593.03	-4273.31	0.77271	-0.634759
587.933	-4267.14	0.768343	-0.640038
582.777	-4260.98	0.76361	-0.645678
577.557	-4254.85	0.75847	-0.651708
572.268	-4248.73	0.752896	-0.65814
566.907	-4242.64	0.746869	-0.664972
561.465	-4236.58	0.740468	-0.672091
555.939	-4230.54	0.733756	-0.679414
550.322	-4224.52	0.726694	-0.686961
544.613	-4218.53	0.719247	-0.694754
538.807	-4212.58	0.711431	-0.702756
532.901	-4206.65	0.703332	-0.710862
526.894	-4200.76	0.69509	-0.718923
520.172	-4194.33	0.686103	-0.727505
513.959	-4188.52	0.678257	-0.734825
507.65	-4182.75	0.670817	-0.741623
501.891	-4177.57	0.664663	-0.747144
495.411	-4171.85	0.658388	-0.752678
488.192	-4165.58	0.651917	-0.758291
482.212	-4160.46	0.647075	-0.762426
475.498	-4154.8	0.642352	-0.76641
468.036	-4148.57	0.63776	-0.770236
461.183	-4142.92	0.633762	-0.773528
454.265	-4137.28	0.629719	-0.776823
447.282	-4131.64	0.62566	-0.780096
440.232	-4126.01	0.621678	-0.783273
433.118	-4120.39	0.617931	-0.786232
425.94	-4114.77	0.614425	-0.788976
418.702	-4109.15	0.611062	-0.791582
411.402	-4103.54	0.607774	-0.79411
404.043	-4097.92	0.604484	-0.796617
396.622	-4092.31	0.601161	-0.799128
389.141	-4086.7	0.597719	-0.801705
381.597	-4081.1	0.594167	-0.804342
373.991	-4075.5	0.590579	-0.80698
366.322	-4069.91	0.586978	-0.809603
358.591	-4064.33	0.583547	-0.812079
350.799	-4058.74	0.580508	-0.814255
342.949	-4053.16	0.577857	-0.816138
335.043	-4047.58	0.575359	-0.817901
327.082	-4042	0.57284	-0.819667
319.066	-4036.41	0.570382	-0.82138
310.995	-4030.82	0.568251	-0.822855
302.872	-4025.22	0.566612	-0.823984
294.7	-4019.61	0.565537	-0.824723
286.485	-4013.98	0.565253	-0.824917
278.231	-4008.32	0.565594	-0.824684
269.942	-4002.63	0.566098	-0.824338
261.617	-3996.91	0.566591	-0.823999
253.258	-3991.16	0.567123	-0.823633
244.864	-3985.37	0.568103	-0.822957
236.44	-3979.55	0.569902	-0.821713
227.993	-3973.68	0.572359	-0.820003
219.527	-3967.75	0.575223	-0.817997
211.044	-3961.77	0.57838	-0.815768
202.547	-3955.72	0.581973	-0.813208
194.041	-3949.61	0.586083	-0.810251
185.529	-3943.42	0.59046	-0.807067
177.012	-3937.16	0.594857	-0.803831
168.493	-3930.83	0.599003	-0.800747
159.967	-3924.43	0.60269	-0.797976
151.432	-3917.96	0.60606	-0.795419
142.887	-3911.43	0.609376	-0.792882
134.332	-3904.83	0.6127	-0.790315
125.768	-3898.17	0.616033	-0.78772
117.196	-3891.44	0.619375	-0.785095
108.616	-3884.64	0.622725	-0.782441
100.028	-3877.79	0.626203	-0.77966
91.4354	-3870.86	0.630047	-0.776557
82.8426	-3863.85	0.634322	-0.773069
74.2536	-3856.77	0.638788	-0.769383
65.6698	-3849.61	0.643257	-0.76565
57.0922	-3842.37	0.64773	-0.76187
48.5215	-3835.05	0.652207	-0.758041
39.9587	-3827.65	0.656647	-0.754198
31.4041	-3820.17	0.661051	-0.750341
22.8585	-3812.6	0.665457	-0.746436
14.3225	-3804.95	0.669745	-0.742591
5.79471	-3797.23	0.673603	-0.739093
-2.72956	-3789.43	0.677006	-0.735977
-11.2533	-3781.56	0.680161	-0.733062
-19.7785	-3773.63	0.68304	-0.730381
-28.3077	-3765.63	0.685667	-0.727915
-36.8421	-3757.57	0.688217	-0.725505
-45.3798	-3749.44	0.690772	-0.723073
-53.9189	-3741.26	0.693098	-0.720844
-62.4608	-3733.03	0.694788	-0.719214
-71.0093	-3724.76	0.695585	-0.718444
-79.5701	-3716.48	0.695374	-0.718648
-88.1491	-3708.18	0.694093	-0.719885
-96.7545	-3699.9	0.691877	-0.722016
-105.393	-3691.65	0.689015	-0.724747
-114.068	-3683.43	0.685668	-0.727915
-122.783	-3675.26	0.681873	-0.73147
-131.54	-3667.13	0.677724	-0.735316
-140.342	-3659.06	0.673317	-0.739354
-149.192	-3651.04	0.668731	-0.743504
-158.09	-3643.07	0.664034	-0.747702
-167.036	-3635.17	0.6592	-0.751967
-176.032	-3627.32	0.654369	-0.756175
-185.075	-3619.54	0.64989	-0.760028
-194.161	-3611.8	0.64584	-0.763473
-203.29	-3604.11	0.641942	-0.766753
-212.469	-3596.46	0.638022	-0.770019
-221.702	-3588.84	0.634032	-0.773307
-230.995	-3581.25	0.629849	-0.776718
-240.355	-3573.7	0.625387	-0.780315
-249.789	-3566.17	0.620762	-0.783999
-259.299	-3558.68	0.616093	-0.787674
-268.887	-3551.22	0.611411	-0.791313
-278.554	-3543.79	0.606733	-0.794906
-288.301	-3536.38	0.602028	-0.798475
-298.129	-3529.01	0.597276	-0.802035
-308.038	-3521.67	0.592479	-0.805586
-318.029	-3514.35	0.587634	-0.809127
-328.102	-3507.08	0.582742	-0.812657
-338.256	-3499.83	0.577952	-0.816071
-348.49	-3492.62	0.573854	-0.818958
-358.795	-3485.42	0.570659	-0.821187
-369.163	-3478.24	0.568028	-0.823009
-379.592	-3471.06	0.566096	-0.82434
-390.072	-3463.87	0.56525	-0.82492
-400.594	-3456.66	0.565484	-0.824759
-411.15	-3449.42	0.566444	-0.8241
-421.734	-3442.13	0.567963	-0.823054
-432.342	-3434.8	0.569992	-0.82165
-442.968	-3427.41	0.572236	-0.820089
-453.613	-3419.96	0.574488	-0.818513
-464.275	-3412.46	0.576838	-0.816859
-474.953	-3404.9	0.579323	-0.815098
-485.646	-3397.28	0.581795	-0.813335
-496.355	-3389.6	0.58397	-0.811775
-507.083	-3381.87	0.585888	-0.810392
-517.83	-3374.08	0.587797	-0.809008
-528.597	-3366.25	0.589713	-0.807613
-539.383	-3358.35	0.591634	-0.806206
-550.188	-3350.41	0.593562	-0.804788
-561.012	-3342.41	0.595422	-0.803413
-571.855	-3334.36	0.596993	-0.802246
-582.723	-3326.26	0.598056	-0.801454
-593.619	-3318.13	0.598378	-0.801214
-604.555	-3309.96	0.597433	-0.801919
-615.543	-3301.79	0.595052	-0.803687
-626.598	-3293.63	0.591924	-0.805994
-637.724	-3285.49	0.588657	-0.808383
-648.92	-3277.37	0.585364	-0.810771
-660.187	-3269.26	0.582007	-0.813184
-671.526	-3261.17	0.578584	-0.815623
-682.933	-3253.11	0.575218	-0.818
-694.411	-3245.06	0.572322	-0.820029
-705.952	-3237.03	0.570553	-0.821261
-717.543	-3228.98	0.570351	-0.821401
-729.171	-3220.9	0.571754	-0.820425
-740.816	-3212.77	0.573897	-0.818928
-752.477	-3204.57	0.576324	-0.817222
-764.155	-3196.32	0.578779	-0.815485
-775.847	-3188	0.581082	-0.813845
-787.551	-3179.62	0.583037	-0.812446
-799.274	-3171.2	0.584735	-0.811224
-811.018	-3162.72	0.586535	-0.809924
-822.779	-3154.18	0.58861	-0.808417
-834.555	-3145.58	0.591296	-0.806454
-846.336	-3136.92	0.594975	-0.803744
-858.108	-3128.16	0.600115	-0.799914
-869.855	-3119.29	0.606905	-0.794774
-881.552	-3110.28	0.615223	-0.788353
-893.172	-3101.13	0.624943	-0.780671
-904.685	-3091.8	0.636155	-0.771561
-916.058	-3082.3	0.648981	-0.760805
-927.261	-3072.6	0.663284	-0.748368
-938.27	-3062.69	0.678608	-0.734501
-949.064	-3052.54	0.694433	-0.719557
-959.63	-3042.16	0.710262	-0.703938
-969.961	-3031.55	0.725917	-0.687782
-980.047	-3020.71	0.74169	-0.670743
-989.872	-3009.63	0.75768	-0.652626
-999.422	-2998.32	0.773772	-0.633464
-1008.68	-2986.77	0.789924	-0.613204
-1017.63	-2974.98	0.80611	-0.591766
-1026.25	-2962.96	0.822354	-0.568976
-1035.34	-2949.46	0.840214	-0.542255
-1043.21	-2936.94	0.856206	-0.516634
-1049.96	-2925.47	0.870078	-0.492915
-1057.1	-2912.51	0.884728	-0.466108
-1063.83	-2899.35	0.89855	-0.438872
-1070.15	-2885.98	0.911513	-0.41127
-1076.64	-2871.07	0.924688	-0.380725
-1082.1	-2857.34	0.93565	-0.352928
-1087.15	-2843.45	0.945732	-0.324949
-1091.34	-2830.83	0.954052	-0.299641
-1095.6	-2816.69	0.962333	-0.271874
-1099.82	-2801	0.97025	-0.242103
-1102.91	-2788.07	0.975967	-0.217918
-1106.26	-2772.17	0.982036	-0.188696
-1108.89	-2757.64	0.986565	-0.163368
-1111.16	-2743.04	0.990176	-0.139826
-1113.1	-2728.38	0.993012	-0.118013
-1114.72	-2713.66	0.995218	-0.0976739
-1116.06	-2698.89	0.996898	-0.078699
-1117.12	-2684.08	0.998116	-0.0613606
-1117.94	-2669.21	0.998925	-0.0463466
-1118.55	-2654.3	0.999425	-0.0339083
-1118.99	-2639.35	0.999733	-0.023118
-1119.28	-2624.35	0.999915	-0.0130155
-1119.41	-2609.31	0.999994	-0.00350796
-1119.41	-2594.22	0.999984	0.00558609
-1119.28	-2579.09	0.999911	0.0133262
-1119.04	-2563.91	0.999842	0.0178001
-1118.76	-2548.69	0.999832	0.0183163
-1118.49	-2533.42	0.99988	0.0155216
-1118.28	-2518.1	0.999943	0.0106547
-1118.15	-2502.74	0.99999	0.0045656
-1118.12	-2487.32	0.999997	-0.00239956
-1118.2	-2471.86	0.999956	-0.00942564
-1118.39	-2456.36	0.99989	-0.0148229
-1118.64	-2440.81	0.999848	-0.017437
-1118.92	-2425.21	0.999839	-0.017922
-1119.2	-2409.56	0.999847	-0.0175159
-1119.47	-2393.87	0.999869	-0.016211
-1119.71	-2378.13	0.999905	-0.0137717
-1119.91	-2362.34	0.999942	-0.0108048
-1120.06	-2346.51	0.999971	-0.00760198
-1120.16	-2330.63	0.999991	-0.00421977
-1120.2	-2314.7	1	-0.000823027
-1120.19	-2298.72	0.999997	0.00252963
-1120.13	-2282.7	0.999984	0.00572861
-1120.02	-2266.63	0.999962	0.00867973
-1119.87	-2250.52	0.999941	0.0108209
-1119.68	-2234.35	0.999935	0.011361
-1119.5	-2218.14	0.999946	0.0103476
-1119.35	-2201.89	0.999964	0.00844735
-1119.22	-2185.59	0.99998	0.00627273
-1119.13	-2169.23	0.999992	0.00408892
-1119.08	-2152.84	0.999998	0.00189578
-1119.07	-2136.39	1	-0.00030667
-1119.09	-2119.9	0.999997	-0.00251828
-1119.14	-2103.36	0.999989	-0.00473902
-1119.23	-2086.78	0.999976	-0.00696891
-1119.37	-2070.15	0.999958	-0.00920806
-1119.53	-2053.47	0.999934	-0.0114565
-1119.74	-2036.74	0.999906	-0.0137141
-1119.99	-2019.97	0.999872	-0.015981
-1120.3	-2001.48	0.999829	-0.0184843
-1120.59	-1986.3	0.999789	-0.0205416
-1120.96	-1969.39	0.99974	-0.0228088
-1121.36	-1952.43	0.999686	-0.0250579
-1121.8	-1935.43	0.999628	-0.0272793
-1122.28	-1918.38	0.999576	-0.0291226
-1122.79	-1901.29	0.999548	-0.0300494
-1123.3	-1884.15	0.999542	-0.0302764
-1123.82	-1866.96	0.999537	-0.0304115
-1124.35	-1849.73	0.999543	-0.0302357
-1124.87	-1832.45	0.999572	-0.0292588
-1125.36	-1815.12	0.999615	-0.0277603
-1125.84	-1797.75	0.999658	-0.0261519
-1126.28	-1780.32	0.999711	-0.0240423
-1126.68	-1762.85	0.999778	-0.0210659
-1127.03	-1745.33	0.999839	-0.017916
-1127.32	-1727.76	0.999883	-0.015292
-1127.57	-1710.15	0.999915	-0.0130239
-1127.79	-1692.49	0.999942	-0.0107465
-1127.96	-1674.78	0.999965	-0.00839202
-1128.09	-1657.02	0.999982	-0.00592047
-1128.18	-1639.22	0.999995	-0.00306634
-1128.21	-1621.37	1	0.00010367
-1128.19	-1603.47	0.999994	0.00332556
-1128.1	-1585.52	0.999979	0.00645067
-1127.97	-1567.53	0.999957	0.00927895
-1127.78	-1549.5	0.999929	0.0119184
-1127.55	-1531.41	0.999894	0.014568
-1127.26	-1513.28	0.999852	0.0172278
-1126.93	-1495.11	0.999799	0.0200395
-1126.54	-1476.88	0.999726	0.0233903
-1126.09	-1458.62	0.999628	0.0272728
-1125.56	-1440.3	0.999518	0.0310566
-1124.96	-1421.95	0.999424	0.0339401
-1124.32	-1403.55	0.999354	0.035949
-1123.65	-1385.1	0.99929	0.0376761
-1122.94	-1366.6	0.99925	0.0387233
-1122.22	-1348.06	0.999251	0.0386989
-1121.43	-1327.62	0.999274	0.0380906
-1120.8	-1310.85	0.999296	0.0375188
-1120.1	-1292.16	0.99932	0.0368811
-1119.41	-1273.44	0.999342	0.0362834
-1118.73	-1254.66	0.999362	0.0357259
-1118.07	-1235.84	0.999381	0.0351664
-1117.41	-1216.97	0.999401	0.0346047
-1116.76	-1198.05	0.99942	0.0340409
-1116.11	-1179.08	0.999438	0.0335075
-1115.48	-1160.07	0.999455	0.0330044
-1114.85	-1141.01	0.999472	0.0324993
-1114.24	-1121.9	0.999489	0.0319596
-1113.63	-1102.75	0.999528	0.0307056
-1113.06	-1083.55	0.999616	0.0277003
-1112.56	-1064.3	0.999733	0.0231194
-1112.15	-1045	0.999838	0.0179909
-1111.84	-1025.65	0.999919	0.0127654
-1111.62	-1004.31	0.999979	0.00644548
-1111.55	-986.816	1	0.00036783
-1111.61	-965.373	0.999969	-0.00788221
-1111.8	-947.792	0.999891	-0.0147827
-1112.19	-926.253	0.99973	-0.0232464
-1112.71	-906.628	0.999528	-0.0307296
-1113.3	-888.924	0.999345	-0.0361789
-1114.13	-867.243	0.99917	-0.0407249
-1114.95	-847.488	0.99906	-0.0433553
-1115.83	-827.687	0.998975	-0.0452701
-1116.74	-807.841	0.998942	-0.0459987
-1117.65	-787.949	0.998986	-0.0450237
-1118.54	-768.008	0.999072	-0.0430817
-1119.38	-748.018	0.99916	-0.0409691
-1120.19	-727.98	0.999255	-0.0386027
-1120.94	-707.893	0.999355	-0.0359103
-1121.64	-687.757	0.999451	-0.0331378
-1122.29	-667.573	0.999528	-0.0307226
-1122.89	-647.34	0.999588	-0.0287026
-1123.46	-627.059	0.999641	-0.0267945
-1123.99	-606.731	0.99969	-0.0248795
-1124.48	-586.354	0.999738	-0.0228736
-1124.93	-565.93	0.999784	-0.0207763
-1125.34	-545.458	0.999826	-0.0186716
-1125.71	-524.938	0.999863	-0.0165595
-1126.03	-504.37	0.999896	-0.01444
-1126.31	-483.755	0.999924	-0.012313
-1126.55	-463.093	0.999949	-0.0100556
-1126.73	-442.383	0.999974	-0.00714966
-1126.85	-421.626	0.999994	-0.00359197
-1126.9	-400.822	1	-0.000245879
-1126.88	-379.971	0.999996	0.00272668
-1126.8	-359.073	0.999985	0.00545951
-1126.66	-338.128	0.999971	0.00755007
-1126.49	-317.137	0.999964	0.00842834
-1126.32	-296.099	0.99997	0.0077556
-1126.17	-275.014	0.999981	0.00609152
-1126.05	-253.882	0.999991	0.00420632
-1125.98	-232.703	0.999997	0.0023147
-1125.95	-211.476	1	0.000416658
-1125.95	-190.203	0.999999	-0.00148779
-1126	-168.883	0.999994	-0.00339864
-1126.09	-147.517	0.999986	-0.00527713
-1126.22	-126.103	0.999978	-0.00659105
-1126.37	-104.643	0.999975	-0.00710388
-1126.52	-83.1361	0.999973	-0.00734512
-1126.68	-61.5823	0.999971	-0.00758727
-1126.85	-39.9816	0.99997	-0.00777754
-1127.02	-18.3341	0.999969	-0.00787626
-1127.19	3.36028	0.999969	-0.00793577
-1127.36	25.1015	0.999968	-0.00799543
-1127.54	46.8896	0.999968	-0.00805524
-1127.71	68.7246	0.999967	-0.0081152
-1127.89	90.6065	0.999967	-0.00817548
-1128.07	112.535	0.999966	-0.0082359
-1128.25	134.511	0.999966	-0.00829647
-1128.43	156.533	0.999965	-0.00835735
-1128.62	178.603	0.999965	-0.00841839
-1128.81	200.719	0.999964	-0.00847957
-1128.99	222.882	0.999964	-0.00854106
-1129.19	245.092	0.999963	-0.00860271
-1129.38	267.348	0.999962	-0.0086645
-1129.57	289.652	0.999962	-0.0087266
-1129.77	312.003	0.999961	-0.00878886
-1129.96	334.4	0.999961	-0.00885126
-1130.16	356.844	0.99996	-0.00891397
-1130.36	379.335	0.99996	-0.00897684
-1130.57	401.873	0.999959	-0.00903985
-1130.77	424.458	0.999959	-0.00910317
-1130.98	447.09	0.999958	-0.00916665
-1131.19	469.768	0.999957	-0.00923028
-1131.4	492.494	0.999957	-0.00929421
-1131.61	515.266	0.999956	-0.00935829
-1131.82	538.085	0.999956	-0.00942253
-1132.04	560.951	0.999955	-0.00948707
-1132.26	583.864	0.999954	-0.00959494
-1132.48	606.824	0.999951	-0.00994847
-1132.72	629.83	0.999943	-0.0107083
-1132.97	652.884	0.99993	-0.0118188
-1133.26	675.983	0.99991	-0.013428
-1133.59	699.129	0.999871	-0.0160504
-1133.99	722.321	0.999802	-0.0198967
-1134.5	745.557	0.999695	-0.0246802
-1135.12	768.838	0.999549	-0.0300378
-1135.87	792.162	0.999366	-0.0356032
-1136.76	815.527	0.999152	-0.0411848
-1137.78	838.935	0.998929	-0.0462763
-1138.9	862.384	0.998739	-0.0502042
-1140.11	885.877	0.998597	-0.0529475
-1141.38	909.413	0.998497	-0.0548143
-1142.69	932.994	0.998441	-0.0558139
-1144.01	956.621	0.998445	-0.0557414
-1145.32	980.295	0.99849	-0.054939
-1146.62	1004.02	0.998543	-0.0539672
-1147.9	1027.79	0.998595	-0.0529923
-1149.15	1051.61	0.998646	-0.0520144
-1150.38	1075.47	0.998697	-0.0510333
-1151.6	1099.39	0.998752	-0.0499414
-1152.78	1123.35	0.998832	-0.0483214
-1153.92	1147.36	0.998961	-0.0455819
-1154.98	1171.42	0.999123	-0.0418733
-1155.96	1195.52	0.999282	-0.0378926
-1156.83	1219.63	0.999429	-0.0337978
-1157.6	1243.76	0.999578	-0.0290472
-1158.25	1267.88	0.999733	-0.0231126
-1158.75	1292.01	0.999865	-0.0164304
-1159.08	1316.14	0.999954	-0.0096395
-1159.24	1340.27	0.999996	-0.00284902
-1159.25	1364.4	0.999993	0.00372262
-1159.1	1388.52	0.999953	0.00970148
-1158.81	1412.64	0.999889	0.0149319
-1158.41	1436.76	0.999813	0.0193521
-1157.9	1460.87	0.999733	0.0231177
-1157.31	1484.98	0.999644	0.0266646
-1156.63	1509.09	0.999545	0.030164
-1155.87	1533.19	0.99944	0.0334605
-1155.04	1557.28	0.999338	0.0363831
-1154.14	1581.37	0.999249	0.038761
-1153.18	1605.46	0.999191	0.0402216
-1152.21	1629.54	0.99919	0.0402488
-1151.25	1653.63	0.999262	0.038408
-1150.35	1677.71	0.999387	0.035014
-1149.55	1701.79	0.999523	0.0308744
-1148.85	1725.88	0.999648	0.0265174
-1148.25	1749.96	0.99975	0.0223778
-1147.75	1774.05	0.99982	0.0189841
-1147.31	1798.13	0.99986	0.0167089
-1146.93	1822.21	0.999881	0.0153967
-1146.56	1846.29	0.999892	0.0146746
-1146.22	1870.37	0.999898	0.0142786
-1145.87	1894.45	0.999902	0.0139915
-1145.54	1918.52	0.999905	0.0137664
-1145.21	1942.6	0.999902	0.0139643
-1144.87	1966.67	0.999887	0.0150505
-1144.49	1990.73	0.99986	0.016726
-1144.07	2014.8	0.99983	0.0184632
-1143.61	2038.86	0.999796	0.0202001
-1143.1	2062.92	0.999759	0.0219367
-1142.56	2086.97	0.999728	0.0233009
-1141.99	2111.03	0.999726	0.0233901
-1141.44	2135.08	0.999756	0.0220961
-1140.93	2159.13	0.999793	0.0203217
-1140.45	2183.18	0.999828	0.0185476
-1140.03	2207.22	0.999859	0.0167736
-1139.64	2231.27	0.999887	0.0149997
-1139.3	2255.31	0.999913	0.013226
-1138.99	2279.36	0.99993	0.0118708
-1138.72	2303.4	0.999939	0.0110423
-1138.46	2327.44	0.999952	0.00979593
-1138.24	2351.47	0.999973	0.00732669
-1138.1	2375.51	0.999992	0.00394433
-1138.04	2399.54	1	0.000345705
-1138.07	2423.57	0.999995	-0.00325246
-1138.18	2447.6	0.999977	-0.00678818
-1138.37	2471.63	0.99995	-0.00999837
-1138.64	2495.65	0.999918	-0.0128368
-1138.98	2519.67	0.999879	-0.0155664
-1139.38	2543.69	0.999833	-0.0182957
-1139.84	2567.7	0.999777	-0.0211327
-1140.38	2591.71	0.999709	-0.0241391
-1140.99	2615.72	0.99963	-0.0272066
-1141.67	2639.72	0.999542	-0.0302734
-1142.43	2663.72	0.999444	-0.0333395
-1143.26	2687.71	0.999337	-0.0364048
-1144.16	2711.7	0.999221	-0.0394695
-1145.14	2735.68	0.999102	-0.0423636
-1146.18	2759.66	0.999	-0.0447169
-1147.27	2783.63	0.998948	-0.0458508
-1148.37	2807.6	0.998966	-0.0454536
-1149.45	2831.57	0.999022	-0.0442196
-1150.49	2855.54	0.999082	-0.0428316
-1151.51	2879.51	0.999152	-0.0411662
-1152.48	2903.48	0.999238	-0.0390229
-1153.39	2927.45	0.999327	-0.0366791
-1154.25	2951.42	0.99941	-0.0343355
-1155.05	2975.38	0.999483	-0.0321461
-1155.8	2999.35	0.999542	-0.0302653
-1156.51	3023.32	0.999594	-0.0284927
-1157.17	3047.28	0.999649	-0.0265045
-1157.79	3071.25	0.999713	-0.0239769
-1158.33	3095.21	0.999786	-0.0206635
-1158.79	3119.17	0.99986	-0.0167186
-1159.15	3143.14	0.999921	-0.0125583
-1159.41	3167.1	0.999964	-0.0084446
-1159.58	3191.06	0.99999	-0.00455003
-1159.65	3215.02	0.999999	-0.0011304
-1159.65	3238.98	0.999999	0.00164197
-1159.59	3262.93	0.999993	0.0038287
-1159.46	3289.28	0.999982	0.00606423
-1159.32	3310.83	0.999969	0.00789299
-1159.11	3334.78	0.999951	0.00992477
-1158.85	3358.73	0.999929	0.0119564
-1158.51	3385.06	0.999899	0.0141907
-1158.19	3406.61	0.999872	0.0160185
-1157.75	3432.94	0.999833	0.0182521
-1157.29	3456.85	0.999794	0.0202788
-1156.79	3480.71	0.999751	0.0222979
-1156.29	3502.11	0.999709	0.024106
-1155.64	3528.15	0.999654	0.0263
-1155.07	3549.32	0.999606	0.0280764
-1154.33	3575	0.999552	0.0299141
-1153.63	3598.08	0.999525	0.0308322
-1152.92	3620.88	0.999512	0.0312461
-1152.21	3643.39	0.999502	0.0315533
-1151.51	3665.61	0.999493	0.0318544
-1150.81	3687.55	0.999483	0.0321493
-1150.11	3709.19	0.999474	0.0324383
-1149.41	3730.54	0.999465	0.0327215
-1148.72	3751.61	0.999462	0.0327961
-1148.04	3772.39	0.999495	0.031774
-1147.41	3792.9	0.999575	0.0291383
-1146.85	3813.12	0.999675	0.0254869
-1146.37	3833.07	0.999769	0.021503
-1145.98	3852.75	0.999847	0.017517
-1145.67	3872.27	0.999908	0.0135759
-1145.43	3891.76	0.999953	0.00968796
-1145.27	3911.24	0.999981	0.00611462
-1145.18	3930.72	0.999995	0.00315872
-1145.14	3950.21	1	0.000865022
-1145.14	3969.68	0.999999	-0.00103576
-1145.17	3989.16	0.999997	-0.00258865
-1145.23	4008.64	0.999994	-0.00341262
-1145.3	4028.11	0.999993	-0.00365371
-1145.37	4047.57	0.999993	-0.00377135
-1145.44	4066.98	0.999992	-0.00388854
-1145.52	4086.32	0.999992	-0.00400481
-1145.6	4105.5	0.999992	-0.00405181
-1145.67	4124.5	0.999993	-0.0037416
-1145.74	4143.28	0.999995	-0.00300079
-1145.79	4161.86	0.999998	-0.00212555
-1145.82	4180.21	0.999999	-0.00123504
-1145.84	4198.35	1	-0.000259856
-1145.83	4216.27	1	0.000767824
-1145.81	4233.98	0.999999	0.00165207
-1145.78	4251.47	0.999998	0.00213104
-1145.74	4268.75	0.999998	0.0021492
-1145.71	4285.81	0.999998	0.00191559
-1145.68	4302.66	0.999999	0.00162262
-1145.65	4319.3	0.999999	0.00133499
-1145.63	4335.72	0.999999	0.00105271
-1145.62	4351.93	1	0.000775758
-1145.61	4367.92	1	0.000504152
-1145.6	4383.71	1	0.000237886
-1145.6	4399.28	1	-2.31918e-05
-1145.6	4414.64	1	-0.000247954
-1145.6	4429.79	1	-0.000414122
-1145.61	4444.73	1	-0.000554045
-1145.62	4459.47	1	-0.000691374
-1145.63	4474.02	1	-0.000826109
-1145.64	4488.38	1	-0.00095825
-1145.66	4502.54	0.999999	-0.00108795
-1145.67	4516.52	0.999999	-0.00121521
-1145.69	4530.31	0.999999	-0.00134002
-1145.71	4543.92	0.999999	-0.00146255
-1145.73	4557.34	0.999999	-0.00158279
-1145.75	4570.58	0.999999	-0.00170059
-1145.77	4583.64	0.999998	-0.00173416
-1145.8	4596.51	0.999999	-0.00147308
-1145.81	4609.2	1	-0.000945814
-1145.82	4621.7	1	-0.00042816
-1145.82	4634.01	1	-0.000178679
-1145.83	4646.14	1	-0.000357893
-1145.83	4658.08	1	-0.000779265
-1145.84	4669.83	0.999999	-0.00121315
-1145.86	4681.38	0.999999	-0.00163719
-1145.88	4692.75	0.999998	-0.00205146
-1145.91	4703.92	0.999997	-0.0024562
-1145.93	4714.9	0.999996	-0.00285163
-1145.97	4725.69	0.999995	-0.00323776
-1146	4736.3	0.999993	-0.00361465
-1146.04	4746.71	0.999992	-0.0039823
-1146.08	4756.93	0.999991	-0.00434073
-1146.13	4766.96	0.999989	-0.00469
-1146.18	4776.79	0.999987	-0.00503011
-1146.23	4786.42	0.999986	-0.00536107
-1146.28	4795.86	0.999984	-0.00568303
-1146.33	4805.1	0.999982	-0.00599606
-1146.39	4814.14	0.99998	-0.00630023
-1146.44	4822.99	0.999978	-0.00659571
-1146.5	4831.64	0.999976	-0.00688265
-1146.56	4840.09	0.999974	-0.00716119
-1146.62	4848.36	0.999972	-0.00743149
-1146.68	4856.43	0.99997	-0.00769371
-1146.74	4864.32	0.999968	-0.00795722
-1146.81	4872.01	0.999966	-0.00823385
-1146.87	4879.51	0.999963	-0.00855451
-1146.93	4886.82	0.99996	-0.00891399
-1147	4893.95	0.999957	-0.00931635
-1147.06	4900.9	0.999951	-0.00985404
-1147.13	4907.76	0.999944	-0.010541
-1147.21	4914.6	0.999936	-0.0112821
-1147.28	4921.44	0.999928	-0.0120229
-1147.37	4928.28	0.999919	-0.0127633
-1147.46	4935.12	0.999909	-0.0135035
-1147.55	4941.95	0.999899	-0.0142433
-1147.65	4948.78	0.999888	-0.014938
-1147.76	4955.61	0.999879	-0.0155403
-1147.86	4962.44	0.99987	-0.0160949
-1147.97	4969.26	0.999861	-0.0166492
-1148.09	4976.09	0.999852	-0.0172034
-1148.21	4982.91	0.999841	-0.017823
-1148.33	4989.72	0.999829	-0.018516
-1148.46	4996.54	0.999813	-0.0193612
-1148.6	5003.35	0.999788	-0.0206055
-1148.74	5010.17	0.999754	-0.0221854
-1148.9	5016.98	0.999713	-0.0239459
-1149.08	5024.46	0.999653	-0.0263375
-1149.25	5030.59	0.999584	-0.0288573
-1149.45	5037.39	0.999481	-0.0321988
-1149.68	5044.18	0.999352	-0.0359998
-1149.94	5050.98	0.99919	-0.0402517
-1150.22	5057.77	0.998984	-0.0450613
-1150.55	5064.56	0.998722	-0.0505454
-1150.9	5071.34	0.998388	-0.0567549
-1151.31	5078.12	0.99797	-0.0636811
-1151.76	5084.9	0.997453	-0.0713247
-1152.27	5091.66	0.99682	-0.0796805
-1152.83	5098.42	0.996062	-0.0886639
-1153.46	5105.18	0.995142	-0.0984541
-1154.15	5111.92	0.99404	-0.10902
-1154.92	5118.66	0.992738	-0.120295
-1155.77	5125.38	0.991202	-0.132361
-1156.8	5132.76	0.989191	-0.146635
-1157.72	5138.78	0.987275	-0.159021
-1158.95	5146.13	0.984588	-0.174892
-1160.05	5152.12	0.982069	-0.188522
-1161.37	5158.75	0.978928	-0.204208
-1162.79	5165.36	0.97543	-0.220312
-1164.49	5172.6	0.971162	-0.238422
-1165.97	5178.5	0.967284	-0.253698
-1167.92	5185.68	0.961914	-0.273351
-1169.62	5191.51	0.956986	-0.290134
-1171.63	5197.96	0.950885	-0.309545
-1173.77	5204.36	0.944075	-0.329732
-1176.05	5210.71	0.936569	-0.350483
-1178.72	5217.63	0.927366	-0.374155
-1181.3	5223.86	0.917996	-0.39659
-1184.04	5230.02	0.9076	-0.419837
-1186.93	5236.1	0.896131	-0.443789
-1189.99	5242.11	0.883575	-0.468289
-1193.21	5248.02	0.869949	-0.493141
-1196.6	5253.84	0.855279	-0.518168
-1200.15	5259.55	0.83961	-0.54319
-1203.87	5265.16	0.823028	-0.568001
-1207.76	5270.65	0.80573	-0.592282
-1211.8	5276.02	0.788005	-0.615669
-1215.57	5280.74	0.771842	-0.635814
-1220.35	5286.39	0.751886	-0.659293
-1224.83	5291.39	0.733502	-0.679687
-1229.45	5296.26	0.714811	-0.699318
-1233.71	5300.54	0.697714	-0.716377
-1239.06	5305.63	0.676514	-0.73643
-1244.05	5310.11	0.656887	-0.753989
-1249.15	5314.47	0.636835	-0.771
-1254.36	5318.68	0.61647	-0.787378
-1259.68	5322.76	0.596127	-0.80289
-1264.55	5326.31	0.578109	-0.81596
-1270.61	5330.5	0.556664	-0.830738
-1276.21	5334.18	0.537774	-0.843089
-1281.88	5337.73	0.519379	-0.854544
-1287.05	5340.82	0.503051	-0.864257
-1293.44	5344.46	0.483145	-0.87554
-1299.32	5347.64	0.464907	-0.88536
-1305.26	5350.7	0.446421	-0.894823
-1311.27	5353.63	0.427582	-0.903977
-1316.72	5356.16	0.410317	-0.911943
-1323.45	5359.11	0.388971	-0.92125
-1329	5361.41	0.37151	-0.928429
-1335.84	5364.07	0.35046	-0.936578
-1342.11	5366.36	0.331766	-0.943362
-1348.42	5368.52	0.313619	-0.949549
-1354.12	5370.37	0.29781	-0.954625
-1360.5	5372.31	0.280902	-0.959737
-1366.91	5374.13	0.264806	-0.964302
-1373.34	5375.86	0.249743	-0.968312
-1379.8	5377.48	0.23597	-0.97176
-1386.92	5379.17	0.222575	-0.974916
-1393.42	5380.62	0.212225	-0.977221
-1399.92	5382.01	0.203753	-0.979022
-1406.44	5383.34	0.197021	-0.980399
-1407.74	5383.6	0.196427	-0.980519
-1407.74	5383.6	0.196427	-0.980519
-1407.74	5383.6	0.196427	-0.980519
-1407.74	5383.6	0.196427	-0.980519
-1407.74	5383.6	0.196427	-0.980519
-1407.74	5383.6	0.196427	-0.980519
-1407.74	5383.6	0.196427	-0.980519
-1407.74	5383.6	0.196427	-0.980519
-1407.74	5383.6	0.196427	-0.980519
-1407.74	5383.6	0.196427	-0.980519
-1407.74	5383.6	0.196427	-0.980519
-1407.74	5383.6	0.196427	-0.980519
-1407.74	5383.6	0.196427	-0.980519
-1407.74	5383.6	0.196427	-0.980519
-1407.74	5383.6	0.196427	-0.980519
-1407.74	5383.6	0.196427	-0.980519
-1407.74	5383.6	0.196427	-0.980519
-1407.74	5383.6	0.196427	-0.980519
-1407.74	5383.6	0.196427	-0.980519
-1407.74	5383.6	0.196427	-0.980519
-1407.74	5383.6	0.196427	-0.980519
-1407.74	5383.6	0.196427	-0.980519
-1407.74	5383.6	0.196427	-0.980519
-1407.74	5383.6	0.196427	-0.980519
-1407.74	5383.6	0.196427	-0.980519
-1407.74	5383.6	0.196427	-0.980519
-1407.74	5383.6	0.196427	-0.980519
-1407.74	5383.6	0.196427	-0.980519
-1407.74	5383.6	0.196427	-0.980519
-1407.74	5383.6	0.196427	-0.980519
-1407.74	5383.6	0.196427	-0.980519
-1407.74	5383.6	0.196427	-0.980519
-1407.74	5383.6	0.196427	-0.980519
-1407.74	5383.6	0.196427	-0.980519
-1407.74	5383.6	0.196427	-0.980519
-1407.74	5383.6	0.196427	-0.980519
-1407.74	5383.6	0.196427	-0.980519
-1407.74	5383.6	0.196427	-0.980519
-1407.74	5383.6	0.196427	-0.980519
-1407.74	5383.6	0.196427	-0.980519
-1407.74	5383.6	0.196427	-0.980519
-1407.74	5383.6	0.196427	-0.980519
-1407.74	5383.6	0.196427	-0.980519
-1407.74	5383.6	0.196427	-0.980519
-1407.74	5383.6	0.196427	-0.980519
-1407.74	5383.6	0.196427	-0.980519
-1407.74	5383.6	0.196427	-0.980519
-1407.74	5383.6	0.196427	-0.980519
-1407.74	5383.6	0.196427	-0.980519
-1407.74	5383.6	0.196427	-0.980519
