0	0
0	0
0	0
0	0
0	0
0	0
0.0605643	0.0166289
0.121146	0.0332397
0.181747	0.0498326
0.242365	0.0664076
0.303	0.0829644
0.363406	0.0994357
0.42383	0.115889
0.484271	0.132325
0.54473	0.148742
0.603428	0.16466
0.662143	0.180561
0.720874	0.196444
0.779622	0.212311
0.838387	0.228161
0.895369	0.24351
0.952366	0.258842
1.00938	0.274159
1.06641	0.289459
1.12345	0.304744
1.17723	0.319135
1.23102	0.333512
1.28483	0.347875
1.33865	0.362224
1.3883	0.375445
1.43797	0.388654
1.48764	0.401852
1.53733	0.415036
1.58703	0.428209
1.06419	1.00987
1.09353	1.03924
1.12287	1.06861
1.15221	1.09797
1.17928	1.12497
1.20631	1.15202
1.23334	1.17906
1.26037	1.2061
1.28731	1.23118
1.31332	1.25719
1.33932	1.2832
1.36532	1.30921
1.39133	1.33522
1.42018	1.35817
1.44608	1.38407
1.47198	1.40998
1.49788	1.43588
1.52546	1.45957
1.55109	1.4852
1.57673	1.51084
1.60236	1.53647
1.628	1.5621
1.6564	1.58476
1.68193	1.61028
1.70746	1.63581
1.73299	1.66134
1.76073	1.68449
1.78618	1.70994
1.81163	1.73538
1.83707	1.76083
1.86252	1.78627
1.89072	1.80875
1.91607	1.83409
1.94141	1.85943
1.96676	1.88477
1.9943	1.90775
2.01956	1.933
2.04482	1.95825
2.07009	1.98351
2.09535	2.00876
2.12259	2.03147
2.14757	2.05644
2.17255	2.08141
2.19753	2.10638
2.22465	2.12905
2.24955	2.15394
2.27445	2.17882
2.29935	2.20371
2.32638	2.22631
2.3512	2.25111
2.37602	2.27592
2.40084	2.30072
2.42566	2.32553
2.45228	2.34796
2.47682	2.37249
2.50136	2.39701
2.5259	2.42154
2.55252	2.44383
2.57698	2.46827
2.60144	2.49271
2.6259	2.51716
2.65036	2.5416
2.67649	2.56382
2.70067	2.58798
2.72486	2.61215
2.74904	2.63632
2.77525	2.65831
2.79935	2.68239
2.82346	2.70648
2.84757	2.73057
2.87271	2.75311
2.89656	2.77694
2.92042	2.80077
2.94427	2.82461
2.96813	2.84844
2.99444	2.86962
3.0182	2.89335
3.04195	2.91709
3.06571	2.94082
3.08933	2.96385
3.11267	2.98717
3.13601	3.01048
3.15934	3.03379
3.18268	3.05711
3.20727	3.07865
3.23034	3.1017
3.25341	3.12475
3.27649	3.1478
3.30139	3.16887
3.32439	3.19185
3.34739	3.21482
3.37038	3.2378
3.39338	3.26077
3.4175	3.28211
3.44024	3.30482
3.46298	3.32754
3.48572	3.35025
3.50662	3.37368
3.5288	3.39584
3.55098	3.41799
3.57316	3.44015
3.597	3.46051
3.6191	3.48259
3.64121	3.50467
3.66332	3.52676
3.68543	3.54884
3.70832	3.56965
3.73018	3.59148
3.75204	3.61332
3.7739	3.63516
3.79605	3.65625
3.81769	3.67786
3.83932	3.69947
3.86096	3.72108
3.88259	3.74269
3.90618	3.76217
3.92773	3.78369
3.94927	3.80521
3.97082	3.82673
3.99114	3.84873
4.01232	3.86988
4.03349	3.89103
4.05467	3.91217
4.07589	3.93284
4.09685	3.95377
4.11781	3.97471
4.13876	3.99564
4.15972	4.01657
4.18394	4.03436
4.20496	4.05536
4.22598	4.07635
4.247	4.09734
4.26649	4.11914
4.28715	4.13977
4.30781	4.1604
4.32847	4.18103
4.34913	4.20166
4.37153	4.22039
4.3921	4.24093
4.41268	4.26148
4.43325	4.28203
4.45206	4.30365
4.47228	4.32384
4.49251	4.34404
4.51273	4.36424
4.52938	4.38707
4.54913	4.4068
4.56888	4.42652
4.58864	4.44625
4.60839	4.46598
4.62964	4.48404
4.64931	4.50368
4.66899	4.52333
4.68866	4.54298
4.70782	4.56275
4.7273	4.5822
4.74678	4.60165
4.76625	4.6211
4.78573	4.64056
4.80491	4.6599
4.82418	4.67914
4.84345	4.69839
4.86272	4.71763
4.88132	4.73717
4.9004	4.75623
4.91949	4.77529
4.93857	4.79435
4.95765	4.8134
4.9781	4.83095
4.9971	4.84993
5.01611	4.86891
5.03511	4.88789
5.05705	4.90406
5.07612	4.9231
5.09519	4.94214
5.11426	4.96118
5.13444	4.97899
5.15345	4.99797
5.17245	5.01694
5.19146	5.03592
5.21047	5.0549
5.22509	5.07739
5.24365	5.09592
5.26221	5.11446
5.28077	5.133
5.30034	5.15041
5.31885	5.16888
5.33735	5.18736
5.35585	5.20584
5.37435	5.22431
5.39211	5.24316
5.41042	5.26144
5.42873	5.27973
5.44704	5.29801
5.46631	5.31521
5.48456	5.33343
5.50282	5.35166
5.52107	5.36988
5.53613	5.39073
5.55409	5.40867
5.57206	5.42661
5.59003	5.44456
5.60799	5.4625
5.6292	5.47727
5.64721	5.49525
5.66521	5.51323
5.68321	5.53121
5.70122	5.54919
5.71823	5.56779
5.73605	5.58558
5.75387	5.60337
5.77169	5.62117
5.78602	5.64192
5.80356	5.65944
5.82111	5.67696
5.83866	5.69449
5.85256	5.71515
5.86984	5.73242
5.88713	5.74968
5.90442	5.76695
5.92171	5.78421
5.93767	5.80248
5.95479	5.81958
5.97191	5.83668
5.98904	5.85378
6.00223	5.87433
6.01911	5.89119
6.03599	5.90806
6.05288	5.92492
6.06976	5.94178
6.08271	5.96209
6.09936	5.97871
6.116	5.99533
6.13264	6.01196
6.14504	6.0324
6.16147	6.04881
6.17789	6.06522
6.19432	6.08163
6.21075	6.09804
6.22043	6.12064
6.23657	6.13677
6.25272	6.1529
6.26886	6.16903
6.28043	6.18938
6.29639	6.20533
6.31236	6.22128
6.32832	6.23723
6.34214	6.25511
6.35799	6.27095
6.37384	6.28679
6.3897	6.30263
6.40555	6.31847
6.41929	6.33619
6.43502	6.35191
6.45075	6.36763
6.46649	6.38335
6.47995	6.40114
6.49557	6.41675
6.5112	6.43237
6.52683	6.44799
6.54246	6.46361
6.55851	6.47868
6.57407	6.49423
6.58964	6.50979
6.6052	6.52534
6.6184	6.54306
6.63386	6.55851
6.64933	6.57397
6.66479	6.58942
6.68056	6.60447
6.69598	6.61987
6.71139	6.63528
6.72681	6.65068
6.74222	6.66608
6.75525	6.68365
6.77056	6.69895
6.78586	6.71425
6.80117	6.72954
6.81396	6.74717
6.82917	6.76237
6.84439	6.77758
6.8596	6.79278
6.87481	6.80798
6.89034	6.82275
6.90549	6.83789
6.92064	6.85303
6.93579	6.86817
6.94833	6.88574
6.9634	6.90079
6.97846	6.91585
6.99352	6.9309
7.01169	6.94282
7.02674	6.95787
7.04179	6.97291
7.05684	6.98795
7.0719	7.00299
7.0785	7.02614
7.09339	7.04102
7.10827	7.05589
7.12315	7.07077
7.13526	7.08827
7.15006	7.10307
7.16487	7.11786
7.17967	7.13266
7.19448	7.14746
7.20648	7.16489
7.2212	7.1796
7.23592	7.19431
7.25064	7.20902
7.26247	7.22648
7.27711	7.24113
7.29176	7.25577
7.30641	7.27041
7.31205	7.29388
7.3266	7.30843
7.34115	7.32298
7.3557	7.33753
7.37026	7.35208
7.37565	7.37565
7.39012	7.39012
7.4046	7.4046
7.41908	7.41908
7.42426	7.44278
7.43871	7.45722
7.45315	7.47167
7.46759	7.48611
7.48204	7.50056
7.48704	7.52442
7.50147	7.53885
7.5159	7.55329
7.53033	7.56772
7.54768	7.5791
7.56205	7.59347
7.57641	7.60783
7.59077	7.6222
7.60497	7.63664
7.61929	7.65096
7.6336	7.66528
7.64792	7.6796
7.66223	7.69393
7.68271	7.70192
7.69694	7.71615
7.71117	7.73038
7.7254	7.74462
7.73952	7.75888
7.7537	7.77307
7.76789	7.78725
7.78207	7.80144
7.79626	7.81563
7.81354	7.82658
7.82766	7.8407
7.84178	7.85482
7.8559	7.86894
7.86993	7.88306
7.884	7.89714
7.89807	7.91121
7.91215	7.92529
7.91624	7.94931
7.93031	7.96338
7.94437	7.97745
7.95843	7.99151
7.97249	8.00558
7.98967	8.01638
8.00365	8.03038
8.01764	8.04437
8.03163	8.05836
8.04548	8.0724
8.05943	8.08635
8.07337	8.10029
8.08731	8.11424
8.10125	8.12819
8.11841	8.13879
8.13228	8.15267
8.14615	8.16654
8.16003	8.18042
8.16698	8.20118
8.18084	8.21504
8.19469	8.2289
8.20855	8.24276
8.2224	8.25662
8.22921	8.27749
8.24305	8.29134
8.25689	8.30518
8.27073	8.31903
8.2775	8.33996
8.29135	8.35381
8.3052	8.36767
8.31904	8.38152
8.31895	8.40952
8.3329	8.42348
8.34684	8.43744
8.36079	8.4514
8.37474	8.46536
8.35145	8.5178
8.36601	8.53239
8.38058	8.54698
8.39514	8.56157
8.419	8.56633
8.43329	8.58064
8.44759	8.59496
8.46189	8.60927
8.47618	8.62359
8.49317	8.63496
8.50734	8.64915
8.52151	8.66334
8.53568	8.67753
8.54593	8.69567
8.56012	8.70988
8.57431	8.72409
8.5885	8.7383
8.60269	8.75251
8.62308	8.76015
8.63708	8.77417
8.65108	8.78818
8.66508	8.8022
8.67512	8.82021
8.68914	8.83425
8.70316	8.84829
8.71718	8.86233
8.7312	8.87637
8.74808	8.8873
8.76198	8.90122
8.77587	8.91513
8.78977	8.92905
8.80672	8.93969
8.82051	8.9535
8.8343	8.96731
8.84809	8.98112
8.86142	8.99529
8.87517	9.00905
8.88892	9.02282
8.90266	9.03658
8.91641	9.05034
8.93682	9.0571
8.9504	9.07069
8.96397	9.08428
8.97755	9.09787
9.00177	9.10044
9.01516	9.11384
9.02854	9.12723
9.04193	9.14063
9.05532	9.15403
9.06828	9.16774
9.08161	9.18108
9.09494	9.19443
9.10827	9.20777
9.12127	9.22136
9.13456	9.23466
9.14784	9.24796
9.16113	9.26126
9.12631	9.32426
9.14039	9.33837
9.15447	9.35247
9.16855	9.36658
9.18264	9.38069
9.19233	9.39924
9.20644	9.41337
9.22056	9.42751
9.23467	9.44165
9.25531	9.44883
9.2692	9.46275
9.28309	9.47667
9.29699	9.49059
9.31088	9.50451
9.324	9.51909
9.33784	9.53296
9.35168	9.54682
9.36551	9.56068
9.38613	9.56736
9.39977	9.58102
9.4134	9.59468
9.42704	9.60834
9.44764	9.61465
9.46108	9.62812
9.47453	9.64158
9.48797	9.65505
9.50142	9.66852
9.51805	9.67856
9.53137	9.6919
9.54469	9.70524
9.55801	9.71858
9.57471	9.72833
9.58793	9.74156
9.60114	9.7548
9.61436	9.76803
9.62757	9.78127
9.6402	9.79497
9.65336	9.80815
9.66652	9.82133
9.67968	9.83451
9.69632	9.844
9.70938	9.85708
9.72243	9.87015
9.73549	9.88322
9.74854	9.8963
9.76105	9.90981
9.77405	9.92283
9.78706	9.93585
9.80006	9.94888
9.80466	9.97047
9.81774	9.98357
9.83083	9.99668
9.84391	10.0098
9.85254	10.0274
9.86565	10.0405
9.87876	10.0537
9.89187	10.0668
9.90498	10.0799
9.91746	10.0936
9.93052	10.1067
9.94357	10.1197
9.95663	10.1328
9.99779	10.1169
10.0104	10.1295
10.023	10.1421
10.0356	10.1548
10.0482	10.1674
10.0688	10.1718
10.0813	10.1843
10.0937	10.1967
10.1062	10.2092
10.1311	10.2089
10.1434	10.2213
10.1558	10.2336
10.1681	10.2459
10.1804	10.2583
10.1925	10.2708
10.2047	10.2831
10.217	10.2954
10.2293	10.3076
10.0447	10.5282
10.0627	10.5463
10.0808	10.5645
10.0988	10.5826
10.1169	10.6007
10.1297	10.6242
10.1479	10.6424
10.166	10.6606
10.1842	10.6788
10.2065	10.6921
10.2242	10.7099
10.2419	10.7277
10.2597	10.7455
10.2945	10.7441
10.3112	10.7608
10.3278	10.7775
10.3445	10.7943
10.3611	10.811
10.3825	10.8222
10.3988	10.8386
10.4151	10.8549
10.4313	10.8712
10.4599	10.874
10.4755	10.8897
10.4911	10.9053
10.5067	10.921
10.5223	10.9367
10.547	10.9423
10.5621	10.9574
10.5773	10.9726
10.5924	10.9878
10.61	11.0001
10.6249	11.0151
10.6398	11.03
10.6547	11.045
10.6697	11.06
10.6869	11.0723
10.7016	11.0871
10.7163	11.1018
10.7311	11.1166
10.7447	11.1324
10.7594	11.1471
10.774	11.1619
10.7887	11.1766
10.8034	11.1913
10.8282	11.195
10.8424	11.2093
10.8566	11.2236
10.8709	11.2378
10.8851	11.2521
10.8942	11.2717
10.9085	11.286
10.9228	11.3003
10.9371	11.3147
10.9622	11.3174
10.976	11.3313
10.9899	11.3452
11.0038	11.3591
11.0176	11.373
11.0385	11.3794
11.052	11.393
11.0656	11.4066
11.0792	11.4202
11.1043	11.4215
11.1175	11.4347
11.1307	11.4479
11.1439	11.4612
11.1571	11.4744
11.1778	11.4796
11.1908	11.4925
11.2037	11.5055
11.2166	11.5184
11.2295	11.5314
11.2502	11.5361
11.2629	11.5488
11.2756	11.5615
11.2883	11.5742
11.3136	11.5736
11.3259	11.586
11.3383	11.5983
11.3506	11.6107
11.363	11.6231
11.3837	11.6267
11.3958	11.6389
11.408	11.651
11.4201	11.6632
11.4456	11.6615
11.4574	11.6733
11.4693	11.6852
11.4811	11.6971
11.5067	11.6948
11.5183	11.7065
11.53	11.7181
11.5416	11.7297
11.5532	11.7414
11.5788	11.7386
11.5902	11.75
11.6016	11.7615
11.6129	11.7729
11.6338	11.7746
11.645	11.7858
11.6563	11.7971
11.6676	11.8084
11.6788	11.8197
11.6996	11.8212
11.7107	11.8323
11.7219	11.8434
11.733	11.8546
11.7539	11.8557
11.7649	11.8668
11.7759	11.8778
11.7869	11.8888
11.7979	11.8998
11.8188	11.9008
11.8297	11.9117
11.8406	11.9227
11.8515	11.9336
11.8725	11.9343
11.8833	11.9451
11.8941	11.956
11.905	11.9668
11.9158	11.9776
11.9419	11.973
11.9527	11.9838
11.9634	11.9945
11.9741	12.0052
11.9952	12.0056
12.0059	12.0163
12.0166	12.027
12.0273	12.0377
12.038	12.0484
12.0643	12.0434
12.0749	12.054
12.0856	12.0647
12.0962	12.0753
12.1122	12.0807
12.1228	12.0913
12.1334	12.1019
12.144	12.1125
12.1547	12.1231
12.1653	12.1337
12.1759	12.1443
12.1865	12.1549
12.1971	12.1654
12.213	12.1706
12.2236	12.1812
12.2341	12.1918
12.2447	12.2023
12.2553	12.2129
12.2659	12.2233
12.2764	12.2338
12.2869	12.2443
12.2974	12.2549
12.308	12.2653
12.3185	12.2758
12.329	12.2862
12.3395	12.2967
12.35	12.3072
12.3551	12.3229
12.3655	12.3333
12.376	12.3438
12.3864	12.3542
12.3968	12.3646
12.4127	12.3696
12.4231	12.38
12.4335	12.3904
12.4439	12.4008
12.4652	12.4003
12.4756	12.4107
12.486	12.4211
12.4964	12.4315
12.5068	12.4419
12.5173	12.4521
12.5277	12.4624
12.538	12.4728
12.5484	12.4831
12.5697	12.4825
12.5801	12.4929
12.5905	12.5033
12.6008	12.5136
12.6112	12.524
12.6381	12.5179
12.6486	12.5284
12.659	12.5388
12.6694	12.5492
12.6691	12.5702
12.6794	12.5805
12.6897	12.5909
12.7	12.6012
12.7104	12.6115
12.7043	12.638
12.7145	12.6482
12.7247	12.6584
12.7349	12.6686
12.7451	12.6788
12.7387	12.7054
12.7489	12.7155
12.759	12.7256
12.7691	12.7358
12.8568	12.6691
12.8674	12.6797
12.8779	12.6902
12.8885	12.7008
12.8991	12.7113
12.8879	12.7431
12.8982	12.7534
12.9085	12.7637
12.9189	12.774
12.9292	12.7843
12.9174	12.8164
12.9275	12.8265
12.9376	12.8366
12.9478	12.8467
12.9129	12.9016
12.9228	12.9115
12.9328	12.9215
12.9427	12.9314
12.9527	12.9414
12.9626	12.9513
12.9725	12.9612
12.9824	12.9711
12.9923	12.981
12.9795	13.0136
12.9894	13.0235
12.9993	13.0334
13.0092	13.0433
13.019	13.0532
13.0174	13.0745
13.0273	13.0844
13.0372	13.0943
13.0471	13.1042
13.0511	13.1199
13.061	13.1297
13.0709	13.1396
13.0807	13.1495
13.0906	13.1593
13.0946	13.1751
13.1044	13.1849
13.1143	13.1948
13.1241	13.2046
13.1224	13.2261
13.1322	13.2359
13.1421	13.2458
13.152	13.2557
13.1446	13.283
13.1545	13.2929
13.1644	13.3029
13.1744	13.3128
13.1843	13.3228
13.1996	13.3272
13.2095	13.337
13.2194	13.3469
13.2292	13.3568
13.2446	13.361
13.2544	13.3708
13.2642	13.3806
13.274	13.3904
13.2838	13.4002
13.3049	13.3985
13.3146	13.4082
13.3242	13.4179
13.3339	13.4276
13.3493	13.4315
13.3589	13.4412
13.3686	13.4508
13.3782	13.4605
13.3878	13.4701
13.3973	13.4798
13.4069	13.4894
13.4165	13.499
13.4261	13.5087
13.4355	13.5183
13.4451	13.5279
13.4546	13.5375
13.4642	13.5471
13.4677	13.5626
13.4773	13.5722
13.4868	13.5818
13.4964	13.5913
13.5059	13.6009
13.5212	13.6046
13.5307	13.6141
13.5402	13.6236
13.5497	13.6331
13.565	13.6367
13.5744	13.6462
13.5838	13.6556
13.5933	13.6651
13.6027	13.6745
13.636	13.66
13.6453	13.6694
13.6547	13.6787
13.664	13.6881
13.6914	13.6793
13.7007	13.6886
13.71	13.6979
13.7193	13.7073
13.7286	13.7166
13.2511	14.2446
13.2766	14.2703
13.3021	14.2961
13.3276	14.3218
13.8649	13.8039
13.8741	13.8131
13.8833	13.8223
13.8926	13.8316
13.9018	13.8408
13.972	13.7896
13.9816	13.7992
13.9911	13.8087
14.0006	13.8182
13.9983	13.8394
14.0077	13.8488
14.0171	13.8582
14.0265	13.8676
14.0359	13.877
14.0395	13.8921
14.0488	13.9015
14.0581	13.9108
14.0675	13.9201
14.077	13.9292
14.0863	13.9385
14.0956	13.9478
14.1049	13.9571
14.1328	13.948
14.1422	13.9574
14.1516	13.9668
14.161	13.9762
14.1704	13.9856
14.2105	13.9648
14.2202	13.9744
14.2299	13.9841
14.2395	13.9937
14.2676	13.9853
14.2774	13.9952
14.2873	14.005
14.2971	14.0148
14.307	14.0247
14.3233	14.0281
14.3332	14.038
14.3431	14.0478
14.353	14.0577
14.3451	14.0848
14.3548	14.0944
14.3644	14.104
14.374	14.1136
14.3837	14.1233
14.3814	14.1444
14.3909	14.1538
14.4004	14.1633
14.4098	14.1727
14.4072	14.1939
14.4165	14.2032
14.4258	14.2125
14.4351	14.2218
14.4444	14.2311
14.4603	14.2339
14.4696	14.2432
14.4789	14.2525
14.4883	14.2618
14.4979	14.2708
14.5072	14.2801
14.5164	14.2894
14.5257	14.2986
14.535	14.3079
14.5695	14.2925
14.579	14.302
14.5885	14.3115
14.5981	14.321
14.6324	14.3062
14.6422	14.316
14.6521	14.3258
14.6619	14.3356
14.6717	14.3454
14.682	14.3546
14.6918	14.3643
14.7016	14.3741
14.7114	14.3838
14.7093	14.4051
14.7189	14.4146
14.7284	14.4242
14.738	14.4337
14.7476	14.4433
14.7327	14.4767
14.7419	14.4859
14.7512	14.4952
14.7604	14.5044
14.751	14.5319
14.76	14.5409
14.769	14.5499
14.778	14.5589
14.7871	14.5679
14.7964	14.5766
14.8054	14.5856
14.8144	14.5945
14.8234	14.6035
14.8326	14.6122
14.8416	14.6211
14.8505	14.6301
14.8595	14.639
14.8685	14.648
14.8841	14.6502
14.8931	14.6592
14.9021	14.6682
14.9111	14.6771
14.9331	14.6732
14.9422	14.6823
14.9513	14.6913
14.9604	14.7004
14.9695	14.7095
14.9725	14.7244
14.9815	14.7333
14.9905	14.7423
14.9995	14.7513
14.9958	14.7726
15.0046	14.7814
15.0134	14.7902
15.0223	14.799
15.0311	14.8078
15.0206	14.8356
15.0292	14.8442
15.0379	14.8528
15.0465	14.8615
15.0552	14.8701
15.0574	14.8849
15.066	14.8934
15.0745	14.902
15.0831	14.9105
15.0917	14.9191
15.0738	14.9536
15.0822	14.962
15.0906	14.9703
15.0989	14.9787
15.0873	15.0068
15.0956	15.0151
15.1038	15.0234
15.1121	15.0316
15.1204	15.0399
15.0748	15.1018
15.083	15.1099
15.0912	15.1181
15.0993	15.1263
15.0873	15.1547
15.0954	15.1629
15.1036	15.1711
15.1118	15.1793
15.12	15.1875
15.1213	15.2025
15.1295	15.2106
15.1376	15.2188
15.1458	15.227
15.1136	15.2758
15.122	15.2841
15.1303	15.2924
15.1386	15.3007
15.1469	15.3091
15.1751	15.2973
15.1832	15.3055
15.1914	15.3137
15.1996	15.3219
15.2078	15.33
15.2225	15.3316
15.2306	15.3397
15.2387	15.3478
15.2469	15.3559
15.2616	15.3573
15.2697	15.3654
15.2777	15.3735
15.2858	15.3815
15.2939	15.3896
15.295	15.4046
15.303	15.4127
15.3111	15.4207
15.3191	15.4288
15.2533	15.5116
15.2618	15.5202
15.2704	15.5287
15.2789	15.5373
15.2874	15.5458
15.1652	15.6889
15.1757	15.6994
15.1861	15.7099
15.1966	15.7205
15.2071	15.731
15.3475	15.6077
15.356	15.6161
15.3644	15.6246
15.3729	15.6331
15.4281	15.594
15.4361	15.6021
15.4442	15.6102
15.4522	15.6182
15.4603	15.6263
15.4681	15.6346
15.4761	15.6426
15.4842	15.6506
15.4922	15.6587
15.7683	15.4004
15.7773	15.4094
15.7863	15.4183
15.7953	15.4273
15.8043	15.4363
15.7533	15.5038
15.7616	15.5121
15.7699	15.5203
15.7782	15.5286
15.7865	15.5369
15.7813	15.5583
15.7894	15.5664
15.7975	15.5745
15.8057	15.5826
15.8138	15.5908
15.8153	15.6054
15.8233	15.6134
15.8314	15.6214
15.8394	15.6295
15.8546	15.6304
15.8627	15.6385
15.8707	15.6465
15.8788	15.6546
15.8869	15.6626
15.8952	15.6704
15.9032	15.6784
15.9113	15.6864
15.9193	15.6944
15.9276	15.7022
15.9356	15.7102
15.9436	15.7182
15.9516	15.7262
15.9598	15.7339
15.9678	15.7419
15.9758	15.7499
15.9838	15.7578
15.9917	15.7658
16	15.7735
16.0079	15.7814
16.0159	15.7893
16.0238	15.7973
16.0318	15.8052
16.033	15.8198
16.0408	15.8276
16.0487	15.8355
16.0566	15.8433
16.0717	15.844
16.0796	15.8519
16.0875	15.8597
16.0954	15.8676
16.1033	15.8755
16.1114	15.8831
16.1193	15.8909
16.1271	15.8988
16.135	15.9066
16.136	15.9212
16.1438	15.929
16.1515	15.9367
16.1593	15.9445
16.1671	15.9523
16.1751	15.9598
16.1829	15.9675
16.1906	15.9752
16.1984	15.983
16.1705	16.0259
16.178	16.0334
16.1855	16.0409
16.193	16.0484
16.2005	16.0559
16.1937	16.0776
16.2011	16.085
16.2085	16.0924
16.216	16.0998
16.2235	16.1071
16.2309	16.1145
16.2383	16.1219
16.2456	16.1293
16.253	16.1367
16.2533	16.1511
16.2606	16.1585
16.2679	16.1658
16.2753	16.1732
16.2826	16.1805
16.29	16.1877
16.2974	16.195
16.3047	16.2023
16.312	16.2096
16.312	16.2241
16.3193	16.2313
16.3266	16.2386
16.3338	16.2458
16.3411	16.2531
16.3484	16.2602
16.3557	16.2675
16.3629	16.2747
16.3701	16.2819
16.3774	16.289
16.3846	16.2962
16.3918	16.3034
16.399	16.3106
16.4063	16.3179
16.3988	16.3396
16.4059	16.3468
16.413	16.3539
16.4202	16.3611
16.4273	16.3682
16.4123	16.3975
16.4194	16.4045
16.4265	16.4116
16.4336	16.4187
16.4258	16.4406
16.4328	16.4477
16.4399	16.4548
16.447	16.4618
16.454	16.4689
16.4536	16.4834
16.4607	16.4904
16.4677	16.4975
16.4748	16.5045
16.4967	16.4967
16.5037	16.5037
16.5107	16.5107
16.5177	16.5177
16.5247	16.5247
16.5915	16.4721
16.5986	16.4792
16.6057	16.4863
16.6128	16.4934
16.6199	16.5005
16.6271	16.5074
16.6341	16.5145
16.6412	16.5215
16.6483	16.5286
16.6479	16.543
16.6549	16.55
16.662	16.557
16.669	16.564
16.676	16.571
16.6379	16.6229
16.6448	16.6298
16.6518	16.6367
16.6587	16.6436
16.6429	16.6731
16.6498	16.68
16.6567	16.6869
16.6636	16.6938
16.6705	16.7007
16.6547	16.7302
16.6616	16.7371
16.6685	16.744
16.6754	16.7509
16.6746	16.7654
16.6815	16.7723
16.6884	16.7792
16.6953	16.7861
16.7022	16.793
16.89	16.6198
16.8974	16.6271
16.9047	16.6345
16.9121	16.6418
16.9195	16.6492
16.9047	16.6782
16.9119	16.6853
16.9191	16.6925
16.9262	16.6996
16.8731	16.7665
16.8799	16.7733
16.8868	16.7801
16.8936	16.787
16.9004	16.7938
16.8768	16.8309
16.8835	16.8377
16.8903	16.8444
16.897	16.8511
16.9037	16.8579
16.8645	16.9105
16.8712	16.9172
16.8779	16.9239
16.8846	16.9306
16.876	16.9527
16.8827	16.9594
16.8894	16.9661
16.8961	16.9728
16.9028	16.9796
16.8713	17.0247
16.8781	17.0315
16.8849	17.0383
16.8918	17.0451
17.0977	16.8533
17.1048	16.8603
17.1118	16.8673
17.1189	16.8744
17.1259	16.8814
17.1104	16.9107
17.1173	16.9176
17.1242	16.9245
17.1311	16.9314
17.138	16.9382
16.6237	17.4769
16.6362	17.4895
16.6487	17.5021
16.6612	17.5147
16.6266	17.5774
16.6407	17.5917
16.6548	17.6059
16.669	17.6201
16.6831	17.6344
16.7202	17.6237
16.7333	17.6369
16.7464	17.6501
16.7595	17.6634
16.8031	17.644
16.8151	17.6561
16.8271	17.6682
16.8391	17.6803
16.8511	17.6924
16.9074	17.6576
16.9181	17.6683
16.9287	17.679
16.9394	17.6898
16.9858	17.6629
16.9955	17.6727
17.0053	17.6825
17.015	17.6923
17.0247	17.7021
17.0723	17.6724
17.0812	17.6814
17.0901	17.6903
17.0989	17.6993
17.1206	17.6949
17.1292	17.7036
17.1378	17.7122
17.1464	17.7209
17.1551	17.7296
17.1697	17.7319
17.1782	17.7404
17.1867	17.7489
17.1951	17.7574
17.2036	17.7659
17.2321	17.7537
17.2402	17.7618
17.2483	17.7699
17.2564	17.7781
17.2852	17.7648
17.2929	17.7726
17.3007	17.7804
17.3084	17.7882
17.3162	17.796
17.4356	17.6898
17.4422	17.6964
17.4487	17.703
17.4553	17.7096
17.4619	17.7162
17.5232	17.6674
17.5294	17.6736
17.5357	17.6799
17.5419	17.6862
17.564	17.6765
17.5702	17.6826
17.5763	17.6888
17.5825	17.695
17.5887	17.7012
17.5867	17.7155
17.5929	17.7216
17.5991	17.7278
17.6053	17.734
17.4642	17.8894
17.4715	17.8967
17.4787	17.904
17.486	17.9113
17.4932	17.9186
17.4634	17.9637
17.4711	17.9714
17.4788	17.9792
17.4865	17.9869
17.4584	18.0315
17.4666	18.0398
17.4748	18.048
17.483	18.0563
17.4912	18.0645
17.8409	17.7273
17.847	17.7333
17.853	17.7393
17.8591	17.7454
17.9377	17.6794
17.9441	17.6858
17.9505	17.6921
17.9569	17.6985
17.9633	17.7049
17.9858	17.6952
17.9923	17.7017
17.9987	17.7081
18.0052	17.7146
17.9718	17.7604
17.978	17.7666
17.9841	17.7728
17.9903	17.7789
17.9965	17.7851
17.7436	18.051
17.75	18.0575
17.7565	18.064
17.763	18.0704
17.7694	18.0769
17.7292	18.1309
17.7361	18.1378
17.7429	18.1447
17.7498	18.1516
17.7717	18.1431
17.7784	18.1498
17.7851	18.1566
17.7918	18.1633
17.7985	18.17
18.2236	17.7592
18.2308	17.7664
18.238	17.7735
18.2452	17.7807
18.2524	17.7879
18.2369	17.8172
18.2438	17.8241
18.2507	17.831
18.2576	17.8379
18.3033	17.8068
18.3106	17.8141
18.318	17.8214
18.3253	17.8288
18.3327	17.8361
18.3097	17.8729
18.3167	17.8799
18.3236	17.8868
18.3306	17.8937
18.3143	17.9233
18.321	17.9299
18.3276	17.9366
18.3343	17.9432
18.3409	17.9499
18.316	17.9875
18.3224	17.9938
18.3287	18.0002
18.335	18.0065
18.3335	18.0205
18.3398	18.0267
18.346	18.033
18.3523	18.0392
18.3585	18.0455
18.3242	18.0917
18.3301	18.0977
18.3361	18.1036
18.342	18.1096
18.348	18.1155
18.3541	18.1212
18.36	18.1271
18.366	18.1331
18.3719	18.139
18.4108	18.1123
18.4169	18.1184
18.423	18.1245
18.4292	18.1306
18.4353	18.1367
18.4334	18.1506
18.4395	18.1566
18.4455	18.1627
18.4516	18.1687
18.466	18.1664
18.472	18.1725
18.4781	18.1785
18.4842	18.1846
18.4903	18.1907
18.4966	18.1964
18.5026	18.2025
18.5087	18.2085
18.5148	18.2146
18.5208	18.2206
18.5353	18.2183
18.5414	18.2244
18.5475	18.2304
18.5536	18.2365
18.5843	18.2183
18.5906	18.2245
18.5969	18.2308
18.6032	18.237
18.6094	18.2433
18.6241	18.2412
18.6304	18.2475
18.6368	18.2539
18.6431	18.2602
18.7667	18.1519
18.7745	18.1597
18.7823	18.1674
18.7901	18.1752
18.7979	18.1829
18.6314	18.3614
18.6372	18.3672
18.643	18.373
18.6488	18.3788
18.2726	18.7685
18.2795	18.7754
18.2863	18.7823
18.2931	18.7891
18.3	18.796
18.1247	18.9914
18.1349	19.0017
18.1451	19.012
18.1554	19.0223
18.1656	19.0327
18.2265	18.9899
18.2355	18.9989
18.2445	19.0079
18.2534	19.017
18.6408	18.6408
18.646	18.646
18.6513	18.6513
18.6565	18.6565
18.6618	18.6618
18.6155	18.7186
18.6208	18.7239
18.6261	18.7292
18.6314	18.7346
18.5107	18.867
18.5167	18.873
18.5226	18.879
18.5286	18.885
18.5345	18.8909
18.6406	18.7956
18.646	18.8009
18.6513	18.8063
18.6566	18.8116
18.5369	18.9435
18.543	18.9497
18.5491	18.9558
18.5553	18.962
18.5614	18.9681
18.9581	18.5834
18.964	18.5894
18.97	18.5953
18.976	18.6013
18.9905	18.5988
18.9965	18.6048
19.0025	18.6109
19.0086	18.6169
19.0146	18.6229
19.0538	18.5963
19.0601	18.6026
19.0665	18.6089
19.0728	18.6152
19.0791	18.6215
19.0612	18.6516
19.0673	18.6577
19.0733	18.6637
19.0794	18.6697
18.8275	18.932
18.8326	18.9371
18.8377	18.9423
18.8429	18.9474
18.848	18.9525
18.8357	18.9751
18.8408	18.9803
18.846	18.9854
18.8511	18.9906
18.8563	18.9957
18.8787	18.9835
18.8838	18.9886
18.8888	18.9937
18.8939	18.9988
18.8902	19.0126
18.8953	19.0177
18.9004	19.0228
18.9055	19.0279
18.9106	19.033
18.8982	19.0556
18.9033	19.0607
18.9084	19.0659
18.9135	19.071
18.9272	19.0674
18.9323	19.0725
18.9374	19.0776
18.9424	19.0827
18.9475	19.0878
18.9787	19.0666
18.9837	19.0716
18.9887	19.0766
18.9936	19.0815
19.0073	19.0778
19.0123	19.0827
19.0173	19.0877
19.0222	19.0926
19.0272	19.0976
19.0233	19.1114
19.0282	19.1164
19.0332	19.1213
19.0381	19.1263
19.0342	19.1401
19.0392	19.145
19.0441	19.15
19.0491	19.1549
19.054	19.1599
19.0589	19.1649
19.0638	19.1698
19.0688	19.1748
19.0737	19.1797
19.0786	19.1846
19.1011	19.1719
19.106	19.1768
19.1109	19.1817
19.1157	19.1866
19.1383	19.1737
19.1431	19.1786
19.148	19.1834
19.1528	19.1883
19.1576	19.1931
19.1624	19.198
19.1673	19.2028
19.1721	19.2076
19.1769	19.2124
19.1639	19.2351
19.1688	19.2399
19.1736	19.2447
19.1784	19.2495
19.1833	19.2544
19.1703	19.277
19.1751	19.2819
19.18	19.2867
19.1848	19.2916
19.1985	19.2875
19.2033	19.2923
19.2081	19.2971
19.2129	19.302
19.2177	19.3068
19.2491	19.2848
19.2539	19.2896
19.2586	19.2943
19.2634	19.2991
19.2681	19.3039
19.2907	19.2907
19.2954	19.2954
19.3002	19.3002
19.3049	19.3049
19.3096	19.3096
19.3143	19.3143
19.319	19.319
19.3237	19.3237
19.3285	19.3285
19.3152	19.3511
19.3199	19.3558
19.3246	19.3605
19.3293	19.3652
19.334	19.3699
19.3297	19.3836
19.3344	19.3883
19.3391	19.3929
19.3438	19.3976
19.3664	19.3843
19.371	19.389
19.3757	19.3937
19.3803	19.3983
19.385	19.403
19.4076	19.3896
19.4123	19.3943
19.4169	19.3989
19.4215	19.4035
19.4262	19.4082
19.4308	19.4128
19.4354	19.4174
19.4401	19.422
19.4447	19.4267
19.4313	19.4493
19.4359	19.4539
19.4405	19.4585
19.4451	19.4631
19.4497	19.4677
19.4362	19.4904
19.4408	19.495
19.4454	19.4996
19.45	19.5042
19.4726	19.4907
19.4772	19.4953
19.4818	19.4999
19.4863	19.5044
19.4909	19.509
19.4955	19.5136
19.5	19.5181
19.5046	19.5227
19.5091	19.5272
19.5318	19.5136
19.5363	19.5182
19.5409	19.5227
19.5454	19.5273
19.5499	19.5318
19.5635	19.5272
19.5681	19.5318
19.5726	19.5363
19.5771	19.5408
19.5816	19.5453
19.5862	19.5498
19.5907	19.5543
19.5952	19.5588
19.5997	19.5633
19.5496	19.6224
19.5541	19.6269
19.5587	19.6314
19.5632	19.636
19.5677	19.6405
19.554	19.6632
19.5585	19.6677
19.563	19.6723
19.5675	19.6768
19.5449	19.7086
19.5495	19.7132
19.554	19.7178
19.5586	19.7224
19.5632	19.727
19.6404	19.6587
19.6449	19.6631
19.6493	19.6676
19.6537	19.672
19.6582	19.6764
19.6169	19.7266
19.6214	19.7311
19.6259	19.7355
19.6304	19.74
19.6348	19.7445
19.6392	19.749
19.6437	19.7535
19.6481	19.7579
19.6526	19.7624
19.7119	19.7119
19.7163	19.7163
19.7206	19.7206
19.725	19.725
19.7294	19.7294
19.4764	19.9937
19.4821	19.9995
19.4879	20.0052
19.4936	20.011
19.4991	20.0171
19.5048	20.0228
19.5105	20.0286
19.5163	20.0344
19.522	20.0401
19.6667	19.9048
19.6713	19.9094
19.676	19.914
19.6806	19.9186
19.7304	19.8776
19.7348	19.882
19.7392	19.8865
19.7437	19.8909
19.7481	19.8953
19.8075	19.8445
19.8118	19.8488
19.8161	19.8531
19.8204	19.8573
19.5509	20.1386
19.557	20.1447
19.5631	20.1508
19.5691	20.1569
19.5752	20.163
19.4942	20.2585
19.5016	20.2659
19.509	20.2733
19.5163	20.2807
19.5237	20.2881
19.5228	20.304
19.5303	20.3115
19.5377	20.319
19.5452	20.3266
19.9683	19.9125
19.9725	19.9168
19.9767	19.921
19.9809	19.9252
19.9852	19.9294
20.0728	19.8505
20.0772	19.855
20.0816	19.8594
20.0861	19.8638
20.035	19.9233
20.0392	19.9276
20.0435	19.9318
20.0477	19.936
20.0519	19.9402
19.8982	20.1026
19.9026	20.1069
19.9069	20.1113
19.9113	20.1156
19.8076	20.2292
19.8126	20.2343
19.8176	20.2393
19.8226	20.2443
19.8276	20.2493
19.8236	20.2635
19.8287	20.2686
19.8337	20.2737
19.8388	20.2788
19.8439	20.2839
20.3674	19.7719
20.3733	19.7778
20.3792	19.7837
20.3851	19.7896
20.5277	19.6627
20.5358	19.6708
20.5439	19.6788
20.552	19.6868
20.5601	19.6949
20.5148	19.7545
20.5219	19.7615
20.5289	19.7685
20.536	19.7755
20.5431	19.7826
20.5102	19.8283
20.5166	19.8347
20.523	19.8411
20.5294	19.8474
20.5358	19.8538
20.5092	19.8923
20.5151	19.8981
20.521	19.904
20.5269	19.9099
20.5328	19.9158
20.4517	20.007
20.4566	20.0119
20.4616	20.0168
20.4665	20.0217
20.4806	20.0176
20.4856	20.0226
20.4906	20.0275
20.4956	20.0325
20.5006	20.0375
20.433	20.114
20.4374	20.1184
20.4418	20.1228
20.4463	20.1272
20.4507	20.1316
20.4552	20.1359
20.4596	20.1402
20.464	20.1446
20.4684	20.149
20.4728	20.1534
20.4774	20.1576
20.4818	20.162
20.4862	20.1663
20.4905	20.1707
20.495	20.1749
20.4994	20.1793
20.5038	20.1836
20.5081	20.188
20.5125	20.1923
20.517	20.1965
20.5214	20.2008
20.5257	20.2052
20.5301	20.2095
20.5344	20.2139
20.5389	20.218
20.5433	20.2223
20.5476	20.2267
20.5519	20.231
20.5563	20.2353
20.5421	20.2579
20.5463	20.2621
20.5505	20.2663
20.5547	20.2705
20.5213	20.3119
20.5253	20.3159
20.5293	20.32
20.5333	20.324
20.5374	20.328
20.4843	20.3887
20.4882	20.3925
20.492	20.3964
20.4958	20.4002
20.4997	20.404
20.4269	20.4844
20.4307	20.4882
20.4345	20.4919
20.4383	20.4957
20.4421	20.4995
20.4267	20.5225
20.4305	20.5263
20.4343	20.5301
20.4381	20.5339
20.4132	20.5664
20.4171	20.5703
20.4209	20.5742
20.4248	20.578
20.4286	20.5819
20.4898	20.5282
20.4935	20.532
20.4973	20.5357
20.501	20.5394
20.5047	20.5432
20.357	20.6993
20.3612	20.7036
20.3655	20.7078
20.3697	20.7121
20.374	20.7164
20.3966	20.702
20.4008	20.7062
20.4049	20.7103
20.409	20.7144
20.4317	20.6998
20.4357	20.7038
20.4398	20.7078
20.4438	20.7118
20.4478	20.7158
20.4705	20.7009
20.4744	20.7049
20.4783	20.7088
20.4822	20.7127
20.4861	20.7166
19.8316	21.408
19.8512	21.4279
19.8708	21.4478
19.8904	21.4677
20.6356	20.7325
20.6392	20.7362
20.6428	20.7398
20.6465	20.7434
20.6501	20.7471
20.828	20.5769
20.8318	20.5807
20.8357	20.5846
20.8395	20.5884
20.9286	20.508
20.933	20.5123
20.9374	20.5167
20.9417	20.5211
20.9461	20.5254
21.0417	20.4401
21.047	20.4454
21.0522	20.4506
21.0575	20.4558
21.1067	20.418
21.1125	20.4238
21.1183	20.4296
21.124	20.4353
21.1298	20.4411
21.0197	20.5604
21.0242	20.5649
21.0287	20.5693
21.0331	20.5738
21.047	20.5689
21.0516	20.5735
21.0561	20.578
21.0607	20.5825
21.0652	20.587
20.8297	20.8297
20.8332	20.8332
20.8366	20.8366
20.8401	20.8401
21.2987	20.3955
21.3062	20.4029
21.3137	20.4104
21.3212	20.4178
21.3287	20.4252
21.1032	20.66
21.1075	20.6643
21.1118	20.6687
21.1162	20.673
21.1113	20.6863
21.1155	20.6905
21.1197	20.6947
21.124	20.699
21.1282	20.7032
21.1326	20.7072
21.1368	20.7114
21.1411	20.7156
21.1453	20.7198
21.1495	20.724
21.1633	20.7187
21.1676	20.7229
21.1719	20.7272
21.1761	20.7314
20.6368	21.2811
20.642	21.2864
20.6473	21.2917
20.6526	21.2969
20.6578	21.3022
20.6034	21.3686
20.6095	21.3747
20.6155	21.3808
20.6216	21.3869
20.6779	21.3415
20.6832	21.3469
20.6885	21.3522
20.6939	21.3576
20.6992	21.363
20.7391	21.3329
20.744	21.3378
20.7489	21.3427
20.7538	21.3476
20.7673	21.3437
20.772	21.3485
20.7768	21.3533
20.7816	21.3581
20.7864	21.3629
20.8179	21.3404
20.8224	21.3449
20.8268	21.3493
20.8313	21.3538
20.8358	21.3583
20.8676	21.335
20.8718	21.3392
20.876	21.3434
20.8802	21.3477
20.9504	21.2851
20.9541	21.2888
20.9578	21.2925
20.9615	21.2962
20.9652	21.3
20.9881	21.2844
20.9916	21.288
20.9952	21.2916
20.9988	21.2952
21.0217	21.2793
21.0252	21.2828
21.0287	21.2862
21.0322	21.2897
21.0357	21.2932
21.0685	21.2672
21.0718	21.2706
21.0752	21.274
21.0785	21.2773
21.1114	21.2509
21.1147	21.2542
21.118	21.2575
21.1212	21.2607
21.1245	21.264
21.1575	21.2374
21.1607	21.2406
21.1639	21.2438
21.1671	21.247
21.1703	21.2502
21.2234	21.2034
21.2265	21.2065
21.2297	21.2097
21.2328	21.2128
21.206	21.246
21.2091	21.2492
21.2123	21.2523
21.2154	21.2555
21.2186	21.2586
21.2117	21.2718
21.2148	21.2749
21.218	21.2781
21.2211	21.2812
21.2243	21.2844
21.2574	21.2574
21.2606	21.2606
21.2637	21.2637
21.2668	21.2668
21.3	21.2398
21.3031	21.2429
21.3062	21.2461
21.3094	21.2492
21.3125	21.2523
21.3357	21.2354
21.3388	21.2385
21.342	21.2416
21.3451	21.2448
21.3181	21.2779
21.3212	21.281
21.3243	21.2841
21.3274	21.2872
21.3305	21.2903
21.2733	21.3537
21.2764	21.3568
21.2795	21.3599
21.2826	21.363
21.2756	21.3762
21.2787	21.3793
21.2818	21.3824
21.2849	21.3855
21.288	21.3886
22.1079	20.5978
22.1238	20.6135
22.1398	20.6292
22.1557	20.6449
22.1716	20.6606
22.2648	20.6056
22.2843	20.6248
22.3038	20.644
22.3232	20.6632
22.2203	20.7943
22.234	20.8079
22.2478	20.8215
22.2616	20.8351
22.2753	20.8487
22.3783	20.7796
22.3958	20.7968
22.4132	20.8139
22.4305	20.8311
22.3077	20.9782
22.3194	20.9898
22.3311	21.0014
22.3428	21.013
22.3546	21.0246
22.1866	21.2076
22.1937	21.2146
22.2008	21.2217
22.2079	21.2287
22.215	21.2358
22.094	21.3672
22.099	21.3722
22.104	21.3772
22.109	21.3821
22.0111	21.488
22.015	21.4919
22.0188	21.4957
22.0227	21.4996
22.0265	21.5034
21.9316	21.6047
21.9348	21.6078
21.9379	21.611
21.9411	21.6141
22.2429	21.3242
22.2493	21.3306
22.2558	21.3369
22.2622	21.3433
22.2686	21.3497
22.3563	21.2774
22.3643	21.2853
22.3723	21.2933
22.3803	21.3012
22.0785	21.6111
22.0821	21.6146
22.0856	21.6181
22.0891	21.6216
22.0927	21.6252
22.0465	21.6777
22.0497	21.6809
22.0529	21.6841
22.0561	21.6872
22.0592	21.6904
21.8982	21.8568
21.9009	21.8594
21.9035	21.862
21.9061	21.8646
21.8465	21.9295
21.8491	21.9321
21.8517	21.9347
21.8544	21.9373
21.857	21.94
22.1363	21.6674
22.1398	21.6709
22.1433	21.6743
22.1468	21.6778
22.1603	21.6714
22.1638	21.6749
22.1674	21.6784
22.1709	21.682
22.1745	21.6855
22.0262	21.8395
22.0289	21.8422
22.0316	21.8449
22.0343	21.8476
22.0782	21.8092
22.0811	21.8121
22.0839	21.8149
22.0868	21.8178
22.0896	21.8206
22.0513	21.8643
22.054	21.867
22.0567	21.8697
22.0593	21.8724
22.062	21.875
22.0232	21.9191
22.0258	21.9216
22.0284	21.9242
22.0309	21.9268
21.9814	21.9814
21.9839	21.9839
21.9864	21.9864
21.989	21.989
21.9915	21.9915
21.9523	22.0358
21.9548	22.0383
21.9574	22.0408
21.9599	22.0434
21.952	22.0564
21.9546	22.0589
21.9571	22.0615
21.9597	22.064
21.931	22.0978
21.9336	22.1004
21.9362	22.1031
21.9389	22.1057
21.9415	22.1083
21.944	22.1109
21.9466	22.1135
21.9492	22.1161
21.9518	22.1187
21.9543	22.1213
21.9569	22.1239
21.9595	22.1265
21.9621	22.1291
21.9647	22.1317
21.9672	22.1343
21.9698	22.1369
21.9723	22.1395
21.9749	22.142
21.9671	22.1551
21.9697	22.1577
21.9723	22.1603
21.9749	22.1629
21.9774	22.1655
21.9593	22.1889
21.9619	22.1916
21.9646	22.1942
21.9672	22.1969
21.9802	22.1892
21.9828	22.1918
21.9854	22.1944
21.988	22.197
22.0113	22.1788
22.0138	22.1814
22.0164	22.1839
22.0189	22.1865
22.0215	22.189
22.0239	22.1916
22.0265	22.1941
22.029	22.1966
22.0315	22.1992
22.034	22.2017
22.0365	22.2043
22.039	22.2068
22.0416	22.2093
22.0545	22.2014
22.057	22.2039
22.0594	22.2064
22.0619	22.2089
22.0644	22.2114
22.0773	22.2034
22.0798	22.2058
22.0822	22.2083
22.0847	22.2108
22.0976	22.2027
22.1	22.2052
22.1024	22.2076
22.1048	22.21
22.1073	22.2124
22.1202	22.2044
22.1226	22.2068
22.125	22.2092
22.1274	22.2116
22.1297	22.214
22.1321	22.2164
22.1345	22.2188
22.1369	22.2212
22.1393	22.2236
22.1417	22.226
22.1441	22.2284
22.1465	22.2308
22.1488	22.2332
22.1512	22.2355
22.1536	22.2379
22.156	22.2403
22.1583	22.2427
22.1607	22.2451
22.1736	22.2369
22.1759	22.2393
22.1783	22.2416
22.1806	22.244
22.2041	22.2252
22.2064	22.2275
22.2088	22.2299
22.2111	22.2322
22.2134	22.2346
22.2157	22.2369
22.2181	22.2392
22.2204	22.2415
22.2227	22.2439
22.225	22.2462
22.2274	22.2485
22.2297	22.2508
22.232	22.2531
22.2343	22.2555
22.2366	22.2578
22.2389	22.2601
22.2412	22.2624
22.2435	22.2647
22.2564	22.2564
22.2587	22.2587
22.261	22.261
22.2633	22.2633
22.255	22.2762
22.2573	22.2785
22.2596	22.2808
22.2619	22.2831
22.2642	22.2854
22.2665	22.2877
22.2688	22.2899
22.271	22.2922
22.2733	22.2945
22.2862	22.2862
22.2885	22.2885
22.2907	22.2907
22.293	22.293
22.2953	22.2953
22.3082	22.287
22.3104	22.2892
22.3127	22.2915
22.315	22.2938
22.3385	22.2748
22.3407	22.2771
22.343	22.2793
22.3453	22.2816
22.3476	22.2839
22.2861	22.3498
22.2884	22.3521
22.2907	22.3544
22.2929	22.3566
22.2846	22.3695
22.2868	22.3718
22.2891	22.3741
22.2914	22.3763
22.2936	22.3786
22.3065	22.3703
22.3087	22.3725
22.311	22.3748
22.3132	22.377
22.3261	22.3686
22.3283	22.3709
22.3305	22.3731
22.3328	22.3753
22.335	22.3775
22.3266	22.3904
22.3288	22.3927
22.331	22.3949
22.3333	22.3971
22.3249	22.41
22.3271	22.4122
22.3293	22.4145
22.3316	22.4167
22.3338	22.4189
22.3254	22.4318
22.3276	22.4341
22.3299	22.4363
22.3321	22.4386
22.4302	22.3449
22.4324	22.3472
22.4346	22.3494
22.4368	22.3516
22.4391	22.3538
22.4626	22.3348
22.4648	22.337
22.4671	22.3392
22.4693	22.3415
22.4716	22.3437
22.4312	22.3885
22.4334	22.3907
22.4355	22.3929
22.4377	22.395
22.3652	22.4719
22.3674	22.4741
22.3697	22.4763
22.3719	22.4785
22.3741	22.4808
22.2918	22.5679
22.2942	22.5703
22.2966	22.5728
22.2991	22.5752
22.219	22.661
22.2218	22.6639
22.2247	22.6668
22.2276	22.6697
22.2305	22.6726
22.6859	22.2231
22.6888	22.2261
22.6918	22.229
22.6947	22.232
22.6977	22.2349
22.7008	22.2377
22.7037	22.2406
22.7067	22.2435
22.7096	22.2465
22.6084	22.3526
22.6108	22.355
22.6131	22.3573
22.6155	22.3597
22.6178	22.362
22.4386	22.5457
22.4407	22.5478
22.4429	22.55
22.445	22.5521
22.4472	22.5543
22.3228	22.6837
22.3254	22.6863
22.3279	22.6889
22.3305	22.6915
22.8751	22.1547
22.8792	22.1587
22.8834	22.1628
22.8875	22.1669
22.8916	22.171
22.8961	22.1748
22.9002	22.1789
22.9043	22.183
22.9084	22.187
22.8442	22.2582
22.8475	22.2616
22.8509	22.2649
22.8543	22.2683
22.8577	22.2716
22.8003	22.3348
22.8032	22.3377
22.8061	22.3405
22.8089	22.3434
22.7704	22.3872
22.773	22.3897
22.7756	22.3923
22.7782	22.3949
22.7808	22.3975
22.7624	22.4207
22.7649	22.4232
22.7674	22.4256
22.7698	22.4281
22.6979	22.5044
22.7001	22.5066
22.7022	22.5087
22.7044	22.5109
22.7065	22.513
22.6226	22.601
22.6246	22.603
22.6266	22.6051
22.6286	22.6071
22.5552	22.6846
22.5573	22.6866
22.5594	22.6887
22.5614	22.6908
22.5635	22.6928
22.5334	22.7272
22.5355	22.7293
22.5376	22.7314
22.5398	22.7336
22.5633	22.7142
22.5653	22.7163
22.5674	22.7184
22.5695	22.7204
22.5715	22.7225
22.6274	22.6706
22.6294	22.6726
22.6314	22.6746
22.6334	22.6766
22.6353	22.6786
22.6481	22.6697
22.6501	22.6717
22.6521	22.6737
22.654	22.6757
22.6452	22.6885
22.6472	22.6904
22.6491	22.6924
22.6511	22.6944
22.6531	22.6963
22.6442	22.7091
22.6462	22.7111
22.6481	22.7131
22.6501	22.7151
22.6089	22.7603
22.611	22.7623
22.613	22.7643
22.615	22.7664
22.6171	22.7684
21.7227	23.7077
21.7471	23.7327
21.7716	23.7576
21.7961	23.7825
21.8163	23.8116
21.8407	23.8364
21.8651	23.8613
21.8896	23.8861
21.914	23.911
21.9694	23.8997
21.9911	23.9218
22.0129	23.9439
22.0346	23.966
22.2232	23.8051
22.2362	23.8182
22.2492	23.8314
22.2622	23.8446
22.2753	23.8578
22.4436	23.7069
22.4517	23.715
22.4598	23.7232
22.4679	23.7314
22.4761	23.7396
22.5612	23.6677
22.5676	23.6741
22.574	23.6805
22.5803	23.6869
22.6195	23.6594
22.6252	23.6651
22.6309	23.6709
22.6367	23.6767
22.6424	23.6824
22.7459	23.5877
22.75	23.5919
22.7542	23.5961
22.7584	23.6003
22.7625	23.6044
22.8939	23.479
22.8966	23.4818
22.8994	23.4846
22.9021	23.4873
22.9671	23.427
22.9694	23.4293
22.9717	23.4316
22.9739	23.4339
22.9762	23.4361
23.0103	23.4063
23.0123	23.4084
23.0144	23.4104
23.0164	23.4125
23.0077	23.4254
23.0099	23.4276
23.012	23.4297
23.0141	23.4318
23.0162	23.4339
23.0076	23.4469
23.0098	23.4491
23.0119	23.4513
23.0141	23.4535
23.1135	23.3576
23.1152	23.3593
23.1169	23.361
23.1186	23.3627
23.1203	23.3644
23.1882	23.2996
23.1898	23.3012
23.1913	23.3027
23.1929	23.3042
23.1944	23.3058
23.1848	23.3185
23.1863	23.32
23.1879	23.3216
23.1894	23.3231
23.1577	23.358
23.1594	23.3596
23.161	23.3612
23.1626	23.3629
23.1642	23.3645
23.1218	23.4103
23.1236	23.4121
23.1254	23.4138
23.1271	23.4156
23.3287	23.2171
23.3302	23.2186
23.3317	23.2201
23.3332	23.2217
23.3347	23.2232
23.3919	23.1693
23.3935	23.1709
23.3951	23.1725
23.3968	23.1741
23.3539	23.22
23.3555	23.2215
23.357	23.2231
23.3585	23.2246
23.36	23.2261
23.2722	23.3169
23.2736	23.3183
23.2751	23.3198
23.2765	23.3213
23.2223	23.3785
23.2238	23.3801
23.2253	23.3816
23.2269	23.3831
23.2284	23.3847
23.3862	23.2299
23.3877	23.2314
23.3893	23.2329
23.3908	23.2345
23.4257	23.2027
23.4273	23.2043
23.4289	23.2059
23.4305	23.2075
23.4321	23.2091
23.4226	23.2217
23.4242	23.2233
23.4258	23.2249
23.4273	23.2264
23.228	23.4289
23.2295	23.4305
23.2311	23.4321
23.2326	23.4336
23.2342	23.4352
23.1807	23.4921
23.1824	23.4939
23.1842	23.4956
23.1859	23.4974
23.1877	23.4991
23.3337	23.3561
23.3351	23.3575
23.3365	23.3589
23.3379	23.3603
23.4065	23.2945
23.408	23.296
23.4094	23.2974
23.4109	23.2989
23.4123	23.3003
23.3017	23.4138
23.3032	23.4152
23.3046	23.4167
23.3061	23.4181
23.3747	23.3523
23.3761	23.3537
23.3775	23.3551
23.3789	23.3565
23.3803	23.3579
23.4153	23.3256
23.4168	23.327
23.4182	23.3284
23.4196	23.3299
23.3425	23.4098
23.3439	23.4112
23.3453	23.4126
23.3467	23.414
23.3481	23.4154
23.3382	23.428
23.3396	23.4294
23.3411	23.4308
23.3425	23.4322
23.4112	23.3663
23.4126	23.3676
23.4139	23.369
23.4153	23.3704
23.4167	23.3718
23.53	23.2617
23.5316	23.2633
23.5332	23.2649
23.5348	23.2665
23.5364	23.2681
23.6795	23.1296
23.6819	23.132
23.6843	23.1344
23.6867	23.1368
23.8223	23.0083
23.826	23.012
23.8298	23.0157
23.8335	23.0194
23.8372	23.0231
23.5997	23.2647
23.6014	23.2664
23.6032	23.2681
23.6049	23.2699
23.349	23.5287
23.3504	23.5302
23.3519	23.5316
23.3533	23.5331
23.3547	23.5345
23.491	23.401
23.4924	23.4023
23.4937	23.4037
23.4951	23.405
23.5638	23.3392
23.5653	23.3407
23.5668	23.3422
23.5683	23.3437
23.5698	23.3452
23.7033	23.2157
23.7054	23.2178
23.7076	23.2199
23.7097	23.2221
23.7118	23.2242
23.6924	23.2476
23.6944	23.2496
23.6964	23.2516
23.6984	23.2535
23.4211	23.5338
23.4224	23.5351
23.4237	23.5365
23.4251	23.5378
23.4264	23.5392
23.3495	23.619
23.3511	23.6206
23.3526	23.6221
23.3542	23.6237
23.3668	23.6141
23.3682	23.6156
23.3697	23.6171
23.3712	23.6186
23.3727	23.6201
23.3631	23.6328
23.3646	23.6343
23.3661	23.6358
23.3676	23.6373
23.3802	23.6277
23.3817	23.6292
23.3832	23.6307
23.3847	23.6322
23.3862	23.6337
23.4099	23.6128
23.4113	23.6142
23.4127	23.6156
23.4141	23.617
23.4044	23.6297
23.4058	23.6311
23.4072	23.6325
23.4087	23.634
23.4101	23.6354
23.3892	23.6593
23.3907	23.6608
23.3922	23.6623
23.3937	23.6638
23.3952	23.6653
23.3525	23.7113
23.3542	23.713
23.3559	23.7147
23.3576	23.7164
23.3593	23.7181
23.3719	23.7088
23.3735	23.7104
23.3751	23.712
23.3768	23.7137
23.313	23.7812
23.315	23.7832
23.317	23.7852
23.319	23.7872
23.3209	23.7892
23.4214	23.6919
23.4229	23.6934
23.4244	23.6949
23.4258	23.6963
23.4945	23.6303
23.4958	23.6316
23.4971	23.6329
23.4984	23.6342
23.4997	23.6355
23.5122	23.6255
23.5135	23.6267
23.5148	23.628
23.516	23.6293
23.4947	23.6532
23.496	23.6545
23.4973	23.6558
23.4986	23.6571
23.4999	23.6584
23.5125	23.6484
23.5138	23.6497
23.515	23.651
23.5163	23.6522
23.5855	23.5855
23.5867	23.5867
23.5879	23.5879
23.5891	23.5891
23.5903	23.5903
23.7048	23.4786
23.7062	23.48
23.7075	23.4814
23.7089	23.4827
23.6651	23.5291
23.6664	23.5303
23.6677	23.5316
23.6689	23.5329
23.6702	23.5341
23.6261	23.5807
23.6273	23.5819
23.6285	23.5831
23.6297	23.5843
23.6423	23.5741
23.6435	23.5753
23.6447	23.5765
23.6459	23.5778
23.6471	23.579
23.7725	23.4565
23.774	23.458
23.7755	23.4596
23.777	23.4611
23.7785	23.4626
23.7352	23.5087
23.7366	23.51
23.7379	23.5114
23.7393	23.5127
23.6954	23.5591
23.6966	23.5604
23.6979	23.5616
23.6991	23.5629
23.7004	23.5641
23.6903	23.5766
23.6915	23.5778
23.6927	23.5791
23.6939	23.5803
23.6951	23.5815
23.6963	23.5827
23.6975	23.5839
23.6988	23.5851
23.7	23.5863
23.7691	23.5198
23.7705	23.5212
23.7719	23.5226
23.7732	23.5239
23.7746	23.5253
23.7421	23.5604
23.7434	23.5616
23.7446	23.5629
23.7459	23.5642
23.7131	23.5994
23.7143	23.6006
23.7155	23.6017
23.7167	23.6029
23.7179	23.6041
23.7418	23.5827
23.7431	23.5839
23.7443	23.5851
23.7455	23.5864
23.7921	23.5425
23.7934	23.5438
23.7948	23.5452
23.7961	23.5465
23.7975	23.5479
23.7988	23.5492
23.8002	23.5505
23.8015	23.5519
23.8029	23.5532
23.7362	23.6223
23.7374	23.6235
23.7386	23.6247
23.7397	23.6258
23.7409	23.627
23.6965	23.6737
23.6976	23.6748
23.6988	23.676
23.6999	23.6771
23.7124	23.6668
23.7136	23.668
23.7147	23.6691
23.7158	23.6702
23.717	23.6714
23.7751	23.6156
23.7763	23.6168
23.7775	23.618
23.7787	23.6192
23.7913	23.6091
23.7925	23.6103
23.7937	23.6116
23.795	23.6128
23.7962	23.614
23.6834	23.7291
23.6845	23.7302
23.6857	23.7313
23.6868	23.7324
23.6423	23.7792
23.6435	23.7804
23.6447	23.7815
23.6459	23.7827
23.647	23.7839
23.6937	23.7394
23.6948	23.7405
23.696	23.7416
23.6971	23.7427
23.7439	23.6982
23.745	23.6993
23.7461	23.7004
23.7472	23.7015
23.7483	23.7026
23.7951	23.6581
23.7962	23.6593
23.7974	23.6604
23.7985	23.6616
23.7997	23.6627
23.835	23.6299
23.8362	23.6311
23.8375	23.6323
23.8387	23.6335
23.6347	23.84
23.636	23.8412
23.6372	23.8424
23.6384	23.8436
23.6396	23.8449
23.6749	23.8119
23.676	23.8131
23.6772	23.8142
23.6783	23.8154
23.7365	23.7594
23.7376	23.7605
23.7387	23.7615
23.7397	23.7626
23.798	23.7065
23.7991	23.7076
23.8002	23.7087
23.8013	23.7098
23.8024	23.7109
23.8035	23.712
23.8046	23.7131
23.8057	23.7142
23.8068	23.7153
23.7393	23.785
23.7403	23.7861
23.7414	23.7872
23.7425	23.7883
23.7436	23.7893
23.6989	23.8362
23.7001	23.8373
23.7012	23.8384
23.7023	23.8396
23.7377	23.8064
23.7388	23.8074
23.7398	23.8085
23.7409	23.8096
23.742	23.8107
23.7774	23.7774
23.7784	23.7784
23.7795	23.7795
23.7805	23.7805
23.7701	23.7931
23.7712	23.7941
23.7722	23.7952
23.7733	23.7962
23.7286	23.8431
23.7297	23.8442
23.7308	23.8453
23.7318	23.8464
23.7329	23.8475
23.7226	23.86
23.7237	23.8611
23.7248	23.8622
23.7259	23.8633
23.7613	23.8301
23.7623	23.8311
23.7634	23.8322
23.7644	23.8332
23.7655	23.8343
23.8009	23.8009
23.802	23.802
23.803	23.803
23.804	23.804
23.7936	23.8165
23.7946	23.8176
23.7957	23.8186
23.7967	23.8196
23.7519	23.8666
23.753	23.8676
23.754	23.8687
23.7551	23.8698
23.7562	23.8708
23.7458	23.8834
23.7469	23.8845
23.748	23.8855
23.7491	23.8866
23.8074	23.8304
23.8084	23.8314
23.8095	23.8324
23.8105	23.8334
23.8115	23.8345
23.847	23.801
23.848	23.8021
23.849	23.8031
23.85	23.8041
23.8396	23.8166
23.8406	23.8176
23.8416	23.8186
23.8426	23.8196
23.7862	23.8781
23.7873	23.8791
23.7883	23.8802
23.7893	23.8812
23.7904	23.8822
23.8029	23.8718
23.8039	23.8728
23.8049	23.8738
23.8059	23.8749
23.8529	23.8299
23.8539	23.8309
23.8549	23.8319
23.8559	23.8329
23.8569	23.8339
23.8579	23.8349
23.8589	23.8359
23.8599	23.8369
23.8609	23.8379
23.8274	23.8734
23.8284	23.8744
23.8294	23.8754
23.8304	23.8764
23.8085	23.9004
23.8095	23.9014
23.8105	23.9025
23.8115	23.9035
23.8125	23.9045
23.848	23.871
23.849	23.872
23.85	23.873
23.851	23.874
23.898	23.829
23.899	23.83
23.9	23.831
23.901	23.832
23.902	23.833
23.903	23.834
23.904	23.835
23.905	23.836
23.906	23.837
23.8724	23.8724
23.8734	23.8734
23.8744	23.8744
23.8754	23.8754
23.8418	23.9109
23.8428	23.9119
23.8438	23.9129
23.8448	23.9139
23.8458	23.9149
23.8813	23.8813
23.8823	23.8823
23.8832	23.8832
23.8842	23.8842
23.9082	23.8621
23.9092	23.8631
23.9102	23.8641
23.9111	23.8651
23.9121	23.866
23.9131	23.867
23.914	23.868
23.915	23.8689
23.916	23.8699
23.8709	23.917
23.8718	23.9179
23.8728	23.9189
23.8738	23.9199
23.8747	23.9208
23.8527	23.9448
23.8537	23.9458
23.8546	23.9468
23.8556	23.9478
23.9142	23.8911
23.9152	23.8921
23.9161	23.893
23.9171	23.894
23.9526	23.8604
23.9536	23.8614
23.9546	23.8624
23.9555	23.8633
23.9565	23.8643
23.9344	23.8883
23.9354	23.8893
23.9363	23.8902
23.9373	23.8912
23.8806	23.9498
23.8815	23.9507
23.8825	23.9517
23.8835	23.9527
23.8844	23.9536
23.8854	23.9546
23.8863	23.9555
23.8873	23.9565
23.8882	23.9574
23.9468	23.9007
23.9478	23.9016
23.9487	23.9026
23.9497	23.9035
23.9506	23.9044
23.9516	23.9054
23.9525	23.9063
23.9534	23.9073
23.9544	23.9082
23.9322	23.9322
23.9331	23.9331
23.9341	23.9341
23.935	23.935
23.8898	23.9821
23.8907	23.9831
23.8917	23.984
23.8926	23.985
23.9166	23.9628
23.9176	23.9638
23.9185	23.9647
23.9194	23.9656
23.9204	23.9665
23.9675	23.9213
23.9684	23.9222
23.9693	23.9231
23.9703	23.924
23.9827	23.9134
23.9837	23.9144
23.9846	23.9153
23.9855	23.9162
23.9865	23.9171
23.9412	23.9643
23.9421	23.9652
23.943	23.9661
23.9439	23.967
23.9217	23.991
23.9226	23.992
23.9235	23.9929
23.9245	23.9938
23.96	23.96
23.961	23.961
23.9619	23.9619
23.9628	23.9628
23.9637	23.9637
23.9993	23.9299
24.0002	23.9308
24.0011	23.9317
24.002	23.9326
23.9914	23.9451
23.9923	23.946
23.9932	23.9469
23.9941	23.9478
23.9487	23.995
23.9496	23.9959
23.9505	23.9968
23.9514	23.9977
23.9523	23.9986
23.9417	24.0111
23.9426	24.012
23.9435	24.0129
23.9444	24.0138
23.9916	23.9684
23.9924	23.9693
23.9933	23.9702
23.9942	23.9711
23.9951	23.972
24.0192	23.9497
24.0201	23.9506
24.021	23.9515
24.0219	23.9524
24.0112	23.9649
24.0121	23.9658
24.013	23.9667
24.0139	23.9675
23.9684	24.0147
23.9693	24.0156
23.9702	24.0165
23.9711	24.0174
23.972	24.0183
23.9729	24.0192
23.9737	24.0201
23.9746	24.0209
23.9755	24.0218
24.0227	23.9764
24.0236	23.9773
24.0245	23.9781
24.0254	23.979
24.0262	23.9799
24.0387	23.9692
24.0396	23.9701
24.0405	23.971
24.0414	23.9718
24.0075	24.0075
24.0083	24.0083
24.0092	24.0092
24.0101	24.0101
24.0109	24.0109
23.9655	24.0582
23.9664	24.0591
23.9673	24.0599
23.9681	24.0608
23.9922	24.0385
23.993	24.0394
23.9939	24.0403
23.9948	24.0411
24.0304	24.0072
24.0313	24.0081
24.0321	24.0089
24.033	24.0098
24.0339	24.0107
24.0579	23.9883
24.0588	23.9892
24.0596	23.9901
24.0605	23.9909
24.0034	24.0498
24.0042	24.0506
24.0051	24.0515
24.006	24.0524
24.0068	24.0532
23.9961	24.0657
23.9969	24.0665
23.9978	24.0674
23.9987	24.0683
24.0343	24.0343
24.0352	24.0352
24.036	24.036
24.0368	24.0368
24.0377	24.0377
24.085	23.9921
24.0858	23.993
24.0867	23.9939
24.0876	23.9948
24.0652	24.0188
24.0661	24.0196
24.0669	24.0205
24.0678	24.0213
24.0686	24.0222
24.023	24.0695
24.0238	24.0703
24.0247	24.0711
24.0255	24.072
24.0264	24.0728
24.0272	24.0737
24.028	24.0745
24.0289	24.0753
24.0646	24.0413
24.0654	24.0422
24.0662	24.043
24.0671	24.0438
24.0679	24.0447
24.0803	24.0339
24.0812	24.0347
24.082	24.0355
24.0828	24.0364
24.072	24.0488
24.0729	24.0496
24.0737	24.0504
24.0745	24.0513
24.0289	24.0986
24.0297	24.0994
24.0305	24.1003
24.0314	24.1011
24.0322	24.1019
24.0447	24.0911
24.0455	24.092
24.0463	24.0928
24.0471	24.0936
24.0944	24.0479
24.0953	24.0488
24.0961	24.0496
24.0969	24.0504
24.0977	24.0512
24.0985	24.052
24.0994	24.0529
24.1002	24.0537
24.101	24.0545
24.0669	24.0902
24.0677	24.091
24.0685	24.0918
24.0694	24.0926
24.0702	24.0934
24.0477	24.1175
24.0486	24.1183
24.0494	24.1192
24.0502	24.12
24.0743	24.0975
24.0751	24.0983
24.0759	24.0991
24.0767	24.0999
24.0775	24.1007
24.1132	24.0666
24.114	24.0674
24.1148	24.0683
24.1156	24.0691
24.1164	24.0699
24.1172	24.0707
24.118	24.0715
24.1188	24.0723
24.1196	24.0731
24.0855	24.1088
24.0863	24.1096
24.0871	24.1104
24.0879	24.1112
24.0654	24.1353
24.0662	24.1361
24.067	24.1369
24.0678	24.1377
24.1152	24.0919
24.116	24.0927
24.1168	24.0935
24.1176	24.0943
24.1184	24.0951
24.1424	24.0726
24.1432	24.0734
24.144	24.0742
24.1448	24.075
24.134	24.0874
24.1348	24.0882
24.1356	24.089
24.1364	24.0898
24.1371	24.0906
24.103	24.1263
24.1038	24.1271
24.1045	24.1278
24.1053	24.1286
24.0944	24.1411
24.0952	24.1418
24.096	24.1426
24.0968	24.1434
24.0976	24.1442
24.1217	24.1217
24.1224	24.1224
24.1232	24.1232
24.124	24.124
24.1597	24.0898
24.1605	24.0906
24.1613	24.0914
24.1621	24.0922
24.1629	24.0929
24.187	24.0705
24.1878	24.0713
24.1886	24.0721
24.1894	24.0729
24.1902	24.0737
24.191	24.0745
24.1918	24.0753
24.1926	24.0761
24.1934	24.0769
24.2291	24.0429
24.23	24.0438
24.2309	24.0447
24.2317	24.0455
24.2326	24.0464
24.2682	24.0127
24.2692	24.0136
24.2702	24.0146
24.2711	24.0156
24.3066	23.9822
24.3077	23.9833
24.3088	23.9843
24.3099	23.9854
24.311	23.9865
24.3464	23.9536
24.3476	23.9548
24.3489	23.956
24.3501	23.9573
24.3627	23.9472
24.364	23.9485
24.3653	23.9498
24.3666	23.9511
24.3679	23.9524
24.4254	23.898
24.427	23.8997
24.4286	23.9013
24.4303	23.9029
24.4319	23.9045
24.4447	23.8951
24.4464	23.8968
24.4481	23.8985
24.4498	23.9002
24.4846	23.8693
24.4865	23.8712
24.4885	23.8731
24.4904	23.8751
24.4924	23.877
24.5053	23.8681
24.5074	23.8701
24.5094	23.8721
24.5114	23.8742
24.5244	23.8654
24.5265	23.8675
24.5286	23.8696
24.5308	23.8717
24.5329	23.8738
24.5351	23.8758
24.5372	23.8779
24.5394	23.88
24.5415	23.8821
24.5437	23.8841
24.5458	23.8862
24.5479	23.8883
24.55	23.8904
24.5521	23.8924
24.5865	23.8627
24.5889	23.8651
24.5913	23.8675
24.5937	23.8698
24.6069	23.8616
24.6094	23.8641
24.6118	23.8666
24.6143	23.8691
24.6168	23.8715
24.5329	23.9592
24.5346	23.9609
24.5364	23.9626
24.5381	23.9643
24.5288	23.9769
24.5304	23.9785
24.5321	23.9802
24.5337	23.9818
24.5353	23.9834
24.5481	23.974
24.5499	23.9757
24.5516	23.9774
24.5533	23.9791
24.555	23.9808
24.5678	23.9715
24.5696	23.9733
24.5714	23.9751
24.5732	23.9768
24.564	23.9894
24.5657	23.9911
24.5674	23.9928
24.5691	23.9945
24.5708	23.9962
24.7116	23.861
24.7146	23.864
24.7176	23.867
24.7206	23.87
24.437	24.1562
24.4378	24.1571
24.4387	24.158
24.4396	24.1588
24.4405	24.1597
24.6113	23.9922
24.6132	23.994
24.615	23.9958
24.6169	23.9977
24.6297	23.9886
24.6317	23.9906
24.6336	23.9925
24.6356	23.9944
24.6375	23.9963
24.6395	23.9981
24.6415	24
