1170	-5100	1	0
1170	-5100	1	0
1170	-5100	1	0
1170	-5100	1	0
1170	-5100	1	0
1170	-5100	1	0
1170	-5100	1	0
1170	-5100	1	0
1170	-5100	1	0
1170	-5100	1	0
1170	-5100	1	0
1170	-5100	1	0
1170	-5100	1	0
1170	-5100	1	0
1170	-5100	1	0
1170	-5100	1	0
1170	-5100	1	0
1170	-5100	1	0
1170	-5100	1	0
1170	-5100	1	0
1170	-5100	1	0
1170	-5100	1	0
1170	-5100	1	0
1170	-5100	1	0
1170	-5100	1	0
1170	-5100	1	0
1170	-5100	1	0
1170	-5100	1	0
1170	-5100	1	0
1170	-5100	1	0
1170	-5100	1	0
1170	-5100	1	0
1170	-5100	1	0
1170	-5099.99	1	-0.000742529
1170	-5099.97	0.999994	-0.00358508
1170	-5099.93	0.999958	-0.00911231
1170	-5099.85	0.999845	-0.0175947
1170	-5099.74	0.999534	-0.0305284
1169.99	-5099.6	0.998896	-0.0469773
1169.98	-5099.42	0.997636	-0.0687162
1169.96	-5099.17	0.995174	-0.0981278
1169.93	-5098.89	0.993407	-0.114639
1169.89	-5098.57	0.993374	-0.114925
1169.85	-5098.19	0.993331	-0.115295
1169.8	-5097.78	0.993289	-0.115659
1169.74	-5097.28	0.993243	-0.116049
1169.68	-5096.77	0.993201	-0.116412
1169.62	-5096.22	0.993181	-0.116582
1169.54	-5095.56	0.993188	-0.116522
1169.47	-5094.92	0.993191	-0.116496
1169.38	-5094.23	0.993192	-0.11649
1169.3	-5093.49	0.993192	-0.116488
1169.21	-5092.71	0.993192	-0.116489
1169.1	-5091.8	0.993188	-0.116521
1169	-5090.93	0.993182	-0.116578
1168.89	-5090.01	0.993179	-0.116597
1168.77	-5088.95	0.993179	-0.116596
1168.65	-5087.94	0.993164	-0.116724
1168.52	-5086.88	0.993134	-0.116985
1168.38	-5085.68	0.993088	-0.117374
1168.25	-5084.53	0.993033	-0.117835
1168.1	-5083.34	0.99296	-0.118449
1167.95	-5082.1	0.992867	-0.119224
1167.8	-5080.82	0.992757	-0.120139
1167.62	-5079.37	0.992613	-0.121326
1167.46	-5078	0.992451	-0.122639
1167.28	-5076.58	0.992262	-0.12416
1167.08	-5074.98	0.992121	-0.125281
1166.89	-5073.48	0.992093	-0.125503
1166.69	-5071.92	0.992048	-0.125858
1166.49	-5070.33	0.991977	-0.126419
1166.28	-5068.69	0.991906	-0.126976
1166.04	-5066.85	0.991846	-0.127444
1165.82	-5065.13	0.991753	-0.128162
1165.59	-5063.36	0.99162	-0.129186
1165.33	-5061.38	0.99145	-0.13049
1165.09	-5059.53	0.991273	-0.131826
1164.84	-5057.64	0.991056	-0.133449
1164.58	-5055.71	0.990797	-0.135356
1164.31	-5053.74	0.990499	-0.137522
1164	-5051.55	0.990156	-0.139967
1163.71	-5049.5	0.989839	-0.142191
1163.4	-5047.41	0.989475	-0.144707
1163.06	-5045.09	0.989028	-0.147727
1162.74	-5042.92	0.988649	-0.150243
1162.4	-5040.71	0.988316	-0.152418
1162.05	-5038.46	0.98793	-0.154899
1161.65	-5035.96	0.987447	-0.157953
1161.27	-5033.63	0.98554	-0.169442
1160.85	-5031.27	0.981547	-0.191221
1160.36	-5028.88	0.977011	-0.213191
1159.75	-5026.24	0.971424	-0.237353
1159.13	-5023.79	0.965558	-0.260189
1158.44	-5021.32	0.958891	-0.283774
1157.6	-5018.6	0.950902	-0.309491
1156.76	-5016.09	0.942911	-0.333044
1155.83	-5013.56	0.9348	-0.355174
1154.84	-5011.02	0.926783	-0.375596
1153.78	-5008.47	0.918302	-0.395881
1152.54	-5005.66	0.90858	-0.417712
1151.32	-5003.08	0.899795	-0.436312
1150.04	-5000.49	0.891341	-0.453333
1148.57	-4997.66	0.881828	-0.471572
1147.15	-4995.05	0.872861	-0.487969
1145.67	-4992.44	0.863675	-0.504049
1143.97	-4989.59	0.85426	-0.519845
1142.35	-4986.97	0.846597	-0.532234
1140.67	-4984.34	0.838846	-0.544368
1138.94	-4981.7	0.831008	-0.556261
1137.15	-4979.05	0.824052	-0.566515
1135.14	-4976.15	0.818318	-0.574766
1133.25	-4973.48	0.813098	-0.582127
1131.31	-4970.8	0.807912	-0.589304
1129.15	-4967.85	0.803253	-0.595638
1127.12	-4965.14	0.800315	-0.59958
1125.06	-4962.4	0.797692	-0.603066
1122.97	-4959.64	0.795597	-0.605827
1120.85	-4956.86	0.794653	-0.607064
1118.51	-4953.79	0.79554	-0.605901
1116.34	-4950.94	0.796936	-0.604064
1114.16	-4948.06	0.798748	-0.601665
1111.77	-4944.87	0.801416	-0.598107
1109.56	-4941.91	0.804346	-0.594161
1107.35	-4938.9	0.807095	-0.590422
1104.93	-4935.58	0.809863	-0.58662
1102.69	-4932.49	0.80491	-0.593397
1100.38	-4929.41	0.790616	-0.612313
1097.75	-4926.09	0.774052	-0.633122
1095.23	-4923.07	0.757936	-0.652328
1092.61	-4920.09	0.739689	-0.672948
1089.87	-4917.16	0.71904	-0.694969
1087.03	-4914.29	0.697666	-0.716423
1083.79	-4911.23	0.673837	-0.73888
1080.71	-4908.49	0.651763	-0.758422
1077.53	-4905.81	0.631638	-0.775263
1073.94	-4902.95	0.612411	-0.790539
1070.57	-4900.39	0.594931	-0.803777
1067.11	-4897.87	0.577772	-0.816199
1063.24	-4895.18	0.562691	-0.826668
1059.63	-4892.75	0.553598	-0.832784
1055.96	-4890.33	0.545142	-0.838344
1052.24	-4887.93	0.536963	-0.843606
1048.46	-4885.55	0.531455	-0.847086
1044.3	-4882.94	0.530542	-0.847658
1040.45	-4880.53	0.52959	-0.848254
1036.56	-4878.11	0.528615	-0.848862
1032.29	-4875.45	0.530434	-0.847726
1028.35	-4872.97	0.536032	-0.844198
1024.4	-4870.45	0.54215	-0.840282
1020.44	-4867.87	0.5486	-0.836085
1016.1	-4865	0.556888	-0.830588
1012.13	-4862.31	0.565841	-0.824514
1008.15	-4859.56	0.574456	-0.818535
1004.17	-4856.74	0.582598	-0.812761
999.835	-4853.6	0.589962	-0.807431
995.85	-4850.68	0.595059	-0.803682
991.853	-4847.7	0.599875	-0.800094
987.484	-4844.41	0.605027	-0.796205
983.104	-4841.06	0.608122	-0.793843
979.067	-4837.97	0.608322	-0.793691
975.006	-4834.86	0.608384	-0.793643
970.548	-4831.44	0.608078	-0.793877
966.434	-4828.29	0.606125	-0.79537
962.286	-4825.14	0.602407	-0.798189
957.718	-4821.71	0.598067	-0.801446
953.487	-4818.57	0.593582	-0.804773
949.214	-4815.43	0.589262	-0.807942
944.513	-4812.01	0.591435	-0.806352
940.211	-4808.82	0.602012	-0.798487
935.935	-4805.56	0.613216	-0.789915
931.695	-4802.23	0.625055	-0.780581
927.502	-4798.82	0.639038	-0.769176
923.002	-4795.01	0.657591	-0.753375
918.956	-4791.41	0.674282	-0.738474
914.99	-4787.72	0.690707	-0.723135
910.759	-4783.59	0.711499	-0.702687
906.666	-4779.32	0.73587	-0.677123
903.044	-4775.28	0.757063	-0.653341
899.551	-4771.13	0.777092	-0.629387
895.884	-4766.47	0.795227	-0.606312
892.626	-4762.12	0.80786	-0.589374
889.459	-4757.7	0.819856	-0.57257
886.381	-4753.22	0.831303	-0.55582
883.392	-4748.67	0.840712	-0.541482
880.202	-4743.66	0.847673	-0.53052
877.334	-4739.02	0.853928	-0.520391
874.52	-4734.35	0.860063	-0.510188
871.51	-4729.22	0.864703	-0.502284
868.776	-4724.5	0.866449	-0.499266
866.058	-4719.77	0.868148	-0.496306
863.109	-4714.59	0.869855	-0.493307
860.419	-4709.84	0.871207	-0.490916
857.738	-4705.07	0.871005	-0.491275
854.798	-4699.88	0.8689	-0.494988
852.083	-4695.13	0.867021	-0.498272
849.348	-4690.39	0.865203	-0.501422
846.595	-4685.66	0.863162	-0.504927
843.82	-4680.93	0.860812	-0.508923
840.766	-4675.79	0.858227	-0.51327
837.942	-4671.09	0.855838	-0.517244
835.096	-4666.4	0.853428	-0.52121
831.964	-4661.3	0.850776	-0.525529
829.07	-4656.63	0.848325	-0.529476
826.152	-4651.98	0.845855	-0.533412
823.213	-4647.33	0.844148	-0.53611
820.263	-4642.69	0.843372	-0.537331
817.035	-4637.63	0.842522	-0.538661
814.068	-4633	0.841742	-0.53988
811.093	-4628.37	0.84117	-0.540771
807.843	-4623.31	0.840947	-0.541117
804.86	-4618.68	0.840743	-0.541434
801.875	-4614.05	0.840538	-0.541752
798.615	-4608.99	0.84058	-0.541688
795.627	-4604.35	0.840957	-0.541102
792.642	-4599.71	0.841331	-0.54052
789.658	-4595.06	0.841758	-0.539855
786.677	-4590.41	0.842412	-0.538834
783.433	-4585.33	0.843587	-0.536993
780.468	-4580.66	0.845005	-0.534759
777.515	-4575.98	0.846706	-0.532061
774.312	-4570.86	0.849175	-0.528111
771.398	-4566.15	0.852066	-0.523435
768.51	-4561.43	0.855184	-0.518324
765.392	-4556.25	0.858724	-0.512439
762.563	-4551.48	0.861988	-0.506928
759.765	-4546.69	0.865912	-0.500196
757.008	-4541.88	0.870593	-0.492003
754.052	-4536.59	0.875573	-0.483086
751.388	-4531.72	0.880059	-0.474865
748.767	-4526.82	0.883757	-0.467946
746.178	-4521.9	0.886505	-0.46272
743.385	-4516.52	0.889275	-0.457372
740.852	-4511.57	0.891564	-0.452894
738.34	-4506.6	0.892902	-0.450251
735.607	-4501.18	0.893142	-0.449774
733.102	-4496.2	0.893032	-0.449993
730.593	-4491.23	0.892764	-0.450525
728.08	-4486.25	0.892019	-0.451998
725.553	-4481.28	0.890668	-0.454654
722.778	-4475.86	0.889044	-0.457821
720.216	-4470.91	0.887514	-0.460781
717.637	-4465.95	0.885986	-0.463712
714.803	-4460.56	0.884175	-0.467156
712.184	-4455.62	0.882326	-0.470639
709.545	-4450.69	0.880489	-0.474066
706.644	-4445.33	0.878472	-0.477793
703.963	-4440.42	0.876849	-0.480766
701.266	-4435.51	0.875501	-0.483217
698.555	-4430.61	0.874145	-0.485664
695.829	-4425.72	0.872784	-0.488107
692.838	-4420.39	0.871484	-0.490423
689.835	-4415.06	0.87057	-0.492045
687.072	-4410.18	0.869728	-0.493531
684.299	-4405.3	0.868884	-0.495015
681.264	-4399.98	0.868428	-0.495815
678.481	-4395.1	0.86856	-0.495583
675.697	-4390.23	0.8686	-0.495514
672.912	-4385.34	0.868557	-0.495589
669.873	-4380.02	0.868868	-0.495043
667.092	-4375.13	0.869626	-0.493711
664.317	-4370.23	0.870276	-0.492565
661.547	-4365.33	0.870825	-0.491593
658.53	-4359.98	0.872029	-0.489454
655.781	-4355.07	0.873941	-0.486031
653.05	-4350.14	0.875684	-0.482885
650.088	-4344.75	0.87738	-0.479796
647.388	-4339.8	0.878501	-0.477741
644.695	-4334.84	0.879143	-0.476559
642.007	-4329.87	0.87953	-0.475844
639.321	-4324.91	0.879626	-0.475666
636.389	-4319.49	0.879322	-0.476228
633.695	-4314.52	0.878434	-0.477863
630.988	-4309.56	0.876929	-0.480619
628.014	-4304.15	0.874857	-0.484381
625.264	-4299.21	0.872565	-0.488499
622.483	-4294.28	0.865918	-0.500186
619.337	-4288.96	0.852648	-0.522486
616.33	-4284.16	0.839535	-0.543306
613.202	-4279.44	0.825445	-0.564483
609.943	-4274.8	0.801647	-0.597797
606.444	-4270.34	0.765011	-0.644018
602.332	-4265.71	0.722097	-0.691792
598.307	-4261.71	0.680552	-0.7327
594.055	-4257.94	0.639318	-0.768942
589.195	-4254.08	0.595827	-0.803113
584.558	-4250.79	0.555742	-0.831355
579.765	-4247.72	0.515865	-0.85667
574.835	-4244.87	0.482102	-0.876115
569.348	-4241.94	0.453689	-0.89116
564.238	-4239.42	0.42895	-0.903328
559.06	-4237.03	0.404993	-0.91432
553.344	-4234.56	0.392317	-0.91983
548.099	-4232.31	0.398143	-0.917323
542.867	-4230.02	0.404587	-0.9145
537.177	-4227.48	0.412461	-0.910975
531.98	-4225.1	0.424464	-0.905445
526.823	-4222.63	0.441651	-0.897187
521.712	-4220.07	0.458581	-0.888653
516.19	-4217.16	0.476276	-0.879296
511.178	-4214.4	0.491767	-0.870727
506.213	-4211.55	0.506586	-0.862189
500.849	-4208.34	0.521772	-0.853085
495.979	-4205.32	0.534554	-0.845134
491.152	-4202.23	0.546438	-0.8375
485.932	-4198.78	0.555439	-0.831557
481.166	-4195.58	0.559033	-0.829145
476.413	-4192.37	0.562294	-0.826937
471.67	-4189.13	0.565211	-0.824946
466.936	-4185.88	0.566139	-0.82431
461.765	-4182.34	0.563504	-0.826113
457.012	-4179.11	0.560631	-0.828066
452.246	-4175.89	0.557383	-0.830256
447.03	-4172.4	0.552088	-0.833786
442.222	-4169.24	0.545115	-0.838361
437.385	-4166.12	0.537685	-0.843146
432.076	-4162.77	0.529088	-0.848567
427.176	-4159.74	0.520635	-0.85378
422.244	-4156.76	0.511581	-0.859235
417.279	-4153.83	0.501998	-0.864869
412.279	-4150.96	0.492037	-0.870574
406.786	-4147.9	0.482259	-0.876028
401.722	-4145.13	0.474979	-0.879997
396.17	-4142.16	0.467198	-0.884153
391.057	-4139.48	0.460538	-0.88764
385.923	-4136.83	0.456307	-0.889822
380.78	-4134.2	0.454832	-0.890577
375.164	-4131.34	0.453981	-0.891011
370.012	-4128.71	0.453993	-0.891005
364.861	-4126.08	0.457116	-0.889407
359.257	-4123.18	0.464328	-0.885663
354.14	-4120.47	0.471725	-0.881746
349.045	-4117.72	0.479563	-0.877508
343.973	-4114.93	0.487162	-0.873311
338.465	-4111.83	0.495041	-0.86887
333.439	-4108.94	0.502009	-0.864863
328.434	-4106.02	0.50837	-0.861139
323.448	-4103.05	0.514348	-0.857581
318.03	-4099.78	0.51901	-0.854768
313.072	-4096.77	0.520933	-0.853598
308.118	-4093.74	0.522128	-0.852867
302.716	-4090.43	0.522727	-0.8525
297.765	-4087.39	0.524905	-0.851161
292.825	-4084.33	0.529303	-0.848433
287.898	-4081.24	0.533404	-0.845861
282.985	-4078.13	0.537276	-0.843407
277.639	-4074.71	0.541115	-0.840949
272.75	-4071.55	0.544133	-0.838999
267.87	-4068.38	0.546561	-0.83742
262.553	-4064.9	0.548587	-0.836094
257.685	-4061.7	0.549848	-0.835265
252.818	-4058.5	0.55058	-0.834783
247.51	-4054.99	0.550968	-0.834527
242.641	-4051.78	0.551098	-0.834441
237.765	-4048.56	0.550297	-0.834969
232.87	-4045.34	0.548444	-0.836187
227.501	-4041.82	0.546381	-0.837537
222.548	-4038.6	0.544436	-0.838803
217.561	-4035.37	0.542497	-0.840058
212.54	-4032.13	0.540578	-0.841294
207.019	-4028.59	0.538398	-0.842691
201.918	-4025.34	0.536318	-0.844016
196.779	-4022.08	0.534991	-0.844858
191.135	-4018.51	0.535086	-0.844798
185.931	-4015.21	0.535314	-0.844653
180.704	-4011.9	0.535856	-0.844309
174.993	-4008.27	0.536887	-0.843654
169.76	-4004.93	0.539387	-0.842058
164.54	-4001.58	0.543658	-0.839307
159.337	-3998.19	0.548444	-0.836187
153.683	-3994.46	0.554228	-0.832365
148.523	-3991	0.560167	-0.82838
143.388	-3987.51	0.566752	-0.823889
138.281	-3983.97	0.573892	-0.818931
132.745	-3980.05	0.582426	-0.812883
127.707	-3976.41	0.590985	-0.806683
122.708	-3972.71	0.60027	-0.799797
117.304	-3968.61	0.611117	-0.79154
112.401	-3964.78	0.621749	-0.783216
107.548	-3960.89	0.630908	-0.775857
102.734	-3956.94	0.638224	-0.769851
97.9588	-3952.95	0.646135	-0.763223
92.7966	-3948.53	0.655076	-0.755563
88.1079	-3944.44	0.66138	-0.750051
83.4454	-3940.31	0.665312	-0.746565
78.3809	-3935.77	0.66888	-0.74337
73.7555	-3931.6	0.671707	-0.740817
69.1426	-3927.41	0.672054	-0.740502
64.1001	-3922.84	0.669267	-0.743022
59.4607	-3918.68	0.666252	-0.745726
54.8027	-3914.53	0.662785	-0.74881
49.6962	-3910.04	0.657302	-0.753627
44.9793	-3905.95	0.650307	-0.759672
40.2236	-3901.91	0.643214	-0.765686
35.4301	-3897.92	0.636442	-0.771324
30.602	-3893.96	0.630249	-0.776393
25.2998	-3889.68	0.624314	-0.781173
20.4116	-3885.8	0.619665	-0.784866
15.5012	-3881.94	0.615785	-0.787915
10.1233	-3877.75	0.612186	-0.790714
5.18008	-3873.93	0.614113	-0.789218
0.263568	-3870.07	0.622009	-0.78301
-4.6147	-3866.16	0.630021	-0.776578
-9.45286	-3862.2	0.638201	-0.76987
-14.6824	-3857.82	0.648493	-0.761221
-19.4194	-3853.74	0.659411	-0.751783
-24.0984	-3849.59	0.669955	-0.742401
-29.1371	-3844.98	0.681109	-0.732182
-33.671	-3840.67	0.719458	-0.694536
-37.8303	-3835.98	0.786136	-0.618054
-41.4993	-3830.9	0.844501	-0.535553
-44.8993	-3824.95	0.898098	-0.439796
-47.4718	-3819.21	0.919522	-0.393038
-49.9628	-3813.43	0.916473	-0.400097
-52.5007	-3807.67	0.913026	-0.407902
-55.3283	-3801.41	0.908742	-0.417357
-57.9969	-3795.71	0.8955	-0.445061
-60.9272	-3790.14	0.869236	-0.494397
-64.4774	-3784.25	0.836929	-0.547312
-68.0495	-3779.06	0.804014	-0.594611
-72.6516	-3773.2	0.760982	-0.648773
-76.8584	-3768.5	0.721231	-0.692695
-81.3369	-3764.06	0.679393	-0.733774
-86.0682	-3759.88	0.636063	-0.771637
-91.0286	-3755.98	0.597906	-0.801566
-96.6138	-3751.94	0.568426	-0.822734
-101.858	-3748.42	0.542061	-0.840339
-107.211	-3745.06	0.516436	-0.856326
-113.162	-3741.58	0.489358	-0.872083
-118.702	-3738.53	0.479506	-0.877539
-124.241	-3735.48	0.487144	-0.873322
-129.753	-3732.38	0.494946	-0.868923
-135.237	-3729.23	0.502974	-0.864301
-141.183	-3725.73	0.519501	-0.85447
-146.551	-3722.38	0.544031	-0.839065
-151.82	-3718.87	0.567976	-0.823045
-157.453	-3714.87	0.592889	-0.805284
-162.509	-3711.06	0.614827	-0.788662
-167.46	-3707.11	0.636174	-0.771546
-172.737	-3702.65	0.658511	-0.752571
-177.46	-3698.43	0.678162	-0.734913
-182.49	-3693.68	0.693771	-0.720195
-187.036	-3689.27	0.70103	-0.713132
-191.54	-3684.8	0.707525	-0.706688
-196.006	-3680.3	0.713379	-0.700778
-200.84	-3675.35	0.715856	-0.698248
-205.275	-3670.82	0.713563	-0.700591
-209.727	-3666.3	0.711052	-0.70314
-214.602	-3661.38	0.708127	-0.706085
-219.093	-3656.9	0.70329	-0.710903
-223.624	-3652.45	0.695872	-0.718166
-228.621	-3647.66	0.687576	-0.726112
-233.25	-3643.31	0.679761	-0.733434
-237.927	-3639.01	0.672308	-0.740271
-242.645	-3634.76	0.665388	-0.746498
-247.403	-3630.55	0.658454	-0.752621
-252.639	-3626.01	0.650886	-0.759176
-257.479	-3621.89	0.643964	-0.765056
-262.356	-3617.82	0.638536	-0.769592
-267.702	-3613.4	0.634809	-0.772669
-272.621	-3609.37	0.631971	-0.774992
-277.554	-3605.36	0.629747	-0.7768
-282.497	-3601.36	0.629887	-0.776687
-287.432	-3597.34	0.632487	-0.774571
-292.801	-3592.95	0.635383	-0.772197
-297.709	-3588.9	0.638031	-0.770011
-302.603	-3584.83	0.641986	-0.766717
-307.912	-3580.35	0.647887	-0.761737
-312.75	-3576.21	0.653012	-0.757348
-317.561	-3572.04	0.65782	-0.753175
-322.348	-3567.84	0.661871	-0.749618
-327.115	-3563.62	0.665149	-0.746711
-332.296	-3558.98	0.668423	-0.743781
-337.028	-3554.72	0.67112	-0.741348
-341.747	-3550.44	0.673108	-0.739544
-346.885	-3545.75	0.674522	-0.738255
-351.588	-3541.45	0.675731	-0.737148
-356.285	-3537.14	0.676935	-0.736043
-360.976	-3532.82	0.677267	-0.735737
-365.67	-3528.5	0.676489	-0.736453
-370.798	-3523.8	0.675389	-0.737462
-375.505	-3519.49	0.674115	-0.738626
-380.222	-3515.19	0.672354	-0.74023
-385.382	-3510.52	0.669751	-0.742586
-390.127	-3506.25	0.667327	-0.744765
-394.888	-3502	0.664734	-0.74708
-400.098	-3497.38	0.662027	-0.74948
-404.889	-3493.16	0.659748	-0.751487
-409.695	-3488.95	0.657118	-0.753788
-414.516	-3484.76	0.654312	-0.756225
-419.353	-3480.59	0.651496	-0.758652
-424.657	-3476.06	0.638227	-0.769848
-429.631	-3472.05	0.612539	-0.79044
-434.736	-3468.2	0.586046	-0.810278
-440.448	-3464.2	0.555663	-0.831407
-445.814	-3460.73	0.525862	-0.85057
-451.303	-3457.45	0.494745	-0.869038
-456.908	-3454.36	0.463335	-0.886183
-463.144	-3451.23	0.429112	-0.903251
-468.96	-3448.56	0.402248	-0.915531
-474.844	-3446.04	0.381463	-0.924384
-480.782	-3443.65	0.36266	-0.931922
-487.312	-3441.17	0.344002	-0.938969
-493.34	-3439.01	0.328473	-0.944513
-499.4	-3436.94	0.324198	-0.945989
-505.452	-3434.84	0.332556	-0.943084
-512.034	-3432.49	0.341706	-0.939807
-518.048	-3430.28	0.350468	-0.936575
-524.04	-3428	0.363224	-0.931702
-529.994	-3425.63	0.380504	-0.924779
-536.439	-3422.91	0.399459	-0.916751
-542.297	-3420.31	0.416384	-0.909189
-548.107	-3417.59	0.43306	-0.901365
-554.388	-3414.51	0.451012	-0.892518
-560.092	-3411.58	0.466692	-0.88442
-565.746	-3408.54	0.481616	-0.876382
-571.857	-3405.13	0.494445	-0.869209
-577.424	-3401.93	0.50232	-0.864682
-582.962	-3398.69	0.509864	-0.860255
-588.474	-3395.39	0.51715	-0.855895
-593.958	-3392.06	0.524338	-0.85151
-599.912	-3388.36	0.528445	-0.848968
-605.366	-3384.97	0.527639	-0.849469
-610.824	-3381.58	0.527242	-0.849715
-616.78	-3377.89	0.52683	-0.849971
-622.243	-3374.51	0.524617	-0.851338
-627.721	-3371.15	0.520354	-0.853951
-633.718	-3367.51	0.515615	-0.856821
-639.232	-3364.21	0.511256	-0.859429
-644.765	-3360.93	0.505869	-0.862611
-650.322	-3357.7	0.499237	-0.866465
-655.905	-3354.5	0.492576	-0.870269
-662.023	-3351.07	0.485276	-0.874361
-667.657	-3347.96	0.479586	-0.877495
-673.309	-3344.89	0.475124	-0.879919
-679.494	-3341.57	0.47038	-0.882464
-685.179	-3338.55	0.466356	-0.884597
-690.878	-3335.56	0.462759	-0.886484
-697.109	-3332.32	0.459849	-0.887997
-702.829	-3329.36	0.45824	-0.888828
-708.554	-3326.42	0.456901	-0.889518
-714.805	-3323.21	0.455763	-0.890101
-720.539	-3320.28	0.456162	-0.889897
-726.269	-3317.33	0.45809	-0.888906
-731.994	-3314.38	0.460038	-0.887899
-737.713	-3311.41	0.461869	-0.886948
-743.945	-3308.15	0.464815	-0.885408
-749.646	-3305.15	0.468842	-0.883282
-755.335	-3302.11	0.472859	-0.881138
-761.525	-3298.77	0.477231	-0.878778
-767.183	-3295.68	0.487888	-0.872906
-772.784	-3292.49	0.506368	-0.862318
-778.817	-3288.86	0.526262	-0.850322
-784.273	-3285.42	0.544251	-0.838923
-789.655	-3281.86	0.561519	-0.827464
-794.965	-3278.2	0.577935	-0.816083
-800.202	-3274.42	0.593914	-0.804528
-805.831	-3270.19	0.610518	-0.792002
-810.914	-3266.21	0.624838	-0.780755
-815.929	-3262.14	0.635234	-0.77232
-821.353	-3257.65	0.642006	-0.766699
-826.292	-3253.48	0.647943	-0.761689
-831.2	-3249.28	0.653593	-0.756846
-836.521	-3244.66	0.657198	-0.753718
-841.391	-3240.41	0.657367	-0.753571
-846.261	-3236.17	0.657384	-0.753555
-851.132	-3231.92	0.657299	-0.75363
-856.005	-3227.67	0.654998	-0.75563
-861.351	-3223.07	0.648297	-0.761387
-866.289	-3218.89	0.642124	-0.766601
-871.26	-3214.76	0.63593	-0.771746
-876.722	-3210.29	0.628706	-0.777643
-881.767	-3206.24	0.621641	-0.783302
-886.849	-3202.24	0.614914	-0.788594
-891.965	-3198.28	0.608554	-0.793513
-897.581	-3194	0.603043	-0.797709
-902.751	-3190.11	0.599693	-0.80023
-907.937	-3186.23	0.596905	-0.802312
-913.135	-3182.38	0.59459	-0.804029
-918.818	-3178.18	0.594496	-0.804098
-924.019	-3174.32	0.597338	-0.801989
-929.207	-3170.45	0.600635	-0.799523
-934.848	-3166.19	0.604696	-0.796457
-939.999	-3162.26	0.608779	-0.79334
-945.131	-3158.31	0.612032	-0.790833
-950.251	-3154.34	0.61414	-0.789197
-955.361	-3150.35	0.61623	-0.787566
-960.924	-3145.99	0.618487	-0.785795
-966.014	-3141.97	0.620091	-0.78453
-971.097	-3137.95	0.621212	-0.783643
-976.637	-3133.55	0.622658	-0.782494
-981.708	-3129.51	0.624279	-0.781201
-986.771	-3125.46	0.624822	-0.780767
-991.837	-3121.41	0.624064	-0.781373
-996.907	-3117.36	0.623656	-0.781699
-1002.44	-3112.95	0.623587	-0.781754
-1007.51	-3108.9	0.623358	-0.781936
-1012.59	-3104.86	0.622907	-0.782296
-1018.13	-3100.45	0.622814	-0.78237
-1023.21	-3096.41	0.623141	-0.782109
-1028.28	-3092.36	0.624359	-0.781138
-1033.81	-3087.93	0.626838	-0.77915
-1038.86	-3083.85	0.62969	-0.776846
-1043.9	-3079.75	0.633109	-0.774063
-1048.9	-3075.61	0.658225	-0.752821
-1053.67	-3071.2	0.707106	-0.707108
-1058.53	-3066.04	0.757535	-0.652795
-1062.63	-3061	0.800562	-0.599249
-1066.38	-3055.69	0.840516	-0.541787
-1070.03	-3049.6	0.879731	-0.475471
-1072.96	-3043.79	0.910387	-0.413757
-1075.49	-3037.79	0.935922	-0.352208
-1077.8	-3031.08	0.954965	-0.296718
-1079.64	-3024.83	0.965187	-0.26156
-1081.25	-3018.52	0.973631	-0.228128
-1082.65	-3012.15	0.980531	-0.196365
-1083.85	-3005.75	0.986124	-0.166008
-1084.96	-2998.72	0.988162	-0.153414
-1085.99	-2992.29	0.985901	-0.167332
-1087.12	-2985.86	0.983295	-0.182022
-1088.47	-2978.88	0.980026	-0.19887
-1089.81	-2972.5	0.97458	-0.224039
-1091.37	-2966.16	0.965584	-0.26009
-1093.16	-2959.89	0.955332	-0.295536
-1095.38	-2953.12	0.942886	-0.333114
-1097.64	-2947	0.930535	-0.366203
-1100.12	-2940.96	0.917499	-0.397739
-1102.8	-2935.01	0.903969	-0.427597
-1105.94	-2928.61	0.888861	-0.458177
-1108.99	-2922.84	0.879333	-0.476208
-1112.12	-2917.11	0.875645	-0.482954
-1115.59	-2910.88	0.872085	-0.489355
-1118.8	-2905.18	0.869436	-0.494046
-1122.03	-2899.51	0.870125	-0.49283
-1125.23	-2893.81	0.874554	-0.484929
-1128.38	-2888.08	0.879296	-0.476277
-1131.75	-2881.79	0.884757	-0.466053
-1134.76	-2875.99	0.89127	-0.453473
-1137.69	-2870.14	0.899216	-0.437505
-1140.76	-2863.7	0.907357	-0.420361
-1143.46	-2857.75	0.914347	-0.404931
-1146.07	-2851.75	0.920974	-0.389625
-1148.81	-2845.16	0.926384	-0.376581
-1151.25	-2839.09	0.929247	-0.36946
-1153.65	-2833	0.931811	-0.362944
-1156.01	-2826.9	0.934128	-0.356939
-1158.33	-2820.78	0.934932	-0.354827
-1160.88	-2814.11	0.933095	-0.359629
-1163.25	-2808.01	0.931361	-0.364096
-1165.64	-2801.91	0.929606	-0.368555
-1168.29	-2795.28	0.927019	-0.375013
-1170.77	-2789.22	0.923933	-0.382554
-1173.29	-2783.17	0.921169	-0.389162
-1175.86	-2777.15	0.918744	-0.394853
-1178.46	-2771.13	0.916455	-0.400138
-1181.33	-2764.59	0.914027	-0.405653
-1184	-2758.61	0.912146	-0.409866
-1186.7	-2752.63	0.910506	-0.413496
-1189.65	-2746.12	0.919159	-0.393887
-1192.1	-2740.04	0.93851	-0.345253
-1194.23	-2733.84	0.955387	-0.295356
-1196.17	-2726.96	0.970924	-0.239389
-1197.6	-2720.56	0.983125	-0.182935
-1198.64	-2714.08	0.992611	-0.121343
-1199.3	-2706.95	0.998491	-0.0549128
-1199.5	-2700.39	0.99999	0.00456632
-1199.33	-2693.83	0.998752	0.0499345
-1198.92	-2687.27	0.996924	0.0783767
-1198.34	-2680.73	0.994513	0.104613
-1197.51	-2673.61	0.991424	0.130688
-1196.6	-2667.11	0.989761	0.142737
-1195.66	-2660.6	0.989932	0.141546
-1194.65	-2653.5	0.990238	0.139384
-1193.74	-2647	0.990613	0.136699
-1192.86	-2640.48	0.992081	0.125598
-1192.03	-2633.36	0.994698	0.102835
-1191.41	-2626.81	0.996652	0.0817665
-1190.93	-2620.26	0.998165	0.0605608
-1190.59	-2613.69	0.999231	0.0392121
-1190.39	-2607.11	0.999845	0.017606
-1190.33	-2599.94	0.999983	-0.00589997
-1190.43	-2593.36	0.999652	-0.0263615
-1190.65	-2586.79	0.998947	-0.0458704
-1191.04	-2579.62	0.998109	-0.0614653
-1191.46	-2573.05	0.997616	-0.0690048
-1191.94	-2566.49	0.99708	-0.0763676
-1192.46	-2559.92	0.996489	-0.0837219
-1193.03	-2553.37	0.996071	-0.0885558
-1193.67	-2546.21	0.996031	-0.0890075
-1194.25	-2539.65	0.995997	-0.0893872
-1194.84	-2533.09	0.99596	-0.0897935
-1195.49	-2525.94	0.996291	-0.0860438
-1196.03	-2519.37	0.997018	-0.0771757
-1196.51	-2512.81	0.997663	-0.068322
-1196.94	-2506.23	0.998221	-0.0596305
-1197.37	-2498.46	0.99879	-0.0491867
-1197.67	-2491.87	0.999195	-0.040113
-1197.91	-2485.29	0.999506	-0.0314278
-1198.1	-2478.7	0.999739	-0.0228259
-1198.23	-2471.51	0.999893	-0.0146487
-1198.31	-2464.92	0.999962	-0.00871375
-1198.36	-2457.73	0.999997	-0.00229277
-1198.36	-2451.14	0.999994	0.00349534
-1198.32	-2444.54	0.999977	0.00677913
-1198.27	-2437.95	0.999975	0.00711389
-1198.22	-2430.75	0.999972	0.00745036
-1198.17	-2424.16	0.99997	0.00770815
-1198.12	-2417.56	0.999919	0.012762
-1198	-2410.97	0.999721	0.0236152
-1197.8	-2403.77	0.999371	0.0354521
-1197.53	-2397.18	0.998928	0.0462983
-1197.2	-2390.59	0.998366	0.0571393
-1196.76	-2383.4	0.99802	0.0629037
-1196.35	-2376.81	0.998173	0.0604151
-1195.96	-2370.22	0.998321	0.0579259
-1195.58	-2363.63	0.998462	0.0554363
-1195.22	-2357.04	0.998723	0.0505171
-1194.89	-2349.85	0.999179	0.0405099
-1194.65	-2343.25	0.999509	0.0313328
-1194.47	-2336.65	0.999755	0.0221526
-1194.34	-2329.44	0.999926	0.0121341
-1194.28	-2322.84	0.999996	0.00294264
-1194.29	-2316.23	0.99998	-0.0062652
-1194.35	-2309.62	0.99988	-0.0154854
-1194.49	-2302.42	0.999719	-0.0237097
-1194.66	-2295.81	0.999588	-0.0287101
-1194.89	-2288.6	0.999431	-0.0337258
-1195.12	-2282	0.999279	-0.0379683
-1195.38	-2275.39	0.999194	-0.0401369
-1195.64	-2268.79	0.999204	-0.0398925
-1195.91	-2262.18	0.999217	-0.0395602
-1196.19	-2254.98	0.999231	-0.0391975
-1196.45	-2248.37	0.999244	-0.0388651
-1196.71	-2241.76	0.999294	-0.0375573
-1196.97	-2234.55	0.999413	-0.0342683
-1197.19	-2227.94	0.999512	-0.0312529
-1197.38	-2221.33	0.999601	-0.0282371
-1197.58	-2214.11	0.999704	-0.0243365
-1197.73	-2207.5	0.9998	-0.019977
-1197.85	-2200.88	0.999878	-0.0156171
-1197.94	-2193.67	0.999941	-0.0108603
-1198.01	-2187.05	0.999975	-0.00710915
-1198.04	-2180.43	0.999992	-0.00408935
-1198.06	-2173.81	0.999999	-0.00106943
-1198.06	-2167.19	0.999998	0.00195059
-1198.04	-2159.97	0.999989	0.00463487
-1198	-2153.35	0.99998	0.00630173
-1197.96	-2146.73	0.999969	0.00785254
-1197.9	-2139.5	0.999958	0.00921349
-1197.83	-2132.88	0.99995	0.0100333
-1197.77	-2126.26	0.999951	0.00994703
-1197.7	-2119.03	0.99996	0.00894499
-1197.64	-2112.41	0.999969	0.00792729
-1197.59	-2105.79	0.999978	0.00664655
-1197.55	-2099.16	0.99999	0.00453468
-1197.53	-2092.53	0.999999	0.00171575
-1197.52	-2085.3	0.999999	-0.00101077
-1197.54	-2078.68	0.999995	-0.00310485
-1197.56	-2072.05	0.999988	-0.00495989
-1197.61	-2064.82	0.999976	-0.00692297
-1197.66	-2058.19	0.999962	-0.00872252
-1197.72	-2051.56	0.999945	-0.0105221
-1197.74	-2044.93	0.998869	0.0475415
-1197.07	-2038.33	0.984281	0.176611
-1195.37	-2031.28	0.949424	0.313998
-1192.94	-2025.07	0.900705	0.43443
-1189.11	-2018.18	0.85553	0.517754
-1185.65	-2012.46	0.855426	0.517926
-1182.19	-2006.75	0.855782	0.517337
-1178.74	-2001.03	0.856639	0.515917
-1175.01	-1994.77	0.872558	0.488511
-1171.91	-1988.85	0.903327	0.428952
-1169.21	-1982.73	0.93038	0.366598
-1166.93	-1976.45	0.953359	0.301839
-1164.95	-1969.42	0.973438	0.22895
-1163.61	-1962.87	0.988119	0.153693
-1162.81	-1956.22	0.997597	0.0692823
-1162.58	-1948.92	0.999753	-0.0222054
-1162.96	-1942.23	0.994506	-0.104676
-1163.87	-1935.59	0.985205	-0.171383
-1165.15	-1929.01	0.975644	-0.219358
-1166.75	-1922.49	0.964174	-0.265272
-1168.84	-1915.48	0.949683	-0.313213
-1171.03	-1909.13	0.947917	-0.318518
-1173.05	-1902.73	0.960615	-0.277883
-1174.95	-1895.66	0.972689	-0.232112
-1176.39	-1889.1	0.982016	-0.188797
-1177.63	-1881.88	0.989347	-0.145574
-1178.59	-1874.62	0.993976	-0.109594
-1179.24	-1867.93	0.996948	-0.0780638
-1179.68	-1861.23	0.998825	-0.0484523
-1179.93	-1854.51	0.999628	-0.0272633
-1180.09	-1847.18	0.999901	-0.0140834
-1180.15	-1840.46	0.999996	-0.00268048
-1180.14	-1833.74	0.999967	0.00811956
-1180.05	-1826.41	0.999813	0.0193288
-1179.9	-1819.69	0.999791	0.0204323
-1179.79	-1812.97	0.999942	0.0107741
-1179.74	-1806.25	1	0.000764013
-1179.77	-1799.52	0.999953	-0.00969641
-1179.88	-1792.19	0.999686	-0.0250735
-1180.1	-1785.47	0.99903	-0.0440329
-1180.45	-1778.75	0.997988	-0.0634095
-1180.98	-1771.44	0.996436	-0.0843512
-1181.59	-1764.74	0.99482	-0.10165
-1182.32	-1758.05	0.993178	-0.116606
-1183.14	-1751.38	0.99143	-0.13064
-1184.15	-1744.11	0.989458	-0.144817
-1185.15	-1737.45	0.988719	-0.149782
-1186.14	-1730.8	0.989373	-0.145401
-1187.11	-1724.14	0.990168	-0.139884
-1188.11	-1716.87	0.991154	-0.132719
-1188.98	-1710.2	0.992394	-0.123105
-1189.78	-1703.52	0.993895	-0.110331
-1190.55	-1696.21	0.995302	-0.0968204
-1191.16	-1689.51	0.996355	-0.085299
-1191.71	-1682.8	0.997265	-0.0739059
-1192.21	-1675.48	0.998122	-0.0612558
-1192.59	-1668.76	0.998748	-0.0500202
-1192.9	-1662.03	0.999239	-0.0390006
-1193.13	-1655.3	0.999528	-0.0307112
-1193.34	-1647.96	0.999681	-0.0252578
-1193.5	-1641.23	0.999788	-0.0205818
-1193.63	-1634.49	0.99987	-0.0161484
-1193.72	-1627.76	0.999904	-0.0138811
-1193.83	-1620.41	0.999881	-0.0154313
-1193.94	-1613.68	0.999855	-0.0170479
-1194.06	-1606.94	0.999822	-0.0188632
-1194.2	-1599.6	0.999764	-0.0217257
-1194.36	-1592.86	0.999684	-0.0251487
-1194.54	-1586.13	0.999601	-0.0282312
-1194.76	-1578.78	0.999523	-0.030887
-1194.97	-1572.05	0.999473	-0.0324688
-1195.19	-1565.31	0.999445	-0.0333061
-1195.42	-1558.58	0.999431	-0.0337237
-1195.64	-1551.84	0.999421	-0.0340346
-1195.9	-1544.49	0.999409	-0.0343739
-1196.13	-1537.76	0.999421	-0.0340223
-1196.35	-1531.02	0.999461	-0.0328386
-1196.59	-1523.67	0.999502	-0.0315421
-1196.8	-1516.93	0.999535	-0.030493
-1197	-1510.2	0.999578	-0.0290369
-1197.19	-1503.46	0.999634	-0.0270615
-1197.37	-1496.72	0.999682	-0.0252153
-1197.55	-1489.36	0.99973	-0.0232473
-1197.7	-1482.62	0.99977	-0.0214507
-1197.84	-1475.88	0.999807	-0.0196538
-1197.98	-1468.53	0.999843	-0.0176935
-1198.09	-1461.78	0.999874	-0.0158965
-1198.2	-1455.04	0.999901	-0.0140993
-1198.29	-1448.29	0.999924	-0.0123016
-1198.36	-1441.55	0.999945	-0.0105039
-1198.44	-1434.19	0.999964	-0.00854288
-1198.49	-1427.45	0.999973	-0.0073702
-1198.54	-1420.7	0.999976	-0.00694752
-1198.59	-1413.34	0.999979	-0.00648648
-1198.63	-1406.59	0.999982	-0.00606388
-1198.67	-1399.84	0.999984	-0.00564584
-1198.71	-1393.1	0.999986	-0.00527618
-1198.74	-1386.35	0.999988	-0.00498763
-1198.78	-1378.99	0.999989	-0.00473383
-1198.81	-1372.24	0.999987	-0.0051328
-1198.85	-1365.49	0.99998	-0.00628257
-1198.9	-1358.12	0.999972	-0.00753694
-1198.95	-1351.37	0.999962	-0.00868686
-1199.01	-1344.62	0.999952	-0.00982609
-1199.08	-1337.87	0.999941	-0.0108834
-1199.17	-1330.51	0.99993	-0.0118572
-1199.25	-1323.76	0.999921	-0.0125772
-1199.33	-1317	0.999913	-0.013221
-1199.43	-1310.25	0.999911	-0.0133565
-1199.52	-1302.89	0.999921	-0.0125482
-1199.6	-1296.13	0.99993	-0.0118072
-1199.68	-1289.38	0.999939	-0.0110663
-1199.76	-1282.01	0.999947	-0.0102579
-1199.83	-1275.26	0.999954	-0.00955364
-1199.89	-1268.5	0.99996	-0.00893207
-1199.95	-1261.75	0.999965	-0.00836128
-1200	-1254.99	0.99997	-0.00780089
-1200.06	-1247.62	0.999974	-0.00720338
-1200.11	-1240.87	0.999978	-0.00669851
-1200.15	-1234.11	0.999981	-0.00623799
-1200.2	-1226.74	0.999984	-0.00573554
-1200.23	-1219.98	0.999986	-0.00528094
-1200.27	-1213.23	0.999988	-0.00483376
-1200.3	-1206.47	0.99999	-0.00438662
-1200.33	-1198.48	0.999993	-0.00385807
-1200.36	-1191.72	0.999994	-0.00341533
-1200.38	-1184.96	0.999996	-0.00297818
-1200.4	-1177.59	0.999997	-0.00250132
-1200.42	-1170.83	0.999998	-0.00206413
-1200.43	-1164.07	0.999999	-0.00162685
-1200.44	-1156.69	0.999999	-0.00114986
-1200.45	-1149.93	1	-0.000712656
-1200.45	-1143.17	1	-0.000275499
-1200.45	-1136.41	1	0.000161772
-1200.45	-1129.65	1	0.00059915
-1200.44	-1122.27	0.999999	0.00107623
-1200.43	-1115.51	0.999999	0.00151352
-1200.42	-1108.74	0.999998	0.00195087
-1200.41	-1101.36	0.999997	0.00242813
-1200.39	-1094.6	0.999996	0.00286559
-1200.37	-1087.84	0.999995	0.00330299
-1200.34	-1081.07	0.999993	0.00374051
-1200.32	-1074.31	0.999991	0.00417814
-1200.28	-1066.93	0.999989	0.00465549
-1200.25	-1060.16	0.999987	0.00509302
-1200.22	-1053.39	0.999985	0.00553066
-1200.17	-1046.03	0.999982	0.0060068
-1200.13	-1039.33	0.999979	0.00644218
-1200.09	-1032.68	0.999976	0.00688521
-1200.04	-1026.05	0.999977	0.00671259
-1200	-1019.41	0.999983	0.00579161
-1199.96	-1012.17	0.999989	0.00478675
-1199.93	-1005.53	0.999993	0.0038655
-1199.91	-998.887	0.999996	0.00294415
-1199.89	-991.642	0.999998	0.00193896
-1199.88	-985.001	0.999999	0.00101745
-1199.88	-978.369	1	9.77156e-05
-1199.88	-971.167	1	-0.000899454
-1199.89	-964.643	0.999998	-0.00179887
-1199.9	-958.237	0.999996	-0.00267863
-1199.92	-951.925	0.999994	-0.0035427
-1199.94	-945.672	0.99999	-0.00439786
-1199.98	-938.868	0.999989	-0.00476052
-1200	-932.63	0.99999	-0.0043703
-1200.03	-926.39	0.999992	-0.00399529
-1200.06	-919.582	0.999994	-0.00360287
-1200.08	-913.34	0.999995	-0.00326397
-1200.1	-907.097	0.999996	-0.00296098
-1200.12	-900.853	0.999996	-0.00268159
-1200.13	-894.607	0.999997	-0.00240236
-1200.15	-887.225	0.999998	-0.00207629
-1200.16	-880.977	0.999998	-0.00187407
-1200.17	-874.16	0.999998	-0.00174323
-1200.18	-867.91	0.999999	-0.0016235
-1200.19	-861.658	0.999998	-0.00207279
-1200.21	-855.405	0.999995	-0.00320486
-1200.23	-849.151	0.999991	-0.00433715
-1200.27	-842.328	0.999985	-0.00549019
-1200.3	-836.072	0.99998	-0.00627791
-1200.34	-829.814	0.999981	-0.00622263
-1200.38	-822.987	0.999986	-0.00531567
-1200.41	-816.727	0.99999	-0.00449833
-1200.44	-810.466	0.999993	-0.00382803
-1200.46	-804.204	0.999994	-0.00349283
-1200.48	-797.94	0.999994	-0.00349217
-1200.51	-791.106	0.999993	-0.00380738
-1200.53	-784.84	0.999991	-0.00427115
-1200.57	-778.004	0.999988	-0.00488901
-1200.6	-771.736	0.999985	-0.00549295
-1200.64	-764.897	0.999981	-0.00615222
-1200.68	-758.626	0.999977	-0.00675695
-1200.72	-752.355	0.999973	-0.007362
-1200.77	-745.512	0.999968	-0.00802203
-1200.83	-739.238	0.999963	-0.00862692
-1200.88	-732.963	0.999958	-0.00921249
-1200.94	-726.687	0.999953	-0.00973553
-1201	-720.41	0.999948	-0.0102113
-1201.07	-713.561	0.999942	-0.0107299
-1201.14	-707.282	0.999937	-0.0112056
-1201.21	-701.002	0.999932	-0.0116817
-1201.3	-694.149	0.999932	-0.0116284
-1201.37	-687.866	0.999941	-0.0108448
-1201.43	-681.582	0.999949	-0.0100614
-1201.5	-674.725	0.999958	-0.00920714
-1201.55	-668.439	0.999965	-0.00842348
-1201.61	-662.151	0.999971	-0.0076391
-1201.65	-655.863	0.999977	-0.00685501
-1201.69	-649.573	0.999982	-0.00607119
-1201.73	-642.71	0.999986	-0.0052164
-1201.76	-636.418	0.99999	-0.00443207
-1201.79	-630.124	0.999993	-0.00364679
-1201.81	-623.257	0.999996	-0.00279043
-1201.83	-616.962	0.999998	-0.0020057
-1201.84	-610.665	0.999998	-0.0017946
-1201.85	-604.367	0.999997	-0.00227186
-1201.87	-598.068	0.999996	-0.00274942
-1201.89	-591.195	0.999995	-0.00327078
-1201.91	-584.321	0.999995	-0.0032174
-1201.93	-578.018	0.999997	-0.00243074
-1201.94	-571.142	0.999999	-0.00157282
-1201.95	-564.837	1	-0.000786699
-1201.95	-558.531	1	-8.71405e-07
-1201.95	-552.225	1	0.000785368
-1201.94	-545.343	0.999999	0.00164402
-1201.93	-539.034	0.999997	0.00243081
-1201.91	-532.724	0.999995	0.00321731
-1201.89	-525.839	0.999992	0.00407603
-1201.86	-519.526	0.999988	0.0048642
-1201.83	-513.213	0.999984	0.00565211
-1201.79	-506.898	0.999979	0.00643977
-1201.75	-500.583	0.999977	0.00676679
-1201.7	-493.692	0.999981	0.00624425
-1201.66	-487.374	0.999983	0.0057649
-1201.63	-481.055	0.999986	0.00528526
-1201.59	-474.161	0.999989	0.00475644
-1201.57	-467.839	0.999991	0.00426459
-1201.54	-461.517	0.999993	0.0037724
-1201.52	-455.194	0.999995	0.00327987
-1201.5	-448.87	0.999996	0.00278704
-1201.48	-441.969	0.999997	0.00224955
-1201.47	-435.643	0.999998	0.00175718
-1201.46	-429.315	0.999999	0.00126449
-1201.45	-422.411	1	0.000726645
-1201.45	-416.081	1	0.000233694
-1201.45	-409.75	1	-0.000259088
-1201.45	-403.418	1	-0.000752206
-1201.46	-397.085	0.999999	-0.00124563
-1201.47	-390.175	0.999998	-0.00178388
-1201.48	-383.84	0.999997	-0.00227708
-1201.49	-377.504	0.999996	-0.00277061
-1201.52	-370.591	0.999995	-0.00330933
-1201.54	-364.253	0.999995	-0.00322423
-1201.56	-357.913	0.999997	-0.00244437
-1201.57	-351.573	0.999999	-0.00166475
-1201.58	-345.231	1	-0.000885393
-1201.58	-337.736	1	3.61006e-05
-1201.58	-331.392	1	0.000816603
-1201.57	-324.471	0.999999	0.00166775
-1201.56	-318.125	0.999997	0.0024477
-1201.54	-311.779	0.999995	0.00322816
-1201.52	-305.431	0.999992	0.00400928
-1201.49	-299.082	0.999989	0.00479017
-1201.45	-292.155	0.999984	0.00564176
-1201.42	-285.804	0.999983	0.00584264
-1201.38	-279.453	0.999986	0.00534785
-1201.35	-272.522	0.999988	0.00480773
-1201.32	-266.168	0.999991	0.0043123
-1201.29	-259.813	0.999993	0.00381659
-1201.27	-253.457	0.999994	0.00332092
-1201.25	-247.1	0.999996	0.00282543
-1201.23	-240.164	0.999997	0.00228457
-1201.22	-233.805	0.999998	0.00178843
-1201.21	-227.445	0.999999	0.00129238
-1201.2	-220.506	1	0.000751608
-1201.2	-214.144	1	0.000255591
-1201.2	-207.78	1	-0.000240717
-1201.2	-200.838	1	-0.000782114
-1201.2	-194.473	0.999999	-0.00127821
-1201.21	-188.106	0.999998	-0.00177461
-1201.23	-181.739	0.999997	-0.00227129
-1201.24	-175.371	0.999996	-0.00276793
-1201.26	-168.423	0.999995	-0.00330953
-1201.29	-162.053	0.999993	-0.0038063
-1201.31	-155.681	0.999991	-0.00430336
-1201.34	-148.73	0.999991	-0.00426292
-1201.37	-142.357	0.999994	-0.00347794
-1201.39	-135.982	0.999996	-0.00269321
-1201.4	-129.028	0.999998	-0.0018374
-1201.41	-122.651	0.999999	-0.0010524
-1201.42	-116.274	1	-0.000266741
-1201.42	-109.896	1	0.000518667
-1201.41	-103.517	0.999999	0.00130385
-1201.4	-96.5566	0.999998	0.00216084
-1201.39	-90.1754	0.999996	0.00294708
-1201.36	-83.7932	0.999993	0.00373308
-1201.34	-76.8299	0.999989	0.00459025
-1201.3	-70.4458	0.999985	0.00550478
-1201.27	-64.0607	0.99998	0.00624884
-1201.23	-57.6747	0.999977	0.00682924
-1201.18	-51.2879	0.99997	0.00774923
-1201.12	-44.3193	0.999961	0.00888206
-1201.06	-37.9306	0.999952	0.0098218
-1201	-31.5409	0.999945	0.0105039
-1200.92	-24.5693	0.99994	0.0109379
-1200.85	-18.1777	0.999939	0.0110467
-1200.78	-11.7852	0.999947	0.0103274
-1200.72	-5.39159	0.999962	0.00870943
-1200.67	1.00298	0.999976	0.00695724
-1200.63	7.98007	0.999988	0.00495516
-1200.6	14.3768	0.999995	0.00304245
-1200.59	20.7745	0.999999	0.00105665
-1200.59	27.7549	0.999999	-0.00114209
-1200.6	34.1545	0.999995	-0.00315799
-1200.63	41.1369	0.999986	-0.0053575
-1200.67	47.5383	0.999973	-0.00737407
-1200.72	54.5226	0.999954	-0.00957434
-1200.79	60.9257	0.999933	-0.0115916
-1200.87	67.3296	0.999915	-0.0130228
-1200.95	73.7344	0.999905	-0.0137507
-1201.04	80.1399	0.999895	-0.0144789
-1201.15	87.1289	0.999883	-0.0152736
-1201.26	94.1187	0.99988	-0.0154817
-1201.35	100.527	0.999889	-0.0149194
-1201.45	106.936	0.999897	-0.0143575
-1201.55	113.93	0.999906	-0.0137447
-1201.64	120.924	0.999921	-0.0125447
-1201.72	127.336	0.999943	-0.010691
-1201.78	133.75	0.999961	-0.00883741
-1201.84	140.747	0.999977	-0.00681555
-1201.88	147.163	0.999985	-0.00554869
-1201.91	153.579	0.999988	-0.00499572
-1201.94	159.997	0.99999	-0.00452004
-1201.97	166.999	0.999991	-0.00415135
-1202	173.418	0.999992	-0.00394179
-1202.02	179.838	0.999993	-0.0038549
-1202.05	186.26	0.999992	-0.00394601
-1202.08	193.266	0.999991	-0.00425437
-1202.1	199.689	0.999989	-0.00474464
-1202.14	206.113	0.999982	-0.0060438
-1202.18	212.537	0.999966	-0.00828848
-1202.25	219.547	0.999939	-0.0110186
-1202.32	225.973	0.999905	-0.0138176
-1202.42	232.4	0.999867	-0.0163039
-1202.53	238.828	0.999833	-0.0182863
-1202.67	245.84	0.999789	-0.0205405
-1202.8	252.269	0.999744	-0.022615
-1202.95	258.699	0.99971	-0.0240846
-1203.12	265.714	0.999691	-0.0248713
-1203.29	272.145	0.999674	-0.0255515
-1203.45	278.577	0.999657	-0.0261999
-1203.62	285.009	0.999641	-0.0267947
-1203.8	291.443	0.999626	-0.0273414
-1203.99	298.462	0.99961	-0.0279099
-1204.17	304.897	0.999596	-0.0284261
-1204.36	311.333	0.999598	-0.0283527
-1204.55	318.355	0.999622	-0.0275004
-1204.73	324.793	0.999643	-0.0267198
-1204.9	331.232	0.999664	-0.0259398
-1205.06	337.672	0.999698	-0.0245698
-1205.21	344.113	0.999747	-0.0224916
-1205.37	351.141	0.999795	-0.0202294
-1205.49	357.585	0.999834	-0.0182168
-1205.6	364.03	0.999866	-0.0163548
-1205.71	371.061	0.999895	-0.0145239
-1205.8	377.508	0.999915	-0.0130371
-1205.88	383.956	0.999931	-0.0117358
-1205.96	390.405	0.999943	-0.0106544
-1206.03	397.441	0.999947	-0.0102883
-1206.1	403.892	0.999941	-0.0108987
-1206.17	410.344	0.999932	-0.0116552
-1206.25	416.796	0.999922	-0.0125042
-1206.34	423.836	0.999908	-0.0135472
-1206.43	430.29	0.999893	-0.0146281
-1206.52	436.744	0.999874	-0.0158705
-1206.64	443.787	0.999847	-0.0174915
-1206.76	450.243	0.999815	-0.0192337
-1206.89	456.7	0.999776	-0.0211866
-1207.03	463.157	0.999726	-0.023406
-1207.19	469.615	0.999664	-0.0259166
-1207.38	476.66	0.9996	-0.028279
-1207.56	483.119	0.999559	-0.0296921
-1207.76	489.579	0.999518	-0.0310359
-1207.98	496.626	0.999475	-0.0324131
-1208.2	503.087	0.999434	-0.0336413
-1208.42	509.548	0.999392	-0.0348598
-1208.64	516.01	0.99935	-0.0360529
-1208.88	522.472	0.999307	-0.037216
-1209.15	529.523	0.999305	-0.0372806
-1209.38	535.987	0.999358	-0.0358221
-1209.61	542.453	0.99941	-0.0343443
-1209.85	549.507	0.999468	-0.0326203
-1210.06	555.975	0.999528	-0.0307171
-1210.25	562.444	0.999601	-0.0282319
-1210.42	568.915	0.999688	-0.0249678
-1210.57	575.387	0.999781	-0.0209118
-1210.71	582.449	0.99989	-0.0148182
-1210.78	588.924	0.999972	-0.00747746
-1210.81	595.4	1	0.000767737
-1210.78	602.466	0.999943	0.0106505
-1210.68	608.943	0.999795	0.0202674
-1210.53	615.42	0.999572	0.02925
-1210.32	621.897	0.999314	0.0370269
-1210.06	628.372	0.999023	0.0442
-1209.72	635.435	0.998689	0.0511883
-1209.38	641.908	0.998553	0.0537843
-1209.03	648.382	0.998649	0.0519558
-1208.67	655.447	0.998795	0.0490787
-1208.36	661.924	0.998957	0.0456499
-1208.08	668.404	0.999208	0.0397977
-1207.82	675.475	0.999529	0.0306895
-1207.65	681.96	0.999753	0.0222027
-1207.53	688.447	0.999906	0.0136781
-1207.46	694.936	0.999987	0.00516589
-1207.45	701.425	0.999996	-0.00276811
-1207.49	708.506	0.999948	-0.010195
-1207.57	714.997	0.999862	-0.016627
-1207.7	721.488	0.999744	-0.0226057
-1207.88	728.569	0.999643	-0.0267334
-1208.05	735.06	0.99962	-0.0275496
-1208.23	741.552	0.999614	-0.0277755
-1208.41	748.045	0.999622	-0.027507
-1208.59	754.539	0.999678	-0.0253844
-1208.75	761.625	0.999802	-0.019887
-1208.87	768.121	0.999893	-0.0146332
-1208.95	774.62	0.999956	-0.00935455
-1209	781.71	0.999994	-0.00359411
-1209.01	788.21	0.999999	0.00168853
-1208.98	794.711	0.999976	0.00697095
-1208.92	801.213	0.999925	0.0122589
-1208.82	808.306	0.999837	0.0180699
-1208.69	814.808	0.999738	0.0228682
-1208.53	821.311	0.999635	0.0270285
-1208.34	827.813	0.999505	0.031446
-1208.1	834.906	0.999322	0.0368211
-1207.85	841.408	0.999149	0.0412516
-1207.57	847.91	0.998997	0.0447809
-1207.24	855.002	0.998806	0.048855
-1206.91	861.503	0.998615	0.0526209
-1206.53	868.594	0.99849	0.0549331
-1206.17	875.095	0.998505	0.0546678
-1205.79	882.188	0.998531	0.0541905
-1205.43	888.691	0.998563	0.0535975
-1205.09	895.194	0.9986	0.0528933
-1204.71	902.291	0.998708	0.0508119
-1204.39	908.797	0.998882	0.0472739
-1204.09	915.306	0.999045	0.0436878
-1203.82	921.816	0.999197	0.0400591
-1203.57	928.328	0.999356	0.0358859
-1203.33	935.434	0.999539	0.0303565
-1203.14	941.95	0.99968	0.0252812
-1202.99	948.467	0.999795	0.0202461
-1202.87	955.578	0.99988	0.0155149
-1202.77	962.098	0.999925	0.0122252
-1202.7	968.619	0.999958	0.00920713
-1202.65	975.141	0.999979	0.00648863
-1202.61	982.257	0.999972	0.00754915
-1202.54	988.78	0.999908	0.0135558
-1202.44	995.304	0.999803	0.0198263
-1202.29	1001.83	0.999654	0.0262881
-1202.08	1008.94	0.999437	0.0335621
-1201.84	1015.47	0.999163	0.0409064
-1201.56	1021.99	0.998809	0.0487969
-1201.18	1029.1	0.998367	0.0571197
-1200.79	1035.62	0.997919	0.0644773
-1200.35	1042.13	0.997519	0.0703969
-1199.88	1048.64	0.997207	0.0746879
-1199.38	1055.16	0.996886	0.078857
-1198.81	1062.26	0.996526	0.0832854
-1198.2	1069.36	0.99631	0.085822
-1197.64	1075.87	0.996315	0.0857715
-1197.08	1082.38	0.996322	0.0856845
-1196.47	1089.48	0.996335	0.0855363
-1195.91	1095.99	0.996455	0.084123
-1195.37	1102.51	0.996698	0.081203
-1194.8	1109.62	0.996956	0.077969
-1194.3	1116.14	0.997188	0.0749464
-1193.82	1122.66	0.997416	0.0718401
-1193.36	1129.18	0.997681	0.0680628
-1192.89	1136.3	0.998005	0.0631351
-1192.49	1142.83	0.998281	0.0586165
-1192.11	1149.36	0.998536	0.0540966
-1191.77	1155.89	0.998722	0.0505364
-1191.42	1163.02	0.998824	0.0484865
-1191.1	1169.56	0.998913	0.0466072
-1190.8	1176.09	0.998999	0.0447276
-1190.49	1183.23	0.999087	0.0427268
-1190.22	1189.77	0.99916	0.0409773
-1189.95	1196.31	0.999229	0.0392523
-1189.7	1202.85	0.999296	0.0375272
-1189.46	1209.39	0.999359	0.0358018
-1189.21	1216.53	0.999383	0.035124
-1188.98	1223.08	0.99935	0.0360484
-1188.74	1229.63	0.999316	0.0369727
-1188.47	1236.77	0.999278	0.037981
-1188.22	1243.31	0.999243	0.0389054
-1187.96	1249.86	0.999206	0.0398405
-1187.7	1256.41	0.999162	0.0409256
-1187.43	1262.96	0.999101	0.0423832
-1187.12	1270.1	0.998978	0.0451927
-1186.81	1276.65	0.998797	0.0490287
-1186.48	1283.2	0.998579	0.0532925
-1186.08	1290.34	0.998295	0.0583623
-1185.69	1296.88	0.998026	0.0628094
-1185.26	1303.43	0.997756	0.0669511
-1184.81	1309.97	0.997438	0.0715332
-1184.28	1317.11	0.997035	0.0769467
-1183.72	1324.24	0.996627	0.0820635
-1183.17	1330.78	0.996289	0.0860716
-1182.54	1337.91	0.995903	0.0904327
-1181.93	1344.44	0.995538	0.0943599
-1181.31	1350.97	0.995171	0.0981525
-1180.65	1357.5	0.994995	0.0999236
-1179.94	1364.63	0.995068	0.0991986
-1179.29	1371.16	0.995156	0.0983078
-1178.65	1377.7	0.995261	0.0972438
-1178.01	1384.23	0.995501	0.0947465
-1177.35	1391.36	0.995931	0.0901185
-1176.77	1397.91	0.996336	0.0855292
-1176.22	1404.45	0.996746	0.0806081
-1175.66	1411.6	0.997192	0.0748929
-1175.18	1418.15	0.997594	0.0693278
-1174.74	1424.7	0.997984	0.0634661
-1174.34	1431.26	0.998356	0.0573153
-1173.98	1437.82	0.998679	0.0513786
-1173.63	1444.99	0.998966	0.0454579
-1173.35	1451.55	0.999211	0.0397241
-1173.1	1458.12	0.999426	0.0338657
-1172.88	1465.29	0.999588	0.0286866
-1172.7	1471.86	0.999675	0.0255116
-1172.54	1478.44	0.999747	0.0224987
-1172.38	1485.61	0.999806	0.0196902
-1172.26	1492.18	0.999844	0.0176552
-1172.15	1498.76	0.999884	0.0152268
-1172.06	1505.34	0.999927	0.0120634
-1171.99	1511.92	0.999961	0.00879577
-1171.94	1519.1	0.999987	0.0050275
-1171.91	1525.68	0.999998	0.00209378
-1171.9	1532.26	1	-0.00011545
-1171.91	1539.44	0.999997	-0.0024368
-1171.93	1546.02	0.99999	-0.00440749
-1171.97	1552.6	0.99998	-0.00631608
-1172.02	1559.79	0.999965	-0.00839876
-1172.08	1566.37	0.999947	-0.0103078
-1172.15	1572.95	0.999925	-0.0122168
-1172.24	1579.54	0.9999	-0.0141257
-1172.34	1586.72	0.999888	-0.0149948
-1172.44	1593.31	0.999899	-0.0142342
-1172.53	1599.9	0.999909	-0.0134736
-1172.62	1606.48	0.999919	-0.0127128
-1172.72	1614.27	0.99993	-0.0118137
-1172.79	1620.86	0.999939	-0.0110527
-1172.86	1627.45	0.999947	-0.0102917
-1172.93	1634.04	0.999955	-0.00953063
-1172.99	1641.23	0.999962	-0.00870026
-1173.05	1648.42	0.999969	-0.00786977
-1173.1	1655.01	0.999975	-0.00710836
-1173.15	1661.61	0.99998	-0.00634682
-1173.19	1668.8	0.999985	-0.00551596
-1173.23	1675.4	0.999989	-0.00475424
-1173.26	1681.99	0.999992	-0.00399244
-1173.28	1688.59	0.999995	-0.00323055
-1173.3	1695.78	0.999997	-0.00239931
-1173.31	1702.38	1	0.000794813
-1173.29	1708.98	0.999976	0.00690748
-1173.23	1715.58	0.999915	0.0130201
-1173.11	1722.77	0.999806	0.019688
-1172.97	1729.37	0.999651	0.0264078
-1172.77	1735.97	0.999427	0.0338562
-1172.5	1743.17	0.999119	0.0419738
-1172.21	1749.76	0.998779	0.0494007
-1171.86	1756.35	0.998453	0.0556071
-1171.48	1762.95	0.998177	0.0603568
-1171.07	1769.54	0.997878	0.0651052
-1170.59	1776.73	0.997527	0.0702839
-1170.11	1783.31	0.997181	0.0750295
-1169.6	1789.9	0.997004	0.0773454
-1169.05	1797.08	0.997055	0.0766927
-1168.54	1803.67	0.997101	0.0760944
-1168.04	1810.26	0.997148	0.0754752
-1167.54	1816.85	0.9972	0.0747845
-1167.05	1823.44	0.997258	0.0740095
-1166.52	1830.63	0.997325	0.0730987
-1166.04	1837.22	0.997389	0.0722146
-1165.52	1844.41	0.997511	0.0705172
-1165.06	1851.01	0.997688	0.0679654
-1164.58	1858.21	0.997896	0.064833
-1164.16	1864.81	0.998094	0.0617184
-1163.76	1871.41	0.998289	0.0584694
-1163.35	1878.61	0.998498	0.0547931
-1163	1885.21	0.998687	0.0512188
-1162.67	1891.82	0.998874	0.0474479
-1162.37	1898.43	0.999052	0.0435422
-1162.09	1905.04	0.999198	0.0400499
-1161.81	1912.25	0.99931	0.0371403
-1161.57	1918.86	0.999406	0.0344727
-1161.35	1925.48	0.999494	0.0318046
-1161.13	1932.69	0.999565	0.0295039
-1160.94	1939.31	0.999603	0.0281778
-1160.75	1945.93	0.999639	0.0268515
-1160.58	1952.54	0.999674	0.0255249
-1160.41	1959.16	0.999695	0.0246869
-1160.24	1966.38	0.999695	0.0246994
-1160.07	1973	0.999696	0.0246566
-1159.91	1979.62	0.9997	0.0244753
-1159.73	1986.85	0.999679	0.0253239
-1159.56	1993.47	0.999621	0.0275154
-1159.37	2000.09	0.999564	0.0295328
-1159.15	2007.31	0.999504	0.0315079
-1158.94	2013.94	0.999453	0.0330615
-1158.71	2020.56	0.999411	0.0343161
-1158.48	2027.18	0.99938	0.0352088
-1158.25	2033.8	0.999362	0.0357262
-1157.99	2041.03	0.99936	0.0357619
-1157.76	2047.65	0.999399	0.034679
-1157.53	2054.28	0.999475	0.0323962
-1157.31	2061.51	0.999572	0.029241
-1157.12	2068.13	0.999667	0.0257881
-1156.96	2074.76	0.999761	0.0218686
-1156.82	2082	0.999852	0.017207
-1156.71	2088.63	0.99992	0.0126619
-1156.64	2095.26	0.999969	0.00791423
-1156.6	2101.89	0.999991	0.00421227
-1156.58	2108.53	0.999998	0.00183414
-1156.58	2115.76	1	-0.000857446
-1156.59	2122.4	0.999995	-0.00330895
-1156.62	2129.03	0.999987	-0.00504641
-1156.65	2136.27	0.999983	-0.00584033
-1156.69	2142.91	0.999981	-0.00610364
-1156.74	2149.54	0.999982	-0.00594486
-1156.77	2156.18	0.999978	-0.00661909
-1156.82	2162.82	0.999965	-0.00832111
-1156.89	2170.06	0.999956	-0.00941086
-1156.95	2176.7	0.999955	-0.00951841
-1157.01	2183.34	0.999961	-0.00879879
-1157.07	2190.58	0.999976	-0.00690495
-1157.11	2197.23	0.999991	-0.00421293
-1157.13	2203.87	1	-0.000817857
-1157.12	2211.11	0.999995	0.00329974
-1157.09	2217.76	0.999974	0.00716775
-1157.03	2224.4	0.999939	0.0110207
-1156.95	2231.04	0.999893	0.0146476
-1156.83	2238.29	0.999847	0.0174648
-1156.71	2244.93	0.999825	0.0186993
-1156.59	2251.58	0.999811	0.0194182
-1156.46	2258.22	0.999807	0.0196699
-1156.32	2265.47	0.999825	0.0187241
-1156.2	2272.12	0.999863	0.0165302
-1156.09	2278.76	0.999903	0.0139125
-1156	2286.02	0.999943	0.0107154
-1155.94	2292.67	0.999972	0.00753312
-1155.9	2299.31	0.999991	0.00417185
-1155.88	2305.96	1	0.000644133
-1155.89	2312.61	0.999995	-0.00301856
-1155.92	2319.87	0.999975	-0.00712187
-1155.98	2326.52	0.999947	-0.0102941
-1156.05	2333.17	0.999919	-0.0127292
-1156.15	2340.43	0.999882	-0.0153861
-1156.26	2347.08	0.999841	-0.0178174
-1156.39	2353.73	0.999808	-0.0195717
-1156.52	2360.39	0.99979	-0.0204732
-1156.66	2367.04	0.999773	-0.0213189
-1156.82	2374.3	0.999753	-0.022242
-1156.97	2380.95	0.999733	-0.023088
-1157.12	2387.61	0.999714	-0.0239186
-1157.3	2394.87	0.999693	-0.0247886
-1157.46	2401.52	0.999673	-0.0255653
-1157.64	2408.18	0.999685	-0.0251137
-1157.8	2414.84	0.999731	-0.023188
-1157.95	2421.49	0.999774	-0.0212626
-1158.1	2428.76	0.999816	-0.0191624
-1158.22	2435.42	0.999851	-0.0172366
-1158.33	2442.08	0.999883	-0.0153099
-1158.43	2449.34	0.999913	-0.0132083
-1158.51	2456	0.999936	-0.0112822
-1158.58	2462.67	0.999956	-0.0093553
-1158.65	2469.93	0.999974	-0.00725229
-1158.69	2476.6	0.999986	-0.00532488
-1158.72	2483.26	0.999994	-0.00339784
-1158.74	2490.53	0.999998	-0.00190965
-1158.75	2497.8	0.999999	-0.00128106
-1158.76	2504.47	1	-0.000705248
-1158.76	2511.13	1	-0.000129808
-1158.76	2517.8	1	0.000446013
-1158.76	2524.47	0.999999	0.00102244
-1158.75	2531.74	0.999999	0.00165085
-1158.73	2538.41	0.999998	0.00220987
-1158.72	2545.08	0.999998	0.00208216
-1158.71	2552.35	0.999999	0.00100648
-1158.7	2559.02	1	-0.000128153
-1158.71	2565.69	0.999999	-0.00140066
-1158.72	2572.37	0.999996	-0.00278957
-1158.74	2579.04	0.999991	-0.00423961
-1158.78	2586.31	0.999983	-0.00581972
-1158.82	2592.99	0.999974	-0.00722319
-1158.87	2599.66	0.999964	-0.00853748
-1158.94	2606.94	0.999957	-0.00925554
-1159	2613.61	0.99996	-0.00899222
-1159.06	2620.29	0.999965	-0.00838233
-1159.11	2626.96	0.999974	-0.00716545
-1159.16	2634.24	0.999987	-0.00512663
-1159.19	2640.92	0.999997	-0.00259379
-1159.19	2647.6	1	0.000604147
-1159.18	2654.27	0.99999	0.00455705
-1159.13	2661.56	0.999954	0.00960763
-1159.05	2668.24	0.999893	0.0146595
-1158.94	2674.91	0.999803	0.0198293
-1158.78	2682.2	0.999676	0.0254685
-1158.6	2688.87	0.999568	0.0294041
-1158.4	2695.55	0.999495	0.0317871
-1158.18	2702.23	0.999428	0.0338204
-1157.95	2708.91	0.999375	0.035363
-1157.69	2716.19	0.999355	0.0359049
-1157.45	2722.87	0.999381	0.0351911
-1157.21	2729.55	0.999418	0.034102
-1156.97	2736.83	0.999469	0.0325753
-1156.76	2743.51	0.999542	0.0302643
-1156.56	2750.19	0.999638	0.0269181
-1156.39	2756.88	0.999728	0.0233243
-1156.24	2764.17	0.999815	0.0192342
-1156.12	2770.85	0.999892	0.0146826
-1156.04	2777.54	0.999958	0.009163
-1155.99	2784.22	0.999994	0.00351279
-1155.98	2791.52	0.999996	-0.00274186
-1156.02	2798.21	0.999973	-0.00736454
-1156.07	2804.89	0.999944	-0.0105453
-1156.16	2812.19	0.999905	-0.0137582
-1156.26	2818.88	0.999871	-0.016046
-1156.37	2825.57	0.999847	-0.0175008
-1156.49	2832.25	0.999858	-0.0168776
-1156.6	2838.94	0.999901	-0.0140504
-1156.69	2846.24	0.999948	-0.0101853
-1156.74	2852.93	0.99998	-0.00628208
-1156.78	2859.63	0.999997	-0.00232397
-1156.78	2866.93	0.999998	0.0017911
-1156.76	2873.62	0.999987	0.00512208
-1156.72	2880.31	0.999967	0.00807606
-1156.65	2887.61	0.999939	0.0110443
-1156.57	2894.31	0.999908	0.0136006
-1156.47	2901	0.999871	0.0160448
-1156.36	2907.69	0.999831	0.0183755
-1156.23	2914.39	0.999808	0.0195812
-1156.09	2921.69	0.999823	0.0188403
-1155.96	2928.39	0.999837	0.0180368
-1155.84	2935.08	0.999854	0.0170847
-1155.72	2942.39	0.999875	0.0158268
-1155.62	2949.09	0.999896	0.0144524
-1155.53	2955.78	0.999916	0.0129901
-1155.44	2962.48	0.999934	0.0115276
-1155.37	2969.18	0.999948	0.0101574
-1155.3	2976.49	0.99996	0.00892312
-1155.24	2983.19	0.999968	0.00794607
-1155.19	2989.89	0.999975	0.00707265
-1155.14	2997.2	0.999981	0.00618157
-1155.1	3003.9	0.999986	0.0053648
-1155.07	3010.6	0.99999	0.00454791
-1155.04	3017.31	0.999993	0.00373085
-1155.02	3024.01	0.999996	0.00294787
-1155	3031.32	0.999997	0.00226856
-1154.99	3038.03	0.999998	0.00186566
-1154.97	3044.73	0.999999	0.00157293
-1154.96	3052.04	0.999998	0.00189411
-1154.95	3058.75	0.999996	0.00298495
-1154.92	3065.46	0.999992	0.00407566
-1154.89	3072.77	0.999986	0.00526542
-1154.85	3079.48	0.99998	0.00635629
-1154.81	3086.18	0.999972	0.00744749
-1154.75	3092.89	0.999964	0.00853858
-1154.69	3099.6	0.999954	0.00962959
-1154.62	3106.92	0.999942	0.010809
-1154.55	3113.63	0.999938	0.0111033
-1154.47	3120.34	0.999947	0.0103066
-1154.41	3127.04	0.999958	0.00920884
-1154.34	3134.36	0.99997	0.00780471
-1154.3	3141.08	0.999983	0.0057609
-1154.26	3147.79	0.999996	0.00284152
-1154.25	3154.5	1	-0.00022851
-1154.27	3161.82	0.999993	-0.0037284
-1154.3	3168.53	0.999979	-0.00647819
-1154.35	3175.25	0.999963	-0.00862393
-1154.42	3182.57	0.999939	-0.011039
-1154.5	3189.28	0.999912	-0.0132609
-1154.59	3196	0.99988	-0.0154767
-1154.7	3202.71	0.999844	-0.0176852
-1154.83	3209.42	0.999802	-0.0198853
-1154.98	3216.75	0.999753	-0.0222114
-1155.14	3223.46	0.999736	-0.0229635
-1155.29	3230.18	0.999757	-0.0220482
-1155.45	3237.5	0.999784	-0.0207653
-1155.58	3244.22	0.999816	-0.019189
-1155.7	3250.93	0.999863	-0.0165394
-1155.81	3258.26	0.999923	-0.012391
-1155.89	3264.98	0.999967	-0.00813256
-1155.93	3271.7	0.999994	-0.00340597
-1155.94	3278.42	1	0.000991263
-1155.92	3285.14	0.999989	0.00472041
-1155.87	3292.47	0.999961	0.00878855
-1155.8	3299.19	0.999923	0.012432
-1155.71	3305.91	0.999876	0.015773
-1155.58	3313.24	0.99982	0.0189881
-1155.45	3319.96	0.999767	0.0215864
-1155.3	3326.68	0.999715	0.0238784
-1155.12	3334.02	0.999693	0.0247895
-1154.95	3340.74	0.99972	0.023679
-1154.8	3347.46	0.999752	0.0222886
-1154.65	3354.18	0.999787	0.0206617
-1154.52	3360.91	0.999822	0.0188553
-1154.39	3368.24	0.999869	0.0161963
-1154.29	3374.97	0.999916	0.0129594
-1154.21	3381.69	0.999953	0.00972203
-1154.15	3389.03	0.999981	0.00619001
-1154.12	3395.76	0.999996	0.00295201
-1154.1	3402.48	1	-0.000286287
-1154.12	3409.21	0.999994	-0.00352483
-1154.15	3415.94	0.999977	-0.00676356
-1154.21	3423.28	0.999953	-0.00967356
-1154.28	3430.01	0.999933	-0.0115413
-1154.36	3436.74	0.99991	-0.0134092
-1154.47	3444.08	0.999881	-0.0154303
-1154.57	3450.81	0.999863	-0.0165585
-1154.69	3457.53	0.999859	-0.016765
-1154.8	3464.26	0.999859	-0.0167664
-1154.92	3471.61	0.999865	-0.0164428
-1155.03	3478.34	0.999886	-0.0151075
-1155.12	3485.07	0.99992	-0.0126379
-1155.2	3491.8	0.999951	-0.00990893
-1155.27	3499.15	0.999977	-0.00684962
-1155.3	3505.88	0.999992	-0.00403863
-1155.32	3512.61	0.999999	-0.00118301
-1155.32	3519.35	0.999999	0.00171671
-1155.3	3526.69	0.999988	0.00486469
-1155.26	3533.43	0.999971	0.00759779
-1155.2	3540.16	0.99995	0.00995539
-1155.13	3546.9	0.999929	0.0119053
-1155.04	3554.25	0.999907	0.0136328
-1154.93	3561.6	0.999904	0.0138913
-1154.84	3568.33	0.999923	0.0124308
-1154.76	3575.07	0.99994	0.0109407
-1154.69	3582.42	0.999957	0.00929717
-1154.63	3589.16	0.999975	0.0071093
-1154.59	3595.9	0.999992	0.00410448
-1154.57	3603.25	1	0.00079579
-1154.57	3609.99	0.999997	-0.0022374
-1154.6	3616.73	0.999989	-0.00464609
-1154.64	3624.08	0.999979	-0.00645617
-1154.68	3630.82	0.999967	-0.00811562
-1154.74	3637.56	0.999952	-0.00977521
-1154.81	3644.3	0.999935	-0.011435
-1154.9	3651.66	0.99992	-0.012621
-1154.99	3658.4	0.999917	-0.0129065
-1155.08	3665.14	0.999914	-0.013097
-1155.17	3671.88	0.999914	-0.013149
-1155.26	3679.24	0.999921	-0.012534
-1155.34	3685.98	0.999938	-0.0111361
-1155.41	3692.73	0.999954	-0.00962594
-1155.48	3700.08	0.999969	-0.00786529
-1155.53	3706.83	0.999981	-0.00622937
-1155.57	3713.57	0.999989	-0.00459305
-1155.59	3720.32	0.999996	-0.00295685
-1155.61	3727.07	0.999999	-0.00132074
-1155.61	3734.43	1	0.000464369
-1155.6	3741.17	0.999998	0.00210117
-1155.58	3747.92	0.999993	0.00373784
-1155.55	3755.28	0.999985	0.00552316
-1155.51	3762.03	0.999979	0.00653476
-1155.47	3768.78	0.999977	0.00680105
-1155.42	3775.53	0.999975	0.00707275
-1155.37	3782.28	0.999973	0.00734434
-1155.32	3789.64	0.999975	0.00705805
-1155.27	3796.39	0.999982	0.00602197
-1155.23	3803.14	0.999989	0.0047731
-1155.2	3810.5	0.999995	0.00306252
-1155.19	3817.25	0.999999	0.00116657
-1155.19	3824.01	0.999999	-0.00125526
-1155.2	3830.76	0.999991	-0.00418969
-1155.24	3838.12	0.999971	-0.00756936
-1155.3	3844.88	0.99995	-0.0099721
-1155.37	3851.63	0.999934	-0.0115142
-1155.46	3858.38	0.999916	-0.0129385
-1155.56	3865.75	0.999897	-0.0143655
-1155.66	3872.5	0.999887	-0.0150138
-1155.76	3879.26	0.999889	-0.0149035
-1155.87	3886.62	0.999891	-0.0147789
-1155.97	3893.38	0.999893	-0.0146544
-1156.06	3900.13	0.999895	-0.014503
-1156.16	3906.89	0.999907	-0.0136569
-1156.25	3913.65	0.999928	-0.0119735
-1156.33	3921.02	0.999949	-0.0100714
-1156.4	3927.77	0.999965	-0.00832805
-1156.45	3934.53	0.999978	-0.00657954
-1156.49	3941.9	0.999989	-0.00466528
-1156.52	3948.66	0.999996	-0.0029107
-1156.53	3955.42	0.999999	-0.00115627
-1156.53	3962.18	1	-1.22163e-05
-1156.53	3968.94	1	0.000437628
-1156.53	3976.31	0.999999	0.0010595
-1156.52	3983.07	0.999998	0.0017521
-1156.51	3989.83	0.999997	0.0025299
-1156.48	3997.21	0.999994	0.00341505
-1156.46	4003.97	0.999991	0.00422625
-1156.43	4010.73	0.999987	0.00503728
-1156.39	4018.11	0.999986	0.00529543
-1156.35	4024.87	0.999989	0.00472792
-1156.32	4031.63	0.999991	0.00416019
-1156.3	4038.4	0.999994	0.00358615
-1156.27	4045.16	0.999995	0.00300477
-1156.25	4052.54	0.999997	0.00237069
-1156.24	4059.3	0.999998	0.00179546
-1156.23	4066.07	0.999999	0.00122744
-1156.22	4073.45	1	0.000607817
-1156.22	4080.21	1	3.99993e-05
-1156.22	4086.98	1	-0.000527986
-1156.23	4093.75	0.999999	-0.00109614
-1156.24	4101.13	0.999999	-0.00171589
-1156.25	4107.89	0.999997	-0.00228387
-1156.27	4114.66	0.999996	-0.00285203
-1156.29	4121.43	0.999994	-0.00342033
-1156.31	4128.81	0.999994	-0.00341271
-1156.33	4135.58	0.999997	-0.00260024
-1156.35	4142.35	0.999998	-0.00178794
-1156.36	4149.12	1	-0.000975809
-1156.36	4156.5	1	-9.00209e-05
-1156.36	4163.27	1	0.000722159
-1156.36	4170.04	0.999999	0.00153463
-1156.34	4176.81	0.999997	0.00234694
-1156.32	4184.2	0.999995	0.00323291
-1156.3	4190.97	0.999992	0.003922
-1156.27	4197.74	0.999991	0.00431543
-1156.24	4205.13	0.99999	0.00443803
-1156.21	4211.9	0.999991	0.0043363
-1156.18	4218.67	0.999994	0.00346476
-1156.16	4225.44	0.999999	0.00171699
-1156.15	4232.22	1	-0.000137438
-1156.16	4239.61	0.999997	-0.00230244
-1156.18	4246.38	0.99999	-0.00437771
-1156.22	4253.15	0.999979	-0.00648226
-1156.27	4260.54	0.999961	-0.00882494
-1156.34	4267.32	0.999939	-0.0110404
-1156.42	4274.09	0.99992	-0.0126544
-1156.51	4280.87	0.999909	-0.0135026
-1156.6	4287.64	0.999898	-0.0143141
-1156.71	4295.04	0.999886	-0.0150952
-1156.81	4301.81	0.999877	-0.0156909
-1156.92	4308.59	0.99987	-0.0161308
-1157.04	4315.98	0.999865	-0.0164082
-1157.15	4322.76	0.999865	-0.0164547
-1157.27	4330.15	0.999879	-0.0155403
-1157.37	4336.93	0.999911	-0.0133335
-1157.46	4344.32	0.999947	-0.0102675
-1157.52	4351.1	0.999977	-0.00680989
-1157.56	4357.88	0.999996	-0.00276367
-1157.57	4364.66	0.999998	0.00177774
-1157.54	4372.05	0.999975	0.00707703
-1157.48	4378.83	0.999927	0.0120851
-1157.38	4385.61	0.999864	0.0164861
-1157.26	4392.39	0.9998	0.0199906
-1157.1	4399.79	0.999727	0.0233538
-1156.93	4406.57	0.999661	0.0260237
-1156.75	4413.35	0.999599	0.0283156
-1156.54	4420.75	0.999576	0.0291155
-1156.34	4427.53	0.999614	0.0277786
-1156.16	4434.31	0.99966	0.0260811
-1155.99	4441.09	0.999707	0.02421
-1155.83	4447.87	0.999773	0.0212924
-1155.69	4455.27	0.999869	0.016186
-1155.59	4462.05	0.999934	0.0115045
-1155.52	4468.84	0.999977	0.00682262
-1155.49	4476.24	0.999997	0.00234446
-1155.48	4483.02	1	-0.000952547
-1155.5	4489.8	0.999991	-0.00424109
-1155.54	4497.15	0.99997	-0.00780762
-1155.6	4503.86	0.999946	-0.0104359
-1155.67	4510.52	0.999924	-0.0123004
-1155.76	4517.15	0.9999	-0.0141068
-1155.86	4523.74	0.999877	-0.0157068
-1155.97	4530.89	0.999877	-0.0156828
-1156.07	4537.39	0.99991	-0.0134062
-1156.15	4543.85	0.999946	-0.0103741
-1156.21	4550.87	0.999979	-0.00646616
-1156.24	4557.29	0.999996	-0.00269629
-1156.25	4563.71	0.999999	0.00104606
-1156.23	4570.13	0.999989	0.00478847
-1156.19	4577.13	0.999961	0.00887115
-1156.12	4583.55	0.99992	0.0126146
-1156.03	4589.98	0.999866	0.0163737
-1155.92	4596.4	0.999797	0.0201254
-1155.76	4603.41	0.999709	0.0241107
-1155.6	4609.83	0.999651	0.026412
-1155.43	4616.25	0.999631	0.0271522
-1155.25	4622.68	0.999614	0.0277658
-1155.06	4629.69	0.999601	0.028237
-1154.87	4636.12	0.999613	0.0278225
-1154.7	4642.54	0.999647	0.0265603
-1154.53	4648.97	0.99968	0.0252806
-1154.36	4655.99	0.999716	0.0238436
-1154.21	4662.42	0.999762	0.0218094
-1154.08	4668.85	0.99982	0.0189728
-1153.95	4675.87	0.999874	0.0158722
-1153.86	4682.3	0.999915	0.0130294
-1153.78	4688.74	0.999948	0.0101862
-1153.72	4695.18	0.999973	0.00734229
-1153.68	4701.62	0.99999	0.00449747
-1153.66	4708.64	0.999999	0.0013937
-1153.66	4715.08	0.999999	-0.00145179
-1153.67	4721.52	0.999993	-0.00370736
-1153.71	4728.55	0.999986	-0.00536516
-1153.74	4734.99	0.999978	-0.00667467
-1153.79	4741.4	0.999971	-0.00756363
-1153.84	4747.79	0.999976	-0.0068758
-1153.88	4754.14	0.99999	-0.00457698
-1153.9	4761	0.999998	-0.0020182
-1153.91	4767.22	1	0.00032012
-1153.9	4773.38	0.999997	0.00261245
-1153.88	4780.01	0.999987	0.005084
-1153.84	4786.04	0.999973	0.00738493
-1153.79	4792.05	0.999953	0.00968834
-1153.72	4798.07	0.999928	0.011964
-1153.65	4804.08	0.999899	0.0142041
-1153.55	4810.64	0.999861	0.0166478
-1153.44	4816.66	0.999822	0.0188879
-1153.32	4822.68	0.999799	0.0200428
-1153.19	4829.24	0.999803	0.0198726
-1153.07	4835.26	0.999807	0.0196672
-1152.96	4841.26	0.999812	0.0194145
-1152.84	4847.2	0.999826	0.0186313
-1152.74	4853.07	0.999852	0.0172173
-1152.63	4859.4	0.999877	0.0156813
-1152.54	4865.13	0.999898	0.0142795
-1152.47	4870.81	0.999917	0.0129072
-1152.39	4876.93	0.999934	0.0114471
-1152.33	4882.47	0.999949	0.010115
-1152.28	4887.95	0.999961	0.00878887
-1152.23	4893.37	0.999972	0.00748621
-1152.2	4898.73	0.999981	0.00620992
-1152.16	4904.51	0.999988	0.0048096
-1152.14	4909.74	0.999994	0.00349319
-1152.13	4914.91	0.999998	0.00215593
-1152.12	4920.49	0.999999	0.00116805
-1152.11	4925.53	1	0.000869169
-1152.11	4930.52	1	0.000574614
-1152.11	4935.44	1	0.000284376
-1152.1	4940.31	1	0.000996245
-1152.09	4945.55	0.999993	0.00368013
-1152.07	4950.29	0.999981	0.00613055
-1152.04	4954.98	0.999963	0.00855695
-1151.99	4960.02	0.999934	0.0114813
-1151.93	4964.58	0.999894	0.0145323
-1151.86	4969.08	0.999846	0.0175447
-1151.77	4973.92	0.999784	0.0207793
-1151.67	4978.3	0.999731	0.0232049
-1151.57	4982.62	0.999689	0.0249555
-1151.46	4986.87	0.999648	0.0265462
-1151.35	4991.08	0.999608	0.0279966
-1151.22	4995.59	0.999579	0.0290039
-1151.1	4999.66	0.999571	0.0293035
-1150.98	5003.68	0.999563	0.0295463
-1150.85	5008	0.999557	0.0297671
-1150.74	5011.9	0.999563	0.0295523
-1150.62	5015.73	0.999584	0.0288339
-1150.52	5019.51	0.999608	0.0280149
-1150.4	5023.57	0.999635	0.027007
-1150.31	5027.23	0.999662	0.0259883
-1150.22	5030.84	0.999933	0.0115912
-1150.22	5034.38	0.999823	-0.0187922
-1150.35	5038.19	0.998653	-0.0518799
-1150.57	5041.61	0.99662	-0.0821556
-1150.89	5044.97	0.993687	-0.11219
-1151.3	5048.26	0.989893	-0.141817
-1151.85	5051.78	0.984802	-0.173682
-1152.44	5054.93	0.97932	-0.202315
-1153.12	5058	0.973622	-0.228165
-1153.85	5061.01	0.968022	-0.250867
-1154.72	5064.2	0.961438	-0.275021
-1155.56	5067.06	0.954986	-0.296651
-1156.45	5069.84	0.949435	-0.313965
-1157.45	5072.8	0.944853	-0.327495
-1158.38	5075.45	0.940496	-0.339805
-1159.33	5078.03	0.935999	-0.352003
-1160.29	5080.55	0.932048	-0.362335
-1161.26	5083.02	0.928826	-0.370517
-1162.34	5085.68	0.925199	-0.379482
-1163.35	5088.12	0.921767	-0.387745
-1164.38	5090.55	0.918703	-0.39495
-1165.53	5093.21	0.915885	-0.40144
-1166.61	5095.64	0.913263	-0.407371
-1167.7	5098.08	0.910609	-0.413269
-1168.81	5100.51	0.908088	-0.418778
-1169.94	5102.94	0.905734	-0.423847
-1171.19	5105.6	0.903133	-0.429362
-1172.36	5108.03	0.900724	-0.434391
-1173.54	5110.47	0.898572	-0.438825
-1174.84	5113.12	0.896577	-0.442889
-1176.05	5115.56	0.894759	-0.44655
-1177.27	5117.99	0.892946	-0.450163
-1178.61	5120.65	0.891145	-0.453719
-1179.86	5123.09	0.88972	-0.456506
-1181.12	5125.53	0.888287	-0.459289
-1182.38	5127.98	0.88685	-0.462058
-1183.78	5130.65	0.885577	-0.464492
-1185.07	5133.09	0.884792	-0.465987
-1186.36	5135.55	0.884004	-0.46748
-1187.66	5138.01	0.883209	-0.468979
-1189.09	5140.69	0.882525	-0.470265
-1190.41	5143.16	0.882145	-0.470977
-1191.73	5145.63	0.881765	-0.471689
-1193.17	5148.33	0.88135	-0.472464
-1194.5	5150.81	0.881073	-0.472981
-1195.84	5153.3	0.880919	-0.473267
-1197.18	5155.79	0.880766	-0.473551
-1198.64	5158.51	0.8806	-0.47386
-1199.99	5161.02	0.880657	-0.473754
-1201.34	5163.53	0.880959	-0.473192
-1202.69	5166.04	0.881247	-0.472656
-1204.17	5168.79	0.881535	-0.472118
-1205.52	5171.32	0.881777	-0.471666
-1206.88	5173.86	0.882002	-0.471246
-1208.36	5176.64	0.882231	-0.470818
-1209.72	5179.19	0.882427	-0.470449
-1211.08	5181.74	0.88262	-0.470086
-1212.45	5184.3	0.882696	-0.469944
-1213.81	5186.87	0.882617	-0.470094
-1215.31	5189.68	0.882484	-0.470342
-1216.68	5192.26	0.882331	-0.470629
-1218.06	5194.85	0.882161	-0.470948
-1219.57	5197.67	0.881958	-0.471328
-1220.96	5200.27	0.881736	-0.471743
-1222.35	5202.87	0.881464	-0.47225
-1223.88	5205.71	0.881131	-0.472872
-1225.28	5208.32	0.880817	-0.473457
-1226.69	5210.94	0.8805	-0.474047
-1228.1	5213.56	0.880168	-0.474662
-1229.64	5216.42	0.877855	-0.478927
-1231.09	5219.04	0.873177	-0.487404
-1232.56	5221.65	0.868396	-0.495871
-1234.06	5224.25	0.863527	-0.504302
-1235.73	5227.08	0.858213	-0.513294
-1237.28	5229.66	0.853369	-0.521307
-1238.87	5232.24	0.84844	-0.529291
-1240.48	5234.8	0.843452	-0.537204
-1242.27	5237.59	0.838201	-0.545362
-1243.94	5240.13	0.833667	-0.552268
-1245.64	5242.67	0.829105	-0.559093
-1247.35	5245.2	0.824494	-0.565871
-1249.25	5247.95	0.821758	-0.569837
-1251	5250.47	0.822258	-0.569115
-1252.75	5253	0.822758	-0.568392
-1254.66	5255.77	0.823299	-0.567607
-1256.57	5258.54	0.823972	-0.566631
-1258.33	5261.1	0.824743	-0.565508
-1260.08	5263.65	0.825484	-0.564425
-1261.99	5266.45	0.826266	-0.563279
-1263.74	5269.03	0.827099	-0.562057
-1265.5	5271.61	0.82806	-0.56064
-1267.41	5274.44	0.82906	-0.559159
-1269.16	5277.04	0.829936	-0.557859
-1270.91	5279.64	0.830761	-0.556629
-1272.66	5282.26	0.831808	-0.555064
-1274.4	5284.88	0.833125	-0.553084
-1276.31	5287.75	0.83446	-0.551069
-1278.05	5290.4	0.835557	-0.549404
-1279.79	5293.05	0.827627	-0.561279
-1281.79	5295.89	0.806384	-0.591393
-1283.71	5298.43	0.785726	-0.618574
-1285.72	5300.92	0.763944	-0.645282
-1287.83	5303.34	0.740527	-0.672026
-1290.02	5305.69	0.715433	-0.698681
-1292.53	5308.17	0.68712	-0.726544
-1294.91	5310.35	0.660434	-0.750884
-1297.38	5312.46	0.63468	-0.772775
-1300.15	5314.68	0.608096	-0.793864
-1302.76	5316.63	0.583308	-0.812251
-1305.44	5318.5	0.558174	-0.829724
-1308.19	5320.3	0.536091	-0.84416
-1311.23	5322.19	0.516256	-0.856434
-1314.06	5323.86	0.498042	-0.867153
-1316.94	5325.48	0.479785	-0.877386
-1319.85	5327.04	0.462777	-0.886475
-1323.07	5328.69	0.446772	-0.894648
-1326.05	5330.15	0.432168	-0.901793
-1329.06	5331.57	0.417571	-0.908644
-1332.37	5333.07	0.403917	-0.914796
-1335.43	5334.4	0.394408	-0.918935
-1338.51	5335.71	0.38503	-0.922904
-1341.61	5336.99	0.375811	-0.926696
-1345.01	5338.35	0.365929	-0.930643
-1348.14	5339.57	0.357006	-0.934102
-1351.29	5340.76	0.348193	-0.937423
-1354.46	5341.92	0.339505	-0.940604
-1357.94	5343.16	0.330126	-0.943937
-1361.14	5344.27	0.322122	-0.946698
-1364.36	5345.35	0.314865	-0.949136
-1367.88	5346.51	0.307186	-0.951649
-1371.13	5347.54	0.300354	-0.953828
-1374.39	5348.56	0.297095	-0.954848
-1377.65	5349.58	0.298214	-0.954499
-1380.92	5350.6	0.29968	-0.95404
-1384.49	5351.72	0.301595	-0.953436
-1387.76	5352.76	0.304318	-0.95257
-1391.04	5353.82	0.30804	-0.951373
-1394.62	5354.98	0.312021	-0.950075
-1397.9	5356.06	0.315424	-0.948951
-1401.18	5357.16	0.31853	-0.947913
-1401.77	5357.36	0.318799	-0.947822
-1401.77	5357.36	0.318799	-0.947822
-1401.77	5357.36	0.318799	-0.947822
-1401.77	5357.36	0.318799	-0.947822
-1401.77	5357.36	0.318799	-0.947822
-1401.77	5357.36	0.318799	-0.947822
-1401.77	5357.36	0.318799	-0.947822
-1401.77	5357.36	0.318799	-0.947822
-1401.77	5357.36	0.318799	-0.947822
-1401.77	5357.36	0.318799	-0.947822
-1401.77	5357.36	0.318799	-0.947822
-1401.77	5357.36	0.318799	-0.947822
-1401.77	5357.36	0.318799	-0.947822
-1401.77	5357.36	0.318799	-0.947822
-1401.77	5357.36	0.318799	-0.947822
-1401.77	5357.36	0.318799	-0.947822
-1401.77	5357.36	0.318799	-0.947822
-1401.77	5357.36	0.318799	-0.947822
-1401.77	5357.36	0.318799	-0.947822
-1401.77	5357.36	0.318799	-0.947822
-1401.77	5357.36	0.318799	-0.947822
-1401.77	5357.36	0.318799	-0.947822
-1401.77	5357.36	0.318799	-0.947822
-1401.77	5357.36	0.318799	-0.947822
-1401.77	5357.36	0.318799	-0.947822
-1401.77	5357.36	0.318799	-0.947822
-1401.77	5357.36	0.318799	-0.947822
-1401.77	5357.36	0.318799	-0.947822
-1401.77	5357.36	0.318799	-0.947822
-1401.77	5357.36	0.318799	-0.947822
-1401.77	5357.36	0.318799	-0.947822
-1401.77	5357.36	0.318799	-0.947822
-1401.77	5357.36	0.318799	-0.947822
-1401.77	5357.36	0.318799	-0.947822
-1401.77	5357.36	0.318799	-0.947822
