0	0
0	0
0	0
0	0
0	0
0	0
0	0
0	0
0	0
0	0
0	0
0.0819668	0.0224998
0.163966	0.0449666
0.24573	0.0673272
0.327527	0.089655
0.409356	0.11195
0.491218	0.134212
0.572576	0.156296
0.653966	0.178347
0.735388	0.200366
0.816841	0.222352
0.897601	0.244111
0.978392	0.265837
1.05921	0.287531
1.14007	0.309193
1.22095	0.330822
1.30102	0.352192
1.38111	0.373531
1.46124	0.394838
1.54139	0.416113
1.62103	0.437213
1.07589	1.08323
1.12629	1.13358
1.17669	1.18394
1.22054	1.24083
1.27095	1.29118
1.32135	1.34152
1.37175	1.39187
1.41209	1.45323
1.46297	1.50405
1.51385	1.55488
1.56473	1.6057
1.6122	1.65927
1.66274	1.70977
1.71329	1.76026
1.78944	1.83706
1.91261	1.96863
2.08616	2.14322
2.29386	2.35138
2.50771	2.56489
2.71076	2.78658
2.92339	2.9987
3.13636	3.21048
3.34967	3.42191
3.54878	3.64477
3.76098	3.85453
3.97363	4.06385
4.18646	4.27298
4.38541	4.49325
4.59766	4.70019
4.81018	4.90689
5.02304	5.11323
5.22581	5.32669
5.43714	5.5316
5.64817	5.73679
5.85944	5.94175
6.071	6.14642
6.26987	6.36105
6.48021	6.56422
6.69117	6.76677
6.9018	6.96965
7.10203	7.17932
7.31248	7.37876
7.52309	7.57806
7.73368	7.77737
7.89865	8.02084
8.10811	8.21984
8.31846	8.41795
8.52898	8.61589
8.7229	8.82775
8.93186	9.02457
9.1415	9.22073
9.35093	9.41708
9.92083	9.25159
10.1317	9.44536
10.3435	9.63822
10.5526	9.83376
10.7849	10.0038
10.9947	10.1963
11.2045	10.389
11.4133	10.5826
11.5968	10.7975
11.795	10.9977
11.9922	11.199
12.1886	11.401
12.385	11.603
12.5178	11.8635
12.7125	12.0619
12.9082	12.2594
13.1029	12.4579
13.2505	12.7
13.4428	12.8975
13.6354	13.0947
13.8274	13.2924
13.9285	13.578
14.118	13.775
14.3078	13.9717
14.4968	14.1692
14.6348	14.4153
14.8223	14.6118
15.0097	14.8084
15.1959	15.0062
15.3295	15.2543
15.5237	15.4418
15.7211	15.6262
15.9201	15.8088
16.1188	15.9919
16.2981	16.1912
16.498	16.37
16.6985	16.5482
16.8993	16.7261
17.063	16.9388
17.263	17.1152
17.4617	17.2929
17.6593	17.4717
18.5002	17.0088
18.7053	17.1838
18.9096	17.3596
19.114	17.5353
19.3495	17.6776
19.5397	17.8655
19.7118	18.0627
19.8665	18.2645
19.8627	18.5915
19.9774	18.7633
20.0727	18.9202
20.1516	19.0679
19.9031	19.513
19.9596	19.6287
19.9955	19.7249
20.0116	19.8122
19.7504	20.1607
19.7645	20.1858
19.7833	20.2064
19.7979	20.2312
19.6998	20.3691
19.721	20.3879
19.7443	20.4047
19.7693	20.4197
19.884	20.3442
19.9086	20.3584
19.9396	20.3663
19.9742	20.3706
20.0008	20.3829
20.1347	20.2872
20.1555	20.3044
20.1777	20.3202
20.1989	20.3369
20.2867	20.3113
20.3171	20.3457
20.3435	20.3828
20.3691	20.422
20.4418	20.4266
20.4838	20.4735
20.5188	20.5302
20.5551	20.5881
20.3146	20.9323
20.3619	20.9892
20.4061	21.0493
20.4505	21.1104
20.4523	21.2137
20.4987	21.2738
20.5521	21.3295
20.6125	21.3822
20.5608	21.55
20.6265	21.6009
20.694	21.65
20.7622	21.6984
20.9037	21.6718
20.9724	21.7178
21.0388	21.7661
21.1019	21.8177
21.1628	21.8714
21.3814	21.7666
21.4468	21.8146
21.5078	21.8658
21.5701	21.9169
21.7537	21.8454
21.8157	21.8942
21.8786	21.9433
21.9397	21.9928
22.0812	21.9612
22.1423	22.0099
22.1984	22.0636
22.2448	22.127
22.2837	22.1986
22.3226	22.2701
22.3604	22.3427
22.4003	22.4131
22.4419	22.4819
22.4685	22.5676
22.5247	22.6251
22.5809	22.6824
22.634	22.7429
22.6644	22.8254
22.721	22.8817
22.7699	22.9456
22.824	23.0044
22.9162	23.0242
22.9629	23.0894
23.0098	23.1531
23.0583	23.2166
23.1053	23.2821
23.1538	23.3473
23.2023	23.4152
23.2546	23.4805
23.3547	23.4974
23.4106	23.5584
23.4624	23.6235
23.5172	23.6857
23.5979	23.7211
23.6564	23.7801
23.7149	23.8378
23.7741	23.896
23.8815	23.9055
23.9422	23.9616
24.0025	24.0181
24.063	24.0743
24.0798	24.1735
24.1421	24.2271
24.2038	24.2826
24.2627	24.3397
24.3206	24.397
24.3779	24.4548
24.436	24.5133
24.493	24.5728
24.595	24.5866
24.6466	24.6508
24.6985	24.7146
24.754	24.7763
24.8383	24.8136
24.8988	24.8746
24.9593	24.9357
25.0199	24.9968
25.0568	25.0806
25.1192	25.1402
25.1846	25.1969
25.2508	25.2527
25.3151	25.3105
25.3829	25.3663
25.4523	25.4205
25.5272	25.4692
25.6041	25.5159
25.7072	25.537
25.785	25.5834
25.859	25.6335
25.9293	25.6874
25.9993	25.7408
26.072	25.7914
26.142	25.8448
26.2106	25.8996
26.2254	26.0073
26.2903	26.0649
26.3541	26.1223
26.4177	26.1772
26.3499	26.3602
26.4081	26.412
26.466	26.4653
26.5233	26.5167
26.5658	26.5491
26.4731	26.6589
26.4844	26.6648
26.4965	26.6698
26.5102	26.6733
26.5254	26.6752
26.5424	26.6752
26.5632	26.6715
26.5872	26.6646
27.0344	26.234
27.0634	26.2223
27.0955	26.2074
27.1228	26.1975
27.9769	25.3648
27.9999	25.3708
28.009	25.3909
27.9978	25.4316
27.8938	25.564
27.8658	25.6194
27.8509	25.6745
27.8484	25.7537
27.3573	26.3094
27.3479	26.3702
27.3633	26.4062
27.3685	26.4523
26.7918	27.0796
26.7995	27.1214
26.8157	27.1547
26.8261	27.1925
26.6501	27.4164
26.6679	27.447
26.6986	27.4649
26.7386	27.4734
26.7842	27.476
26.8323	27.476
26.8777	27.4788
26.9302	27.4733
27.1951	27.2547
27.2422	27.2511
27.2775	27.2579
27.3135	27.2613
27.3459	27.2684
27.4995	27.1396
27.497	27.1569
27.4903	27.1782
27.491	27.1922
27.4966	27.201
27.5025	27.2096
27.5097	27.2169
27.517	27.2241
27.4751	27.2804
27.4914	27.2783
27.5064	27.2776
27.5203	27.278
27.4516	27.3609
27.4654	27.3613
27.4811	27.3598
27.497	27.3581
27.4583	27.4109
27.4747	27.4087
27.4913	27.4062
27.5108	27.4008
27.5031	27.4226
27.5261	27.4137
27.5501	27.4038
27.5748	27.3932
27.5649	27.4172
27.586	27.4102
27.6083	27.4019
27.6311	27.3931
27.6508	27.3875
27.4003	27.6534
27.418	27.651
27.4366	27.6477
27.4472	27.6525
27.3813	27.7341
27.4019	27.7294
27.426	27.7213
27.4501	27.7131
27.4769	27.7021
27.5061	27.6887
27.5309	27.6797
27.5551	27.6712
27.5786	27.6634
27.605	27.6527
27.6328	27.6406
27.66	27.629
27.7107	27.5936
27.7298	27.5899
27.7304	27.6046
27.7276	27.6227
27.7199	27.6456
27.7233	27.6575
27.7341	27.6619
27.7514	27.6598
27.6896	27.7375
27.7085	27.7345
27.7164	27.7425
27.7118	27.7629
27.6489	27.842
27.635	27.8723
27.6229	27.9007
27.6093	27.9305
27.5729	27.9834
27.5636	28.0091
27.5572	28.032
27.5498	28.0559
27.5959	28.0257
27.5893	28.0481
27.5842	28.069
27.5794	28.0896
27.6254	28.0589
27.6198	28.0796
27.6131	28.1015
27.607	28.1227
27.7057	28.0384
27.698	28.0602
27.691	28.0814
27.6904	28.0962
27.6968	28.104
27.839	27.9752
27.8438	27.9837
27.8514	27.9893
27.8599	27.994
27.9537	27.913
27.9661	27.9134
27.9782	27.9141
27.988	27.9171
27.885	28.0333
27.8916	28.0399
27.8983	28.0464
27.9049	28.053
27.8837	28.0873
27.8904	28.0939
27.8971	28.1005
27.9038	28.1071
27.9376	28.0863
27.9441	28.0928
27.9507	28.0992
27.9573	28.1057
28.2695	27.8053
28.2763	27.8106
28.2858	27.8132
28.2957	27.8154
28.3883	27.7346
28.3964	27.7386
28.3977	27.7493
28.3835	27.7758
28.2742	27.8973
28.2403	27.9432
28.2066	27.9889
28.1719	28.0356
27.9754	28.2441
27.9451	28.2865
27.9352	28.3085
27.9439	28.3119
27.9244	28.3435
27.9333	28.3467
27.95	28.3422
27.9678	28.3365
28.0107	28.3056
28.0214	28.3069
28.0288	28.3115
28.0367	28.3155
28.16	28.204
28.1715	28.2042
28.1838	28.2035
28.1968	28.2022
28.323	28.0875
28.3359	28.0861
28.3486	28.085
28.36	28.0852
28.3983	28.0584
28.4038	28.0644
28.4094	28.0704
28.415	28.0763
28.4196	28.0833
28.3625	28.1519
28.3593	28.1665
28.355	28.1822
28.3509	28.1977
28.294	28.266
28.2961	28.2752
28.2958	28.2869
28.2928	28.3011
28.232	28.3732
28.2316	28.3849
28.2344	28.3934
28.2401	28.3991
28.2483	28.4021
28.2644	28.3971
28.2799	28.3929
28.2946	28.3894
28.3364	28.3588
28.3492	28.3571
28.3606	28.3568
28.3731	28.3554
28.4156	28.3239
28.4294	28.3212
28.4404	28.3212
28.4481	28.3245
28.4842	28.2994
28.4918	28.3026
28.5007	28.3047
28.5113	28.3051
28.4914	28.3358
28.4976	28.3405
28.5031	28.346
28.5085	28.3514
28.4853	28.3855
28.4878	28.3938
28.4865	28.4059
28.4897	28.4135
28.4952	28.4189
28.4436	28.4813
28.449	28.4867
28.4549	28.4917
28.4603	28.4971
28.4656	28.5025
28.471	28.5079
28.4764	28.5132
28.4818	28.5186
29.0821	27.9291
29.0884	27.9353
29.0952	27.941
29.1037	27.945
29.1672	27.8941
29.1737	27.9005
29.1662	27.921
29.1504	27.9499
29.1371	27.9762
28.9572	28.1687
28.9417	28.1958
28.9288	28.2203
28.9271	28.2336
28.525	28.6465
28.5188	28.6631
28.5137	28.6785
28.5082	28.6944
28.2735	28.9393
28.2674	28.9561
28.264	28.9703
28.2637	28.9813
28.2684	28.9875
28.3398	28.9268
28.3599	28.9172
28.3744	28.9132
28.3887	28.9095
28.4906	28.818
28.5091	28.8097
28.5254	28.8036
28.5388	28.8005
28.8075	28.542
28.813	28.5466
28.8179	28.5519
28.823	28.557
28.8822	28.508
28.8759	28.5246
28.8666	28.5442
28.8586	28.5625
28.8798	28.5516
28.8693	28.5724
28.8588	28.5933
28.8484	28.614
28.8408	28.632
28.7777	28.7052
28.7736	28.7193
28.769	28.734
28.7655	28.7475
28.7351	28.7878
28.7322	28.8006
28.7249	28.8179
28.7173	28.8353
28.6824	28.88
28.6775	28.8947
28.6771	28.9048
28.6791	28.9127
28.4765	29.1243
28.4801	29.1304
28.4847	29.1355
28.4794	29.1505
28.4765	29.163
27.9967	29.652
28.0066	29.6544
28.0225	29.6508
28.0421	29.6435
28.2021	29.4957
28.2239	29.485
28.2488	29.4712
28.2719	29.4592
28.7915	28.9509
28.82	28.9318
28.8479	28.9133
28.8712	28.8994
29.1254	28.6549
29.1419	28.6484
29.1558	28.6444
29.1667	28.6436
29.1749	28.6453
29.2949	28.5354
29.2993	28.5417
29.2991	28.5524
29.2963	28.5659
29.178	28.6944
29.1761	28.7062
29.1734	28.7188
29.1731	28.7289
29.0252	28.8863
29.019	28.9018
29.013	28.9171
29.0063	28.9331
28.9144	29.034
28.9088	29.0487
28.9074	29.0592
28.9042	29.0714
28.6077	29.3765
28.6033	29.3904
28.6004	29.4026
28.5989	29.4135
28.5075	29.5142
28.5051	29.5263
28.5027	29.5383
28.4993	29.5514
28.73	29.3307
28.7381	29.3315
28.752	29.3266
28.7601	29.3273
29.0556	29.0414
29.0591	29.047
29.0637	29.0516
29.0682	29.0562
29.2455	28.8886
29.2504	28.8936
29.2604	28.8935
29.2764	28.8873
29.2974	28.8762
28.3588	29.8235
28.3784	29.8154
28.3974	29.8078
28.4063	29.8103
28.218	30.0104
28.2272	30.0147
28.2444	30.0111
28.2578	30.0113
28.4077	29.8743
28.4238	29.8701
28.4466	29.8591
28.4617	29.8559
29.1404	29.1882
29.1568	29.1803
29.1732	29.1723
29.1983	29.1556
29.4866	28.8759
29.4968	28.8746
29.4905	28.8901
29.4764	28.9133
29.5216	28.8773
29.5125	28.8956
29.4902	28.9273
29.4542	28.9727
29.2552	29.1806
29.2085	29.2358
29.1771	29.2758
29.1414	29.3201
28.9874	29.482
28.9715	29.5061
28.956	29.5298
28.9353	29.5586
28.9103	29.5917
28.8904	29.6198
28.8701	29.6482
28.8482	29.6781
28.838	29.6964
28.7417	29.8003
28.7303	29.8197
28.7147	29.8433
28.7076	29.8584
28.9009	29.6743
28.937	29.6466
28.9697	29.6222
28.994	29.6063
29.2413	29.3687
29.2454	29.374
29.2441	29.3845
29.2432	29.3947
29.1602	29.4863
29.1584	29.4968
29.1512	29.5128
29.1399	29.5327
29.008	29.6724
28.9969	29.6916
28.986	29.7106
28.9755	29.7293
28.2357	30.473
28.2445	30.4742
28.2645	30.4644
28.2962	30.443
28.5627	30.1875
28.6087	30.1503
28.6543	30.1134
28.7041	30.0725
29.1923	29.5944
29.2339	29.5607
29.279	29.5234
29.327	29.4833
29.851	28.9689
29.9014	28.9289
29.9494	28.8912
29.9884	28.8626
30.2473	28.6149
30.2738	28.6014
30.2884	28.5999
30.295	28.6065
30.1917	28.7223
30.1881	28.7377
30.1756	28.762
30.1775	28.7718
29.7744	29.1853
29.7687	29.1993
29.7566	29.2196
29.7426	29.2418
29.3165	29.6756
29.3151	29.6843
29.3245	29.6823
29.3328	29.6814
29.3397	29.6819
29.2325	29.7964
29.2485	29.7881
29.2616	29.7826
29.2763	29.7756
29.2926	29.7669
29.3119	29.7552
29.331	29.7436
29.3505	29.7318
29.5116	29.5781
29.5243	29.5726
29.536	29.568
29.5467	29.5646
29.6436	29.4747
29.6475	29.478
29.652	29.4806
29.6576	29.4821
29.724	29.4228
29.7306	29.4233
29.7347	29.4263
29.738	29.4302
29.7052	29.4701
29.7011	29.4813
29.6983	29.4911
29.6874	29.5091
29.5854	29.6181
29.578	29.6325
29.5802	29.6373
29.5837	29.6408
29.5273	29.7041
29.5326	29.7059
29.5407	29.7048
29.5478	29.7047
29.554	29.7054
29.5617	29.7047
29.569	29.7043
29.5751	29.7052
29.5808	29.7064
29.6157	29.6784
29.6201	29.6808
29.6239	29.684
29.6288	29.6859
29.6647	29.6568
29.6704	29.6579
29.6748	29.6603
29.6803	29.6616
29.7162	29.6324
29.7219	29.6335
29.727	29.6351
29.7324	29.6364
29.7376	29.638
29.742	29.6403
29.7464	29.6426
29.7527	29.643
29.7574	29.645
29.7332	29.6758
29.7401	29.6756
29.746	29.6764
29.7508	29.6782
29.7244	29.7113
29.7277	29.7146
29.731	29.7179
29.7343	29.7212
29.7376	29.7245
29.7409	29.7278
29.7442	29.7311
29.748	29.7339
29.7237	29.7648
29.7316	29.7635
29.7396	29.7621
29.7466	29.7616
29.753	29.7618
29.7588	29.7625
29.7641	29.7637
29.7692	29.7652
29.775	29.7659
29.7836	29.7638
29.793	29.7609
29.8008	29.7595
29.8076	29.7592
29.8124	29.7609
29.8169	29.7628
29.8209	29.7652
29.8241	29.7684
29.7671	29.832
29.7704	29.8352
29.7736	29.8384
29.7769	29.8417
29.7801	29.845
29.7833	29.8482
29.7866	29.8514
29.7898	29.8546
29.793	29.8579
29.7962	29.8611
29.7994	29.8643
29.8026	29.8675
29.8058	29.8707
29.809	29.8739
29.8122	29.8771
29.8154	29.8803
29.8486	29.8533
29.8518	29.8564
29.8549	29.8595
29.8581	29.8627
29.8612	29.8658
29.8645	29.8687
29.8677	29.8718
29.8708	29.8749
29.8739	29.878
29.877	29.8811
29.8801	29.8842
29.8832	29.8873
29.8863	29.8904
29.8893	29.8935
29.8924	29.8966
29.8955	29.8996
29.8986	29.9027
29.9016	29.9058
29.9047	29.9088
29.9078	29.9119
29.9108	29.9149
29.9138	29.918
29.9168	29.921
29.9199	29.9241
29.9229	29.9271
29.9259	29.9301
29.9289	29.9331
29.932	29.9361
29.935	29.9391
29.9379	29.9421
29.9409	29.9451
29.9439	29.9481
29.9469	29.9511
29.9499	29.9541
29.9529	29.9571
29.9558	29.96
29.8939	29.8981
29.8059	29.8105
29.6874	29.7015
29.5189	29.5646
29.3401	29.425
29.1483	29.2741
28.9432	29.1106
28.739	28.9462
28.543	28.7736
28.3604	28.59
28.1774	28.4067
28.0655	28.2952
28.0701	28.3007
28.1342	28.2484
28.14	28.2542
28.1458	28.26
28.1516	28.2658
28.2491	28.1799
28.2668	28.1737
28.2799	28.1721
28.2884	28.1752
28.3253	28.1498
28.335	28.1515
28.3444	28.1536
28.3537	28.1557
28.3626	28.1582
28.3685	28.1637
28.3743	28.1694
28.38	28.1751
28.3291	28.2373
28.3348	28.2429
28.3405	28.2486
28.3461	28.2542
28.2951	28.3165
28.3008	28.3221
28.3064	28.3277
28.3118	28.3335
28.3175	28.3391
28.323	28.3448
28.3286	28.3503
28.3342	28.3559
28.3398	28.3615
28.3453	28.3671
28.3508	28.3726
28.3564	28.3781
28.3619	28.3837
28.3676	28.389
28.3744	28.3933
28.3801	28.3986
28.3858	28.4038
28.392	28.4086
28.4009	28.4107
28.4122	28.4104
28.4213	28.4122
28.4284	28.416
28.4338	28.4214
28.4393	28.4268
28.4447	28.4323
28.4501	28.4377
28.4555	28.4431
28.4606	28.4488
28.4658	28.4544
28.4705	28.4605
28.4746	28.4671
28.4795	28.4729
28.4848	28.4783
28.3195	28.6545
28.3251	28.66
28.3306	28.6656
28.3361	28.6711
28.3434	28.6749
28.528	28.5011
28.5421	28.4976
28.5539	28.4963
28.5679	28.4929
28.6694	28.4019
28.6821	28.3996
28.6961	28.3961
28.7121	28.3906
28.7532	28.3599
28.7616	28.3619
28.7668	28.3671
28.7726	28.3718
28.7269	28.4279
28.7396	28.4255
28.746	28.4294
28.7493	28.4365
28.6676	28.5287
28.6706	28.536
28.6658	28.5511
28.6537	28.5735
28.5221	28.7156
28.5059	28.7423
28.4869	28.7719
28.4709	28.7984
28.3983	28.8815
28.3902	28.9002
28.3919	28.9092
28.3972	28.9146
28.4025	28.9199
28.4933	28.8396
28.5001	28.8431
28.5131	28.8405
28.527	28.8369
28.652	28.722
28.6607	28.7233
28.67	28.724
28.6792	28.7248
28.8041	28.6098
28.8141	28.6097
28.8245	28.6093
28.8348	28.6089
28.876	28.5775
28.8854	28.5781
28.8928	28.5806
28.898	28.5853
28.903	28.5902
28.8791	28.6239
28.8841	28.6288
28.889	28.6336
28.8939	28.6385
28.7833	28.7589
28.7882	28.7638
28.793	28.7687
28.7979	28.7735
28.745	28.8362
28.7499	28.841
28.7547	28.8459
28.7596	28.8508
28.7645	28.8556
28.7404	28.8895
28.7453	28.8943
28.7502	28.8992
28.7551	28.9041
28.7598	28.909
28.7646	28.9138
28.7695	28.9186
28.7743	28.9235
28.8369	28.8704
28.8416	28.8752
28.8464	28.8799
28.8512	28.8846
28.8848	28.8604
28.8863	28.8683
28.8782	28.8858
28.8627	28.9106
28.8782	28.9045
28.8691	28.9229
28.8674	28.9339
28.8721	28.9386
28.8767	28.9432
28.8852	28.944
28.9044	28.9341
28.9208	28.9269
28.9321	28.9248
28.944	28.9221
28.9566	28.9187
28.9685	28.9159
28.9785	28.9151
29.0174	28.8853
29.0269	28.8849
29.0371	28.8838
29.0466	28.8834
29.0564	28.8827
29.0651	28.8831
29.0736	28.8836
29.0804	28.8858
29.0852	28.8901
29.0277	28.9567
29.0235	28.9699
29.0226	28.9798
29.0271	28.9843
29.0024	29.018
29.0069	29.0224
29.0114	29.0269
29.0152	29.0321
28.9867	29.0696
28.9863	29.079
28.9895	29.0847
28.994	29.0891
28.9691	29.1231
28.9736	29.1276
28.9781	29.132
28.9826	29.1365
28.9871	29.141
29.0498	29.0871
29.0542	29.0915
29.0618	29.0927
29.0707	29.0926
29.1098	29.0622
29.1178	29.0629
29.1247	29.0647
29.131	29.0671
29.1385	29.0682
29.1478	29.0675
29.1567	29.0673
29.1655	29.0672
29.1735	29.0678
29.1498	29.1001
29.1563	29.1022
29.1636	29.1035
29.1682	29.1075
29.1725	29.1119
29.1765	29.1164
29.1789	29.1226
29.1829	29.1272
29.1871	29.1315
29.1913	29.1357
29.1956	29.1399
29.1999	29.1441
29.1454	29.2071
29.1497	29.2114
29.154	29.2157
29.1583	29.2199
29.1624	29.2242
29.1667	29.2285
29.171	29.2327
29.1752	29.2369
29.1794	29.2412
29.1836	29.2454
29.1878	29.2496
29.1921	29.2538
29.1962	29.2581
29.2004	29.2622
29.2046	29.2664
29.2088	29.2706
29.2423	29.2454
29.2465	29.2495
29.2506	29.2536
29.2547	29.2577
29.2588	29.2619
29.2629	29.266
29.267	29.2701
29.2712	29.2741
29.2752	29.2783
29.2793	29.2823
29.2834	29.2864
29.2875	29.2905
29.2915	29.2946
29.2955	29.2986
29.2996	29.3026
29.3037	29.3067
29.3077	29.3107
29.3117	29.3147
29.3157	29.3188
29.3198	29.3228
29.3237	29.3268
29.3277	29.3308
29.3318	29.3348
29.3358	29.3388
29.3397	29.3428
29.3437	29.3467
29.3477	29.3507
29.3517	29.3547
29.3556	29.3586
29.3595	29.3626
29.3635	29.3665
29.3674	29.3704
29.3714	29.3744
29.3753	29.3783
29.3792	29.3822
29.3832	29.3862
29.3871	29.3901
29.3909	29.394
29.3948	29.3979
29.3988	29.4018
29.4027	29.4056
29.4065	29.4096
29.4103	29.4134
29.4142	29.4173
29.4181	29.4211
29.4219	29.425
29.4257	29.4288
29.4296	29.4326
29.4335	29.4365
29.4372	29.4403
29.4411	29.4441
29.4449	29.4479
29.4487	29.4517
29.4525	29.4556
29.4563	29.4593
29.4601	29.4631
29.4639	29.4669
29.4973	29.4409
29.501	29.4447
29.5048	29.4484
29.5085	29.4521
29.5122	29.4558
29.516	29.4595
29.5197	29.4632
29.5234	29.4669
29.4973	29.5004
29.5011	29.5041
29.5048	29.5078
29.5085	29.5115
29.5122	29.5153
29.5159	29.519
29.5196	29.5226
29.5233	29.5263
29.5269	29.53
29.5306	29.5337
29.5343	29.5373
29.538	29.541
29.5415	29.5447
29.5452	29.5483
29.5489	29.5519
29.5525	29.5555
29.5562	29.5592
29.5597	29.5628
29.5634	29.5664
29.567	29.57
29.5706	29.5736
29.5742	29.5773
29.5778	29.5809
29.5814	29.5844
29.585	29.588
29.5885	29.5916
29.5921	29.5952
29.5957	29.5987
29.5992	29.6023
29.5729	29.6358
29.5765	29.6393
29.5801	29.6429
29.5836	29.6464
29.617	29.6201
29.6205	29.6236
29.6241	29.6271
29.6276	29.6306
29.631	29.6342
29.6346	29.6377
29.6381	29.6411
29.6416	29.6446
29.645	29.6481
29.6485	29.6516
29.652	29.6551
29.6555	29.6585
29.6589	29.662
29.6623	29.6654
29.6658	29.6689
29.6693	29.6723
29.6727	29.6757
29.6761	29.6792
29.6795	29.6826
29.683	29.686
29.6864	29.6894
29.6898	29.6929
29.6932	29.6963
29.6966	29.6997
29.7	29.703
29.7033	29.7065
29.7067	29.7098
29.7101	29.7132
29.7135	29.7166
29.7168	29.7199
29.7202	29.7233
29.7235	29.7266
29.7269	29.73
29.7302	29.7333
29.7336	29.7367
29.7369	29.74
29.7402	29.7433
29.7436	29.7466
29.7469	29.75
29.7502	29.7533
29.7535	29.7566
29.7568	29.7599
29.7593	29.7639
29.7562	29.7737
29.7529	29.7835
29.7502	29.7927
29.7469	29.8026
29.7437	29.8123
29.7404	29.8221
29.7339	29.8352
29.7246	29.851
29.7137	29.8683
29.7042	29.8842
29.6973	29.8977
29.7251	29.8762
29.7273	29.8804
29.7305	29.8836
29.7337	29.8868
29.7369	29.89
29.8004	29.8329
29.8035	29.836
29.8067	29.8391
29.8098	29.8423
29.8733	29.785
29.8765	29.7881
29.8796	29.7912
29.8827	29.7943
29.7649	29.9183
29.7681	29.9215
29.7712	29.9246
29.7718	29.9303
29.7669	29.9413
29.7595	29.9549
29.7511	29.9696
29.7478	29.9791
29.7499	29.9832
29.7839	29.9554
29.7886	29.9569
29.7916	29.9599
29.7947	29.963
29.8583	29.9055
29.8613	29.9086
29.8643	29.9116
29.8674	29.9147
29.931	29.8571
29.934	29.8601
29.937	29.8631
29.94	29.8662
30.0037	29.8086
30.0062	29.8122
30.0066	29.8178
30.0087	29.8218
29.0926	30.7451
29.101	30.7475
29.118	30.7415
29.1322	30.7381
29.139	30.7421
30.0031	29.8875
30.006	29.8904
30.009	29.8934
30.0214	29.8869
30.553	29.3616
30.5703	29.3525
30.584	29.347
30.5958	29.3434
30.6928	29.2547
30.6974	29.2592
30.6957	29.2699
30.6864	29.2884
30.3813	29.602
30.3726	29.6175
30.3603	29.6366
30.3471	29.6564
30.0655	29.9444
30.0596	29.9561
30.0558	29.9656
30.056	29.9711
29.784	30.2487
29.7869	30.2516
29.7847	30.2597
29.7776	30.2727
29.7125	30.3435
29.7132	30.3489
29.7164	30.3517
29.7199	30.3542
29.7247	30.3554
29.8257	30.2605
29.8422	30.2497
29.8585	30.2391
29.8714	30.2319
30.0922	30.0168
30.0963	30.0183
30.1006	30.0195
30.1059	30.0197
30.171	29.9601
30.174	29.9627
30.1768	29.9655
30.1796	29.9683
30.3041	29.8494
30.307	29.8523
30.3092	29.856
30.3074	29.8637
30.3071	29.8699
30.2781	29.9046
30.2778	29.9107
30.2787	29.9155
30.2815	29.9184
30.1931	30.0125
30.1958	30.0152
30.1959	30.0205
30.1927	30.0292
30.0361	30.1911
30.0331	30.1994
30.0311	30.2068
30.0298	30.2133
30.0018	30.2465
30.0045	30.2492
30.0073	30.2516
30.0134	30.2509
30.0224	30.2471
30.0308	30.2441
30.0352	30.2449
30.0381	30.2472
30.1326	30.1581
30.1352	30.1607
30.1385	30.1625
30.1453	30.1609
30.1541	30.1574
30.1915	30.1251
30.1943	30.1275
30.1969	30.1301
30.1995	30.1327
30.0795	30.2578
30.0821	30.2603
30.0847	30.2629
30.0873	30.2655
30.0589	30.299
30.0612	30.3018
30.0627	30.3055
30.0663	30.307
30.0746	30.3039
30.112	30.2717
30.1145	30.2742
30.117	30.2768
30.1196	30.2793
30.1837	30.2202
30.1862	30.2227
30.189	30.225
30.1936	30.2254
30.2307	30.1933
30.2399	30.1891
30.2497	30.1843
30.2571	30.1818
28.1183	32.3423
28.1436	32.3633
28.1679	32.3853
28.1914	32.4079
30.3949	30.2337
30.4056	30.2277
30.4234	30.2146
30.4438	30.1989
30.4615	30.1859
31.6937	28.9607
31.7213	28.95
31.7511	28.937
31.778	28.927
31.8532	28.8689
31.8703	28.8699
31.8793	28.8791
31.8805	28.8962
31.4718	29.3215
31.4566	29.3478
31.4396	29.3758
31.4247	29.4018
30.4084	30.4281
30.3789	30.4619
30.3467	30.4984
30.3323	30.5171
29.6294	31.225
29.6325	31.2304
29.6401	31.2313
29.6499	31.23
29.5473	31.3414
29.5686	31.3302
29.5964	31.3124
29.6168	31.3019
29.9854	30.9421
30.0045	30.9292
30.0258	30.9142
30.0468	30.8994
30.4301	30.5214
30.444	30.5117
30.4545	30.5055
30.4657	30.4987
30.9077	30.0603
30.9153	30.0573
30.9223	30.0549
30.9323	30.0495
30.9378	30.0486
30.9654	30.0257
30.9544	30.0415
30.9418	30.0589
30.9303	30.0752
30.7659	30.2445
30.753	30.2616
30.739	30.2798
30.7277	30.2953
30.4026	30.6249
30.391	30.6406
30.3833	30.6524
30.3806	30.6592
30.1952	30.849
30.1976	30.8514
30.1999	30.8538
30.2023	30.8562
30.2661	30.7971
30.2684	30.7994
30.2704	30.8019
30.271	30.8057
30.4069	30.6742
30.4198	30.6654
30.4286	30.6606
30.4357	30.6576
30.4436	30.6539
30.5743	30.5271
30.5805	30.5248
30.5861	30.523
30.5931	30.5199
30.691	30.4258
30.6933	30.4275
30.6952	30.4294
30.6971	30.4313
30.6991	30.4332
30.701	30.4351
30.703	30.4371
30.7046	30.4393
30.6754	30.4723
30.6771	30.4745
30.6781	30.4772
30.68	30.4791
30.5885	30.5745
30.5904	30.5764
30.5923	30.5783
30.5942	30.5802
30.565	30.6133
30.5669	30.6152
30.5688	30.6171
30.5707	30.619
30.5414	30.652
30.5433	30.6539
30.5453	30.6558
30.5472	30.6578
30.5491	30.6597
30.551	30.6616
30.5529	30.6635
30.5548	30.6654
30.5566	30.6673
30.5585	30.6692
30.5604	30.6711
30.5626	30.6727
30.5996	30.6394
30.6078	30.635
30.6144	30.632
30.626	30.6241
30.6995	30.5542
30.7077	30.5497
30.7127	30.5483
30.7214	30.5432
30.7277	30.5405
30.7298	30.5421
30.7263	30.5492
30.7188	30.5602
30.6788	30.6039
30.6709	30.6154
30.6626	30.6273
30.6549	30.6386
30.5514	30.7458
30.5403	30.7606
30.5263	30.7783
30.5165	30.7918
30.5449	30.767
30.5465	30.7691
30.5483	30.7709
30.5501	30.7727
30.5829	30.7436
30.5831	30.747
30.5849	30.7487
30.5872	30.75
30.5924	30.7483
30.6628	30.6815
30.672	30.6758
30.6805	30.6707
30.6876	30.6672
30.7567	30.6015
30.7618	30.5998
30.7668	30.5983
30.7706	30.598
30.8055	30.5665
30.8104	30.565
30.8151	30.5638
30.8181	30.5642
30.7572	30.6286
30.7589	30.6303
30.7607	30.632
30.7624	30.6337
30.7005	30.699
30.7006	30.7023
30.702	30.7043
30.7037	30.706
30.7054	30.7077
30.6758	30.7408
30.6775	30.7425
30.6792	30.7442
30.6809	30.7459
30.6826	30.7476
30.6843	30.7493
30.686	30.751
30.6877	30.7527
30.6894	30.7544
30.6911	30.7561
30.6927	30.7578
30.6944	30.7594
30.6961	30.7611
30.7291	30.7315
30.7308	30.7331
30.7324	30.7348
30.7341	30.7364
30.7357	30.7381
30.7374	30.7397
30.739	30.7414
30.7407	30.743
30.7736	30.7133
30.7753	30.7149
30.7769	30.7165
30.7785	30.7181
30.7801	30.7198
30.7817	30.7214
30.7834	30.723
30.785	30.7246
30.7866	30.7262
30.7568	30.7592
30.7584	30.7608
30.76	30.7624
30.7617	30.764
30.7633	30.7656
30.7649	30.7672
30.7665	30.7688
30.7681	30.7704
30.7383	30.8034
30.7399	30.805
30.7415	30.8066
30.7431	30.8082
30.7447	30.8099
30.7463	30.8115
30.7479	30.813
30.7495	30.8146
30.7824	30.7848
30.784	30.7864
30.7856	30.788
30.7872	30.7895
30.7887	30.7911
30.7903	30.7927
30.7918	30.7942
30.7934	30.7958
30.7949	30.7973
30.7965	30.7989
30.798	30.8004
30.7996	30.802
30.8326	30.7721
30.8341	30.7736
30.8356	30.7751
30.8371	30.7766
30.8387	30.7782
30.8402	30.7797
30.8417	30.7812
30.8432	30.7827
30.8448	30.7842
30.8148	30.8172
30.8163	30.8187
30.8179	30.8202
30.8194	30.8217
30.7894	30.8547
30.791	30.8562
30.7925	30.8578
30.794	30.8593
30.7955	30.8608
30.797	30.8623
30.7985	30.8638
30.8001	30.8653
30.833	30.8354
30.8345	30.8369
30.836	30.8384
30.8375	30.8398
30.8389	30.8413
30.8404	30.8428
30.8419	30.8443
30.8445	30.8447
30.8803	30.8117
30.886	30.8089
30.8897	30.8082
30.8946	30.8061
30.9014	30.8023
30.9063	30.8002
30.908	30.8014
30.9068	30.8055
30.8733	30.8419
30.8723	30.8458
30.8735	30.8475
30.8744	30.8495
30.8401	30.8867
30.836	30.8938
30.8301	30.9025
30.8233	30.9122
30.8181	30.9203
30.8137	30.9277
30.8095	30.9347
30.8048	30.9423
30.8022	30.9477
30.8012	30.9516
30.8022	30.9535
30.8017	30.9569
30.8309	30.9305
30.8294	30.9349
30.8308	30.9363
30.8322	30.9377
30.8387	30.934
30.8831	30.8924
30.8949	30.8833
30.9065	30.8746
30.9204	30.8634
30.9945	30.792
31.0013	30.788
31.0042	30.7878
31.0062	30.7887
31.0099	30.7876
31.0119	30.7884
31.0132	30.7898
31.0133	30.7925
30.974	30.8346
30.9631	30.8482
30.954	30.86
30.9524	30.8643
30.9222	30.8972
30.9235	30.8986
30.9249	30.8999
30.9246	30.9029
30.8575	30.9728
30.8498	30.9832
30.8458	30.9899
30.845	30.9935
30.8132	31.028
30.8143	31.0297
30.8157	31.0311
30.8171	31.0324
30.85	31.0023
30.8513	31.0036
30.8527	31.005
30.8548	31.0056
30.9252	30.9378
30.9309	30.9348
30.9327	30.9356
30.9343	30.9366
30.9718	30.9018
30.9771	30.8991
30.9784	30.9004
30.9813	30.9001
30.985	30.899
30.985	30.9016
30.9812	30.908
30.9806	30.9112
30.9819	30.9124
30.9832	30.9137
30.9845	30.915
30.9858	30.9163
30.9868	30.9178
30.9824	30.9248
30.9724	30.9373
30.9635	30.9487
30.9616	30.9532
30.8996	31.0178
30.9009	31.019
30.9118	31.0107
30.9255	30.9996
30.9329	30.9948
30.9384	30.9918
30.9437	30.989
30.949	30.9862
30.986	30.9518
30.9918	30.9486
30.9971	30.9458
31.0031	30.9422
31.0404	30.9074
31.0456	30.9047
31.0506	30.9021
31.0558	30.8994
31.0614	30.8963
31.0664	30.8938
31.0695	30.8932
31.0707	30.8944
31.0073	30.9603
31.0008	30.9693
30.9927	30.98
30.9861	30.989
30.9498	31.0278
30.9492	31.0309
30.9504	31.0322
30.9517	31.0334
30.9213	31.0663
30.9239	31.0663
30.9292	31.0635
30.9347	31.0605
30.939	31.0588
30.9735	31.0268
30.9758	31.0269
30.9775	31.0277
30.9787	31.0289
31.0116	30.9984
31.0128	30.9996
31.0146	31.0003
31.0161	31.0012
31.0184	31.0013
31.0206	31.0015
31.0218	31.0027
31.023	31.0039
31.0242	31.0051
31.0254	31.0063
31.0266	31.0075
31.0277	31.0087
31.0289	31.0098
31.0301	31.011
31.0313	31.0122
31.0325	31.0134
31.0336	31.0146
31.0348	31.0157
31.036	31.0169
31.0372	31.0181
31.0383	31.0193
30.9486	30.9296
30.8198	30.8012
30.6973	30.6794
30.5451	30.5886
30.4232	30.4673
30.3014	30.346
30.1731	30.2182
30.0471	30.0897
29.9196	29.9628
29.7921	29.8358
29.6646	29.7088
29.5394	29.5812
29.4127	29.455
29.2861	29.3289
29.1594	29.2028
29.0643	29.0467
28.9384	28.9214
28.8125	28.7961
28.6866	28.6708
28.5625	28.5453
28.4375	28.4208
28.3124	28.2964
28.1873	28.1719
28.09	28.0732
28.0957	28.0792
28.1015	28.085
28.1073	28.0908
28.1132	28.0966
28.1193	28.1024
28.1253	28.1083
28.1313	28.1143
28.1372	28.1202
28.1431	28.1262
28.149	28.1321
28.1549	28.138
28.1609	28.1439
28.1667	28.1498
28.1726	28.1556
28.1785	28.1615
28.1843	28.1673
28.162	28.2014
28.1679	28.2072
28.1737	28.213
28.1796	28.2189
28.1853	28.2247
28.1912	28.2305
28.197	28.2363
28.2028	28.2421
28.2085	28.248
28.2143	28.2537
28.2201	28.2595
28.2259	28.2652
28.2598	28.2428
28.2655	28.2485
28.2712	28.2542
28.277	28.2599
28.2826	28.2656
28.2883	28.2713
28.2943	28.2766
28.3	28.2823
28.2457	28.3479
28.2417	28.3633
28.2304	28.386
28.2188	28.4089
28.1809	28.4581
28.1805	28.4699
28.1859	28.4758
28.1915	28.4815
28.2253	28.459
28.2309	28.4646
28.2395	28.4673
28.2537	28.4643
28.832	27.8976
28.8456	27.8967
28.8557	27.8994
28.863	27.9048
29.8232	26.9645
29.8428	26.9742
29.865	26.9814
29.8854	26.9903
29.7512	27.1517
29.7677	27.1602
29.7792	27.1738
29.788	27.19
29.3219	27.6773
29.3197	27.6955
29.3146	27.7165
29.3096	27.7375
29.3019	27.7611
28.4572	28.6196
28.4541	28.6331
28.4519	28.6459
27.999	29.1097
28.0009	29.1204
28.0057	29.1282
28.012	29.1346
28.0182	29.1409
27.9162	29.2558
27.9327	29.253
27.9548	29.2446
27.9804	29.2327
28.336	28.8897
28.3492	28.8874
28.3617	28.8858
28.3769	28.8815
28.6539	28.6151
28.6721	28.6071
28.6891	28.6001
28.7035	28.5959
29.3941	27.9161
29.4098	27.9139
29.4288	27.9085
29.4508	27.9
29.1921	28.1716
29.2026	28.1723
29.2124	28.1736
29.2202	28.1769
28.9407	28.4676
28.9469	28.4714
28.9575	28.4707
28.9699	28.4683
30.4681	26.9872
30.4898	26.9985
30.5103	27.011
30.5315	27.0227
30.4671	27.1188
30.4751	27.141
30.4632	27.1836
30.4356	27.242
29.8104	27.8923
29.7687	27.9507
29.74	27.996
29.7283	28.0242
29.3087	28.4581
29.1959	28.3875
29.0265	28.2568
28.8814	28.1277
28.7868	28.0258
27.6466	29.0092
27.6689	29.0005
