1170	-5100	1	0
1170	-5100	1	0
1170	-5100	1	0
1170	-5100	1	0
1170	-5100	1	0
1170	-5100	1	0
1170	-5100	1	0
1170	-5100	1	0
1170	-5100	1	0
1170	-5100	1	0
1170	-5100	1	0
1170	-5100	1	0
1170	-5100	1	-0.00059467
1170	-5099.98	0.999997	-0.0023792
1170	-5099.95	0.999983	-0.0058292
1170	-5099.91	0.999943	-0.0107054
1170	-5099.86	0.999863	-0.0165334
1170	-5099.8	0.999723	-0.0235517
1170	-5099.72	0.999465	-0.0327089
1169.99	-5099.64	0.999098	-0.0424535
1169.99	-5099.53	0.998517	-0.0544482
1169.98	-5099.43	0.997767	-0.0667905
1169.97	-5099.3	0.996665	-0.0816072
1169.96	-5099.17	0.995332	-0.096515
1169.94	-5099.02	0.993468	-0.114109
1169.93	-5098.86	0.99131	-0.131545
1169.9	-5098.69	0.988401	-0.151865
1169.87	-5098.52	0.985139	-0.171757
1169.84	-5098.32	0.980861	-0.194708
1169.8	-5098.12	0.976179	-0.216965
1169.74	-5097.9	0.970168	-0.242433
1169.69	-5097.69	0.963718	-0.266924
1169.62	-5097.45	0.959184	-0.282783
1169.55	-5097.22	0.959227	-0.282635
1169.47	-5096.95	0.95931	-0.282355
1169.4	-5096.7	0.959431	-0.281944
1169.32	-5096.41	0.959562	-0.281496
1169.23	-5096.14	0.959682	-0.281087
1169.14	-5095.83	0.959864	-0.280465
1169.06	-5095.53	0.960096	-0.27967
1168.97	-5095.23	0.960327	-0.278875
1168.87	-5094.88	0.960578	-0.27801
1168.76	-5094.52	0.960851	-0.277066
1168.67	-5094.19	0.961129	-0.276101
1168.56	-5093.8	0.961431	-0.275048
1168.45	-5093.44	0.961706	-0.274084
1168.34	-5093.04	0.962006	-0.273027
1168.23	-5092.64	0.962298	-0.271998
1168.11	-5092.22	0.962606	-0.270905
1167.97	-5091.71	0.962941	-0.269713
1167.83	-5091.21	0.963244	-0.268629
1167.66	-5090.63	0.963613	-0.267301
1167.5	-5090.05	0.964	-0.265902
1167.32	-5089.39	0.964411	-0.264407
1167.15	-5088.74	0.964777	-0.263068
1166.96	-5088.07	0.965185	-0.261567
1166.75	-5087.29	0.965714	-0.259609
1166.53	-5086.47	0.966224	-0.257703
1166.32	-5085.68	0.966675	-0.256007
1166.1	-5084.85	0.967151	-0.254201
1165.86	-5083.92	0.967725	-0.25201
1165.6	-5082.94	0.968271	-0.249904
1165.36	-5082	0.968743	-0.248065
1165.11	-5081.03	0.969216	-0.246211
1164.84	-5079.92	0.969745	-0.24412
1164.57	-5078.87	0.970196	-0.242321
1164.28	-5077.68	0.970647	-0.240509
1164	-5076.55	0.971021	-0.238995
1163.68	-5075.27	0.971454	-0.237228
1163.39	-5074.06	0.971895	-0.235416
1163.09	-5072.81	0.972299	-0.233739
1162.75	-5071.41	0.972695	-0.232086
1162.4	-5069.96	0.97307	-0.23051
1162.08	-5068.59	0.973401	-0.229106
1161.75	-5067.18	0.973703	-0.227823
1161.38	-5065.61	0.973997	-0.226559
1161.04	-5064.13	0.974363	-0.224983
1160.66	-5062.47	0.974959	-0.222386
1160.3	-5060.91	0.975453	-0.220208
1159.91	-5059.17	0.975935	-0.218064
1159.52	-5057.39	0.976412	-0.215915
1159.15	-5055.71	0.976861	-0.213874
1158.78	-5054.01	0.977257	-0.212058
1158.36	-5052.1	0.977638	-0.210294
1157.98	-5050.32	0.97794	-0.208884
1157.56	-5048.34	0.978244	-0.207457
1157.17	-5046.48	0.978501	-0.206242
1156.73	-5044.42	0.978728	-0.205163
1156.33	-5042.5	0.978879	-0.20444
1155.92	-5040.54	0.977844	-0.209336
1155.44	-5038.37	0.974314	-0.225192
1154.92	-5036.17	0.970469	-0.241224
1154.39	-5034.12	0.966658	-0.256072
1153.83	-5032.05	0.962467	-0.271398
1153.17	-5029.77	0.957346	-0.288944
1152.45	-5027.46	0.951835	-0.30661
1151.75	-5025.32	0.946427	-0.322919
1150.99	-5023.16	0.940811	-0.338932
1150.12	-5020.78	0.934556	-0.355816
1149.26	-5018.58	0.928446	-0.371467
1148.27	-5016.16	0.921372	-0.388681
1147.31	-5013.93	0.914734	-0.404057
1146.21	-5011.48	0.907557	-0.419928
1145.14	-5009.22	0.900743	-0.434352
1143.92	-5006.74	0.893109	-0.449841
1142.75	-5004.45	0.886584	-0.462567
1141.42	-5001.94	0.880184	-0.474633
1140.04	-4999.41	0.873663	-0.486531
1138.73	-4997.08	0.867563	-0.497327
1137.37	-4994.74	0.86182	-0.507214
1135.84	-4992.16	0.856099	-0.516811
1134.4	-4989.79	0.850784	-0.525515
1132.77	-4987.19	0.844882	-0.534953
1131.24	-4984.79	0.83995	-0.542663
1129.53	-4982.16	0.835253	-0.549866
1127.92	-4979.73	0.830869	-0.556468
1126.12	-4977.07	0.826003	-0.563665
1124.43	-4974.61	0.82214	-0.569286
1122.55	-4971.91	0.818758	-0.574139
1120.79	-4969.42	0.815624	-0.578583
1118.84	-4966.68	0.812168	-0.583424
1117.02	-4964.15	0.809423	-0.587226
1114.99	-4961.37	0.806989	-0.590566
1113.11	-4958.8	0.804689	-0.593696
1111.02	-4955.98	0.802108	-0.597179
1109.07	-4953.38	0.800039	-0.599948
1106.92	-4950.51	0.798199	-0.602394
1104.92	-4947.87	0.796429	-0.604732
1102.89	-4945.2	0.794552	-0.607197
1100.64	-4942.28	0.786224	-0.617941
1098.3	-4939.37	0.768726	-0.639578
1096.07	-4936.75	0.75196	-0.659208
1093.75	-4934.15	0.734515	-0.678593
1091.11	-4931.37	0.714699	-0.699432
1088.6	-4928.86	0.695728	-0.718305
1085.76	-4926.18	0.674155	-0.73859
1083.07	-4923.77	0.654022	-0.756475
1080.03	-4921.21	0.631823	-0.775113
1076.89	-4918.71	0.610565	-0.791966
1073.92	-4916.47	0.592548	-0.805535
1070.89	-4914.27	0.574751	-0.818328
1067.49	-4911.94	0.555694	-0.831387
1064.31	-4909.85	0.541718	-0.840561
1060.77	-4907.59	0.531146	-0.84728
1057.48	-4905.55	0.522421	-0.852687
1053.84	-4903.34	0.513758	-0.857935
1050.45	-4901.33	0.510706	-0.859755
1046.73	-4899.11	0.513537	-0.858067
1043.3	-4897.05	0.516826	-0.85609
1039.54	-4894.77	0.521056	-0.853523
1036.07	-4892.64	0.527475	-0.849571
1032.29	-4890.27	0.537345	-0.843362
1028.82	-4888.03	0.546325	-0.837573
1025.03	-4885.54	0.555872	-0.831268
1021.56	-4883.2	0.564731	-0.825275
1018.1	-4880.8	0.573879	-0.81894
1014.32	-4878.12	0.583742	-0.81194
1010.54	-4875.38	0.593532	-0.80481
1007.08	-4872.81	0.601626	-0.798778
1003.63	-4870.19	0.608584	-0.793489
999.858	-4867.27	0.615832	-0.787878
996.088	-4864.3	0.622872	-0.782324
992.631	-4861.53	0.629202	-0.777242
989.175	-4858.71	0.633871	-0.773439
985.39	-4855.6	0.63592	-0.771755
981.588	-4852.46	0.637946	-0.770081
978.087	-4849.56	0.639798	-0.768543
974.571	-4846.63	0.640221	-0.76819
970.704	-4843.41	0.63796	-0.77007
967.127	-4840.46	0.635875	-0.771792
963.192	-4837.22	0.633592	-0.773667
959.552	-4834.25	0.631206	-0.775616
955.546	-4831	0.628311	-0.777962
951.84	-4828.01	0.625902	-0.779901
948.104	-4825.02	0.623766	-0.781611
943.996	-4821.74	0.627343	-0.778743
939.899	-4818.4	0.638859	-0.769324
936.165	-4815.27	0.649536	-0.760331
932.456	-4812.06	0.660341	-0.750966
928.438	-4808.48	0.673338	-0.739335
924.464	-4804.8	0.687692	-0.726003
920.863	-4801.34	0.700522	-0.713631
917.306	-4797.79	0.713012	-0.701152
913.475	-4793.83	0.728735	-0.684796
910.033	-4790.09	0.745757	-0.666218
906.366	-4785.89	0.763696	-0.645576
903.087	-4781.93	0.779589	-0.626291
899.604	-4777.5	0.794649	-0.607069
896.479	-4773.34	0.805882	-0.592076
893.417	-4769.1	0.816785	-0.576942
890.148	-4764.39	0.828293	-0.560296
886.956	-4759.59	0.837999	-0.545672
884.078	-4755.12	0.844832	-0.535031
881.242	-4750.59	0.85142	-0.524484
878.196	-4745.58	0.858339	-0.513084
875.448	-4740.93	0.864445	-0.502727
872.494	-4735.8	0.868375	-0.495909
869.788	-4731.06	0.868673	-0.495385
866.825	-4725.86	0.868995	-0.494821
864.097	-4721.06	0.869264	-0.494348
861.357	-4716.25	0.868894	-0.494998
858.342	-4710.97	0.867303	-0.49778
855.294	-4705.68	0.865677	-0.500603
852.47	-4700.81	0.864174	-0.503193
849.619	-4695.92	0.862448	-0.506146
846.47	-4690.58	0.860157	-0.51003
843.549	-4685.67	0.85813	-0.513432
840.324	-4680.31	0.856029	-0.516928
837.335	-4675.37	0.854421	-0.519582
834.045	-4669.97	0.853177	-0.521621
831.003	-4665.01	0.852324	-0.523014
827.661	-4659.57	0.85157	-0.52424
824.578	-4654.56	0.851165	-0.524899
821.195	-4649.08	0.851184	-0.524868
818.08	-4644.03	0.851218	-0.524812
814.667	-4638.49	0.8513	-0.524679
811.524	-4633.39	0.851406	-0.524508
808.082	-4627.8	0.851804	-0.523861
804.918	-4622.65	0.85253	-0.522679
801.748	-4617.47	0.853257	-0.52149
798.286	-4611.8	0.854052	-0.520187
794.825	-4606.11	0.854848	-0.518879
791.659	-4600.89	0.855575	-0.517678
788.499	-4595.66	0.856301	-0.516476
785.059	-4589.95	0.857094	-0.51516
781.627	-4584.23	0.857956	-0.513724
778.49	-4578.98	0.8589	-0.512144
775.362	-4573.72	0.859942	-0.510392
771.962	-4567.98	0.861129	-0.508387
768.575	-4562.23	0.862967	-0.50526
765.493	-4556.94	0.865544	-0.500832
762.439	-4551.64	0.868294	-0.49605
759.141	-4545.83	0.871497	-0.490402
756.152	-4540.48	0.874584	-0.484874
752.929	-4534.63	0.878061	-0.478548
750.012	-4529.24	0.881324	-0.472512
746.871	-4523.34	0.88494	-0.465705
744.032	-4517.91	0.888246	-0.459368
740.978	-4511.96	0.891298	-0.453418
738.208	-4506.48	0.893415	-0.449231
735.215	-4500.5	0.895647	-0.444766
732.496	-4495	0.897523	-0.440967
729.798	-4489.49	0.898795	-0.438368
726.865	-4483.47	0.899133	-0.437675
723.934	-4477.45	0.899145	-0.437651
721.245	-4471.92	0.898807	-0.438345
718.303	-4465.9	0.897582	-0.440847
715.584	-4460.39	0.895439	-0.445184
712.585	-4454.4	0.892793	-0.450468
709.804	-4448.92	0.890255	-0.455463
706.734	-4442.95	0.887189	-0.461406
703.881	-4437.51	0.883999	-0.467489
700.726	-4431.59	0.880457	-0.474125
697.794	-4426.18	0.877167	-0.480185
694.552	-4420.3	0.873528	-0.486773
691.54	-4414.93	0.870148	-0.492791
688.213	-4409.1	0.866412	-0.49933
685.123	-4403.77	0.862939	-0.505308
681.996	-4398.47	0.859398	-0.511307
678.543	-4392.7	0.856558	-0.516051
675.068	-4386.95	0.855226	-0.518256
671.868	-4381.68	0.853929	-0.52039
668.362	-4375.94	0.852416	-0.522864
665.135	-4370.69	0.852656	-0.522472
661.631	-4364.94	0.855086	-0.518486
658.442	-4359.66	0.857193	-0.514995
655.273	-4354.37	0.859187	-0.511661
651.839	-4348.58	0.861811	-0.50723
648.439	-4342.77	0.86508	-0.501633
645.355	-4337.42	0.867857	-0.496814
642.298	-4332.05	0.870396	-0.492352
638.993	-4326.18	0.872619	-0.488401
635.71	-4320.29	0.874238	-0.485498
632.716	-4314.89	0.875524	-0.483174
629.735	-4309.47	0.876621	-0.481181
626.495	-4303.56	0.87754	-0.479503
623.529	-4298.13	0.874248	-0.48548
620.196	-4292.27	0.862573	-0.505933
617.018	-4286.96	0.851061	-0.525066
613.415	-4281.25	0.837587	-0.546305
609.984	-4276.1	0.824017	-0.566564
606.093	-4270.58	0.807869	-0.589362
602.392	-4265.62	0.792292	-0.610142
598.206	-4260.32	0.774469	-0.632612
594.226	-4255.57	0.747831	-0.66389
589.606	-4250.64	0.70378	-0.710418
585.098	-4246.38	0.660695	-0.750655
579.903	-4242.05	0.61114	-0.791522
574.904	-4238.38	0.563992	-0.82578
569.699	-4235	0.519521	-0.854458
563.843	-4231.6	0.47829	-0.878202
557.833	-4228.47	0.437896	-0.899026
552.204	-4225.84	0.402088	-0.915601
546.479	-4223.43	0.37601	-0.926615
540.177	-4220.92	0.360092	-0.932917
534.363	-4218.72	0.346419	-0.93808
527.984	-4216.41	0.331994	-0.943281
522.109	-4214.36	0.333628	-0.942705
515.732	-4212.04	0.354702	-0.93498
509.933	-4209.78	0.374523	-0.927218
503.663	-4207.18	0.396528	-0.918023
497.971	-4204.66	0.41928	-0.907857
491.843	-4201.73	0.448372	-0.893847
486.309	-4198.87	0.474098	-0.880472
480.367	-4195.57	0.500565	-0.865699
475.006	-4192.39	0.523314	-0.85214
469.252	-4188.77	0.543399	-0.839475
464.04	-4185.34	0.556582	-0.830793
458.415	-4181.52	0.570165	-0.82153
453.312	-4177.93	0.581967	-0.813212
447.799	-4173.94	0.589193	-0.807992
442.757	-4170.26	0.588859	-0.808236
437.252	-4166.26	0.58799	-0.808868
432.2	-4162.59	0.586721	-0.809789
426.679	-4158.6	0.582113	-0.813108
421.586	-4154.99	0.573867	-0.818948
415.988	-4151.1	0.564426	-0.825484
410.815	-4147.6	0.555347	-0.831619
405.126	-4143.84	0.544058	-0.839048
399.863	-4140.47	0.532114	-0.846672
394.066	-4136.88	0.518777	-0.854909
388.701	-4133.67	0.506279	-0.86237
382.796	-4130.25	0.493544	-0.869721
377.341	-4127.19	0.483329	-0.875439
371.349	-4123.93	0.472483	-0.88134
365.821	-4120.99	0.462876	-0.886423
359.756	-4117.86	0.455707	-0.89013
354.181	-4115.01	0.453144	-0.891437
348.088	-4111.93	0.450342	-0.892856
342.494	-4109.11	0.447813	-0.894127
336.382	-4106.06	0.447739	-0.894164
330.785	-4103.25	0.451072	-0.892488
325.197	-4100.41	0.454429	-0.890783
319.113	-4097.29	0.458099	-0.888901
313.041	-4094.15	0.462865	-0.886429
307.491	-4091.23	0.468735	-0.883339
301.96	-4088.28	0.474767	-0.880111
295.949	-4085.01	0.481291	-0.876561
290.461	-4081.97	0.490929	-0.8712
284.522	-4078.57	0.506167	-0.862435
279.131	-4075.36	0.519722	-0.854335
273.306	-4071.76	0.534143	-0.845394
268.019	-4068.37	0.546211	-0.837648
262.303	-4064.6	0.558132	-0.829752
257.111	-4061.06	0.569177	-0.822215
251.5	-4057.13	0.581362	-0.813645
246.407	-4053.45	0.591561	-0.80626
240.899	-4049.36	0.600723	-0.799458
235.89	-4045.57	0.608952	-0.793207
230.468	-4041.36	0.617413	-0.786639
225.09	-4037.11	0.625325	-0.780365
220.195	-4033.16	0.630435	-0.776242
214.872	-4028.82	0.632283	-0.774737
210	-4024.84	0.633695	-0.773583
204.692	-4020.49	0.634881	-0.77261
199.387	-4016.13	0.633476	-0.773762
194.507	-4012.15	0.628915	-0.777474
189.154	-4007.85	0.623454	-0.78186
184.218	-4003.93	0.617952	-0.786216
178.801	-3999.71	0.61058	-0.791954
173.795	-3995.88	0.602444	-0.798161
168.29	-3991.76	0.593781	-0.804626
163.204	-3988.04	0.586305	-0.81009
157.618	-3984.03	0.580074	-0.814564
152.476	-3980.38	0.576655	-0.816988
146.85	-3976.42	0.573633	-0.819112
141.68	-3972.81	0.571736	-0.820437
136.032	-3968.88	0.572094	-0.820188
130.862	-3965.26	0.575149	-0.818049
125.239	-3961.29	0.57951	-0.814965
120.104	-3957.62	0.584407	-0.81146
114.529	-3953.58	0.591423	-0.806362
109.453	-3949.83	0.599487	-0.800384
104.415	-3946.02	0.607657	-0.794199
98.9624	-3941.81	0.616498	-0.787357
93.5553	-3937.53	0.623871	-0.781528
88.6275	-3933.58	0.628635	-0.777701
83.7225	-3929.6	0.633084	-0.774083
78.3962	-3925.22	0.637664	-0.770314
73.0944	-3920.81	0.642002	-0.766703
68.2541	-3916.74	0.644438	-0.764656
63.4203	-3912.66	0.645194	-0.764019
58.1506	-3908.21	0.645894	-0.763427
52.8835	-3903.75	0.646284	-0.763097
48.0546	-3899.66	0.644995	-0.764187
43.2122	-3895.59	0.641914	-0.766777
37.9096	-3891.17	0.638369	-0.769731
33.0299	-3887.13	0.635007	-0.772506
27.6852	-3882.76	0.630796	-0.775949
22.7622	-3878.78	0.626337	-0.779553
17.3651	-3874.46	0.621638	-0.783305
12.3949	-3870.54	0.617622	-0.786475
6.95268	-3866.28	0.617551	-0.786531
1.97956	-3862.35	0.6229	-0.782301
-3.41542	-3858.02	0.628946	-0.777449
-8.33142	-3854.02	0.634795	-0.772681
-13.659	-3849.61	0.64241	-0.766362
-18.5003	-3845.52	0.650738	-0.759303
-23.7311	-3840.99	0.659802	-0.751439
-28.4789	-3836.78	0.66787	-0.744278
-33.1683	-3832.51	0.700046	-0.714098
-37.8818	-3827.43	0.775488	-0.631362
-41.6854	-3822.34	0.835916	-0.548858
-45.2229	-3816.37	0.891647	-0.452732
-47.9078	-3810.59	0.915718	-0.401821
-50.6981	-3804.21	0.91644	-0.400171
-53.2481	-3798.37	0.916815	-0.399312
-56.0258	-3791.98	0.916928	-0.399053
-58.5855	-3786.14	0.910672	-0.41313
-61.5586	-3779.84	0.894753	-0.446561
-64.489	-3774.17	0.878793	-0.477203
-67.9093	-3768.11	0.85989	-0.510479
-71.2578	-3762.67	0.834649	-0.550782
-75.2581	-3756.97	0.795354	-0.606145
-79.2595	-3751.98	0.755917	-0.654667
-83.5665	-3747.26	0.713323	-0.700835
-88.5954	-3742.43	0.663498	-0.748178
-93.9437	-3737.95	0.614254	-0.789109
-99.0765	-3734.13	0.572244	-0.820083
-104.402	-3730.57	0.529571	-0.848265
-110.409	-3727.01	0.482824	-0.875718
-116.075	-3724.02	0.45199	-0.892023
-122.324	-3720.89	0.44247	-0.896783
-128.08	-3718.08	0.435291	-0.90029
-134.384	-3715.05	0.428501	-0.903541
-140.178	-3712.31	0.434304	-0.900766
-145.927	-3709.48	0.454065	-0.890969
-152.126	-3706.24	0.475414	-0.879762
-158.248	-3702.85	0.496265	-0.868171
-163.786	-3699.61	0.51857	-0.855035
-169.228	-3696.22	0.544723	-0.838616
-175.045	-3692.32	0.572147	-0.820151
-180.732	-3688.24	0.59837	-0.80122
-185.831	-3684.34	0.618772	-0.785571
-191.291	-3679.95	0.636723	-0.771092
-196.208	-3675.82	0.652412	-0.757864
-201.477	-3671.2	0.668728	-0.743507
-206.222	-3666.87	0.67956	-0.73362
-211.345	-3662.09	0.686334	-0.727287
-216.004	-3657.66	0.691998	-0.721899
-221.05	-3652.8	0.697656	-0.716433
-225.642	-3648.3	0.702369	-0.711813
-230.209	-3643.77	0.703374	-0.71082
-235.212	-3638.85	0.697716	-0.716374
-240.254	-3633.98	0.6917	-0.722185
-244.914	-3629.54	0.685892	-0.727703
-250.039	-3624.75	0.678083	-0.734985
-254.79	-3620.41	0.669121	-0.743153
-260.032	-3615.74	0.659101	-0.752054
-264.893	-3611.53	0.649687	-0.760201
-269.807	-3607.37	0.640875	-0.767645
-275.218	-3602.89	0.632665	-0.774425
-280.677	-3598.47	0.6246	-0.780945
-285.72	-3594.47	0.617371	-0.786672
-290.8	-3590.51	0.612082	-0.790794
-296.362	-3586.22	0.609907	-0.792473
-301.471	-3582.29	0.607912	-0.794005
-307.056	-3578.03	0.605778	-0.795634
-312.185	-3574.13	0.605805	-0.795613
-317.773	-3569.86	0.608356	-0.793664
-322.884	-3565.93	0.610684	-0.791874
-327.984	-3561.99	0.612968	-0.790108
-333.535	-3557.67	0.616264	-0.78754
-339.065	-3553.32	0.620765	-0.783997
-344.112	-3549.31	0.62487	-0.780729
-349.595	-3544.9	0.629337	-0.777133
-354.6	-3540.83	0.633415	-0.773812
-360.036	-3536.36	0.637847	-0.770163
-364.997	-3532.23	0.641891	-0.766796
-369.937	-3528.08	0.6459	-0.763422
-375.302	-3523.52	0.649732	-0.760163
-380.648	-3518.93	0.652799	-0.757531
-385.533	-3514.71	0.65547	-0.755221
-390.404	-3510.47	0.658023	-0.752997
-395.702	-3505.83	0.660641	-0.750702
-400.986	-3501.16	0.662628	-0.748949
-405.822	-3496.88	0.663756	-0.747949
-410.652	-3492.59	0.664855	-0.746972
-415.915	-3487.9	0.666052	-0.745905
-420.738	-3483.6	0.658333	-0.752727
-426.111	-3479.03	0.632589	-0.774487
-431.169	-3475	0.608356	-0.793664
-436.827	-3470.79	0.581256	-0.813721
-442.137	-3467.1	0.554872	-0.831936
-448.066	-3463.27	0.524151	-0.851625
-453.621	-3459.96	0.495374	-0.86868
-459.804	-3456.56	0.463346	-0.886177
-465.577	-3453.63	0.438753	-0.898608
-471.417	-3450.84	0.420493	-0.907296
-477.85	-3447.93	0.401208	-0.915987
-484.343	-3445.15	0.382787	-0.923837
-490.343	-3442.71	0.366978	-0.930229
-496.382	-3440.37	0.356591	-0.934261
-502.985	-3437.86	0.354992	-0.934869
-509.042	-3435.56	0.354685	-0.934986
-515.65	-3433.05	0.355466	-0.934689
-521.702	-3430.74	0.363243	-0.931694
-528.269	-3428.12	0.380134	-0.924931
-534.247	-3425.62	0.395604	-0.918421
-540.72	-3422.77	0.412238	-0.911076
-546.608	-3420.06	0.428089	-0.903737
-552.975	-3416.98	0.446095	-0.894986
-558.758	-3414.04	0.461932	-0.886915
-564.489	-3411	0.477337	-0.87872
-570.682	-3407.58	0.490199	-0.87161
-576.839	-3404.09	0.4978	-0.867292
-582.456	-3400.84	0.50448	-0.863423
-588.556	-3397.25	0.511455	-0.85931
-594.125	-3393.91	0.515515	-0.856881
-600.19	-3390.26	0.517008	-0.855981
-605.745	-3386.9	0.518173	-0.855276
-611.801	-3383.23	0.519305	-0.854589
-617.349	-3379.85	0.520276	-0.853998
-623.399	-3376.16	0.518776	-0.85491
-628.96	-3372.81	0.514122	-0.857717
-634.539	-3369.48	0.509452	-0.860499
-640.647	-3365.88	0.50434	-0.863505
-646.777	-3362.32	0.498692	-0.866779
-652.418	-3359.1	0.492829	-0.870126
-658.082	-3355.91	0.486942	-0.873434
-664.287	-3352.48	0.480495	-0.876997
-670.516	-3349.09	0.474547	-0.88023
-676.246	-3346.02	0.469749	-0.8828
-681.993	-3342.98	0.464938	-0.885343
-688.282	-3339.69	0.459673	-0.888088
-694.591	-3336.44	0.455987	-0.889987
-700.382	-3333.48	0.454651	-0.89067
-706.705	-3330.26	0.453192	-0.891413
-712.507	-3327.31	0.451871	-0.892083
-719.37	-3323.84	0.45091	-0.892569
-725.179	-3320.91	0.450986	-0.892531
-731.515	-3317.71	0.451436	-0.892304
-737.851	-3314.5	0.452227	-0.891903
-743.656	-3311.55	0.45326	-0.891378
-749.458	-3308.6	0.455023	-0.890479
-755.779	-3305.36	0.458108	-0.888896
-762.09	-3302.09	0.461359	-0.887213
-767.864	-3299.08	0.464369	-0.885642
-773.627	-3296.04	0.473221	-0.880944
-779.855	-3292.62	0.493862	-0.86954
-786.001	-3289.05	0.514225	-0.857655
-791.561	-3285.65	0.532634	-0.846346
-797.046	-3282.12	0.551572	-0.834127
-802.934	-3278.14	0.573317	-0.819333
-808.717	-3274	0.594519	-0.804081
-813.923	-3270.07	0.613438	-0.789743
-819.036	-3266.02	0.628577	-0.777747
-824.547	-3261.52	0.638346	-0.76975
-830.002	-3256.95	0.647595	-0.761985
-834.955	-3252.7	0.655554	-0.755148
-839.866	-3248.4	0.660593	-0.750744
-845.21	-3243.7	0.660916	-0.750459
-850.553	-3238.99	0.661057	-0.750336
-855.451	-3234.68	0.66115	-0.750254
-860.35	-3230.36	0.658724	-0.752384
-865.729	-3225.69	0.651297	-0.758823
-870.699	-3221.46	0.644612	-0.76451
-876.164	-3216.89	0.637439	-0.7705
-881.211	-3212.74	0.630899	-0.775865
-886.757	-3208.27	0.623814	-0.781573
-891.876	-3204.21	0.617569	-0.786517
-897.028	-3200.19	0.611721	-0.791073
-902.68	-3195.85	0.605981	-0.795479
-908.363	-3191.54	0.601722	-0.798706
-913.588	-3187.61	0.599385	-0.800461
-918.825	-3183.7	0.597317	-0.802006
-924.549	-3179.45	0.595425	-0.803411
-930.282	-3175.2	0.596046	-0.80295
-935.525	-3171.3	0.599747	-0.800189
-940.75	-3167.36	0.603565	-0.797314
-946.429	-3163.04	0.60799	-0.793944
-951.614	-3159.06	0.611506	-0.79124
-957.255	-3154.68	0.614129	-0.789206
-962.413	-3150.66	0.616707	-0.787193
-968.025	-3146.25	0.619642	-0.784884
-973.157	-3142.19	0.621543	-0.78338
-978.747	-3137.75	0.622682	-0.782475
-983.866	-3133.67	0.624122	-0.781327
-989.441	-3129.21	0.626045	-0.779787
-994.542	-3125.1	0.628106	-0.778128
-1000.1	-3120.61	0.629657	-0.776873
-1005.18	-3116.48	0.6301	-0.776514
-1010.73	-3111.98	0.630852	-0.775903
-1015.81	-3107.85	0.631874	-0.775071
-1020.88	-3103.7	0.632792	-0.774322
-1026.41	-3099.18	0.633418	-0.77381
-1031.94	-3094.65	0.634364	-0.773034
-1037.01	-3090.49	0.635528	-0.772078
-1042.05	-3086.31	0.653043	-0.757321
-1047.34	-3081.5	0.701354	-0.712814
-1052.3	-3076.34	0.747034	-0.664786
-1056.53	-3071.34	0.786295	-0.617851
-1060.45	-3066.08	0.823373	-0.567501
-1064.34	-3060.07	0.861105	-0.508426
-1067.8	-3053.8	0.89417	-0.447727
-1070.59	-3047.86	0.920245	-0.391344
-1073.01	-3041.75	0.938701	-0.344733
-1075.39	-3034.99	0.949481	-0.313826
-1077.55	-3028.15	0.958872	-0.283838
-1079.35	-3021.83	0.966261	-0.257566
-1081.12	-3014.88	0.969754	-0.244085
-1082.74	-3008.51	0.968136	-0.250426
-1084.56	-3001.57	0.96622	-0.257718
-1086.28	-2995.23	0.96433	-0.264702
-1088.2	-2988.32	0.960445	-0.278469
-1090.09	-2982.02	0.954328	-0.29876
-1092.3	-2975.2	0.947115	-0.320896
-1094.45	-2969.03	0.940085	-0.340939
-1096.72	-2962.94	0.932682	-0.3607
-1099.32	-2956.39	0.924271	-0.381738
-1101.83	-2950.45	0.916348	-0.400384
-1104.71	-2944.02	0.907535	-0.419977
-1107.46	-2938.19	0.899318	-0.437295
-1110.59	-2931.88	0.892028	-0.45198
-1113.53	-2926.14	0.887659	-0.460501
-1116.8	-2919.9	0.882864	-0.469628
-1119.85	-2914.21	0.87861	-0.47754
-1123.24	-2908.04	0.875921	-0.482455
-1126.35	-2902.38	0.875919	-0.482459
-1129.47	-2896.72	0.876153	-0.482033
-1132.86	-2890.55	0.876696	-0.481044
-1136.25	-2884.37	0.879478	-0.47594
-1139.3	-2878.67	0.88473	-0.466105
-1142.28	-2872.94	0.890048	-0.455867
-1145.46	-2866.65	0.895866	-0.444324
-1148.3	-2860.85	0.900692	-0.434458
-1151.34	-2854.48	0.905036	-0.425335
-1154.07	-2848.62	0.908867	-0.417087
-1156.99	-2842.2	0.912863	-0.408267
-1159.61	-2836.29	0.915417	-0.402507
-1162.44	-2829.82	0.916889	-0.399143
-1165.01	-2823.89	0.918241	-0.396023
-1167.79	-2817.4	0.919765	-0.392469
-1170.33	-2811.45	0.920355	-0.391085
-1172.86	-2805.5	0.919969	-0.391992
-1175.63	-2799	0.919707	-0.392605
-1178.4	-2792.51	0.919621	-0.392808
-1180.95	-2786.55	0.919266	-0.393637
-1183.5	-2780.6	0.918506	-0.395407
-1186.3	-2774.12	0.917855	-0.396916
-1189.11	-2767.64	0.917337	-0.398111
-1191.67	-2761.69	0.925491	-0.378769
-1194	-2755.65	0.942448	-0.334352
-1196.22	-2748.93	0.958623	-0.284678
-1198.09	-2742.12	0.972274	-0.233845
-1199.47	-2735.78	0.982868	-0.184309
-1200.53	-2729.39	0.991255	-0.131959
-1201.3	-2722.35	0.997162	-0.0752911
-1201.65	-2715.88	0.999709	-0.0241169
-1201.66	-2708.8	0.999528	0.0307315
-1201.33	-2702.31	0.997311	0.0732799
-1200.7	-2695.26	0.993954	0.109796
-1199.9	-2688.81	0.989883	0.141884
-1198.8	-2681.82	0.98447	0.175555
-1197.59	-2675.43	0.981144	0.193279
-1196.21	-2668.48	0.980564	0.196199
-1194.93	-2662.11	0.980129	0.198361
-1193.52	-2655.16	0.979756	0.200194
-1192.22	-2648.79	0.981836	0.189732
-1190.96	-2641.81	0.986693	0.162592
-1189.97	-2635.39	0.990522	0.137358
-1189.14	-2628.94	0.993725	0.111852
-1188.43	-2621.88	0.996732	0.0807808
-1187.99	-2615.39	0.998829	0.0483836
-1187.76	-2608.29	0.999914	0.0131491
-1187.76	-2601.79	0.999825	-0.0187167
-1187.98	-2594.69	0.998928	-0.0462888
-1188.33	-2588.19	0.99804	-0.0625819
-1188.82	-2581.11	0.996835	-0.0794964
-1189.38	-2574.62	0.995565	-0.0940716
-1190.09	-2567.55	0.994598	-0.103798
-1190.77	-2561.07	0.994434	-0.105361
-1191.52	-2554.01	0.994268	-0.106921
-1192.22	-2547.53	0.994113	-0.10835
-1193	-2540.46	0.993942	-0.109908
-1193.71	-2533.99	0.994303	-0.106593
-1194.44	-2526.92	0.995308	-0.0967586
-1195.05	-2520.43	0.996144	-0.0877352
-1195.64	-2513.34	0.996965	-0.0778475
-1196.13	-2506.84	0.997722	-0.0674543
-1196.53	-2500.33	0.998457	-0.0555315
-1196.89	-2493.23	0.999089	-0.0426641
-1197.14	-2486.71	0.999514	-0.0311673
-1197.32	-2479.6	0.999797	-0.0201657
-1197.43	-2473.08	0.999928	-0.0120285
-1197.49	-2465.96	0.999993	-0.00367106
-1197.5	-2459.43	0.999994	0.00351731
-1197.45	-2452.32	0.999957	0.00930546
-1197.38	-2445.79	0.999926	0.0121893
-1197.29	-2438.67	0.999883	0.0152707
-1197.18	-2432.14	0.999837	0.0180776
-1197.06	-2425.62	0.999812	0.0193978
-1196.92	-2418.49	0.999839	0.0179647
-1196.8	-2411.37	0.999864	0.0164674
-1196.7	-2404.84	0.999886	0.0150888
-1196.6	-2398.31	0.999919	0.0127181
-1196.52	-2391.19	0.999966	0.00825158
-1196.48	-2384.06	0.999993	0.00377869
-1196.46	-2377.53	1	-0.000333844
-1196.48	-2370.99	0.99999	-0.00445238
-1196.52	-2363.86	0.99996	-0.00894639
-1196.59	-2357.33	0.999915	-0.013066
-1196.7	-2350.2	0.999846	-0.0175602
-1196.82	-2343.66	0.999775	-0.0211993
-1196.98	-2336.53	0.999706	-0.0242518
-1197.17	-2329.4	0.999627	-0.0273044
-1197.35	-2322.86	0.999547	-0.0301025
-1197.56	-2316.33	0.999459	-0.0329007
-1197.8	-2309.19	0.999396	-0.0347505
-1198.03	-2302.66	0.999391	-0.0349029
-1198.28	-2295.52	0.999385	-0.0350693
-1198.51	-2288.98	0.99938	-0.0352221
-1198.76	-2281.85	0.999416	-0.0341853
-1198.97	-2275.31	0.999497	-0.0317257
-1199.18	-2268.77	0.999569	-0.0293666
-1199.38	-2261.63	0.999636	-0.0269893
-1199.56	-2254.49	0.999693	-0.0247934
-1199.72	-2247.94	0.999738	-0.0228888
-1199.87	-2241.4	0.999779	-0.0210197
-1200.01	-2234.25	0.99982	-0.0189809
-1200.14	-2227.11	0.999856	-0.0169413
-1200.25	-2220.56	0.999886	-0.0150708
-1200.35	-2213.42	0.999915	-0.0130305
-1200.43	-2206.86	0.999938	-0.0111603
-1200.5	-2199.72	0.999953	-0.00972226
-1200.56	-2193.16	0.999958	-0.00917681
-1200.62	-2186.61	0.999963	-0.00863156
-1200.68	-2179.46	0.999968	-0.00803697
-1200.73	-2172.9	0.999972	-0.00749218
-1200.79	-2165.75	0.999976	-0.00689756
-1200.83	-2159.2	0.99998	-0.00635202
-1200.87	-2152.04	0.999983	-0.00575714
-1200.91	-2145.48	0.999986	-0.00521206
-1200.94	-2138.93	0.999987	-0.00514967
-1200.98	-2131.77	0.999982	-0.00600304
-1201.02	-2125.21	0.999977	-0.00678556
-1201.07	-2118.05	0.999971	-0.00763947
-1201.13	-2111.49	0.999969	-0.0078181
-1201.18	-2104.33	0.999974	-0.00722204
-1201.23	-2097.77	0.999978	-0.00667587
-1201.27	-2090.61	0.999981	-0.00610102
-1201.31	-2084.05	0.999984	-0.00567411
-1201.35	-2076.88	0.999985	-0.00548199
-1201.39	-2070.32	0.999984	-0.00560521
-1201.43	-2063.16	0.999982	-0.00601093
-1201.47	-2056.59	0.999978	-0.00658189
-1201.52	-2049.42	0.999969	-0.00793203
-1201.58	-2042.86	0.99995	-0.0100436
-1201.66	-2035.69	0.999922	-0.0125012
-1201.74	-2029.12	0.999888	-0.0149589
-1201.86	-2021.95	0.999841	-0.0178424
-1201.99	-2015.38	0.999787	-0.0206366
-1202.14	-2008.22	0.999717	-0.0237766
-1202.31	-2001.65	0.999643	-0.0267118
-1202.51	-1994.48	0.999569	-0.029345
-1202.7	-1987.91	0.99952	-0.0309878
-1202.93	-1980.74	0.999463	-0.0327803
-1203.15	-1974.17	0.999407	-0.0344239
-1203.4	-1967	0.999387	-0.0350069
-1203.63	-1960.43	0.999422	-0.0339886
-1203.85	-1953.85	0.999456	-0.0329706
-1204.08	-1946.68	0.999493	-0.03185
-1204.31	-1939.51	0.999547	-0.0300949
-1204.5	-1932.93	0.999617	-0.0276899
-1204.68	-1926.35	0.99968	-0.0252852
-1204.85	-1919.18	0.999743	-0.0226621
-1205.01	-1912	0.999799	-0.020038
-1205.13	-1905.42	0.999846	-0.017539
-1205.25	-1898.24	0.999895	-0.0144971
-1205.33	-1891.66	0.999937	-0.0112368
-1205.4	-1884.47	0.999974	-0.00716806
-1205.44	-1877.89	0.999996	-0.00285456
-1205.45	-1871.3	0.999998	0.00203509
-1205.41	-1864.12	0.999968	0.00800971
-1205.34	-1856.93	0.999913	0.0131842
-1205.24	-1850.35	0.999864	0.0165087
-1205.11	-1843.16	0.999797	0.0201549
-1204.97	-1836.57	0.999724	0.0234969
-1204.79	-1829.39	0.999648	0.0265364
-1204.61	-1822.8	0.999593	0.0285446
-1204.4	-1815.62	0.999527	0.0307501
-1204.19	-1809.03	0.999462	0.0327863
-1203.95	-1801.84	0.99943	0.0337622
-1203.73	-1795.25	0.999455	0.0330183
-1203.5	-1788.06	0.999486	0.0320517
-1203.29	-1781.47	0.999521	0.030944
-1203.07	-1774.28	0.999582	0.0289258
-1202.89	-1767.69	0.999659	0.0261169
-1202.72	-1761.1	0.999733	0.0231023
-1202.57	-1753.9	0.999809	0.019524
-1202.44	-1746.71	0.999876	0.0157211
-1202.34	-1740.11	0.999927	0.0121109
-1202.27	-1733.51	0.999964	0.00844215
-1202.22	-1726.31	0.999991	0.00435877
-1202.2	-1719.11	1	0.000176098
-1202.21	-1712.51	0.999995	-0.00310774
-1202.24	-1705.91	0.999984	-0.0057258
-1202.29	-1698.71	0.999962	-0.00868189
-1202.36	-1692.11	0.999934	-0.0114708
-1202.45	-1684.91	0.99991	-0.0134133
-1202.54	-1678.31	0.999905	-0.0137508
-1202.64	-1671.1	0.999899	-0.0142114
-1202.73	-1664.5	0.999891	-0.014731
-1202.84	-1657.29	0.99989	-0.0148143
-1202.93	-1650.69	0.999899	-0.0142269
-1203.04	-1643.48	0.999907	-0.0136654
-1203.12	-1636.88	0.999913	-0.0131645
-1203.22	-1629.67	0.99992	-0.0126176
-1203.3	-1623.06	0.999927	-0.0121154
-1203.39	-1615.85	0.999933	-0.0115679
-1203.46	-1609.24	0.999939	-0.0110454
-1203.53	-1602.63	0.999946	-0.010373
-1203.6	-1595.42	0.999958	-0.00917351
-1203.67	-1588.21	0.999973	-0.00739821
-1203.71	-1581.6	0.999986	-0.00522348
-1203.74	-1574.39	0.999997	-0.00234913
-1203.75	-1567.77	1	0.000695461
-1203.73	-1560.56	0.999991	0.00420682
-1203.69	-1553.94	0.999972	0.00745048
-1203.64	-1547.33	0.999943	0.0107078
-1203.55	-1540.11	0.999898	0.0143173
-1203.43	-1532.9	0.999838	0.017979
-1203.3	-1526.28	0.999772	0.0213489
-1203.16	-1519.67	0.999718	0.0237427
-1202.98	-1512.45	0.9997	0.0244913
-1202.82	-1505.83	0.999683	0.0251729
-1202.63	-1498.61	0.999665	0.0258851
-1202.46	-1492	0.999667	0.0258212
-1202.28	-1484.78	0.999694	0.0247377
-1202.12	-1478.16	0.999723	0.0235144
-1201.95	-1470.94	0.999757	0.0220266
-1201.81	-1464.31	0.999801	0.0199291
-1201.68	-1457.09	0.999861	0.0166985
-1201.57	-1450.47	0.999908	0.0135976
-1201.49	-1443.24	0.999949	0.0101203
-1201.43	-1436.62	0.999972	0.00753176
-1201.38	-1429.39	0.999984	0.00568544
-1201.34	-1422.77	0.999991	0.00430398
-1201.32	-1416.14	0.999995	0.00310668
-1201.3	-1408.91	0.999998	0.00188516
-1201.29	-1402.28	1	0.000771106
-1201.29	-1395.05	1	-0.000444386
-1201.3	-1388.43	0.999999	-0.0015692
-1201.31	-1381.19	0.999997	-0.00223874
-1201.32	-1374.56	0.999998	-0.00217188
-1201.34	-1367.33	0.999998	-0.00219345
-1201.35	-1360.7	0.999997	-0.00227976
-1201.37	-1353.47	0.999998	-0.00189811
-1201.38	-1346.23	1	-0.00080695
-1201.38	-1339.6	1	0.000101787
-1201.38	-1332.97	1	0.000955699
-1201.37	-1325.73	0.999998	0.00185044
-1201.36	-1319.1	0.999996	0.00266521
-1201.34	-1311.86	0.999994	0.00355456
-1201.31	-1305.22	0.99999	0.00436966
-1201.28	-1297.98	0.999986	0.00525874
-1201.24	-1291.35	0.999985	0.00546122
-1201.2	-1284.11	0.999988	0.00488034
-1201.17	-1277.47	0.999991	0.00434769
-1201.14	-1270.23	0.999993	0.00376644
-1201.12	-1263.59	0.999995	0.00323372
-1201.1	-1256.95	0.999996	0.00270117
-1201.08	-1249.71	0.999998	0.00212001
-1201.07	-1243.06	0.999999	0.00158711
-1201.06	-1235.82	0.999999	0.00100577
-1201.05	-1229.18	1	0.00047295
-1201.05	-1221.93	1	-0.000108486
-1201.05	-1215.29	1	-0.000641629
-1201.06	-1208.04	0.999999	-0.0012232
-1201.07	-1201.4	0.999998	-0.00175619
-1201.08	-1194.15	0.999997	-0.00233781
-1201.1	-1187.51	0.999996	-0.00287113
-1201.12	-1180.26	1	0.000832996
-1201.09	-1173.61	0.999953	0.00972875
-1200.99	-1166.36	0.999811	0.0194324
-1200.83	-1159.71	0.999599	0.0283258
-1200.6	-1152.47	0.99941	0.0343554
-1200.37	-1145.82	0.999381	0.0351722
-1200.12	-1138.57	0.999352	0.0359908
-1199.87	-1131.93	0.999332	0.0365337
-1199.63	-1125.28	0.999391	0.0348952
-1199.4	-1118.03	0.999575	0.0291582
-1199.2	-1110.78	0.999728	0.0233078
-1199.06	-1104.13	0.99984	0.0178627
-1198.95	-1096.87	0.999936	0.0112748
-1198.89	-1090.22	0.99999	0.00444062
-1198.88	-1082.96	0.999995	-0.00301547
-1198.92	-1076.31	0.999952	-0.00984594
-1199.02	-1069.05	0.999872	-0.0160055
-1199.13	-1062.39	0.999803	-0.0198552
-1199.29	-1055.14	0.99972	-0.0236549
-1199.45	-1048.48	0.999644	-0.0266624
-1199.66	-1041.22	0.999601	-0.0282328
-1199.84	-1034.57	0.999618	-0.0276506
-1200.04	-1027.31	0.999645	-0.0266273
-1200.22	-1020.65	0.999676	-0.0254456
-1200.38	-1014	0.999707	-0.024213
-1200.55	-1006.73	0.999766	-0.0216383
-1200.69	-1000.07	0.999843	-0.0176991
-1200.8	-992.81	0.99991	-0.0134483
-1200.88	-986.15	0.999953	-0.00974303
-1200.94	-978.883	0.999982	-0.00597629
-1200.97	-972.221	0.999996	-0.00267133
-1200.98	-964.953	1	0.000897693
-1200.96	-958.29	0.999992	0.00410713
-1200.92	-951.021	0.99998	0.00627124
-1200.88	-944.357	0.999979	0.00655626
-1200.83	-937.087	0.999977	0.00675296
-1200.79	-930.422	0.999977	0.00682006
-1200.74	-923.151	0.999977	0.00680896
-1200.69	-916.485	0.999977	0.00677951
-1200.64	-909.212	0.999977	0.00674118
-1200.6	-902.545	0.999978	0.00669817
-1200.55	-895.272	0.999982	0.00603042
-1200.52	-888.604	0.999989	0.00460037
-1200.49	-881.329	0.999996	0.0029867
-1200.47	-874.66	0.999999	0.00144255
-1200.47	-867.384	1	-0.000304921
-1200.47	-860.714	0.999998	-0.00193412
-1200.49	-853.437	0.999993	-0.00371159
-1200.52	-846.766	0.999986	-0.00534107
-1200.57	-839.487	0.999975	-0.00711879
-1200.62	-832.815	0.999967	-0.00813163
-1200.67	-826.143	0.999965	-0.00840432
-1200.73	-818.863	0.999962	-0.00870193
-1200.8	-811.583	0.99996	-0.00899968
-1200.86	-804.909	0.999957	-0.00927256
-1200.92	-798.235	0.999954	-0.00954533
-1200.99	-790.953	0.999951	-0.00985363
-1201.06	-783.671	0.999948	-0.0102073
-1201.13	-776.995	0.99995	-0.00996364
-1201.2	-770.318	0.99996	-0.00899197
-1201.26	-763.034	0.999969	-0.00793209
-1201.31	-756.357	0.999976	-0.00696066
-1201.36	-749.072	0.999983	-0.00590065
-1201.39	-742.393	0.999988	-0.00492862
-1201.43	-735.107	0.999992	-0.00387437
-1201.45	-728.427	0.999996	-0.00292042
-1201.47	-721.139	0.999998	-0.00188582
-1201.48	-714.459	0.999999	-0.00155486
-1201.49	-707.17	0.999998	-0.00200208
-1201.51	-700.488	0.999997	-0.00241823
-1201.52	-693.806	0.999996	-0.00287088
-1201.54	-686.516	0.999996	-0.00284932
-1201.56	-679.833	0.999998	-0.00212256
-1201.58	-672.541	0.999999	-0.00136821
-1201.58	-665.857	1	-0.00068874
-1201.59	-658.565	1	4.02333e-05
-1201.58	-651.272	1	0.000735836
-1201.58	-644.586	0.999999	0.00131852
-1201.57	-637.9	0.999998	0.00187131
-1201.55	-630.606	0.999997	0.00246623
-1201.53	-623.919	0.999995	0.00301179
-1201.51	-616.623	0.999993	0.00360726
-1201.48	-609.935	0.999991	0.00415297
-1201.45	-602.638	0.999989	0.00474816
-1201.42	-595.949	0.999989	0.0046753
-1201.39	-589.26	0.999993	0.00386035
-1201.36	-581.962	0.999996	0.00297112
-1201.34	-574.663	0.999998	0.00208171
-1201.33	-567.972	0.999999	0.00126642
-1201.33	-561.281	1	0.000451198
-1201.33	-553.98	1	-0.000438313
-1201.33	-546.68	0.999999	-0.00132801
-1201.34	-539.378	0.999998	-0.00221773
-1201.36	-532.076	0.999995	-0.00310742
-1201.39	-525.383	0.999992	-0.00392314
-1201.41	-518.688	0.999989	-0.00473902
-1201.45	-511.385	0.999984	-0.00562925
-1201.5	-504.081	0.999983	-0.00590001
-1201.53	-497.386	0.999986	-0.00535313
-1201.57	-490.69	0.999988	-0.00480637
-1201.6	-483.384	0.999991	-0.00421007
-1201.63	-476.687	0.999991	-0.00428292
-1201.66	-469.381	0.999987	-0.00517324
-1201.7	-462.683	0.999982	-0.00598955
-1201.75	-455.376	0.999976	-0.00688023
-1201.79	-448.677	0.999975	-0.00707683
-1201.84	-441.978	0.999979	-0.00652956
-1201.89	-434.669	0.999982	-0.00593272
-1201.93	-427.359	0.999986	-0.00533603
-1201.96	-420.659	0.999989	-0.00478884
-1201.99	-413.957	0.999991	-0.00424139
-1202.02	-406.646	0.999993	-0.00364433
-1202.05	-399.335	0.999995	-0.00304739
-1202.06	-392.632	0.999997	-0.00250038
-1202.08	-385.929	0.999997	-0.00244942
-1202.1	-378.616	0.999994	-0.00334076
-1202.13	-371.912	0.999991	-0.00415799
-1202.16	-364.598	0.999987	-0.00504969
-1202.19	-357.893	0.999986	-0.00524653
-1202.23	-350.578	0.999989	-0.00464887
-1202.26	-343.873	0.999992	-0.00410114
-1202.29	-336.557	0.999994	-0.00350375
-1202.31	-329.85	0.999996	-0.00295597
-1202.33	-322.533	0.999997	-0.00235808
-1202.34	-315.825	0.999998	-0.00181014
-1202.36	-308.507	0.999999	-0.00121256
-1202.36	-301.799	0.999999	-0.00128556
-1202.38	-294.48	0.999998	-0.00217782
-1202.39	-287.77	0.999996	-0.0029959
-1202.42	-280.45	0.999992	-0.00388851
-1202.44	-273.74	0.999992	-0.00408555
-1202.47	-266.419	0.999994	-0.00348724
-1202.49	-259.708	0.999996	-0.00293896
-1202.51	-252.996	0.999997	-0.00239081
-1202.53	-245.674	0.999997	-0.00241399
-1202.55	-238.351	0.999995	-0.00330679
-1202.57	-231.638	0.999991	-0.00412537
-1202.61	-224.314	0.999987	-0.00501853
-1202.64	-217.6	0.999986	-0.00521569
-1202.68	-210.276	0.999989	-0.00461702
-1202.71	-203.561	0.999992	-0.00406837
-1202.74	-196.235	0.999994	-0.00346997
-1202.76	-189.52	0.999996	-0.00292126
-1202.78	-182.193	0.999997	-0.00232241
-1202.79	-175.476	0.999998	-0.00177359
-1202.8	-168.149	0.999999	-0.001175
-1202.81	-161.431	0.999999	-0.00124811
-1202.82	-154.103	0.999998	-0.00214641
-1202.84	-147.384	0.999995	-0.00305074
-1202.86	-140.666	0.999992	-0.00409512
-1202.89	-133.336	0.999989	-0.00475524
-1202.93	-126.616	0.999989	-0.00466998
-1202.96	-119.285	0.999989	-0.00468191
-1202.99	-112.565	0.999989	-0.00478922
-1203.03	-105.233	0.999988	-0.00499258
-1203.06	-98.512	0.999986	-0.00523072
-1203.1	-91.7903	0.999985	-0.00548148
-1203.14	-84.4572	0.999983	-0.0057614
-1203.18	-77.1235	0.999982	-0.00606992
-1203.22	-70.4006	0.99998	-0.00639943
-1203.27	-63.6773	0.999977	-0.00677146
-1203.32	-56.3423	0.999974	-0.00724236
-1203.37	-49.6182	0.99997	-0.00777813
-1203.43	-42.2823	0.999964	-0.0085088
-1203.49	-35.5574	0.999957	-0.0093232
-1203.56	-28.2208	0.999946	-0.0104258
-1203.64	-20.8838	0.999931	-0.0117516
-1203.72	-14.1578	0.999922	-0.012466
-1203.81	-7.43146	0.999925	-0.0122493
-1203.89	-0.0931396	0.999935	-0.0114416
-1203.97	6.63418	0.999951	-0.0098822
-1204.03	13.9737	0.999974	-0.00727312
-1204.07	20.7021	0.999992	-0.00405553
-1204.09	28.0428	1	5.22496e-05
-1204.08	34.7721	0.999992	0.00401243
-1204.04	41.5018	0.999968	0.00798031
-1203.97	48.8435	0.999924	0.0123095
-1203.87	56.1853	0.999862	0.0166385
-1203.74	62.9153	0.999788	0.0206066
-1203.59	69.645	0.99971	0.0240762
-1203.41	76.9866	0.999638	0.02691
-1203.22	83.7163	0.999565	0.0295075
-1202.99	91.0576	0.999477	0.0323409
-1202.77	97.7869	0.999424	0.0339407
-1202.52	105.128	0.999429	0.0337819
-1202.27	112.47	0.999435	0.033623
-1202.05	119.201	0.999439	0.0334773
-1201.82	125.932	0.999477	0.0323337
-1201.6	133.276	0.999574	0.0291807
-1201.39	140.621	0.999661	0.0260273
-1201.22	147.355	0.999732	0.0231365
-1201.08	154.089	0.999795	0.0202451
-1200.94	161.437	0.999854	0.0170903
-1200.83	168.174	0.999899	0.0141981
-1200.73	175.523	0.999939	0.0110428
-1200.67	182.261	0.999967	0.00815033
-1200.62	189.612	0.999984	0.00561879
-1200.58	196.35	0.999992	0.00409904
-1200.56	203.702	0.999997	0.00244109
-1200.55	210.442	1	0.000921237
-1200.54	217.794	1	-0.000112278
-1200.54	224.535	1	-0.000258221
-1200.55	231.276	1	-0.000404164
-1200.55	238.63	1	-0.000563374
-1200.55	245.371	1	-8.4431e-05
-1200.55	252.726	0.999999	0.00125612
-1200.54	259.468	0.999997	0.00248501
-1200.52	266.824	0.999993	0.00382561
-1200.49	273.567	0.999987	0.00503774
-1200.45	280.924	0.999981	0.00621694
-1200.4	287.667	0.999976	0.00696279
-1200.35	295.025	0.999973	0.00739251
-1200.3	301.769	0.999972	0.00746809
-1200.24	309.127	0.999974	0.00724579
-1200.2	315.873	0.999978	0.00670655
-1200.15	323.232	0.999983	0.00574695
-1200.11	329.978	0.999993	0.00386683
-1200.1	336.724	1	0.000937107
-1200.1	344.085	0.999997	-0.00257054
-1200.13	351.446	0.99998	-0.0063431
-1200.18	358.193	0.99995	-0.0100313
-1200.26	364.941	0.999903	-0.0139082
-1200.38	372.302	0.999832	-0.0183426
-1200.53	379.663	0.999737	-0.022943
-1200.69	386.41	0.999644	-0.0266843
-1200.88	393.157	0.999556	-0.0298008
-1201.11	400.517	0.999445	-0.0333199
-1201.37	407.877	0.999319	-0.0368957
-1201.62	414.623	0.999243	-0.0388915
-1201.89	421.369	0.99923	-0.0392316
-1202.18	428.729	0.999231	-0.0392014
-1202.47	436.089	0.999252	-0.0386776
-1202.72	442.836	0.999316	-0.0369781
-1202.97	449.585	0.999424	-0.0339439
-1203.2	456.948	0.999552	-0.0299408
-1203.39	463.699	0.999669	-0.0257179
-1203.57	471.065	0.999798	-0.0200927
-1203.69	477.818	0.999903	-0.0139443
-1203.77	485.186	0.999974	-0.00717922
-1203.8	491.941	1	-0.000955822
-1203.79	498.697	0.999986	0.00526766
-1203.73	506.066	0.999941	0.0108281
-1203.64	513.436	0.999893	0.014647
-1203.53	520.192	0.999838	0.0180244
-1203.4	526.948	0.999774	0.0212549
-1203.23	534.318	0.999709	0.0241109
-1203.07	541.073	0.999664	0.025926
-1202.87	548.443	0.999611	0.0279059
-1202.67	555.199	0.999558	0.0297207
-1202.45	562.569	0.999536	0.0304475
-1202.25	569.325	0.999565	0.029506
-1202.03	576.696	0.999594	0.0284787
-1201.84	583.453	0.999618	0.0276278
-1201.64	590.825	0.999654	0.0262913
-1201.47	597.584	0.999702	0.024407
-1201.3	604.957	0.99975	0.0223733
-1201.15	611.717	0.99979	0.020509
-1201	619.092	0.99983	0.0184473
-1200.89	625.853	0.999864	0.0164799
-1200.77	633.23	0.999898	0.0142791
-1200.68	639.992	0.999925	0.0122616
-1200.6	647.369	0.999949	0.0100606
-1200.53	654.133	0.999968	0.0080212
-1200.49	660.896	0.999982	0.00592982
-1200.45	668.275	0.999994	0.00357724
-1200.43	675.655	0.999999	0.00117433
-1200.43	682.42	1	-0.000485195
-1200.43	689.185	0.999999	-0.00153973
-1200.45	696.566	0.999996	-0.00289082
-1200.47	703.947	0.999991	-0.0043477
-1200.51	710.713	0.999987	-0.00511863
-1200.54	717.48	0.999987	-0.00519179
-1200.58	724.862	0.999986	-0.00536977
-1200.62	732.245	0.999984	-0.00564924
-1200.66	739.013	0.999982	-0.00597618
-1200.7	745.781	0.99998	-0.00632156
-1200.75	753.164	0.999978	-0.00668301
-1200.8	759.933	0.999976	-0.00687284
-1200.85	767.317	0.999977	-0.00671696
-1200.89	774.087	0.999981	-0.00620644
-1200.93	781.472	0.999985	-0.00550567
-1200.97	788.242	0.999988	-0.00485741
-1201	795.013	0.999991	-0.00420919
-1201.03	802.399	0.999994	-0.00350189
-1201.05	809.17	0.999996	-0.00285333
-1201.07	816.558	0.999998	-0.00214585
-1201.08	823.33	0.999999	-0.00149738
-1201.09	830.718	1	-0.000161518
-1201.09	837.49	0.999998	0.00187569
-1201.07	844.879	0.999991	0.00413238
-1201.03	851.652	0.99998	0.00628247
-1200.98	859.042	0.999967	0.00812567
-1200.92	865.815	0.999958	0.00911184
-1200.86	872.589	0.999949	0.0101288
-1200.78	879.98	0.999937	0.0112476
-1200.69	887.37	0.999924	0.0123664
-1200.61	894.145	0.999919	0.0127634
-1200.52	900.92	0.999923	0.012406
-1200.43	908.312	0.999928	0.0120161
-1200.35	915.088	0.999932	0.0116587
-1200.26	922.48	0.999937	0.0112688
-1200.19	929.257	0.99994	0.0109114
-1200.11	936.65	0.999945	0.0105214
-1200.04	943.427	0.999948	0.0101639
-1199.97	950.205	0.999952	0.00980638
-1199.9	957.599	0.999956	0.00941629
-1199.83	964.994	0.999959	0.0090262
-1199.77	971.766	0.999962	0.00866911
-1199.71	978.523	0.999969	0.00781294
-1199.66	985.871	0.999982	0.00592701
-1199.63	992.576	0.999991	0.00420402
-1199.6	999.85	0.999997	0.00233059
-1199.59	1006.48	0.999993	0.003673
-1199.55	1013.68	0.999958	0.00914627
-1199.47	1020.26	0.999899	0.0141784
-1199.35	1027.45	0.999806	0.0196759
-1199.21	1034.04	0.999695	0.0247149
-1199.02	1041.22	0.999526	0.0307975
-1198.8	1047.81	0.999311	0.0371245
-1198.53	1054.4	0.999056	0.0434501
-1198.2	1061.57	0.998732	0.0503419
-1197.82	1068.74	0.99843	0.0560102
-1197.44	1075.29	0.998219	0.0596541
-1197.04	1081.85	0.997994	0.063302
-1196.58	1088.99	0.997734	0.0672806
-1196.13	1095.55	0.99755	0.069959
-1195.62	1102.69	0.997474	0.0710332
-1195.15	1109.25	0.997403	0.0720177
-1194.63	1116.4	0.997325	0.0730917
-1194.15	1122.95	0.997297	0.0734728
-1193.62	1130.1	0.997325	0.0730985
-1193.14	1136.65	0.99735	0.0727494
-1192.62	1143.8	0.997381	0.0723251
-1192.15	1150.36	0.997416	0.0718386
-1191.64	1157.51	0.997545	0.0700215
-1191.19	1164.07	0.997767	0.0667914
-1190.72	1171.23	0.997997	0.0632668
-1190.31	1177.79	0.998196	0.0600351
-1189.89	1184.95	0.998402	0.0565081
-1189.53	1191.52	0.99858	0.0532735
-1189.16	1198.69	0.998762	0.049744
-1188.84	1205.26	0.998918	0.0465079
-1188.54	1211.83	0.999042	0.0437553
-1188.23	1219	0.999131	0.0416762
-1187.96	1225.58	0.999209	0.0397701
-1187.68	1232.75	0.999289	0.0376904
-1187.44	1239.33	0.999315	0.0369959
-1187.17	1246.5	0.999284	0.0378249
-1186.92	1253.08	0.999255	0.0385848
-1186.64	1260.26	0.999223	0.0394136
-1186.38	1266.84	0.999193	0.0401735
-1186.09	1274.02	0.999159	0.0410028
-1185.82	1280.6	0.999128	0.0417629
-1185.51	1287.78	0.999093	0.0425921
-1185.23	1294.36	0.99906	0.0433521
-1184.92	1301.54	0.999024	0.0441813
-1184.62	1308.12	0.99899	0.0449417
-1184.32	1314.7	0.998955	0.045702
-1183.99	1321.88	0.998917	0.0465314
-1183.66	1329.06	0.998878	0.047361
-1183.34	1335.65	0.998841	0.0481218
-1183.02	1342.23	0.998805	0.0488825
-1182.67	1349.41	0.998764	0.0497123
-1182.31	1356.6	0.998722	0.0505422
-1181.97	1363.18	0.998683	0.0513032
-1181.63	1369.77	0.998644	0.0520641
-1181.26	1376.95	0.9986	0.0528942
-1180.87	1384.14	0.998556	0.0537244
-1180.52	1390.72	0.998515	0.0544857
-1180.16	1397.31	0.998474	0.0552275
-1179.76	1404.5	0.998432	0.0559844
-1179.39	1411.08	0.998429	0.0560321
-1178.98	1418.27	0.998471	0.0552832
-1178.62	1424.86	0.998508	0.0545966
-1178.23	1432.05	0.998549	0.0538475
-1177.88	1438.64	0.998587	0.0531398
-1177.53	1445.23	0.998627	0.0523819
-1177.15	1452.42	0.998673	0.0514981
-1176.79	1459.62	0.998719	0.0506017
-1176.45	1466.21	0.99876	0.0497798
-1176.13	1472.81	0.998801	0.0489578
-1175.78	1480	0.998844	0.048061
-1175.46	1486.6	0.998884	0.0472388
-1175.12	1493.8	0.998926	0.0463416
-1174.82	1500.4	0.999071	0.0430854
-1174.53	1507.6	0.999339	0.0363459
-1174.31	1514.2	0.999545	0.0301662
-1174.11	1521.41	0.999726	0.0234233
-1173.97	1528.01	0.999851	0.0172401
-1173.87	1535.22	0.999945	0.0104927
-1173.82	1541.83	0.999991	0.00430689
-1173.8	1548.44	0.999998	-0.00187926
-1173.84	1555.66	0.999973	-0.00741026
-1173.9	1562.87	0.999937	-0.0112365
-1173.99	1569.48	0.999891	-0.014744
-1174.09	1576.09	0.999833	-0.0182514
-1174.24	1583.3	0.999782	-0.020858
-1174.39	1590.52	0.999763	-0.0217574
-1174.53	1597.13	0.999745	-0.0225819
-1174.69	1603.74	0.999726	-0.0234065
-1174.86	1610.96	0.999705	-0.0243061
-1175.02	1617.57	0.999699	-0.0245205
-1175.2	1624.79	0.999713	-0.0239555
-1175.35	1631.41	0.999725	-0.0234376
-1175.52	1638.62	0.999738	-0.0228727
-1175.67	1645.24	0.999764	-0.0217442
-1175.82	1652.46	0.999806	-0.0197135
-1175.95	1659.08	0.999841	-0.017852
-1176.07	1666.3	0.999875	-0.0158213
-1176.17	1672.92	0.999903	-0.0139594
-1176.26	1680.15	0.999929	-0.0119275
-1176.34	1686.77	0.999949	-0.010065
-1176.4	1693.99	0.999968	-0.00803314
-1176.45	1700.62	0.999993	-0.00372926
-1176.45	1707.24	0.999994	0.00350436
-1176.41	1714.47	0.999935	0.0113955
-1176.3	1721.69	0.999814	0.0192859
-1176.15	1728.32	0.999648	0.0265179
-1175.96	1734.94	0.99943	0.0337499
-1175.69	1742.17	0.999133	0.0416392
-1175.39	1748.79	0.998805	0.0488689
-1175.02	1756.01	0.998388	0.0567529
-1174.62	1762.63	0.998036	0.0626465
-1174.15	1769.84	0.997736	0.0672482
-1173.7	1776.46	0.997457	0.0712647
-1173.21	1783.07	0.997178	0.075069
-1172.66	1790.28	0.997028	0.0770388
-1172.11	1797.5	0.997101	0.0760941
-1171.6	1804.11	0.997185	0.07498
-1171.11	1810.73	0.997282	0.0736736
-1170.54	1818.55	0.997499	0.0706829
-1170.04	1825.77	0.997828	0.0658799
-1169.62	1832.39	0.998121	0.0612659
-1169.19	1839.61	0.998427	0.0560654
-1168.83	1846.24	0.998689	0.0511915
-1168.51	1852.87	0.998932	0.0462153
-1168.19	1860.1	0.999176	0.0405785
-1167.91	1867.34	0.999396	0.0347547
-1167.69	1873.97	0.999569	0.0293442
-1167.51	1880.61	0.999679	0.025321
-1167.34	1887.85	0.999736	0.0229718
-1167.19	1894.49	0.999771	0.0213898
-1167.04	1901.73	0.999794	0.0202903
-1166.9	1908.37	0.999764	0.0217404
-1166.73	1915.61	0.999655	0.0262728
-1166.55	1922.25	0.999526	0.0307855
-1166.31	1929.5	0.999357	0.0358464
-1166.06	1936.13	0.99918	0.0404992
-1165.75	1943.38	0.998961	0.045575
-1165.43	1950.01	0.998737	0.0502374
-1165.05	1957.25	0.998465	0.0553783
-1164.67	1963.89	0.998186	0.0602114
-1164.22	1971.12	0.997886	0.0649899
-1163.78	1977.75	0.997643	0.0686236
-1163.31	1984.39	0.997385	0.0722649
-1162.78	1991.62	0.997089	0.0762523
-1162.21	1998.85	0.996876	0.0789836
-1161.68	2005.48	0.996806	0.0798617
-1161.15	2012.1	0.996741	0.0806639
-1160.56	2019.33	0.996686	0.0813506
-1160.02	2025.96	0.996696	0.0812254
-1159.44	2033.2	0.996778	0.0802128
-1158.9	2039.83	0.996858	0.0792067
-1158.33	2047.06	0.996956	0.0779678
-1157.82	2053.69	0.997149	0.0754564
-1157.33	2060.33	0.997448	0.0713961
-1156.82	2067.57	0.997756	0.066949
-1156.39	2074.21	0.998022	0.0628606
-1155.95	2081.46	0.998263	0.0589203
-1155.56	2088.1	0.998433	0.0559684
-1155.17	2095.35	0.99861	0.0527138
-1154.82	2102	0.998763	0.0497299
-1154.5	2108.65	0.998907	0.0467451
-1154.17	2115.9	0.999054	0.0434774
-1153.86	2123.16	0.999193	0.0401581
-1153.61	2129.81	0.999314	0.0370321
-1153.37	2136.47	0.999459	0.0328781
-1153.15	2143.73	0.99965	0.026467
-1152.99	2150.39	0.999788	0.020589
-1152.86	2157.65	0.9999	0.0141754
-1152.78	2164.31	0.99996	0.00890418
-1152.73	2171.58	0.999992	0.00393942
-1152.72	2178.24	1	-0.00063007
-1152.73	2184.91	0.999986	-0.00520522
-1152.78	2192.18	0.99996	-0.0089652
-1152.86	2199.44	0.999939	-0.0110016
-1152.93	2206.11	0.999917	-0.0128684
-1153.02	2212.77	0.999891	-0.0147353
-1153.14	2220.04	0.999879	-0.0155401
-1153.24	2226.71	0.999892	-0.0146969
-1153.34	2233.98	0.999905	-0.0137772
-1153.43	2240.65	0.999916	-0.0129402
-1153.52	2247.92	0.999935	-0.0114341
-1153.59	2254.59	0.999956	-0.00934398
-1153.65	2261.86	0.999974	-0.00724051
-1153.7	2268.53	0.999985	-0.00548622
-1153.73	2275.81	0.999993	-0.00369292
-1153.75	2282.48	0.999996	-0.00283125
-1153.77	2289.15	0.999996	-0.00295618
-1153.79	2296.43	0.999994	-0.00351877
-1153.82	2303.7	0.99999	-0.00448771
-1153.86	2310.38	0.999984	-0.00570607
-1153.9	2317.66	0.999973	-0.00732652
-1153.96	2324.33	0.999959	-0.00907718
-1154.03	2331.61	0.999937	-0.0112412
-1154.11	2338.28	0.9999	-0.01412
-1154.21	2344.96	0.999838	-0.0179946
-1154.36	2352.24	0.999746	-0.0225171
-1154.54	2359.52	0.999627	-0.0273118
-1154.73	2366.19	0.999512	-0.0312451
-1154.95	2372.86	0.999407	-0.0344257
-1155.21	2380.14	0.999291	-0.0376407
-1155.47	2386.82	0.999195	-0.040118
-1155.77	2394.1	0.999159	-0.0410026
-1156.04	2400.77	0.999216	-0.0395869
-1156.32	2408.05	0.999303	-0.0373416
-1156.56	2414.72	0.999405	-0.0344793
-1156.8	2422.01	0.999554	-0.0298664
-1156.98	2428.69	0.999711	-0.0240354
-1157.14	2435.97	0.999854	-0.0170645
-1157.24	2442.65	0.999945	-0.0104501
-1157.29	2449.34	0.999993	-0.00381632
-1157.29	2456.63	0.999994	0.00342236
-1157.25	2463.31	0.999949	0.0100578
-1157.16	2470.6	0.99985	0.0172915
-1157.02	2477.28	0.999745	0.0225886
-1156.85	2484.57	0.99965	0.0264713
-1156.66	2491.26	0.99956	0.0296608
-1156.43	2498.55	0.999462	0.0328061
-1156.21	2505.23	0.999416	0.0341691
-1155.96	2512.52	0.999431	0.0337235
-1155.74	2519.2	0.999455	0.0330137
-1155.5	2526.5	0.999488	0.0319968
-1155.29	2533.18	0.99956	0.0296751
-1155.09	2540.48	0.999678	0.0253909
-1154.93	2547.16	0.999773	0.0212936
-1154.79	2554.46	0.999862	0.0166374
-1154.69	2561.15	0.999925	0.0122336
-1154.61	2568.45	0.999973	0.00736091
-1154.57	2575.14	0.999996	0.00288602
-1154.57	2581.83	0.999999	-0.00158919
-1154.59	2589.13	0.999983	-0.00585249
-1154.65	2596.43	0.999957	-0.00922204
-1154.72	2603.12	0.999925	-0.0122607
-1154.81	2609.82	0.999883	-0.0152752
-1154.93	2617.12	0.999828	-0.0185361
-1155.06	2623.81	0.999796	-0.0202145
-1155.21	2631.11	0.999793	-0.0203246
-1155.34	2637.81	0.999793	-0.0203572
-1155.49	2645.11	0.999793	-0.0203564
-1155.63	2651.81	0.999807	-0.019665
-1155.76	2658.5	0.999835	-0.0181525
-1155.88	2665.81	0.999864	-0.0164864
-1156	2673.11	0.99989	-0.0148204
-1156.09	2679.81	0.999912	-0.0132929
-1156.18	2686.51	0.999931	-0.0117648
-1156.26	2693.81	0.999949	-0.0100979
-1156.32	2700.51	0.999963	-0.00857005
-1156.38	2707.82	0.999976	-0.00690281
-1156.42	2714.52	0.999986	-0.00537383
-1156.46	2721.83	0.999993	-0.00370598
-1156.48	2728.54	0.999998	-0.00217723
-1156.49	2735.24	1	-0.000652691
-1156.49	2742.55	1	0.000998874
-1156.48	2749.25	0.999997	0.00250026
-1156.45	2756.56	0.999992	0.00411526
-1156.42	2763.27	0.999985	0.00554407
-1156.38	2770.58	0.999975	0.00704658
-1156.33	2777.29	0.999965	0.0084022
-1156.27	2783.99	0.999952	0.0097577
-1156.19	2791.31	0.999944	0.0106164
-1156.11	2798.62	0.999944	0.0105964
-1156.04	2805.33	0.999944	0.0105551
-1155.97	2812.03	0.999945	0.0104941
-1155.9	2819.35	0.999952	0.00977993
-1155.83	2826.67	0.999967	0.00817118
-1155.78	2833.38	0.999978	0.00666734
-1155.74	2840.09	0.999987	0.00510686
-1155.71	2847.41	0.999995	0.00331338
-1155.69	2854.12	0.999999	0.00159515
-1155.68	2861.44	1	-0.000318165
-1155.69	2868.15	0.999998	-0.00208596
-1155.71	2875.47	0.999994	-0.0033933
-1155.73	2882.18	0.999993	-0.00379444
-1155.76	2889.5	0.999991	-0.00423227
-1155.79	2896.21	0.999989	-0.00463383
-1155.83	2903.54	0.999987	-0.00507177
-1155.86	2910.25	0.999985	-0.00547303
-1155.9	2916.96	0.999983	-0.00587449
-1155.94	2924.29	0.99998	-0.00631268
-1155.99	2931.61	0.999981	-0.00612939
-1156.03	2938.33	0.999987	-0.00516373
-1156.06	2945.04	0.999991	-0.0041946
-1156.09	2952.37	0.999995	-0.00306644
-1156.11	2959.7	0.999998	-0.00175355
-1156.12	2966.41	1	-0.000264759
-1156.11	2973.13	0.999999	0.00156777
-1156.09	2980.46	0.999992	0.0040444
-1156.06	2987.18	0.999978	0.00668192
-1156	2994.51	0.999952	0.00980634
-1155.93	3001.22	0.999918	0.0128391
-1155.82	3008.55	0.999868	0.01624
-1155.71	3015.27	0.999823	0.0188026
-1155.56	3022.6	0.999782	0.0208832
-1155.42	3029.32	0.999737	0.0229287
-1155.24	3036.65	0.999681	0.025262
-1155.07	3043.37	0.99964	0.0268182
-1154.88	3050.09	0.999618	0.0276354
-1154.68	3057.42	0.999593	0.0285269
-1154.47	3064.75	0.999567	0.0294183
-1154.27	3071.47	0.99958	0.0289797
-1154.08	3078.19	0.999636	0.026961
-1153.89	3085.53	0.999699	0.0245509
-1153.73	3092.25	0.999756	0.0220989
-1153.58	3099.58	0.999816	0.0191973
-1153.45	3106.31	0.999877	0.0157127
-1153.36	3113.03	0.999936	0.0113401
-1153.29	3120.37	0.999979	0.00642273
-1153.26	3127.1	0.999998	0.00180229
-1153.26	3134.44	0.999996	-0.00272643
-1153.29	3141.16	0.999981	-0.00611924
-1153.35	3148.5	0.999953	-0.00974615
-1153.42	3155.23	0.999916	-0.0129748
-1153.53	3162.57	0.999885	-0.015175
-1153.63	3169.3	0.999882	-0.0153722
-1153.74	3176.64	0.999884	-0.0152001
-1153.84	3183.37	0.999893	-0.0146427
-1153.95	3190.71	0.999914	-0.0130939
-1154.03	3197.44	0.999943	-0.0107214
-1154.1	3204.78	0.999967	-0.00809301
-1154.15	3211.52	0.999984	-0.00568363
-1154.18	3218.86	0.999995	-0.00302729
-1154.2	3225.59	1	-0.000493717
-1154.19	3232.33	0.999998	0.0021731
-1154.17	3239.67	0.999986	0.00519899
-1154.12	3246.4	0.999968	0.00798085
-1154.06	3253.75	0.999939	0.011016
-1153.97	3260.48	0.999905	0.0137983
-1153.86	3267.83	0.999858	0.0168333
-1153.74	3274.56	0.99982	0.0189918
-1153.6	3281.91	0.999789	0.02053
-1153.46	3288.65	0.999759	0.02194
-1153.29	3295.99	0.999724	0.0234782
-1153.13	3302.73	0.999706	0.0242641
-1152.95	3310.08	0.999705	0.0242984
-1152.79	3316.81	0.999704	0.024322
-1152.61	3324.16	0.999704	0.0243335
-1152.44	3330.9	0.999721	0.0236066
-1152.29	3337.63	0.99976	0.0219212
-1152.13	3344.98	0.999801	0.0199581
-1152.01	3351.72	0.999837	0.0180742
-1151.88	3359.08	0.999875	0.0158224
-1151.78	3365.81	0.999907	0.0136432
-1151.69	3373.17	0.999937	0.0112229
-1151.62	3379.91	0.99996	0.00890322
-1151.56	3387.26	0.99998	0.00627142
-1151.52	3394.01	0.999993	0.00381312
-1151.5	3401.36	0.999999	0.00112318
-1151.5	3408.1	0.999999	-0.00134273
-1151.52	3414.85	0.999993	-0.00380876
-1151.55	3422.2	0.999983	-0.00587409
-1151.6	3428.95	0.999976	-0.00696535
-1151.65	3436.3	0.999967	-0.0081543
-1151.71	3443.02	0.999957	-0.00923987
-1151.78	3450.32	0.999952	-0.00979905
-1151.84	3456.99	0.999955	-0.00951151
-1151.91	3464.24	0.999958	-0.00919396
-1151.97	3470.86	0.99996	-0.00889946
-1152.04	3478.06	0.999963	-0.00858568
-1152.09	3484.63	0.999965	-0.00830836
-1152.14	3491.17	0.999968	-0.00802735
-1152.2	3498.29	0.99997	-0.00771542
-1152.25	3504.8	0.999972	-0.0074342
-1152.3	3511.91	0.999975	-0.00713738
-1152.35	3518.42	0.999976	-0.00686543
-1152.4	3525.53	0.999978	-0.00656884
-1152.44	3532.05	0.99998	-0.00629679
-1152.48	3539.16	0.999982	-0.00599979
-1152.52	3545.68	0.999984	-0.00572766
-1152.56	3552.79	0.999985	-0.00543089
-1152.59	3559.31	0.999987	-0.00515867
-1152.63	3565.83	0.999988	-0.00488624
-1152.66	3572.94	0.999989	-0.00458919
-1152.69	3580.06	0.999991	-0.00429223
-1152.72	3586.58	0.999992	-0.00401988
-1152.75	3593.1	0.999993	-0.00374733
-1152.77	3600.22	0.999994	-0.0034501
-1152.79	3606.75	0.999995	-0.00317776
-1152.82	3613.87	0.999996	-0.00288054
-1152.83	3620.39	0.999997	-0.00260783
-1152.85	3627.51	0.999997	-0.00231041
-1152.87	3634.04	0.999998	-0.00203791
-1152.88	3641.17	0.999998	-0.00177143
-1152.89	3647.7	0.999999	-0.00159172
-1152.9	3654.82	0.999999	-0.00142861
-1152.91	3661.35	0.999999	-0.00127922
-1152.92	3667.88	0.999999	-0.00112973
-1152.93	3675.01	1	-0.000966389
-1152.93	3682.14	1	-0.000803189
-1152.94	3688.67	1	-0.000653714
-1152.94	3695.21	1	-0.000504147
-1152.94	3702.34	1	-0.000361348
-1152.95	3708.87	1	-0.000296971
-1152.95	3716	1	-0.000284977
-1152.95	3722.54	1	-0.000291767
-1152.95	3729.08	1	-0.000330876
-1152.95	3736.21	1	-0.000488858
-1152.96	3743.35	1	-0.000810681
-1152.97	3749.89	0.999999	-0.00118799
-1152.97	3757.03	0.999999	-0.00162777
-1152.99	3763.57	0.999998	-0.0021476
-1153	3770.71	0.999996	-0.00290318
-1153.03	3777.25	0.999991	-0.00429054
-1153.06	3784.39	0.999978	-0.00661167
-1153.11	3790.93	0.999962	-0.00872041
-1153.17	3797.48	0.999943	-0.0106797
-1153.26	3804.62	0.999938	-0.0111358
-1153.33	3811.76	0.999955	-0.00943836
-1153.39	3818.31	0.99997	-0.00768966
-1153.43	3824.86	0.999982	-0.00592146
-1153.47	3832	0.999992	-0.00399256
-1153.49	3838.55	0.999998	-0.00221947
-1153.5	3845.7	1	-0.000237309
-1153.5	3852.25	0.999999	0.00164318
-1153.48	3859.4	0.999993	0.00369776
-1153.45	3865.95	0.999985	0.00542468
-1153.41	3873.1	0.999976	0.006979
-1153.36	3879.65	0.999967	0.00813386
-1153.3	3886.81	0.999958	0.00916067
-1153.23	3893.36	0.999957	0.00931724
-1153.18	3899.92	0.999962	0.00871467
-1153.12	3907.07	0.999968	0.00805708
-1153.06	3913.63	0.999972	0.00744371
-1153.01	3920.78	0.999981	0.00610075
-1152.98	3927.34	0.999992	0.00400172
-1152.96	3933.9	0.999998	0.00187754
-1152.95	3941.06	1	-0.000460842
-1152.96	3947.62	0.999997	-0.0026313
-1152.99	3954.78	0.999988	-0.00499935
-1153.03	3961.34	0.999974	-0.00717035
-1153.08	3968.5	0.999955	-0.00951819
-1153.15	3975.06	0.999939	-0.0110395
-1153.23	3981.63	0.99993	-0.0118355
-1153.31	3988.79	0.999919	-0.0127042
-1153.4	3995.36	0.999909	-0.0135007
-1153.5	4002.52	0.999905	-0.013765
-1153.59	4009.68	0.999913	-0.0131826
-1153.68	4016.25	0.99992	-0.0126802
-1153.76	4022.82	0.999925	-0.0122154
-1153.85	4029.98	0.999938	-0.0111182
-1153.92	4036.55	0.999956	-0.00936529
-1153.98	4043.72	0.999972	-0.0074609
-1154.02	4050.29	0.999984	-0.00569885
-1154.06	4057.46	0.99999	-0.00435902
-1154.08	4064.04	0.999993	-0.00385613
-1154.11	4071.21	0.999995	-0.00321302
-1154.13	4077.78	0.999997	-0.00254524
-1154.15	4084.95	0.999997	-0.00238045
-1154.16	4091.53	0.999996	-0.0029644
-1154.18	4098.11	0.999994	-0.00351999
-1154.21	4105.28	0.999992	-0.00411949
-1154.24	4111.86	0.999991	-0.0041843
-1154.27	4119.03	0.999994	-0.00332937
-1154.29	4125.61	0.999997	-0.00254585
-1154.3	4132.79	0.999999	-0.00169129
-1154.31	4139.37	0.999999	-0.00151388
-1154.32	4146.55	0.999998	-0.00211354
-1154.34	4153.13	0.999996	-0.00266343
-1154.36	4159.71	0.999995	-0.00321352
-1154.38	4166.9	0.999995	-0.00321747
-1154.4	4174.08	0.999997	-0.00239712
-1154.42	4180.66	0.999999	-0.00165867
-1154.43	4187.25	1	-0.000920376
-1154.43	4194.43	1	-0.000114697
-1154.43	4201.62	1	0.00069144
-1154.42	4208.2	0.999999	0.00143022
-1154.41	4215.39	0.999998	0.00223599
-1154.39	4221.98	0.999996	0.00297494
-1154.37	4228.57	0.999993	0.00371432
-1154.34	4235.75	0.99999	0.00452072
-1154.31	4242.94	0.999986	0.00532694
-1154.27	4249.53	0.999985	0.00545882
-1154.24	4256.12	0.999988	0.00486214
-1154.2	4263.32	0.999991	0.004211
-1154.18	4269.91	0.999994	0.00359898
-1154.15	4277.1	0.999996	0.00285513
-1154.14	4283.69	0.999998	0.00204386
-1154.13	4290.89	0.999999	0.00104854
-1154.12	4297.48	1	3.32524e-05
-1154.12	4304.08	0.999999	-0.00110046
-1154.14	4311.28	0.999997	-0.00250025
-1154.16	4318.47	0.999992	-0.0040344
-1154.19	4325.07	0.999985	-0.00555546
-1154.23	4332.27	0.999973	-0.00733751
-1154.29	4338.87	0.999965	-0.00842492
-1154.35	4346.07	0.999961	-0.00884935
-1154.41	4352.67	0.999957	-0.00927599
-1154.47	4359.27	0.999953	-0.00971546
-1154.54	4366.47	0.999948	-0.0101843
-1154.61	4373.07	0.999944	-0.0105585
-1154.69	4380.27	0.999941	-0.0109018
-1154.76	4386.88	0.999937	-0.0111929
-1154.83	4393.48	0.999934	-0.0114713
-1154.92	4400.68	0.999931	-0.0117748
-1155	4407.29	0.999927	-0.0120531
-1155.08	4414.49	0.999924	-0.0123571
-1155.17	4421.1	0.999926	-0.0121413
-1155.25	4428.31	0.99994	-0.0109618
-1155.32	4434.91	0.999951	-0.00988078
-1155.39	4442.12	0.999962	-0.00870175
-1155.45	4449.33	0.999972	-0.00752217
-1155.49	4455.94	0.999979	-0.00644037
-1155.53	4462.55	0.999986	-0.00535882
-1155.57	4469.76	0.999991	-0.0041792
-1155.59	4476.37	0.999995	-0.00309745
-1155.61	4483.59	0.999998	-0.00191672
-1155.62	4490.2	1	-0.000834645
-1155.62	4497.41	1	0.000345539
-1155.62	4504.03	1	0.000817943
-1155.61	4511.24	1	0.000535572
-1155.61	4517.86	1	0.000276432
-1155.61	4524.47	1	1.7017e-05
-1155.61	4531.69	1	-0.000265812
-1155.61	4538.31	1	-0.000524754
-1155.62	4545.53	1	-0.000807583
-1155.62	4552.15	0.999999	-0.0010671
-1155.63	4559.37	0.999999	-0.00135006
-1155.64	4565.99	0.999999	-0.00160916
-1155.66	4573.21	0.999998	-0.00188159
-1155.67	4579.83	0.999998	-0.00211812
-1155.68	4587.05	0.999997	-0.00237599
-1155.7	4593.67	0.999997	-0.0026121
-1155.72	4600.9	0.999996	-0.00286993
-1155.74	4607.52	0.999995	-0.00310658
-1155.76	4614.74	0.999994	-0.0033646
-1155.79	4621.37	0.999994	-0.00360079
-1155.81	4627.99	0.999993	-0.00382402
-1155.84	4635.22	0.999992	-0.00403817
-1155.87	4642.45	0.999991	-0.00423534
-1155.9	4649.07	0.99999	-0.0043873
-1155.93	4656.3	0.99999	-0.00453372
-1155.96	4662.93	0.999989	-0.00466819
-1155.99	4670.16	0.999991	-0.00420325
-1156.02	4676.79	0.999996	-0.00299202
-1156.04	4684.02	0.999999	-0.0016709
-1156.04	4690.65	1	-0.000460087
-1156.04	4697.89	1	0.000861187
-1156.03	4704.52	0.999998	0.00207296
-1156.01	4711.75	0.999994	0.00339468
-1155.99	4718.38	0.999989	0.00460599
-1155.96	4725.02	0.999986	0.005328
-1155.92	4732.25	0.999987	0.00518167
-1155.88	4739.49	0.999987	0.00503508
-1155.85	4746.12	0.999988	0.00490047
-1155.82	4752.76	0.999989	0.00476566
-1155.78	4760	0.999989	0.00461875
-1155.75	4766.63	0.99999	0.00448436
-1155.72	4773.87	0.999991	0.00433749
-1155.69	4780.51	0.999991	0.0042026
-1155.66	4787.75	0.999992	0.00405571
-1155.63	4794.39	0.999992	0.00392149
-1155.61	4801.03	0.999993	0.00378704
-1155.58	4808.27	0.999993	0.00364007
-1155.56	4815.52	0.999994	0.00349314
-1155.53	4822.16	0.999994	0.00335862
-1155.51	4828.8	0.999995	0.00322389
-1155.49	4836.04	0.999995	0.00307665
-1155.47	4842.69	0.999996	0.00294184
-1155.45	4849.93	0.999996	0.00279506
-1155.43	4856.58	0.999996	0.00266025
-1155.41	4863.82	0.999997	0.00251292
-1155.39	4870.47	0.999997	0.00237814
-1155.38	4877.72	0.999998	0.00223154
-1155.36	4884.36	0.999998	0.0020969
-1155.35	4891.61	0.999998	0.00194975
-1155.33	4898.26	0.999998	0.00181502
-1155.32	4904.91	0.999999	0.00168057
-1155.31	4912.16	0.999999	0.0015336
-1155.3	4918.81	0.999999	0.00139866
-1155.29	4926.06	0.999999	0.00125162
-1155.28	4932.71	0.999999	0.0011171
-1155.28	4939.97	1	0.000970134
-1155.27	4946.62	1	0.000845722
-1155.26	4953.87	0.999998	0.00197895
-1155.24	4960.52	0.999989	0.00466931
-1155.2	4967.78	0.999971	0.00766339
-1155.14	4974.43	0.999946	0.0104155
-1155.06	4981.09	0.999905	0.013786
-1154.95	4988.35	0.999831	0.0183933
-1154.82	4995	0.999733	0.0231196
-1154.63	5002.26	0.999577	0.0290858
-1154.42	5008.91	0.999399	0.0346559
-1154.18	5015.56	0.999205	0.0398766
-1153.87	5022.82	0.998955	0.0457136
-1153.52	5030.07	0.998678	0.0513938
-1153.19	5036.72	0.999629	0.0272428
-1153.19	5043.98	0.999295	-0.0375486
-1153.6	5050.63	0.995254	-0.0973153
-1154.51	5057.84	0.986696	-0.162576
-1155.76	5064.39	0.974245	-0.225492
-1157.44	5070.84	0.956551	-0.291566
-1159.78	5077.73	0.932171	-0.362019
-1162.36	5083.87	0.90549	-0.424367
-1165.61	5090.31	0.878885	-0.477033
-1168.81	5096.02	0.861426	-0.507883
-1172.49	5102.04	0.841667	-0.539997
-1176.02	5107.37	0.822847	-0.568263
-1180.02	5112.98	0.801421	-0.598101
-1183.81	5117.94	0.789915	-0.613216
-1187.98	5123.3	0.788909	-0.614511
-1191.8	5128.2	0.787978	-0.615703
-1195.99	5133.55	0.786973	-0.616988
-1199.82	5138.45	0.789941	-0.613183
-1203.62	5143.38	0.797479	-0.603347
-1207.68	5148.82	0.805575	-0.592494
-1211.68	5154.32	0.813522	-0.581535
-1215.27	5159.41	0.82383	-0.566837
-1218.75	5164.57	0.837518	-0.546409
-1222.4	5170.31	0.851806	-0.523857
-1225.61	5175.65	0.864249	-0.503064
-1228.97	5181.56	0.87663	-0.481165
-1231.92	5187.06	0.886801	-0.462151
-1235.01	5193.12	0.897376	-0.441267
-1237.71	5198.74	0.90653	-0.422141
-1240.53	5204.94	0.91406	-0.405579
-1243.04	5210.65	0.918239	-0.396026
-1245.7	5216.92	0.922556	-0.385864
-1248.09	5222.69	0.926325	-0.376725
-1250.43	5228.48	0.92502	-0.379918
-1253.09	5234.75	0.913555	-0.406714
-1255.94	5240.95	0.9011	-0.433611
-1258.71	5246.55	0.888778	-0.458337
-1261.64	5252.07	0.877697	-0.479215
-1264.96	5258.03	0.86779	-0.496931
-1268.11	5263.43	0.858346	-0.513071
-1271.66	5269.26	0.847689	-0.530493
-1275.01	5274.54	0.839709	-0.543037
-1278.43	5279.78	0.834068	-0.551661
-1282.23	5285.46	0.827673	-0.561211
-1285.76	5290.62	0.821613	-0.570046
-1289.71	5296.2	0.797871	-0.602829
-1294.01	5301.51	0.746646	-0.665222
-1298.31	5306.06	0.695161	-0.718854
-1303.39	5310.64	0.634378	-0.773023
-1308.36	5314.47	0.572824	-0.819678
-1314.11	5318.19	0.499131	-0.866527
-1319.66	5321.15	0.428756	-0.90342
-1325.42	5323.66	0.35649	-0.934299
-1331.91	5325.89	0.291958	-0.956431
-1337.96	5327.63	0.252959	-0.967477
-1344.64	5329.24	0.211495	-0.977379
-1350.81	5330.48	0.174207	-0.984709
-1357.6	5331.58	0.152977	-0.98823
-1363.82	5332.56	0.158598	-0.987343
-1370.61	5333.67	0.165392	-0.986228
-1377.39	5334.82	0.172943	-0.984932
-1383.6	5335.93	0.180557	-0.983565
-1390.36	5337.21	0.197167	-0.98037
-1396.53	5338.52	0.222601	-0.97491
-1402.66	5339.99	0.248022	-0.968754
-1403.77	5340.27	0.250329	-0.968161
-1403.77	5340.27	0.250329	-0.968161
-1403.77	5340.27	0.250329	-0.968161
-1403.77	5340.27	0.250329	-0.968161
-1403.77	5340.27	0.250329	-0.968161
-1403.77	5340.27	0.250329	-0.968161
-1403.77	5340.27	0.250329	-0.968161
-1403.77	5340.27	0.250329	-0.968161
-1403.77	5340.27	0.250329	-0.968161
-1403.77	5340.27	0.250329	-0.968161
-1403.77	5340.27	0.250329	-0.968161
-1403.77	5340.27	0.250329	-0.968161
-1403.77	5340.27	0.250329	-0.968161
-1403.77	5340.27	0.250329	-0.968161
-1403.77	5340.27	0.250329	-0.968161
-1403.77	5340.27	0.250329	-0.968161
-1403.77	5340.27	0.250329	-0.968161
-1403.77	5340.27	0.250329	-0.968161
-1403.77	5340.27	0.250329	-0.968161
-1403.77	5340.27	0.250329	-0.968161
-1403.77	5340.27	0.250329	-0.968161
-1403.77	5340.27	0.250329	-0.968161
-1403.77	5340.27	0.250329	-0.968161
-1403.77	5340.27	0.250329	-0.968161
-1403.77	5340.27	0.250329	-0.968161
-1403.77	5340.27	0.250329	-0.968161
-1403.77	5340.27	0.250329	-0.968161
-1403.77	5340.27	0.250329	-0.968161
-1403.77	5340.27	0.250329	-0.968161
-1403.77	5340.27	0.250329	-0.968161
-1403.77	5340.27	0.250329	-0.968161
-1403.77	5340.27	0.250329	-0.968161
-1403.77	5340.27	0.250329	-0.968161
-1403.77	5340.27	0.250329	-0.968161
-1403.77	5340.27	0.250329	-0.968161
-1403.77	5340.27	0.250329	-0.968161
-1403.77	5340.27	0.250329	-0.968161
-1403.77	5340.27	0.250329	-0.968161
-1403.77	5340.27	0.250329	-0.968161
-1403.77	5340.27	0.250329	-0.968161
-1403.77	5340.27	0.250329	-0.968161
-1403.77	5340.27	0.250329	-0.968161
-1403.77	5340.27	0.250329	-0.968161
-1403.77	5340.27	0.250329	-0.968161
-1403.77	5340.27	0.250329	-0.968161
-1403.77	5340.27	0.250329	-0.968161
-1403.77	5340.27	0.250329	-0.968161
-1403.77	5340.27	0.250329	-0.968161
-1403.77	5340.27	0.250329	-0.968161
-1403.77	5340.27	0.250329	-0.968161
-1403.77	5340.27	0.250329	-0.968161
-1403.77	5340.27	0.250329	-0.968161
-1403.77	5340.27	0.250329	-0.968161
-1403.77	5340.27	0.250329	-0.968161
-1403.77	5340.27	0.250329	-0.968161
-1403.77	5340.27	0.250329	-0.968161
-1403.77	5340.27	0.250329	-0.968161
-1403.77	5340.27	0.250329	-0.968161
-1403.77	5340.27	0.250329	-0.968161
