0	0
0	0
0	0
0	0
0	0
0	0
0	0
0	0
0	0
0	0
0	0
0	0
0	0
0	0
0	0
0	0
0	0
0	0
0	0
0	0
0	0
0	0
0	0
0	0
0.0657213	0.0760047
0.131313	0.152139
0.196782	0.228396
0.262149	0.304755
0.327416	0.381214
0.392612	0.457744
0.457711	0.534371
0.522793	0.611015
0.58798	0.687554
0.653264	0.763995
0.718545	0.84044
0.783818	0.916893
0.849082	0.993354
0.914338	1.06982
0.979586	1.1463
1.04483	1.22279
1.11006	1.29928
1.17528	1.37578
1.2405	1.45229
1.3057	1.52881
1.3709	1.60534
1.43609	1.68188
1.50127	1.75842
1.56645	1.83497
1.63161	1.91153
1.69677	1.9881
1.76192	2.06467
1.82706	2.14126
1.89219	2.21785
1.95731	2.29445
2.02243	2.37106
2.08753	2.44768
2.15263	2.5243
2.21772	2.60094
2.2828	2.67758
2.34788	2.75423
2.41294	2.83089
2.478	2.90755
2.54305	2.98423
2.60809	3.06091
2.67312	3.1376
2.73815	3.2143
2.80316	3.29101
2.86817	3.36772
2.93317	3.44444
2.99816	3.52118
3.06314	3.59792
3.12811	3.67466
3.19308	3.75142
3.25804	3.82818
3.32298	3.90496
3.38792	3.98174
3.45286	4.05852
3.51778	4.13532
3.5827	4.21213
3.6476	4.28894
3.7125	4.36576
3.77739	4.44259
3.84227	4.51943
3.90715	4.59627
3.97201	4.67312
4.03687	4.74999
4.10172	4.82686
4.16656	4.90373
4.23139	4.98062
4.29621	5.05751
4.36102	5.13441
4.42583	5.21132
4.49063	5.28824
4.55542	5.36517
4.6202	5.4421
4.68497	5.51904
4.70582	5.54381
4.72667	5.56858
4.74752	5.59336
4.74147	5.58617
5.57864	4.73582
4.73225	5.57521
5.57243	4.87683
4.81624	5.67503
4.80964	5.66719
4.87439	5.74415
4.86768	5.73618
5.11322	5.63256
4.99716	5.89014
5.09092	5.87047
5.09568	6.00734
5.48227	5.68646
5.39684	5.8828
5.41487	6.00645
5.2672	6.21148
5.25743	6.19985
5.35407	6.13879
5.33831	6.29614
5.33993	6.29807
5.6482	5.98121
6.1033	5.66781
5.41079	6.38247
6.37894	5.40861
5.40022	6.36987
6.44347	5.46279
5.49972	6.48842
5.49559	6.4835
6.27803	5.7437
6.58313	5.58001
5.57074	6.57305
6.15614	5.9667
5.57135	6.57378
5.73671	6.5503
5.71009	6.55733
6.16274	6.09231
6.07058	6.32617
6.24797	6.22083
5.75277	6.7039
6.35736	6.09667
5.74289	6.72997
5.75843	6.79683
5.75172	6.78883
5.91326	6.76917
6.92338	5.86538
5.86498	6.92393
5.85548	6.91259
6.90271	5.84805
6.95698	5.89355
5.95768	7.03456
5.95447	7.03072
7.03626	5.95999
6.96783	6.00682
5.94406	7.01829
6.0427	7.06142
6.7872	6.45907
6.92335	6.4646
6.20241	7.32677
6.82799	6.70711
6.26941	7.40682
6.26211	7.3981
6.79734	6.91854
7.42913	6.289
7.50627	6.35357
6.67392	7.2629
6.39805	7.56056
6.50324	7.46587
7.51404	6.46425
6.47149	7.64837
6.83625	7.27716
6.74983	7.45527
6.77612	7.57065
6.56478	7.75994
6.92587	7.54109
7.66359	6.91837
6.67176	7.88793
6.66509	7.87996
7.21873	7.46875
6.7941	8.03436
6.85859	8.11157
7.52988	7.4581
7.52859	7.59207
7.05178	8.20991
6.98236	8.25982
8.31466	7.02917
8.04109	7.36004
7.11884	8.42336
7.18329	8.50061
7.24772	8.57788
7.69335	8.27474
7.36966	8.72413
8.80081	7.43468
8.80507	7.43823
8.2505	8.03024
8.90224	7.5192
7.58298	8.98015
7.62306	9.02827
7.64365	9.053
9.07742	7.66513
7.71555	9.13935
7.72249	9.14769
7.75238	9.17056
7.81082	9.2538
7.87517	9.33114
9.35756	7.89833
8.58965	8.65662
7.94704	9.41754
8.40831	9.01592
9.52624	8.03865
8.05875	9.55186
8.05128	9.54288
8.06112	9.55472
8.12545	9.63209
9.62714	8.12255
8.1862	9.70518
8.2505	9.78257
8.2681	9.80374
8.33239	9.88114
8.32569	9.87307
8.45131	9.72762
8.31167	9.85619
8.33722	9.88695
9.51333	8.80854
8.38534	9.94489
8.37672	9.93451
8.441	10.0119
8.50527	10.0893
9.47148	9.26637
9.35979	9.5198
9.57987	9.41673
8.75108	10.3856
10.2416	9.03755
9.47116	9.95048
10.5472	8.88642
8.9499	10.6254
9.01411	10.7029
10.5428	9.18481
9.04201	10.7366
9.1062	10.8141
9.12016	10.8309
10.9077	9.18511
9.7857	10.4504
9.40746	10.9691
9.87381	10.6457
9.44099	11.2185
9.50512	11.2961
11.3	9.50981
9.54659	11.3462
9.57605	11.3818
10.4571	10.6447
9.70429	11.537
10.8824	10.5028
9.76025	11.6047
9.82435	11.6823
10.3738	11.2764
10.8438	10.9486
9.9502	11.8346
11.6927	10.1987
10.062	11.9701
10.3003	11.7646
10.0672	11.9763
10.076	11.987
11.9841	10.0751
11.7047	10.4978
10.2024	12.1402
10.2664	12.2178
10.7114	11.9163
10.3456	12.3139
12.3907	10.4105
11.7474	11.1982
10.5377	12.5469
10.6017	12.6246
10.651	12.6845
10.965	12.5134
11.4462	12.1753
10.8429	12.9176
10.9068	12.9953
12.2888	11.7581
13.0847	10.9821
10.9797	13.0838
13.1606	11.0446
13.1998	11.1473
11.1823	13.3063
11.4471	13.1843
11.7984	12.976
13.5494	11.3641
11.6232	13.3262
11.4426	13.647
13.6401	11.4387
11.431	13.6329
11.4489	13.6529
11.1373	13.2726
10.388	12.3627
9.43017	11.2031
8.38072	9.93729
7.27799	8.61243
6.17918	7.29757
5.37852	5.67956
4.24421	4.39727
2.8634	3.36141
1.85996	1.65588
0.436777	0.373638
0	0
0	0
0	0
0.071861	0.069865
0.152737	0.130715
0.120678	0.140971
0.123583	0.116261
0.134163	0.147475
0.222543	0.190435
0.317445	0.315203
0.414404	0.430239
0.490733	0.556962
0.672836	0.576633
0.69154	0.748205
0.942743	0.835475
1.01943	0.922232
1.05042	1.04703
1.2077	1.06468
1.15591	1.22834
1.3565	1.16715
1.45594	1.37552
1.54364	1.50658
1.52687	1.71584
1.61264	1.81782
1.73951	1.8659
1.72583	2.05068
1.9387	2.04449
2.17018	2.07911
2.03714	2.42407
2.2522	2.30138
2.41276	2.23711
2.20139	2.63362
2.31456	2.77336
2.42846	2.91508
2.9179	2.67297
2.68706	3.23775
3.25159	2.92068
3.35001	3.04943
3.3443	3.28592
3.10253	3.75108
3.85994	3.38075
3.37964	4.08852
3.73753	3.95442
3.62942	4.28592
3.72243	4.50624
3.8243	4.63057
3.92703	4.75602
4.04546	4.90071
4.26168	5.07153
4.83715	4.75879
4.56707	5.32624
4.64597	5.62783
4.80664	5.81455
5.00184	5.76648
5.21336	5.81097
5.0832	6.10595
5.36691	5.80081
6.01296	5.16289
5.51455	5.80328
5.24331	6.21589
5.8567	5.5827
5.29621	6.24223
5.46328	6.06606
5.32478	6.27252
5.36799	6.32223
5.36123	6.30795
5.35627	6.29116
6.1567	5.52963
5.44918	6.37869
6.42331	5.39512
5.91347	5.88418
5.5135	6.42553
6.57848	5.50213
6.11982	6.10301
6.64825	5.55238
6.66008	5.56019
6.67254	5.5683
5.72808	6.65464
6.48821	6.03652
5.7888	6.72329
5.77877	6.71153
5.77259	6.7043
5.7628	6.6929
5.82782	6.76959
6.02492	6.7144
5.88778	6.8463
6.9297	5.78711
6.42604	6.41593
5.99609	6.98715
5.98405	6.97968
5.98042	6.98275
6.04131	7.06356
6.02978	7.05958
6.01587	7.05303
7.14283	6.01387
6.11231	7.18616
6.09798	7.17874
6.0922	7.18043
6.07969	7.17419
6.69816	6.69799
6.4222	6.98771
6.95866	6.43823
7.26403	6.15114
6.15873	7.27501
6.46718	6.66945
6.58291	5.86458
5.14524	6.06666
4.65271	5.48103
4.1359	4.86766
3.62103	4.25772
3.19504	3.75395
3.17548	3.5572
3.11867	3.59831
3.08011	3.61816
3.3168	3.36712
3.60207	3.06726
3.3241	3.48701
3.12188	3.66751
3.65528	3.11232
3.10193	3.64394
3.7167	3.16432
3.70647	3.15566
3.43377	3.41318
3.70769	3.15669
3.43169	3.57448
3.21122	3.77307
3.41134	3.55137
3.61305	3.49139
3.82585	3.25671
3.24627	3.81449
3.31121	3.89126
3.30576	3.8848
3.39249	3.78457
3.90595	3.40223
4.02483	3.42504
3.41838	4.01798
3.75018	3.71728
4.04752	3.54276
3.85293	3.74996
3.48465	4.09636
3.48447	4.09615
3.47458	4.08445
3.50751	4.02975
3.45461	4.06082
4.04855	3.44511
3.56584	3.99352
3.88147	3.67479
3.81007	3.7887
3.80455	3.77521
3.79037	3.78687
3.48743	4.09965
3.49541	4.06989
4.07555	3.46794
3.59548	3.92652
3.88408	3.77967
4.13025	3.51419
4.20705	3.57911
3.56864	4.19572
3.801	3.94415
4.04429	3.68285
3.66535	4.0569
3.59718	4.22931
4.07634	3.72875
4.21687	3.58408
4.20568	3.57346
4.28313	3.63773
3.63415	4.26501
4.26102	3.61634
3.63403	4.26162
3.68826	4.18818
3.87108	4.03473
3.63057	4.25344
3.67179	4.21442
3.91112	4.1169
3.68784	4.31827
4.32322	3.66112
4.31206	3.65073
3.72941	4.21267
3.66154	4.27841
3.65389	4.26589
3.64562	4.25347
3.63875	4.24223
3.64715	4.24917
3.69502	4.30195
4.03643	3.94979
3.68372	4.28138
3.75054	4.35628
4.28261	3.80377
3.80656	4.25805
3.73834	4.33795
4.45657	3.7396
4.01696	4.16145
3.80621	4.4172
4.25645	4.10879
3.86218	4.48256
3.85212	4.47082
3.8443	4.46169
4.07222	4.21346
3.83563	4.45155
3.82619	4.44053
3.87727	4.50026
4.01025	4.34557
3.86583	4.48691
3.90891	4.53722
4.52043	3.95986
3.91577	4.54585
3.90775	4.53686
3.93613	4.57015
3.92699	4.55979
4.24521	4.26859
4.2694	4.22259
3.99444	4.63915
4.68239	3.92938
4.51549	4.08035
4.23095	4.34318
3.9583	4.59726
4.48914	4.06569
4.67255	4.02394
4.01313	4.66157
4.047	4.70118
4.57536	4.17425
4.74673	3.9835
4.04763	4.70295
4.08649	4.74881
4.07967	4.73537
4.08899	4.73911
4.32382	4.64611
4.21638	4.87482
4.21984	4.87195
4.7136	4.52004
5.00784	4.3674
4.42869	5.08826
5.10305	4.39208
5.19592	4.28762
4.42019	5.04543
4.42475	5.04059
4.49078	5.11629
5.26143	4.32366
4.77681	4.7868
4.62071	5.08456
5.25923	4.4253
5.35825	4.40305
5.36424	4.40792
4.70002	5.05061
4.59409	5.14259
5.22815	4.57201
5.42624	4.5155
4.67292	5.32585
4.76359	5.37691
5.27204	4.84675
4.71861	5.37834
5.5312	4.54376
4.70045	5.3575
5.02921	5.17061
4.7563	5.42159
5.41206	4.90762
4.81219	5.48581
5.12509	5.15131
4.82138	5.49636
5.64208	4.65743
5.64309	4.63481
4.79648	5.46778
5.22765	5.02765
5.62008	4.6161
4.77375	5.4417
4.77381	5.44176
5.60607	4.60471
5.31255	4.87685
5.67183	4.65899
5.73636	4.71212
5.16337	5.27496
4.87864	5.56487
5.60056	4.84299
4.86866	5.55348
5.70919	4.69094
5.23925	5.2752
4.90159	5.5913
5.76689	4.73786
5.25175	5.23702
5.60131	5.02906
4.95613	5.65396
5.6024	4.99805
5.80846	4.77173
4.99672	5.56786
5.8775	4.82851
4.9918	5.69606
5.0577	5.77187
5.16503	5.8063
5.11421	5.83554
5.14894	5.87438
5.15724	5.88245
5.22342	5.95799
5.21329	5.94634
5.51038	5.65732
5.20982	5.9426
5.1991	5.93152
6.09268	5.0168
5.35955	5.79607
5.6565	5.64092
5.34184	6.09707
5.33477	6.09228
5.85796	5.5475
6.24495	5.13828
5.30379	6.07455
5.33663	6.1189
6.27564	5.18052
6.02374	5.41103
6.24633	5.16774
5.29638	6.0961
5.29365	6.09156
5.29452	6.08796
5.36291	6.16128
5.4315	6.23441
5.45583	6.25738
5.47373	6.27294
5.47129	6.26581
5.46506	6.25468
6.05326	5.80843
6.59022	5.41264
5.66787	6.47703
5.73534	6.55127
5.74031	6.55383
6.78651	5.56227
6.62649	5.70235
5.82179	6.64885
5.88526	6.72709
5.89095	6.73725
6.97548	5.72795
5.98876	6.85675
7.12501	5.85173
6.59802	6.36057
6.91445	6.02202
6.02874	6.88597
6.27276	6.77089
6.08591	6.94979
6.1037	6.97068
6.16951	7.04658
6.79919	6.39538
6.15078	7.02501
6.14119	7.01386
6.13551	7.00732
6.61518	6.52215
6.81138	6.07807
6.8579	5.62006
6.71677	5.50581
5.98601	6.28707
6.54269	5.71276
6.03268	6.20361
5.73204	6.54278
6.32882	6.08799
6.82735	5.59533
5.79291	6.61283
6.8665	5.62703
6.11578	6.35893
6.49586	5.95695
5.80623	6.62823
5.79576	6.61748
6.03956	6.35975
5.84868	6.69208
6.88097	5.65871
5.8477	6.70844
5.90971	6.78814
5.97144	6.86812
5.99275	6.90054
6.05522	6.97977
6.06675	7.0001
7.10737	6.07875
7.20193	5.97034
7.22509	5.99478
6.50602	6.69273
6.13941	7.11666
6.12653	7.10821
7.29895	6.07726
6.25088	7.26726
6.34708	7.20644
6.60553	6.93595
7.27921	6.25115
7.37856	6.17465
6.31342	7.38166
6.87413	6.96321
7.52519	6.31949
6.60304	7.38376
7.59645	6.39586
7.66902	6.46501
6.50724	7.67193
6.95362	7.20611
6.5556	7.74519
6.56569	7.75916
6.61274	7.81543
6.67727	7.89261
6.93737	7.77461
6.79839	8.05487
7.97395	6.86213
6.76948	8.04786
6.82607	8.13296
6.85454	8.18874
6.83849	8.18983
6.84963	8.22073
8.09467	6.95917
6.89067	8.30452
8.23375	7.10354
7.00676	8.47178
7.03239	8.5074
7.01654	8.50234
7.0707	8.58985
8.11937	7.69572
8.53272	7.42353
8.52404	7.42607
8.50463	7.42378
7.76263	8.19162
7.16322	8.77229
7.15351	8.76021
8.5678	7.48841
7.93906	8.24975
8.71459	7.61533
7.37422	9.03496
8.0789	8.47344
7.46969	9.15389
7.46499	9.14803
7.47194	9.15669
8.05513	8.55317
7.70209	8.95349
7.80869	8.9887
9.02043	7.87962
9.01731	7.87693
7.65282	9.38217
7.70087	9.4421
9.22733	8.05831
9.30339	8.12397
7.88996	9.67805
7.88442	9.67113
7.94743	9.7498
8.01043	9.82848
9.60096	8.38075
9.67704	8.44637
9.75313	8.51198
8.26233	10.1433
8.32528	10.222
8.38822	10.3008
8.45114	10.3795
8.51406	10.4583
10.2098	8.90554
9.50205	9.75602
8.70275	10.6946
10.3519	9.02793
8.68491	10.6722
10.329	9.00822
8.73835	10.7392
10.3395	9.28157
9.86286	9.74175
10.5483	9.19687
9.47958	10.4079
10.0476	9.91461
8.98338	11.0461
10.6988	9.32624
8.97148	11.0312
8.98592	11.0493
10.7813	9.39719
9.25388	10.903
10.8461	9.45297
10.9223	9.51848
10.9145	9.51174
10.6236	9.94535
9.21187	11.3329
9.2104	11.3311
10.9175	9.60784
11.0439	9.62299
11.1201	9.68849
9.3909	11.5576
9.44394	11.6226
10.3504	10.8609
9.56978	11.7801
11.4916	10.0018
11.5665	10.0545
11.5826	10.0463
11.673	10.0975
9.87053	12.0402
10.1826	11.8711
9.95324	12.0842
9.96354	12.0815
10.6257	11.4262
10.0376	12.1533
10.0639	12.1761
11.059	11.3258
10.2121	12.3113
10.2507	12.3285
12.2188	10.349
10.2914	12.3105
11.9893	10.7561
10.4454	12.44
12.5211	10.506
11.5805	11.4313
10.818	12.3339
11.7724	11.4286
12.66	10.6001
10.6773	12.6644
12.7414	10.6482
11.386	12.1482
12.9042	10.7687
10.8914	12.8908
13.0474	10.8759
11.0247	13.0409
11.0907	13.1165
13.2735	11.052
11.1602	13.1989
13.371	11.1291
11.2278	13.2766
13.4297	11.1758
13.4447	11.188
11.3505	13.4245
11.4147	13.502
13.6789	11.3787
13.6982	11.3944
11.5589	13.6761
13.3555	12.0233
13.9325	11.5851
11.7515	13.9085
11.8156	13.986
14.1463	11.7588
11.9269	14.1206
14.3026	11.8858
14.2914	11.8768
14.3696	11.9402
14.4478	12.0037
14.4521	12.0073
14.5303	12.0707
12.242	14.5015
14.3254	12.5614
12.6507	14.3779
14.8326	12.3351
12.6932	14.6184
14.8706	12.4173
12.4979	14.9318
12.4928	14.9487
12.5548	15.0284
15.0834	12.6416
15.0854	12.6466
15.1605	12.7132
14.1934	13.8269
15.2414	12.7522
12.8226	15.3127
13.9229	14.2187
12.8825	15.3955
12.9422	15.4774
12.943	15.4795
13.0068	15.5574
15.6349	13.0709
15.2854	13.5652
15.8028	13.1862
13.2811	15.8498
13.3519	15.9206
15.3676	14.0509
13.4554	16.0195
13.5221	16.0945
16.2129	13.459
16.257	13.4839
16.3428	13.5396
13.6688	16.2199
16.437	13.5919
16.521	13.6494
16.6025	13.7095
16.6504	13.7409
13.9449	16.5037
13.954	16.5069
16.1857	14.3292
14.0347	16.6189
14.062	16.6824
14.0636	16.7116
14.1162	16.8006
16.974	14.0835
14.179	16.9094
14.2456	16.9845
14.7087	16.6663
17.2382	14.274
17.3261	14.3276
17.4028	14.3734
14.596	17.3235
14.5941	17.3071
14.6243	17.3294
17.5657	14.4585
14.6983	17.3954
14.714	17.4072
17.6338	14.4932
14.7885	17.4827
17.7993	14.6109
14.8968	17.5963
17.9308	14.701
15.0318	17.7447
18.0237	14.7652
15.0414	17.7447
15.1092	17.8185
18.1878	14.8782
18.2605	14.9329
15.3043	18.0343
18.4291	15.0473
18.516	15.1019
15.5178	18.2458
18.6853	15.2156
15.6183	18.3502
18.7209	15.2337
18.8003	15.2958
18.8167	15.3058
18.9035	15.3605
15.7815	18.4988
15.8527	18.5693
15.9203	18.6434
15.9814	18.7239
16.0379	18.809
19.2926	15.6626
16.1246	18.9427
19.4187	15.7851
19.4188	15.7975
19.4911	15.867
19.4767	15.8633
19.5558	15.9257
17.7857	17.7292
16.3214	19.2283
19.5963	15.952
19.673	16.0169
16.4152	19.3602
16.47	19.447
19.8272	16.1822
16.5621	19.5931
19.9455	16.297
16.6544	19.7337
20.0887	16.4372
16.7635	19.9076
16.8158	19.9968
16.8004	20.0036
16.8276	20.0663
16.8782	20.1572
16.9272	20.2495
20.4006	16.8431
20.4405	16.8962
17.0239	20.4183
20.5927	16.9897
20.6845	17.0392
20.7198	17.0422
17.2812	20.6249
20.898	17.1468
20.9469	17.1717
21.0272	17.2329
21.0149	17.2269
17.4427	20.7851
17.4395	20.786
17.4925	20.8744
17.5365	20.9556
17.5194	20.9614
17.574	21.0482
17.6336	21.1301
17.6966	21.2087
17.7251	21.2462
21.4348	17.6548
17.8404	21.3879
21.5998	17.7654
21.6915	17.8151
21.7834	17.8645
18.1395	21.6533
21.9633	17.9673
18.282	21.7943
22.1132	18.0774
18.4015	21.9349
18.997	21.3671
18.4908	22.0077
18.5338	22.0406
22.4432	18.2673
22.4598	18.2633
18.6707	22.1577
20.9266	20.056
18.796	22.3156
22.703	18.4533
19.9148	21.269
22.7871	18.5203
18.9445	22.5107
22.933	18.6577
19.0364	22.6651
22.991	18.7418
23.0575	18.817
19.0962	22.8211
23.1335	18.9212
23.1995	18.9969
19.2464	23.0949
19.2955	23.1872
19.3426	23.2813
23.4561	19.3076
23.4364	19.3167
23.4184	19.3271
23.4157	19.3405
19.4058	23.4831
23.5659	19.4645
19.5313	23.6406
23.6758	19.552
23.7546	19.6148
19.6817	23.8294
23.8576	19.6968
23.9184	19.7452
19.8122	23.9929
21.2076	22.7566
24.1557	19.9324
24.2345	19.9951
24.3134	20.0578
20.0796	24.3262
24.4125	20.1346
24.4489	20.1635
24.5278	20.2262
24.5227	20.2221
24.6016	20.2848
24.6805	20.3474
20.4185	24.7511
20.4166	24.7488
24.8356	20.4712
20.4781	24.8275
20.5273	24.9195
20.5771	25.011
25.0365	20.6942
25.1029	20.7696
25.1404	20.8126
20.7758	25.3167
25.3138	20.9219
20.9209	25.455
25.4882	21.0302
21.0619	25.5974
21.1205	25.6802
21.1693	25.7725
25.7811	21.3039
25.8471	21.3797
21.2576	25.968
21.3123	26.0545
25.8977	21.4601
25.9643	21.514
26.0431	21.5768
21.479	26.2788
24.0647	23.8626
24.1359	23.9332
24.2071	24.0037
26.4368	21.8905
21.7503	26.6249
26.5443	21.9761
26.6231	22.0388
26.7019	22.1015
21.9416	26.8693
22.0037	26.9486
26.8142	22.1909
22.0228	26.9731
26.89	22.2512
26.9689	22.3139
22.2091	27.2112
27.1265	22.4392
22.2874	27.3114
22.3495	27.3908
22.4116	27.4702
27.3375	22.6069
27.4164	22.6695
27.4057	22.661
22.5077	27.5932
27.4318	22.6818
22.5734	27.6775
27.5896	22.807
27.625	22.8351
25.8166	24.8126
27.7659	22.9469
24.2938	26.5833
27.9237	23.0721
22.96	28.1729
25.1218	26.1617
28.1425	23.2455
28.2215	23.308
23.1937	28.4728
28.3353	23.4783
23.2479	28.5424
23.3098	28.622
28.5275	23.5504
23.4336	28.781
28.6854	23.6754
23.5244	28.8977
23.5863	28.9773
23.6255	29.0277
23.6874	29.1073
23.749	29.1871
23.8108	29.2667
29.0987	24.0026
23.8809	29.3569
23.9427	29.4365
24.0045	29.5161
24.0663	29.5957
24.1281	29.6753
28.9656	24.999
29.652	24.4395
29.7311	24.5018
29.7471	24.5145
29.7815	24.5416
29.7754	24.5368
24.4098	30.0385
29.9335	24.6615
30.0126	24.7238
30.0037	24.7168
24.5879	30.2685
24.5812	30.2598
30.1532	24.8346
30.1959	24.8683
24.6692	30.3734
30.2185	24.886
30.2976	24.9483
24.8172	30.5646
30.4375	25.0585
24.9057	30.679
30.5694	25.1623
25.029	30.8384
30.7277	25.2868
25.1523	30.9979
25.2139	31.0777
30.944	25.4569
25.3206	31.2158
25.3822	31.2956
25.4093	31.3307
31.2165	25.6709
25.7165	31.2144
25.551	31.5144
31.3988	25.8141
31.4588	25.8612
25.7207	31.7344
25.7823	31.8142
25.7762	31.8064
25.8376	31.8861
31.7678	26.1036
25.9607	32.0458
31.8591	26.1742
26.0336	32.1347
31.9854	26.2696
26.1236	32.2515
26.1851	32.3314
26.202	32.3533
26.2635	32.4332
31.2729	27.5989
32.3954	26.5906
32.4747	26.6527
32.4854	26.6611
26.5196	32.7616
32.6537	26.7753
26.5915	32.8314
26.653	32.9113
26.7144	32.9912
26.7569	33.0465
26.8184	33.1264
33.013	27.0511
26.929	33.2704
33.1731	27.1738
27.0715	33.4112
33.3773	27.2508
33.4861	27.2823
27.2941	33.4957
27.368	33.5636
33.7036	27.3672
33.7978	27.4138
33.8074	27.3839
27.5391	33.6478
27.5715	33.6443
27.6374	33.6786
27.7178	33.7402
33.4867	28.1233
34.1346	27.4454
27.8416	33.8015
34.267	27.4971
34.3584	27.5464
28.0409	33.9754
34.5043	27.6217
28.1751	34.1096
34.6768	27.7314
34.7705	27.7955
28.3896	34.3635
34.9667	27.9426
28.5563	34.5754
35.1427	28.0759
35.2803	28.1831
28.8306	34.9408
35.5572	28.4265
35.7194	28.5847
35.8727	28.743
29.259	35.6793
29.3529	35.864
29.4607	36.0646
36.4533	29.3729
29.678	36.4655
29.7929	36.6681
29.854	36.8017
37.0232	29.9621
37.13	30.0563
37.3162	30.1986
37.5023	30.3409
37.6871	30.4821
30.6273	37.8679
30.7143	37.9818
38.1677	30.8542
38.3421	31.0048
38.4454	31.1067
38.6166	31.2542
31.3031	38.8584
38.9351	31.5376
39.1003	31.6796
39.2732	31.8135
39.4456	31.9452
39.6182	32.0768
32.0678	39.925
32.1649	40.0536
40.0828	32.4397
32.3859	40.3984
32.4286	40.508
40.3957	32.7652
32.5718	40.7486
40.6419	32.995
40.7752	33.0962
40.9469	33.2274
33.0494	41.4129
41.2903	33.4897
41.4085	33.5794
41.5408	33.6803
41.7082	33.8079
33.6195	42.1774
41.9914	34.0411
33.8145	42.4978
33.9275	42.6815
34.0292	42.8537
42.5476	34.5725
34.1526	43.0998
34.2613	43.285
34.3738	43.4665
34.4875	43.6468
43.2142	35.2095
34.6975	43.98
43.5377	35.4566
34.9242	44.2575
43.8378	35.6612
35.1849	44.5665
35.3273	44.7097
35.4649	44.8273
35.5558	44.8811
44.6719	36.0736
35.8707	45.144
36.0332	45.2708
45.2701	36.328
36.3453	45.5114
45.6569	36.4852
45.8036	36.5454
36.7619	45.8794
36.8988	46.0302
37.0386	46.1784
46.5048	36.9532
37.3026	46.4556
37.4383	46.605
37.511	46.6738
37.6398	46.8248
37.7646	46.9695
37.889	47.1107
47.5508	37.5902
38.0757	47.3425
47.8476	37.8021
47.9957	37.9071
48.1448	38.0109
38.5197	47.9126
40.9367	45.8538
48.5932	38.3214
48.7447	38.424
45.5595	42.0176
49.0485	38.6284
39.1945	48.7645
49.3409	38.8422
39.4034	49.0618
39.4954	49.2271
39.5663	49.3839
49.8366	39.3578
49.9518	39.5099
50.0601	39.6574
50.1546	39.7814
39.9082	50.2459
50.3549	39.9743
40.0383	50.4321
46.8109	43.9656
40.1577	50.5946
40.2173	50.6758
50.7611	40.2727
40.2814	50.763
40.341	50.8442
40.3336	50.8342
50.9195	40.3889
51.0007	40.4486
43.1189	48.6062
51.1633	40.5678
40.6317	51.2405
51.3267	40.686
51.4097	40.7438
40.8151	51.4801
51.5762	40.8587
51.6593	40.9163
51.7061	40.9506
51.7875	41.0101
51.8106	41.0261
42.3533	50.7024
41.1851	51.9361
52.0776	41.1799
52.1036	41.1956
52.1855	41.2545
41.3456	52.1302
41.4071	52.2097
52.3707	41.3809
41.529	52.3698
41.5668	52.4214
52.5854	41.5373
41.6204	52.4946
52.6571	41.5926
52.7331	41.6578
41.7432	52.7
41.7997	52.7841
41.8592	52.8655
41.9186	52.9469
41.9228	52.9526
41.9308	52.9567
53.0947	41.9291
42.0536	53.1158
42.113	53.1972
53.3393	42.107
42.2318	53.36
42.2912	53.4414
53.5838	42.2848
53.6654	42.344
53.6995	42.3689
53.7811	42.4281
42.4977	53.7109
43.7492	52.6784
53.9491	42.5352
42.6788	53.9524
42.7382	54.0339
54.1939	42.7127
54.1934	42.7065
42.8429	54.156
42.8887	54.2174
54.3964	42.8426
43.0073	54.3803
54.5479	42.9591
43.115	54.54
43.1364	54.5695
54.7398	43.0997
43.1949	54.6498
43.2541	54.7313
54.9019	43.217
54.9836	43.2761
55.0221	43.3039
55.1038	43.363
55.1845	43.423
43.5743	55.181
55.3446	43.5447
43.6921	55.3447
55.5029	43.659
55.5554	43.6969
55.5855	43.7187
43.8074	55.5037
43.8666	55.5853
55.6583	43.7712
43.9193	55.6579
55.8218	43.8892
44.0376	55.8211
55.9853	44.0071
44.0902	55.8937
56.0581	44.0596
56.1399	44.1185
56.2216	44.1774
56.3034	44.2363
44.3857	56.3018
56.467	44.3541
44.4781	56.4295
56.5949	44.4462
44.5909	56.5855
44.5903	56.5847
56.7504	44.5581
56.8322	44.6169
56.8658	44.6411
44.7258	56.772
56.9381	44.6931
57.0199	44.7519
57.0542	44.7766
44.8752	56.9789
44.9305	57.0641
44.9526	57.1222
45.0052	57.2098
45.0635	57.2921
57.3895	45.0552
45.1613	57.4279
57.5532	45.1728
57.635	45.2316
45.3003	57.6209
57.7464	45.3116
57.7561	45.3186
45.4179	57.7843
57.8235	45.3669
45.4419	57.8176
57.9433	45.4529
57.99	45.4864
45.5617	57.9801
45.5948	58.0199
45.6773	58.08
45.7606	58.1255
48.4868	55.5602
58.4024	45.5901
45.8826	58.1136
58.4294	45.5487
45.9202	58.103
45.9546	58.1224
58.5193	45.5588
58.6067	45.6115
58.6956	45.6625
58.7061	45.6508
46.145	58.2764
58.8328	45.6861
46.2883	58.3995
46.3147	58.4165
59.0408	45.7814
59.1324	45.8294
55.2453	50.118
59.3106	45.9308
59.3065	45.9223
59.394	45.9747
59.3927	45.9625
46.7176	58.837
59.5231	46.0318
46.7958	58.9301
59.6713	46.134
46.9145	59.0929
46.9622	59.1584
47.0208	59.2404
59.9738	46.367
47.0897	59.4488
47.1042	59.5713
47.0807	59.6566
47.0886	59.7851
60.0668	46.8126
60.1047	46.9195
60.1498	47.0184
60.2139	47.0965
47.1587	60.243
60.3469	47.1933
60.4289	47.2517
60.511	47.3102
60.5931	47.3687
60.6189	47.3871
60.6503	47.4279
60.6924	47.5302
60.7477	47.618
60.8264	47.6802
60.9083	47.7388
60.9059	47.737
47.6429	61.127
61.0699	47.8542
61.1519	47.9127
61.1517	47.9126
47.7658	61.3003
61.2427	47.9776
47.8823	61.4648
47.9405	61.547
47.967	61.5844
61.526	48.1797
61.608	48.2383
61.6901	48.2967
48.138	61.8261
61.6774	48.2877
61.7501	48.3396
61.8322	48.398
48.2494	61.9835
61.8441	48.4065
61.8885	48.4382
48.3405	62.1125
48.3987	62.1948
62.0992	48.5882
48.4898	62.3238
48.4999	62.3381
48.558	62.4204
62.3597	48.7736
48.618	62.5053
62.4443	48.8339
62.5264	48.8922
62.5971	48.9425
62.6446	48.9763
48.8758	62.8708
48.9339	62.9532
48.992	63.0355
62.9731	49.2097
49.1081	63.2003
49.1249	63.2242
63.0748	49.2818
49.1799	63.3022
49.1886	63.3146
49.241	63.3891
63.3257	49.4599
49.3258	63.5096
63.3892	49.505
49.4036	63.616
49.4823	63.6797
63.6756	49.6358
49.5664	63.7218
63.759	49.6743
49.647	63.8344
49.705	63.9168
49.763	63.9991
64.0368	49.8705
64.1191	49.9286
49.9371	64.2463
49.96	64.2788
50.018	64.3612
64.3424	50.0862
50.0885	64.4615
64.4988	50.1964
64.5811	50.2545
64.6635	50.3125
50.2666	64.7146
64.7441	50.3693
64.8264	50.4273
64.9088	50.4853
50.4929	65.0367
65.0736	50.6013
50.6087	65.2016
50.6349	65.2315
50.7083	65.2999
50.781	65.369
50.8395	65.4462
65.5481	50.8758
65.6306	50.9336
65.7131	50.9915
51.0711	65.776
65.1025	50.5628
63.6922	49.5698
61.9434	48.3325
60.1307	47.043
45.7671	58.3044
44.453	56.4791
43.1391	54.6641
52.8802	41.8137
51.076	40.4945
39.1912	49.2696
37.8679	47.4809
45.623	36.4633
35.0866	43.7525
41.9857	33.7372
32.3598	40.1375
38.3209	30.9601
36.553	29.6094
28.2539	34.7671
33.0154	26.8849
30.3466	26.4561
24.108	29.4311
27.6888	22.7273
25.8877	21.3062
19.9302	24.1395
18.5434	22.4015
20.6721	17.1473
18.941	15.7524
14.3572	17.2098
12.9533	15.4867
11.5452	13.7675
10.0964	12.0078
8.67985	10.2964
7.22194	8.54427
6.7742	5.73854
5.04626	4.28605
3.26912	2.78419
1.34355	1.57277
0	0
0	0
0	0
0	0
0	0
0	0
0	0
0	0
0	0
0	0
0.0763678	0.0653583
0.130739	0.152713
0.196096	0.229082
0.261445	0.305459
0.347925	0.360705
0.370167	0.316659
0.416471	0.356245
0.404716	0.346196
0.398363	0.340765
0.373054	0.34427
0.320742	0.374778
0.31069	0.363026
0.300638	0.351274
0.290586	0.339522
0.280533	0.327771
0.27048	0.31602
0.260427	0.304269
0.250374	0.292518
0.240321	0.280767
0.230267	0.269017
0.220214	0.257267
0.21016	0.245517
0.200105	0.233767
0.190051	0.222017
0.179997	0.210268
0.169942	0.198518
0.159887	0.186769
0.149832	0.17502
0.139776	0.163272
0.129721	0.151523
0.119665	0.139775
0.109609	0.128027
0.0995532	0.116279
0.0894969	0.104531
0.0794404	0.0927837
0.0693838	0.0810364
0.0593269	0.0692893
0.0492698	0.0575423
0.0392125	0.0457956
0.0291551	0.0340491
0.0190974	0.0223027
0.00903957	0.0105566
0	0
0	0
0	0
0	0
0	0
0	0
0	0
0	0
0	0
0	0
0	0
0	0
0	0
0	0
0	0
0	0
0	0
0	0
0	0
0	0
0	0
0	0
0	0
0	0
0	0
0	0
0	0
0	0
0	0
0	0
0	0
0	0
0	0
0	0
0	0
0	0
0	0
0	0
0	0
0	0
0	0
0	0
0	0
0	0
0	0
0	0
0	0
0	0
0	0
0	0
0	0
0	0
0	0
0	0
0	0
0	0
0	0
0	0
0	0
0	0
0	0
0	0
0	0
0	0
0	0
0	0
0	0
0	0
0	0
0	0
0	0
0	0
0	0
0	0
0	0
0	0
0	0
0	0
0	0
0	0
0	0
0	0
0	0
0	0
0	0
0	0
0	0
0	0
0	0
0	0
0	0
0	0
0	0
0	0
0	0
0	0
0	0
0	0
0	0
0	0
0	0
0	0
0	0
0	0
0	0
0	0
0	0
0	0
0	0
0	0
0	0
0	0
0	0
0	0
0	0
0	0
0	0
0	0
0	0
0	0
0	0
0	0
0	0
0	0
0	0
0	0
0	0
0	0
0	0
0	0
0	0
0	0
0	0
0	0
0	0
0	0
0	0
0	0
0	0
0	0
0	0
0	0
0	0
0	0
0	0
0	0
0	0
0	0
0	0
0	0
0	0
0	0
0	0
0	0
0	0
0	0
0	0
0	0
0	0
0	0
0	0
0	0
0	0
0	0
0	0
0	0
0	0
0	0
0	0
0	0
0	0
0	0
0	0
0	0
0	0
0	0
0	0
0	0
0	0
0	0
0	0
0	0
0	0
0	0
0	0
0	0
0	0
0	0
0	0
0	0
0	0
0	0
0	0
0	0
0	0
0	0
0	0
0	0
0	0
0	0
0	0
0	0
0	0
0	0
0	0
0	0
0	0
0	0
0	0
0	0
0	0
0	0
0	0
0	0
0	0
0	0
0	0
0	0
0	0
0	0
0	0
0	0
0	0
0	0
0	0
0	0
0	0
0	0
0	0
0	0
0	0
0	0
0	0
0	0
0	0
0	0
0	0
0	0
0	0
0	0
0	0
0	0
0	0
0	0
0	0
0	0
0	0
0	0
0	0
0	0
0	0
0	0
0	0
0	0
0	0
0	0
0	0
0	0
0	0
0	0
0	0
0	0
0	0
0	0
0	0
0	0
0	0
0	0
0	0
0	0
0	0
0	0
0	0
0	0
0	0
0	0
0	0
0	0
0	0
0	0
0	0
0	0
0	0
0	0
0	0
0	0
0	0
0	0
0	0
0	0
0	0
0	0
0	0
0	0
0	0
0	0
0	0
0	0
0	0
0	0
0	0
0	0
0	0
0	0
0	0
0	0
0	0
0	0
0	0
0	0
0	0
0	0
0	0
0	0
0	0
0	0
0	0
0	0
0	0
0	0
0	0
0	0
0	0
0	0
0	0
0	0
0	0
0	0
0	0
0	0
0	0
0	0
0	0
0	0
0	0
0	0
0	0
0	0
0	0
0	0
0	0
0	0
0	0
0	0
0	0
0	0
0	0
0	0
0	0
0	0
0	0
0	0
0	0
0	0
0	0
0	0
0	0
0	0
0	0
0	0
0	0
0	0
0	0
0	0
0	0
0	0
0	0
0	0
0	0
0	0
0	0
0	0
0	0
0	0
0	0
0	0
0	0
0	0
0	0
0	0
0	0
0	0
0	0
0	0
0	0
0	0
0	0
0	0
0	0
0	0
0	0
0	0
0	0
0	0
0	0
0	0
0	0
0	0
0	0
0	0
0	0
0	0
0	0
0	0
0	0
0	0
0	0
0	0
0	0
0	0
0	0
0	0
0	0
0	0
0	0
0	0
0	0
0	0
0	0
0	0
0	0
0	0
0	0
0	0
0	0
0	0
0	0
0	0
0	0
0	0
0	0
0	0
0	0
0	0
0	0
0	0
0	0
0	0
0	0
0	0
0	0
0	0
0	0
0	0
0	0
0	0
0	0
0	0
0	0
0	0
0	0
0	0
0	0
0	0
0	0
0	0
0	0
0	0
0	0
0	0
0	0
0	0
0	0
0	0
0	0
0	0
0	0
0	0
0	0
0	0
0	0
0	0
0	0
0	0
0	0
0	0
0	0
0	0
0	0
0	0
0	0
0	0
0	0
0	0
0	0
0	0
0	0
0	0
0	0
0	0
0	0
0	0
0	0
0	0
0	0
0	0
0	0
0	0
0	0
0	0
0	0
0	0
0	0
0	0
0	0
0	0
0	0
0	0
0	0
0	0
0	0
0	0
0	0
0	0
0	0
0	0
0	0
0	0
0	0
0	0
0	0
0	0
0	0
0	0
0	0
0	0
0	0
0	0
0	0
0	0
0	0
0	0
0	0
0	0
0	0
0	0
0	0
0	0
0	0
0	0
0	0
0	0
0	0
0	0
0	0
0	0
0	0
0	0
0	0
0	0
0	0
0	0
0	0
0	0
0	0
0	0
0	0
0	0
0	0
0	0
0	0
0	0
0	0
0	0
0.013441	0.0036924
0.0828944	0.0227542
0.21321	0.0584387
0.432978	0.118378
0.625834	0.17073
0.835977	0.227512
1.05842	0.287317
1.25185	0.339075
1.41923	0.383672
1.59178	0.429469
1.07818	1.21267
1.21016	1.3425
1.33136	1.46141
1.44939	1.57837
1.56967	1.69819
1.64674	1.87528
1.78389	2.01272
1.93611	2.16577
2.08831	2.31882
2.20824	2.50415
2.35978	2.65786
2.51062	2.81229
2.6615	2.96666
2.77647	3.15695
2.92663	3.31204
3.07688	3.46705
3.22809	3.6211
3.34692	3.80752
3.49602	3.96367
3.6443	4.12064
3.79271	4.2775
3.91491	4.46053
4.06492	4.61577
4.21604	4.76992
4.36722	4.92399
4.47179	5.12464
4.62319	5.27849
4.77475	5.43219
4.92658	5.58562
5.09794	5.71953
5.24992	5.87281
5.40197	6.02602
5.55418	6.17906
5.68823	6.35025
5.83986	6.50387
5.99154	6.65745
6.1432	6.81104
6.23605	7.02337
6.38715	7.17752
6.53825	7.33168
6.68933	7.48586
6.84039	7.64004
6.98614	7.79954
7.13755	7.95338
7.28952	8.10666
7.44124	8.2602
7.59157	8.41384
7.7424	8.56699
7.89359	8.71977
8.04299	8.86796
8.19749	9.00979
8.34546	9.15303
8.4933	9.29512
8.6398	9.43343
8.8237	9.53314
8.96958	9.66954
9.11521	9.80489
9.26092	9.94017
9.40733	10.0748
9.56046	10.1988
9.70387	10.3326
9.8458	10.4678
9.98665	10.6028
10.1209	10.7252
10.2448	10.8453
10.3674	10.9679
10.4928	11.0916
10.6286	11.2035
10.7541	11.3246
10.8796	11.4443
11.0007	11.5568
11.2088	11.5826
11.3311	11.694
11.4532	11.8057
11.576	11.9166
11.7495	11.9768
11.8715	12.0885
11.9916	12.1996
12.1081	12.3091
12.2223	12.4159
12.3807	12.4759
12.4934	12.5829
12.6061	12.6899
12.7192	12.7964
12.8835	12.8517
12.9979	12.957
13.1124	13.0621
13.2269	13.166
13.3999	13.2114
13.5157	13.3139
13.6308	13.4173
13.7429	13.5235
13.8875	13.596
13.9941	13.7053
14.0994	13.8158
14.2039	13.9271
14.3092	14.0377
14.4123	14.1504
14.5146	14.2638
14.6163	14.378
14.7154	14.4922
14.8137	14.6072
14.9105	14.7237
15.005	14.8386
15.0867	14.9396
15.1372	15.0372
15.2039	15.1237
15.2721	15.2125
15.3414	15.299
15.4213	15.3634
15.4832	15.4277
15.5313	15.4758
15.5547	15.4994
15.5646	15.4807
15.5536	15.4699
15.5427	15.459
15.5318	15.4481
15.5347	15.4234
15.5238	15.4125
15.5128	15.4016
15.5019	15.3907
15.5047	15.3662
15.4938	15.3553
15.4828	15.3444
15.4719	15.3335
15.461	15.3226
15.4636	15.2982
15.4527	15.2873
15.4418	15.2764
15.4309	15.2655
16.528	14.1415
16.5172	14.1305
16.5061	14.1197
16.4951	14.109
16.4537	14.1289
16.4427	14.1181
16.4316	14.1073
16.4206	14.0965
16.4096	14.0857
16.1152	14.3604
16.1042	14.3496
16.0932	14.3388
16.0822	14.328
15.8213	14.5684
15.8103	14.5576
15.7994	14.5468
15.7884	14.5359
15.5455	14.7579
15.5346	14.747
15.5236	14.7362
15.5127	14.7253
15.5017	14.7144
15.3893	14.8054
15.3783	14.7945
15.3674	14.7836
15.3565	14.7727
15.2408	14.8668
15.2298	14.8559
15.2189	14.8451
15.208	14.8342
15.1173	14.9032
15.1064	14.8923
15.0955	14.8814
15.0845	14.8705
15.0335	14.8998
15.0226	14.8889
15.0117	14.878
15.0008	14.8671
14.9898	14.8562
14.9654	14.8588
14.9545	14.8479
14.9436	14.837
14.9327	14.8261
14.9216	14.8154
14.9107	14.8045
14.8998	14.7936
14.8889	14.7827
14.8515	14.7983
14.8406	14.7874
14.8297	14.7765
14.8188	14.7656
14.8079	14.7547
14.7706	14.7702
14.7597	14.7593
14.7488	14.7484
14.7379	14.7375
14.727	14.7266
14.7161	14.7157
14.7051	14.7048
14.6942	14.6939
15.5988	13.7647
15.5879	13.7538
15.5769	13.7429
15.5659	13.7321
15.5804	13.6957
15.5694	13.6849
15.5584	13.6741
15.5474	13.6632
15.3803	13.8095
15.3693	13.7987
15.3583	13.7878
15.3473	13.777
15.3364	13.7662
15.0954	13.9864
15.0845	13.9756
15.0735	13.9647
15.0625	13.9539
14.9299	14.0652
14.9189	14.0543
14.908	14.0434
14.897	14.0326
14.695	14.2133
14.6841	14.2024
14.6731	14.1915
14.6622	14.1806
14.5885	14.2326
14.5776	14.2217
14.5667	14.2109
14.5557	14.2
14.4815	14.2525
14.4706	14.2416
14.4597	14.2307
14.4488	14.2198
14.4378	14.2089
14.3887	14.2362
14.3778	14.2253
14.3669	14.2144
14.356	14.2036
14.3196	14.2182
14.3087	14.2073
14.2978	14.1964
14.2869	14.1855
14.2632	14.1873
14.2523	14.1764
14.2414	14.1655
14.2305	14.1546
14.2069	14.1564
14.196	14.1455
14.1851	14.1346
14.195	14.1444
14.2375	14.2372
14.3256	14.3253
14.4035	14.4032
14.4607	14.4604
14.5095	14.5092
14.5681	14.5677
14.6389	14.6386
14.7117	14.7114
14.7787	14.7784
14.8346	14.8343
14.8932	14.8928
14.9588	14.9585
15.02	15.0196
15.0785	15.0781
15.1305	15.1302
15.1754	15.1751
15.195	15.1947
15.2192	15.2461
15.2537	15.2806
15.2824	15.3093
15.3143	15.3412
15.3442	15.3713
15.3729	15.4
15.4028	15.43
15.4328	15.46
15.4627	15.4901
15.4927	15.52
15.5226	15.55
15.5526	15.58
15.5839	15.6113
15.617	15.6446
15.6502	15.6779
15.6834	15.7111
15.7153	15.743
15.7465	15.7744
15.7745	15.8025
15.8019	15.8299
15.8286	15.8566
15.8695	15.8692
15.8956	15.8953
15.9198	15.9194
15.942	15.9416
15.9616	15.9612
15.9721	15.9717
15.9612	15.9608
15.9503	15.9499
15.975	15.9747
16.0264	16.0261
16.1139	16.1135
16.2295	16.2291
16.3598	16.3594
16.4758	16.5052
16.6067	16.6361
16.7408	16.7703
16.8761	16.9057
17.0123	17.0428
17.1528	17.1833
17.3053	17.336
17.458	17.4886
17.61	17.6418
17.7626	17.7945
17.9153	17.9471
18.0679	18.0998
18.2199	18.253
18.3725	18.4056
18.5251	18.5583
18.6777	18.7109
18.8472	18.8467
18.9998	18.9994
19.1525	19.152
19.3051	19.3046
19.4577	19.4573
19.6103	19.6099
19.763	19.7625
19.9156	19.9151
20.0682	20.0678
20.202	20.2393
20.3546	20.3919
20.5072	20.5446
20.6483	20.6857
20.7812	20.8198
20.9127	20.9513
21.0372	21.0759
21.1503	21.1889
21.2835	21.283
21.3984	21.3979
21.5134	21.5129
21.6296	21.6291
21.7382	21.7376
21.8397	21.8392
21.9419	21.9413
22.051	22.0505
22.1609	22.1603
22.2707	22.2702
22.3805	22.38
22.4891	22.4885
22.5976	22.5971
22.7062	22.7056
22.8148	22.8142
22.9227	22.9221
23.0306	23.03
23.1385	23.1379
23.2464	23.2458
23.355	23.3544
23.4635	23.4629
23.5721	23.5715
23.6806	23.68
23.7892	23.7886
23.8971	23.8965
24.005	24.0044
24.0904	24.1362
24.1989	24.2447
24.3074	24.3533
24.416	24.4619
24.524	24.571
24.6325	24.6796
24.7411	24.7881
24.8496	24.8967
24.982	24.9814
25.0906	25.0899
25.1991	25.1985
25.3077	25.307
25.4411	25.3908
25.5496	25.4993
25.6582	25.6078
25.7668	25.7163
25.8752	25.8238
25.9831	25.9317
26.091	26.0396
26.199	26.1475
26.3082	26.2566
26.3926	26.3919
26.5005	26.4998
26.588	26.5873
26.6646	26.6639
26.6993	26.7514
26.7332	26.7853
26.7573	26.8094
26.7834	26.8355
26.8372	26.8365
26.8639	26.8632
26.892	26.8913
26.9206	26.92
26.9201	26.9727
26.9397	26.9923
26.9495	27.0022
26.9523	27.0049
26.9479	27.0005
26.9369	26.9896
26.926	26.9787
26.9151	26.9678
26.9042	26.9569
26.92	26.9193
26.9091	26.9084
26.8982	26.8975
26.8873	26.8866
26.903	26.8491
26.892	26.8382
26.8811	26.8273
26.8702	26.8164
26.8593	26.8056
26.8484	26.7947
26.8375	26.7838
26.8266	26.7729
26.8157	26.762
26.7783	26.7776
26.7674	26.7667
26.7565	26.7558
26.7456	26.7449
26.7611	26.7076
26.7501	26.6967
26.7392	26.6858
26.7283	26.6749
26.691	26.6904
26.6801	26.6795
26.6692	26.6686
26.6583	26.6577
26.5948	26.6993
26.5839	26.6884
26.573	26.6775
26.5621	26.6666
26.5512	26.6557
26.5404	26.6447
26.5295	26.6338
26.5186	26.6229
26.5078	26.612
26.5231	26.5748
26.5122	26.5639
26.5013	26.553
26.4904	26.5421
26.501	26.5526
26.5607	26.6125
26.6354	26.6872
26.7375	26.7894
26.8601	26.9121
26.9899	27.0427
27.1278	27.1807
27.2664	27.3193
27.4069	27.4598
25.7178	29.4108
25.8532	29.5511
25.989	29.6911
26.1272	29.8337
26.265	29.9755
28.414	28.1321
28.563	28.2808
28.7106	28.4281
28.859	28.5761
29.992	27.7416
30.1461	27.8927
30.3001	28.044
30.454	28.1952
28.8359	30.1233
28.9878	30.2767
29.1191	30.4084
29.2096	30.498
29.2578	30.5448
28.7614	31.0598
28.7669	31.0651
28.7678	31.0657
28.7575	31.0542
28.8788	30.9126
28.868	30.9016
28.8572	30.8906
28.8464	30.8796
32.5851	27.0834
32.5756	27.071
32.5644	27.0604
32.5531	27.0499
31.6687	27.9349
31.6569	27.9249
31.6459	27.9141
31.6348	27.9034
31.6303	27.8859
30.6509	28.8583
30.6499	28.8375
30.647	28.8185
30.6426	28.801
29.2532	30.1721
29.2393	30.1642
29.2195	30.1621
29.1991	30.1606
32.6895	26.5991
32.6848	26.5817
32.6799	26.5646
32.6748	26.5477
28.7326	30.515
28.7169	30.5089
28.6903	30.5136
28.6625	30.5194
27.1088	32.0231
27.0923	32.0176
27.077	32.011
27.0679	31.9984
32.0291	27.0142
32.0276	26.9937
32.0255	26.9737
32.0216	26.9556
32.0122	26.9431
29.0227	29.9446
29.0121	29.9334
29.0013	29.9225
28.9904	29.9116
27.4927	31.3682
27.4813	31.3578
27.468	31.3493
27.4558	31.3396
27.3951	31.3775
27.3843	31.3664
27.3736	31.3554
27.3633	31.3439
27.9942	30.7027
27.7215	30.3829
27.3033	29.936
26.6339	29.2213
26.6456	27.2797
25.6764	26.298
24.6953	25.3026
23.9084	24.5104
23.2187	23.8156
23.4413	22.4933
23.3413	22.3769
23.3303	22.366
23.3142	22.3603
23.4252	22.2269
23.4039	22.2265
23.3869	22.2217
23.3746	22.2122
23.3221	22.2431
23.3111	22.2323
23.3002	22.2214
23.2892	22.2106
23.0907	22.3881
23.0798	22.3772
23.0688	22.3663
23.0579	22.3555
23.0549	22.3522
22.8395	22.5658
22.8285	22.555
22.8176	22.5441
22.8067	22.5332
22.6876	22.6305
22.6767	22.6196
22.6658	22.6087
22.6549	22.5978
22.5361	22.6948
22.5252	22.6839
22.5143	22.673
22.5034	22.6621
22.4927	22.651
22.4818	22.6401
22.4709	22.6292
22.46	22.6183
22.4492	22.6072
22.4383	22.5963
22.4274	22.5854
22.4165	22.5745
23.1717	21.7954
23.1608	21.7845
23.1498	21.7737
23.1388	21.7628
23.1279	21.752
23.2277	21.6296
23.2167	21.6188
23.2057	21.6079
23.1948	21.5971
22.0551	22.7175
22.0442	22.7065
22.0333	22.6956
22.0225	22.6847
21.7109	22.9731
21.7	22.9621
21.6892	22.9512
21.6783	22.9402
21.7076	22.8894
21.6967	22.8785
21.6859	22.8675
21.675	22.8566
21.8446	22.666
21.8337	22.6551
21.8229	22.6441
21.812	22.6332
21.8011	22.6223
21.9975	22.4047
21.9866	22.3938
21.9757	22.3828
21.9648	22.3719
22.1643	22.1508
22.1534	22.1399
22.1425	22.129
22.1316	22.1181
22.1627	22.0652
22.1518	22.0543
22.1409	22.0434
22.13	22.0325
22.2026	21.938
22.1917	21.9271
22.1808	21.9162
22.1699	21.9054
22.159	21.8945
22.1478	21.8838
22.1369	21.8729
22.126	21.8621
22.115	21.8512
22.083	21.8614
22.0721	21.8505
22.0612	21.8396
22.0503	21.8287
21.9977	21.8596
21.9867	21.8487
21.9758	21.8378
21.9649	21.8269
21.9124	21.8576
21.9015	21.8467
21.8906	21.8358
21.8797	21.8249
21.848	21.8348
21.8371	21.8239
21.8262	21.813
21.8153	21.8021
21.8044	21.7912
21.7522	21.8216
21.7413	21.8107
21.7304	21.7998
21.7195	21.7889
21.6675	21.819
21.6566	21.8081
21.6457	21.7972
21.6348	21.7863
21.6446	21.7547
21.6337	21.7438
21.6228	21.7329
21.6119	21.722
21.6421	21.67
21.6312	21.6591
21.6203	21.6482
21.6094	21.6373
21.1569	22.0671
21.1461	22.0561
21.1352	22.0452
21.1243	22.0342
21.9577	21.1794
21.9467	21.1685
21.9358	21.1576
21.9248	21.1468
21.9139	21.1359
22.3585	20.6669
22.3476	20.6561
22.3366	20.6452
22.3256	20.6344
22.1927	20.7464
22.1817	20.7356
22.1707	20.7248
22.1597	20.714
21.9469	20.9061
21.9359	20.8953
21.925	20.8844
21.914	20.8736
21.6705	21.0962
21.6595	21.0853
21.6486	21.0745
21.6377	21.0636
21.3866	21.2932
21.3757	21.2823
21.3648	21.2714
21.3539	21.2605
21.2826	21.31
21.2717	21.2991
21.2608	21.2882
21.2499	21.2773
21.239	21.2664
21.4872	20.9961
21.4763	20.9852
21.4653	20.9744
21.4544	20.9635
21.1247	21.2717
21.1138	21.2608
21.1029	21.2498
21.092	21.2389
20.982	21.327
20.9711	21.3161
20.9602	21.3052
20.9493	21.2943
20.9388	21.283
20.9279	21.2721
20.917	21.2612
20.9061	21.2502
21.5211	20.6127
21.5101	20.6018
21.4992	20.591
21.4882	20.5801
21.4773	20.5693
21.5574	20.467
21.5464	20.4561
21.5354	20.4453
21.5245	20.4344
21.4205	20.5171
21.4095	20.5062
21.3986	20.4954
21.3876	20.4845
21.1473	20.7037
21.1364	20.6928
21.1255	20.6819
21.1146	20.6711
21.1802	20.5834
21.1693	20.5726
21.1583	20.5617
21.1474	20.5508
20.7078	20.9689
20.6969	20.958
20.686	20.9471
20.6751	20.9362
20.6642	20.9253
20.5184	21.049
20.5076	21.0381
20.4967	21.0272
20.4858	21.0163
20.4947	20.9856
20.4839	20.9746
20.473	20.9637
20.4621	20.9528
20.5865	20.8068
20.5756	20.7959
20.5647	20.785
20.5538	20.7741
20.6205	20.6856
20.6096	20.6747
20.5987	20.6638
20.5878	20.6529
20.6156	20.6033
20.6047	20.5924
20.5938	20.5815
20.5829	20.5706
19.941	21.189
19.9301	21.178
19.9193	21.1671
19.9084	21.1561
19.8819	21.1608
19.871	21.1498
19.8602	21.1389
19.8493	21.1279
19.9792	20.9769
19.9684	20.966
19.9575	20.955
19.9467	20.9441
19.8665	21.0021
19.8557	20.9911
19.8448	20.9802
19.834	20.9692
19.9302	20.8517
19.9193	20.8408
19.9085	20.8298
19.8976	20.8189
20.0333	20.6619
20.0224	20.6509
20.0116	20.64
20.0007	20.6291
20.1398	20.4685
20.1289	20.4576
20.118	20.4467
20.1071	20.4357
20.1909	20.3302
20.18	20.3193
20.1691	20.3084
20.1582	20.2975
20.2041	20.2298
20.1932	20.2189
20.1823	20.208
20.1714	20.1971
20.1605	20.1862
20.1685	20.1564
20.1576	20.1455
20.1467	20.1346
20.1358	20.1237
20.1249	20.1129
20.114	20.102
20.1031	20.0911
20.0921	20.0802
20.0625	20.088
20.0516	20.0771
20.0407	20.0662
20.0298	20.0553
19.9816	20.0817
19.9706	20.0708
19.9597	20.0599
19.9488	20.049
19.9753	20.0007
19.9644	19.9898
19.9535	19.9789
19.9426	19.968
19.9317	19.9571
20.5129	19.3527
20.502	19.3418
20.491	19.331
20.48	19.3201
20.5817	19.1961
20.5707	19.1852
20.5598	19.1744
20.5488	19.1635
18.7183	20.9688
18.7074	20.9579
18.6967	20.9469
18.6859	20.9359
18.394	21.2029
18.3831	21.192
18.3723	21.181
18.3616	21.1699
18.3508	21.1589
20.1689	19.3267
20.1579	19.3159
20.1469	19.305
20.136	19.2942
18.4302	20.972
18.4192	20.9612
18.4084	20.9502
18.3976	20.9392
20.5371	18.7816
20.526	18.7708
20.515	18.76
20.504	18.7492
20.9396	18.2876
20.9287	18.2767
20.9177	18.2659
20.9066	18.2551
20.7131	18.4288
20.702	18.4181
20.691	18.4073
20.68	18.3965
20.3712	18.6861
20.3601	18.6753
20.3492	18.6645
20.3382	18.6537
20.3272	18.6428
19.9066	19.0438
19.8956	19.033
19.8847	19.0221
19.8738	19.0113
19.6353	19.2286
19.6243	19.2177
19.6134	19.2068
19.6025	19.196
19.4481	19.3287
19.4372	19.3178
19.4263	19.3069
19.4154	19.296
19.2967	19.3929
19.2858	19.382
19.2749	19.3711
19.264	19.3602
19.2175	19.3849
19.2066	19.3739
19.1957	19.363
19.1848	19.3521
19.1739	19.3412
19.1632	19.3301
19.1523	19.3192
19.1414	19.3083
19.1305	19.2974
19.1376	19.2685
19.1267	19.2576
19.1158	19.2467
19.1049	19.2358
19.1297	19.1893
19.1187	19.1784
19.1078	19.1675
19.0969	19.1566
19.0861	19.1456
19.0752	19.1347
19.0643	19.1238
19.0534	19.1129
19.0602	19.0842
19.0493	19.0733
19.0384	19.0624
19.0275	19.0515
19.0167	19.0406
19.0194	19.0433
19.0779	19.1019
19.1621	19.1862
19.2712	19.2955
19.3868	19.4111
19.5024	19.5266
19.625	19.6492
19.7581	19.7831
19.9037	19.9287
20.0557	20.0807
20.2084	20.2333
20.3795	20.3673
20.5322	20.5199
20.6849	20.6725
20.8376	20.8251
20.9508	21.0171
21.1034	21.1698
21.2561	21.3224
21.4087	21.475
21.5613	21.6276
21.6923	21.8018
21.845	21.9545
21.9976	22.1072
22.1502	22.2598
22.3222	22.3931
22.4748	22.5457
22.6274	22.6983
22.78	22.851
22.9092	23.027
23.0618	23.1797
23.2144	23.3323
23.367	23.485
23.5632	23.5941
23.7152	23.7461
23.8673	23.898
24.0199	24.0506
24.5659	23.8092
24.719	23.9613
24.8722	24.1134
25.0253	24.2655
26.5174	23.0647
26.6726	23.2146
26.8274	23.3651
26.9821	23.5155
27.0524	23.7518
27.207	23.9024
27.3568	24.0488
27.465	24.159
27.5454	24.2407
27.0973	24.7805
27.1159	24.8011
27.1036	24.7916
27.0926	24.7808
26.2409	25.617
26.23	25.6061
26.219	25.5953
26.2081	25.5844
25.5154	26.2551
25.5045	26.2442
25.4936	26.2332
25.4828	26.2223
25.4233	26.2598
25.4124	26.2488
25.4016	26.2379
25.3907	26.227
25.4052	26.1908
25.3943	26.1799
25.3834	26.1689
25.3725	26.158
25.5363	25.973
25.5254	25.9621
25.5145	25.9512
25.5036	25.9403
25.694	25.7283
25.6831	25.7174
25.6722	25.7065
25.6613	25.6956
25.425	25.9098
25.4141	25.8988
25.4033	25.8879
25.3924	25.877
25.6821	25.5658
25.6712	25.5549
25.6603	25.544
25.6494	25.5331
25.7631	25.3974
25.7522	25.3865
25.7413	25.3756
25.7304	25.3647
25.7194	25.3538
25.6834	25.3681
25.6725	25.3572
25.6615	25.3464
25.6506	25.3355
25.5649	25.3995
25.5539	25.3886
25.543	25.3777
25.5321	25.3668
25.5211	25.3561
25.5102	25.3452
25.4993	25.3343
25.4883	25.3234
25.4774	25.3125
25.4168	25.3514
25.4059	25.3405
25.395	25.3296
25.3841	25.3187
25.3484	25.3326
25.3375	25.3217
25.3266	25.3108
25.3157	25.2999
25.8846	24.7074
25.8737	24.6965
25.8627	24.6856
25.8518	24.6748
25.8858	24.6187
25.8749	24.6078
25.8639	24.597
25.8529	24.5862
25.842	24.5753
25.6199	24.7768
25.6089	24.7659
25.598	24.755
25.587	24.7442
25.3099	25.0003
25.299	24.9894
25.288	24.9785
25.2771	24.9676
25.1194	25.1037
25.1084	25.0928
25.0975	25.0819
25.0866	25.071
24.9293	25.2064
24.9185	25.1955
24.9076	25.1846
24.8967	25.1737
24.886	25.1625
24.8751	25.1516
24.8642	25.1407
24.8533	25.1298
24.8425	25.1189
24.8803	25.0592
24.8694	25.0483
24.8585	25.0374
24.8477	25.0265
24.8854	24.9669
24.8745	24.956
24.8636	24.9451
24.8527	24.9342
24.8661	24.899
24.8552	24.8881
24.8443	24.8772
24.8334	24.8663
24.8467	24.8313
24.8358	24.8204
24.8249	24.8095
24.814	24.7986
24.8272	24.7636
24.8163	24.7527
24.8053	24.7418
24.7944	24.7309
24.7835	24.72
24.7726	24.7091
24.7617	24.6982
24.7508	24.6873
24.7398	24.6764
24.7049	24.6896
24.694	24.6787
24.6831	24.6678
24.6722	24.6569
24.6374	24.6699
24.6264	24.659
24.6155	24.6481
24.6046	24.6372
24.5938	24.6263
24.5829	24.6154
24.572	24.6045
24.5611	24.5936
24.5502	24.5826
24.5393	24.5717
24.5284	24.5608
24.5175	24.5499
24.5066	24.539
24.5195	24.5043
24.5086	24.4934
24.4977	24.4825
24.4868	24.4716
24.4759	24.4607
24.465	24.4498
24.4541	24.4389
24.4432	24.428
23.2284	25.614
23.2174	25.6032
23.2066	25.5922
23.1958	25.5811
23.0178	25.7353
23.007	25.7244
22.9962	25.7133
22.9854	25.7023
22.9746	25.6913
23.5001	25.1497
23.4894	25.1386
23.4786	25.1276
23.4677	25.1167
23.8719	24.6932
23.861	24.6823
23.8502	24.6713
23.8393	24.6604
24.5955	23.8826
24.5845	23.8717
24.5736	23.8609
24.5627	23.85
24.7965	23.5932
24.7856	23.5823
24.7746	23.5715
24.7637	23.5606
24.2063	24.098
24.1954	24.0871
24.1845	24.0762
24.1735	24.0653
24.1626	24.0544
23.8959	24.2991
23.885	24.2882
23.8741	24.2773
23.8633	24.2664
23.8068	24.3009
23.7959	24.29
23.7851	24.2791
23.7742	24.2681
23.7409	24.2796
23.73	24.2687
23.7191	24.2577
23.7082	24.2468
23.9279	24.0057
23.917	23.9947
23.9061	23.9838
23.8952	23.9729
23.1136	24.7296
23.1027	24.7187
23.0919	24.7077
23.0811	24.6967
23.0517	24.7041
23.0409	24.6932
23.0301	24.6822
23.0192	24.6712
22.3595	25.302
22.3485	25.2912
22.3378	25.2801
22.327	25.2691
22.6507	24.9278
22.64	24.9167
22.6292	24.9056
22.6184	24.8946
23.5734	23.924
23.5625	23.913
23.5516	23.9021
23.5407	23.8912
23.5298	23.8803
23.429	23.9592
23.4181	23.9483
23.4072	23.9373
23.3963	23.9264
23.4535	23.8476
23.4426	23.8366
23.4317	23.8257
23.4208	23.8148
23.5008	23.7132
23.4899	23.7023
23.479	23.6914
23.4681	23.6805
23.5933	23.5335
23.5824	23.5226
23.5715	23.5117
23.5606	23.5008
23.6174	23.4221
23.6065	23.4112
23.5956	23.4004
23.5847	23.3895
23.5738	23.3786
23.5627	23.3679
23.5573	23.3514
23.5595	23.3274
23.5663	23.2987
23.572	23.2713
23.5772	23.2442
23.5784	23.2212
23.5802	23.1976
23.5338	23.2223
23.5315	23.2027
23.5303	23.1821
23.5293	23.1612
23.4832	23.1856
23.4809	23.1661
23.4811	23.1441
23.4807	23.1226
23.415	23.1666
23.4169	23.1429
23.4206	23.1174
23.4232	23.0929
23.366	23.1479
23.4052	23.1751
23.4768	23.2375
23.5577	23.311
23.59	23.4334
23.6632	23.5147
23.7348	23.5962
23.8085	23.6783
23.8225	23.838
23.9224	23.9361
24.0332	24.0295
24.1618	24.127
24.2435	24.2778
24.3774	24.3814
24.5129	24.5014
24.6615	24.6362
24.8226	24.7805
24.9917	24.9166
25.1652	25.0484
25.3387	25.1801
25.4882	25.3358
25.6689	25.4604
25.8459	25.5886
26.0185	25.7212
27.4113	24.624
27.5681	24.7711
27.7237	24.9194
27.8805	25.0664
28.0372	25.2136
28.2598	25.2939
28.4101	25.4411
28.5384	25.5966
28.6121	25.7572
26.3392	28.1431
26.2823	28.1778
26.2225	28.2153
26.1531	28.2623
25.9849	28.4068
25.9401	28.4293
25.9056	28.4418
25.8703	28.4549
25.8992	28.4047
25.864	28.4178
25.8344	28.4254
25.8038	28.4339
26.3345	27.8873
26.3077	27.8921
26.2935	27.8845
26.2959	27.8604
26.8965	27.241
26.9094	27.2063
26.9208	27.1732
26.9273	27.1449
26.9319	27.1186
27.409	26.6189
27.4075	26.5985
27.4085	26.5757
27.4085	26.5538
27.4832	26.4569
27.4702	26.4481
27.4499	26.4467
27.426	26.4488
27.1848	26.6691
27.152	26.6802
27.1182	26.6922
27.0865	26.7021
26.9206	26.8464
26.8912	26.854
26.8659	26.8575
26.8509	26.8507
26.681	26.9987
26.6701	26.9878
26.6592	26.9769
26.6483	26.9659
26.5849	27.0074
26.5741	26.9965
26.5632	26.9856
26.5523	26.9746
26.5944	26.9108
26.5835	26.8999
26.5726	26.889
26.5617	26.8781
26.6301	26.788
26.6192	26.7771
26.6083	26.7662
26.5974	26.7553
26.6919	26.639
26.681	26.6281
26.6701	26.6172
26.6592	26.6063
26.6745	26.5692
26.6636	26.5583
26.6527	26.5474
26.6418	26.5365
26.6308	26.5257
26.6199	26.5148
26.609	26.5039
26.5981	26.493
26.5609	26.5083
26.55	26.4974
26.5391	26.4865
26.5282	26.4756
26.5173	26.4648
26.5064	26.4539
26.4955	26.443
26.4846	26.4321
26.4215	26.4733
26.4106	26.4624
26.3997	26.4515
26.3888	26.4406
26.3779	26.4297
26.367	26.4188
26.3561	26.4079
26.3452	26.397
26.3603	26.3601
26.3494	26.3492
26.3385	26.3383
26.3276	26.3273
26.3167	26.3164
26.3058	26.3055
26.2949	26.2946
26.284	26.2837
26.2731	26.2728
26.2622	26.2619
26.2513	26.251
26.2404	26.2401
26.2295	26.2292
26.2186	26.2183
26.2077	26.2074
26.1968	26.1965
26.1859	26.1856
26.175	26.1747
26.1641	26.1638
26.1532	26.1529
26.1423	26.142
26.1314	26.1311
26.1205	26.1202
26.1096	26.1093
26.0987	26.0984
26.0878	26.0875
26.0769	26.0766
26.066	26.0657
26.0551	26.0548
26.0442	26.0439
26.0333	26.033
26.0224	26.0221
26.0115	26.0112
26.0006	26.0003
25.9897	25.9894
25.9788	25.9785
25.9679	25.9676
25.957	25.9567
25.9461	25.9458
25.9352	25.9349
25.9242	25.924
25.9133	25.9131
25.9024	25.9022
25.8915	25.8913
25.8806	25.8804
25.8697	25.8695
25.8588	25.8586
25.8479	25.8477
25.837	25.8368
25.8261	25.8258
25.8152	25.8149
25.8043	25.804
25.814	25.8137
25.8031	25.8028
25.7922	25.7919
25.7827	25.7795
25.7785	25.762
25.8007	25.7179
25.7947	25.7021
25.7876	25.6874
25.7783	25.6749
25.7203	25.7111
25.7137	25.6959
25.7034	25.6844
25.6923	25.6737
25.6814	25.6628
25.6705	25.6519
25.6596	25.641
25.6486	25.6301
25.6377	25.6192
25.6269	25.6083
25.6159	25.5974
25.6048	25.5868
25.5939	25.5759
25.583	25.565
25.5716	25.5545
25.5607	25.5436
25.5498	25.5327
25.5134	25.5474
25.5005	25.5384
25.4873	25.5298
25.4717	25.5236
25.4539	25.5196
25.4369	25.5148
25.4199	25.51
25.4064	25.5016
25.3956	25.4907
25.3847	25.4797
25.3738	25.4688
25.3629	25.4579
25.352	25.447
25.366	25.4112
25.3551	25.4003
25.3442	25.3894
25.3333	25.3785
25.3472	25.3428
25.3363	25.3319
25.3254	25.321
25.3145	25.3101
25.3036	25.2992
25.2927	25.2883
25.2818	25.2774
25.2709	25.2665
25.2846	25.231
25.2737	25.2201
25.2628	25.2092
25.2519	25.1983
25.241	25.1874
25.2301	25.1765
25.2192	25.1656
25.2083	25.1547
25.1728	25.1684
25.1619	25.1575
25.151	25.1466
25.1401	25.1357
25.1047	25.1493
25.0938	25.1384
25.0829	25.1275
25.072	25.1166
25.0611	25.1056
25.0502	25.0947
25.0393	25.0838
25.0284	25.0729
25.0419	25.0376
25.031	25.0267
25.0205	25.0154
25.0175	24.9966
25.0173	24.975
25.012	24.9586
25.0058	24.9429
24.9979	24.929
24.9887	24.9164
24.9779	24.9053
24.9673	24.8942
24.9603	24.8794
24.9545	24.8634
24.9496	24.8464
24.9436	24.8306
24.9385	24.814
24.9095	24.8212
24.903	24.8058
24.8954	24.7916
24.8851	24.7802
24.8742	24.7692
24.8632	24.7584
24.8519	24.7479
24.834	24.744
24.8096	24.7466
24.7602	24.7742
24.7327	24.7799
24.7082	24.7826
24.6881	24.7808
24.6281	24.819
24.6172	24.8081
24.6063	24.7972
24.5954	24.7863
24.5847	24.7752
24.5738	24.7643
24.5629	24.7534
24.552	24.7425
24.5891	24.6837
24.5782	24.6727
24.5673	24.6618
24.5564	24.6509
24.5695	24.6161
24.5586	24.6052
24.5477	24.5943
24.5368	24.5834
24.5497	24.5486
24.5388	24.5377
24.5279	24.5268
24.517	24.5159
24.5061	24.505
24.4952	24.4941
24.4843	24.4832
24.4734	24.4723
24.4862	24.4377
24.4753	24.4268
24.4644	24.4159
24.4535	24.405
24.4425	24.3941
24.4316	24.3832
24.4207	24.3723
24.4098	24.3614
24.3989	24.3506
24.388	24.3397
24.3771	24.3288
24.3662	24.3179
24.3552	24.307
24.3443	24.2961
24.3334	24.2852
24.3225	24.2743
24.288	24.287
24.2771	24.2761
24.2662	24.2652
24.2553	24.2543
24.221	24.2668
24.2101	24.2559
24.1992	24.245
24.1883	24.2341
24.1774	24.2232
24.1665	24.2123
24.1556	24.2014
24.1447	24.1905
24.1572	24.1562
24.1463	24.1453
24.1354	24.1343
24.1245	24.1234
24.1136	24.1125
24.126	24.0783
24.1151	24.0674
24.1042	24.0565
24.0933	24.0456
24.0823	24.0348
24.0714	24.0239
24.0605	24.013
24.0496	24.0021
24.0387	23.9912
24.0278	23.9803
24.0169	23.9694
24.006	23.9585
23.9487	23.994
23.9378	23.9831
23.9269	23.9721
23.916	23.9612
23.9052	23.9503
23.8943	23.9394
23.8834	23.9285
23.8725	23.9176
23.8616	23.9066
23.8507	23.8957
23.8398	23.8848
23.8289	23.8739
23.864	23.817
23.8531	23.8061
23.8422	23.7952
23.8313	23.7843
23.8204	23.7734
23.8095	23.7626
23.7986	23.7517
23.7877	23.7408
23.7767	23.7299
23.7658	23.719
23.7549	23.7081
23.744	23.6972
23.7331	23.6863
23.6993	23.6983
23.6884	23.6874
23.6775	23.6765
23.6666	23.6656
23.6557	23.6547
23.6448	23.6438
23.6339	23.6329
23.623	23.622
23.6121	23.6111
23.6012	23.6002
23.5903	23.5893
23.5794	23.5784
23.5458	23.5901
23.5349	23.5792
23.524	23.5683
23.5131	23.5574
23.5022	23.5465
23.4913	23.5356
23.4804	23.5247
23.4695	23.5137
23.4587	23.5028
23.4478	23.4919
23.4369	23.481
23.426	23.4701
23.4151	23.4591
23.4042	23.4482
23.3933	23.4373
23.3824	23.4264
23.4165	23.3705
23.4056	23.3596
23.3947	23.3487
23.3838	23.3378
23.3728	23.327
23.3619	23.3161
23.351	23.3052
23.3401	23.2943
23.3292	23.2834
23.3183	23.2725
23.3074	23.2616
23.2965	23.2507
23.2855	23.2399
23.2746	23.229
23.2637	23.2181
23.2528	23.2072
23.1973	23.2409
23.1864	23.2299
23.1755	23.219
23.1646	23.2081
23.176	23.175
23.1651	23.1641
23.1542	23.1532
23.1433	23.1423
23.1102	23.1535
23.0993	23.1426
23.0884	23.1317
23.0775	23.1208
23.0666	23.1099
23.0557	23.099
23.0448	23.0881
23.0339	23.0772
23.023	23.0663
23.0343	23.0333
23.0233	23.0224
23.0124	23.0114
23.0015	23.0005
22.9906	22.9896
22.9797	22.9787
22.9688	22.9678
22.9579	22.9569
22.947	22.946
22.9361	22.9351
22.9252	22.9242
22.9143	22.9133
22.9034	22.9024
22.8925	22.8915
22.8816	22.8806
22.8707	22.8697
22.838	22.8807
22.8271	22.8698
22.8162	22.8589
22.8053	22.848
22.7726	22.8588
22.7617	22.8479
22.7508	22.837
22.7399	22.8261
22.7291	22.8151
22.7182	22.8042
22.7073	22.7933
22.6964	22.7824
22.6856	22.7714
22.6747	22.7605
22.6638	22.7496
22.6529	22.7387
23.6303	21.7353
23.6194	21.7244
23.6084	21.7136
23.5974	21.7028
23.6528	21.6249
23.6418	21.6141
23.6309	21.6033
23.6199	21.5925
23.3584	21.8342
23.3474	21.8235
23.3364	21.8126
23.3254	21.8018
22.8953	22.2123
22.8844	22.2014
22.8734	22.1905
22.8625	22.1797
22.6608	22.3599
22.6499	22.3491
22.639	22.3382
22.6281	22.3273
22.4673	22.4663
22.4564	22.4554
22.4455	22.4445
22.4346	22.4336
22.2957	22.5507
22.2848	22.5398
22.2739	22.5289
22.263	22.518
22.2099	22.5492
22.199	22.5382
22.1882	22.5273
22.1773	22.5164
22.209	22.4629
22.1982	22.452
22.1873	22.4411
22.1764	22.4302
22.2081	22.3767
22.1972	22.3658
22.1863	22.3549
22.1754	22.344
22.5433	21.9539
22.5324	21.943
22.5214	21.9321
22.5105	21.9213
22.4996	21.9104
22.5497	21.8383
22.5388	21.8274
22.5278	21.8165
22.5169	21.8057
22.1511	22.1502
22.1402	22.1393
22.1293	22.1284
22.1184	22.1175
22.0025	22.2115
21.9916	22.2006
21.9808	22.1897
21.9699	22.1788
21.9174	22.2094
21.9065	22.1985
21.8956	22.1876
21.8847	22.1767
23.2264	20.8065
23.2156	20.7955
23.2046	20.7847
23.1936	20.774
23.3271	20.617
23.3161	20.6061
23.3051	20.5954
23.294	20.5846
22.9858	20.8743
22.9748	20.8636
22.9638	20.8528
22.9528	20.842
22.4923	21.2841
22.4813	21.2733
22.4703	21.2624
22.4594	21.2516
22.4847	21.2043
22.4737	21.1934
22.4628	21.1826
22.4518	21.1717
22.4408	21.1609
21.647	21.9347
21.6361	21.9238
21.6252	21.9129
21.6143	21.902
