0	0
0	0
0	0
0	0
0	0
0	0
0	0
0	0
0	0
0	0
0	0
0	0
0	0
0	0
0	0
0	0
0	0
0	0
0	0
0	0
0	0
0	0
0	0
0.00251888	0.000692053
0.00503779	0.00138407
0.015851	0.00435435
0.0593267	0.0162893
0.134847	0.0369932
0.224698	0.0615794
0.315611	0.0864049
0.413722	0.113138
0.514436	0.140519
0.614689	0.167711
0.713453	0.194439
0.812777	0.221256
0.913173	0.248301
1.01362	0.275297
1.11411	0.302242
1.21465	0.329138
1.31421	0.35571
1.41382	0.382233
1.51347	0.408708
1.61317	0.435133
1.12362	1.05094
1.18713	1.11358
1.25131	1.17684
1.32275	1.23416
1.38791	1.29839
1.45308	1.36262
1.51826	1.42684
1.5886	1.48589
1.65379	1.55011
1.71897	1.61432
1.78417	1.67852
1.85621	1.73588
1.92141	1.80008
1.98661	1.86427
2.05249	1.92909
2.12789	1.98959
2.19672	2.05732
2.26554	2.12505
2.33403	2.19246
2.40186	2.25923
2.48031	2.31538
2.54884	2.38276
2.61735	2.45015
2.68519	2.51692
2.75855	2.57816
2.82641	2.6449
2.89428	2.71163
2.96181	2.77805
3.03713	2.83668
3.10434	2.90277
3.17089	2.96822
3.23746	3.03365
3.30962	3.09349
3.37619	3.15892
3.44277	3.22434
3.50935	3.28976
3.58605	3.34506
3.65264	3.41047
3.71889	3.47557
3.78549	3.54097
3.85924	3.59921
3.92651	3.66524
3.99242	3.73003
4.05197	3.78883
4.11033	3.8462
4.17516	3.89841
4.23455	3.9567
4.29495	4.01595
4.35566	4.07553
4.43224	4.11924
4.49295	4.17882
4.55366	4.23839
4.61471	4.29829
4.67649	4.35875
4.72758	4.4286
4.77878	4.49835
4.83212	4.56595
4.88931	4.62972
4.94885	4.69111
5.01169	4.75051
5.07434	4.81011
5.13999	4.86996
5.20228	4.93381
5.26534	4.9969
5.32948	5.06086
5.39998	5.1175
5.46362	5.181
5.52692	5.24418
5.59075	5.3075
5.65721	5.36752
5.72054	5.43069
5.78386	5.49386
5.84718	5.55703
5.91177	5.61893
5.98416	5.67303
6.0463	5.73738
6.10946	5.80071
6.17289	5.86378
6.23998	5.92317
6.30299	5.986
6.366	6.04883
6.42902	6.11166
6.49863	6.16788
6.56098	6.23007
6.62134	6.29034
6.67541	6.34456
6.7253	6.39449
6.77043	6.42497
6.77027	6.42673
6.77108	6.42753
6.77188	6.42833
6.70782	6.49404
6.70862	6.49484
6.67581	6.46316
6.55615	6.34656
6.43335	6.23309
6.28479	6.08589
6.13333	5.935
5.96846	5.77108
5.8038	5.60696
5.62413	5.45785
5.44607	5.2807
5.26148	5.09687
5.07026	4.90645
4.88327	4.74645
4.78333	4.64475
4.73945	4.59934
4.70817	4.56774
4.65172	4.52168
4.60041	4.47047
4.54239	4.41276
4.49453	4.36471
4.42976	4.30054
4.34843	4.23309
4.27383	4.1589
4.1926	4.07813
4.1283	4.0135
4.12551	4.0195
4.12712	4.0211
4.12872	4.02271
4.08357	3.97856
4.015	3.91158
3.90362	3.80151
3.75927	3.65832
3.59856	3.49845
3.43217	3.34427
3.27169	3.18419
3.1112	3.02411
2.95069	2.86404
2.74378	2.67771
2.50001	2.43573
2.26005	2.19653
2.02671	1.96394
1.79993	1.738
1.57067	1.53436
1.36048	1.32485
1.18369	1.14804
1.09384	1.05607
1.03859	1.01542
1.04075	1.01647
1.04235	1.01807
1.04396	1.01968
1.04513	1.02172
1.04678	1.02328
1.06209	1.03827
1.12535	1.10051
1.19561	1.16875
1.26353	1.23674
1.33147	1.3047
1.40236	1.37556
1.47911	1.44578
1.5529	1.51959
1.62834	1.59502
1.70478	1.67139
1.78407	1.74492
1.86048	1.82133
1.93688	1.89774
2.01461	1.97543
2.09645	2.0503
2.17482	2.12866
2.25318	2.20701
2.33123	2.28503
2.40894	2.36273
2.48713	2.43216
2.5524	2.49759
2.61908	2.56421
2.68575	2.63084
2.7558	2.69473
2.8228	2.76169
2.89008	2.82901
2.9574	2.89629
3.02774	2.96056
3.09506	3.02783
3.16239	3.09511
3.23037	3.16303
3.29769	3.23031
3.37	3.29261
3.43798	3.36052
3.50596	3.42845
3.57394	3.49637
3.64379	3.56243
3.71177	3.63035
3.77975	3.69827
3.84773	3.76619
3.91738	3.83245
3.98536	3.90037
4.05335	3.96828
4.12133	4.0362
4.18932	4.10412
4.26102	4.16832
4.32901	4.23624
4.397	4.30415
4.46498	4.37207
4.53266	4.44029
4.60065	4.50821
4.66857	4.57619
4.73641	4.64425
4.80717	4.70939
4.87516	4.7773
4.94315	4.84522
5.01114	4.91313
5.07913	4.98104
5.16817	5.0263
5.23536	5.0934
5.30256	5.1605
5.36976	5.2276
5.43882	5.29284
5.50601	5.35994
5.57321	5.42704
5.64041	5.49413
5.71127	5.55758
5.7788	5.62499
5.84591	5.69218
5.91246	5.75863
5.98056	5.82352
6.04712	5.88996
6.11301	5.95577
6.17924	6.02188
6.24455	6.08891
6.31111	6.15535
6.37832	6.22244
6.44553	6.28953
6.51273	6.35663
6.58415	6.41951
6.65135	6.4866
6.71856	6.55369
6.78577	6.62078
6.85637	6.68447
6.92358	6.75156
6.99079	6.81865
7.058	6.88573
7.08842	6.98962
7.15561	7.05673
7.2228	7.12384
7.28999	7.19095
7.35034	7.2649
7.41752	7.33201
7.48471	7.39912
7.55189	7.46623
7.60538	7.54705
7.67255	7.61417
7.73973	7.68129
7.80691	7.7484
7.87409	7.81552
7.95212	7.87179
8.0193	7.9389
8.08649	8.00602
8.15367	8.07313
8.2089	8.15221
8.27607	8.21933
8.34325	8.28644
8.41043	8.35356
8.47158	8.42671
8.53875	8.49384
8.60593	8.56096
8.6731	8.62808
8.77643	8.65904
8.84363	8.72614
8.91082	8.79324
8.97802	8.86034
9.04699	8.92567
9.11419	8.99277
9.18139	9.05987
9.24858	9.12697
9.31578	9.19407
9.37765	9.2665
9.44485	9.3336
9.51204	9.40071
9.57924	9.46781
9.64799	9.53335
9.71519	9.60045
9.78239	9.66755
9.84958	9.73465
9.91027	9.80827
9.97746	9.87537
10.0447	9.94248
10.1118	10.0096
10.2413	10.0144
10.3086	10.0814
10.3758	10.1485
10.443	10.2156
10.5102	10.2826
10.5893	10.3379
10.6565	10.4049
10.7238	10.472
10.791	10.5391
10.8605	10.6019
10.9158	10.6574
10.916	10.6589
10.9168	10.6597
10.9516	10.6265
10.9524	10.6273
10.9532	10.6281
10.8364	10.5152
10.5191	10.2461
10.2253	9.95338
9.98183	9.7095
9.72093	9.45001
9.44683	9.17729
8.96002	9.10409
8.64419	8.78719
8.2888	8.43056
7.92656	8.06757
7.5596	7.70929
7.20389	7.35298
6.85478	7.00327
6.53188	6.68024
6.25167	6.40039
6.19727	6.26477
6.19754	6.26611
6.19834	6.26692
6.19914	6.26772
6.19556	6.2729
6.19636	6.27371
6.20176	6.27917
6.23246	6.3102
6.27395	6.34234
6.30879	6.37717
6.34099	6.40934
6.37318	6.44154
6.40536	6.47373
6.42863	6.51418
6.45753	6.54305
6.48575	6.57127
6.51495	6.6005
6.64354	6.531
6.67278	6.5602
6.70235	6.58972
6.73225	6.61958
6.72158	6.69198
6.75279	6.72317
6.78632	6.75667
6.82017	6.79049
6.85705	6.8213
6.8909	6.85513
6.92475	6.88896
6.95827	6.92245
6.99212	6.95628
7.02639	6.9897
7.05991	7.0232
7.09376	7.05702
7.12762	7.09085
7.21541	7.07073
7.25028	7.10552
7.28514	7.14033
7.32	7.17513
7.35067	7.21413
7.38553	7.24893
7.42039	7.28373
7.45525	7.31853
7.49173	7.35238
7.52692	7.38751
7.56177	7.42231
7.59663	7.45712
7.63183	7.49225
7.66864	7.52576
7.70383	7.56089
7.73869	7.59569
7.77388	7.63082
7.81038	7.66465
7.84557	7.69978
7.88001	7.73566
7.90734	7.778
7.93349	7.82349
7.95629	7.87103
7.97762	7.91936
7.99833	7.96831
8.02381	8.0125
8.05735	8.04664
8.0909	8.08077
8.12512	8.11556
8.15965	8.15068
8.19896	8.18104
8.23349	8.21617
8.2677	8.25097
8.3019	8.28576
8.3627	8.29397
8.39724	8.32908
8.43179	8.3642
8.46633	8.39932
8.50265	8.43267
8.53719	8.46779
8.57206	8.50324
8.60859	8.54034
8.62805	8.59583
8.66521	8.63362
8.70237	8.67142
8.7429	8.70584
8.79087	8.73347
8.79853	8.80143
8.85653	8.81838
8.91019	8.83834
8.95487	8.86663
8.95792	8.93655
8.99213	8.97597
9.02895	9.01278
9.06691	9.04779
9.01539	9.17226
9.05186	9.20876
9.08355	9.24938
9.11161	9.29362
9.13717	9.3397
9.0822	9.46493
9.10372	9.51372
9.12525	9.56184
9.14774	9.609
9.18096	9.64742
9.2164	9.68363
9.25183	9.71984
9.28727	9.75605
9.34103	9.77396
9.37647	9.81016
9.41191	9.84637
9.44735	9.88258
9.51762	9.88399
9.55307	9.92019
9.58852	9.95639
9.62429	9.99292
9.67415	10.0154
9.70993	10.0519
9.74571	10.0884
9.78117	10.1246
9.8237	10.1544
9.85916	10.1906
9.89461	10.2268
9.93039	10.2633
9.96617	10.2998
10.0129	10.3254
10.0484	10.3616
10.0838	10.3978
10.1196	10.4343
10.1586	10.4676
10.1944	10.5041
10.2302	10.5407
10.266	10.5772
10.2838	10.6316
10.3196	10.6682
10.3551	10.7044
10.3908	10.7409
10.4001	10.8039
10.4358	10.8405
10.4716	10.877
10.5074	10.9136
10.5085	10.9847
10.5474	11.0188
10.5935	11.045
10.6477	11.0638
10.6662	11.1182
10.7225	11.1349
10.778	11.1524
10.8237	11.179
10.8571	11.2172
10.8906	11.2567
10.9276	11.2927
10.9645	11.3287
11.0033	11.3636
11.0633	11.3786
11.1011	11.4164
11.1388	11.4543
11.1766	11.4921
11.2835	11.4609
11.3213	11.4987
11.3591	11.5365
11.3968	11.5744
11.4346	11.6122
11.4899	11.6325
11.5277	11.6703
11.5655	11.7082
11.6033	11.746
11.645	11.7799
11.6827	11.8177
11.7205	11.8556
11.7583	11.8934
11.7952	11.9321
11.833	11.9699
11.8708	12.0078
11.9086	12.0456
11.9405	12.0893
11.9782	12.1271
12.016	12.1649
12.0538	12.2028
12.0556	12.2766
12.0934	12.3144
12.1312	12.3522
12.1689	12.3901
12.2067	12.4279
12.1478	12.5623
12.1855	12.6002
12.2233	12.6381
12.261	12.6759
12.2367	12.7758
12.2744	12.8137
12.3121	12.8516
12.3499	12.8895
12.5629	12.7522
12.6007	12.7901
12.6384	12.8279
12.6762	12.8657
12.7289	12.8887
12.767	12.9269
12.8051	12.965
12.8429	13.0029
12.6444	13.2773
12.6825	13.3155
12.7205	13.3538
12.7585	13.392
12.7886	13.4375
12.8266	13.4758
12.8647	13.514
12.9027	13.5522
12.9407	13.5905
12.9899	13.6176
13.0279	13.6558
13.066	13.6941
13.104	13.7323
13.1506	13.7614
13.1886	13.7996
13.2266	13.8379
13.2647	13.8761
13.3301	13.887
13.3678	13.9249
13.4059	13.9631
13.4432	14.002
13.4842	14.0373
13.5061	14.0917
13.5196	14.1543
13.5328	14.2174
13.5434	14.283
13.5821	14.3206
13.6181	14.3608
13.6558	14.3994
13.6934	14.438
13.7335	14.4742
13.7712	14.5128
13.8088	14.5514
13.8487	14.5879
13.8924	14.6204
13.9568	14.6324
14.0164	14.6484
14.0752	14.6647
14.1328	14.6821
14.2078	14.6821
14.2575	14.7059
14.2989	14.7396
14.3309	14.7812
14.3809	14.8061
14.4042	14.8577
14.4265	14.9104
14.4489	14.9629
14.4886	14.9982
14.5146	15.047
14.5442	15.093
14.5743	15.1386
14.6046	15.1839
14.6683	15.1958
14.698	15.2417
14.7354	15.28
14.773	15.3179
14.8312	15.336
14.8689	15.3746
14.9066	15.4132
14.9443	15.4517
14.9821	15.4903
15.0576	15.4911
15.0953	15.5297
15.133	15.5682
15.1713	15.6062
15.2521	15.6017
15.3157	15.6144
15.381	15.6248
15.4437	15.6377
15.5357	15.6213
15.5896	15.6398
15.628	15.6551
15.6392	15.6641
15.6847	15.6281
15.691	15.6339
15.7012	15.6386
15.7103	15.6456
15.7323	15.6404
15.7404	15.6491
15.7488	15.6575
15.7576	15.6662
15.768	15.6766
15.7936	15.6744
15.8053	15.6861
15.817	15.6978
15.8287	15.7095
15.8557	15.7085
15.8701	15.7228
15.8845	15.7372
15.8988	15.7515
15.921	15.7594
15.936	15.7743
15.9511	15.7893
15.9661	15.8043
15.9952	15.8052
16.0096	15.8195
16.0243	15.8348
16.0394	15.8498
16.0544	15.8648
16.0837	15.8655
16.0987	15.8805
16.1137	15.8955
16.1288	15.9105
16.1442	15.9251
16.1592	15.9401
16.1742	15.9551
16.1893	15.9701
16.2047	15.9847
16.2197	15.9997
16.2347	16.0147
16.2498	16.0296
16.2655	16.0446
16.2809	16.0599
16.2963	16.0752
16.3116	16.0905
16.2992	16.1337
16.3145	16.149
16.3299	16.1643
16.3447	16.1802
16.36	16.1955
16.3686	16.2176
16.384	16.233
16.3993	16.2483
16.4147	16.2636
16.416	16.293
16.4313	16.3084
16.4467	16.3237
16.462	16.339
16.492	16.3397
16.5074	16.355
16.5227	16.3704
16.5364	16.384
16.5504	16.398
16.5881	16.3917
16.6048	16.4083
16.6215	16.425
16.6385	16.442
16.662	16.4531
16.679	16.4701
16.696	16.487
16.713	16.504
16.7377	16.5133
16.756	16.5316
16.7753	16.5509
16.794	16.5695
16.7773	16.6248
16.796	16.6435
16.8153	16.6628
16.834	16.6814
16.8533	16.7007
16.7985	16.794
16.8179	16.8133
16.8372	16.8326
16.8565	16.8519
16.8451	16.9019
16.8638	16.9205
16.8824	16.9392
16.9017	16.9585
17.1358	16.7629
17.1551	16.7822
17.1745	16.8014
17.1938	16.8207
17.2131	16.84
17.2048	16.887
17.2241	16.9062
17.2434	16.9255
17.2628	16.9448
17.1248	17.1214
17.1441	17.1407
17.1635	17.16
17.1818	17.1784
17.1694	17.2274
17.1877	17.2457
17.206	17.264
17.2243	17.2823
17.2197	17.3242
17.2384	17.3428
17.257	17.3615
17.2756	17.3801
17.2943	17.3988
17.2665	17.4638
17.2851	17.4825
17.3038	17.5011
17.3204	17.5178
17.2986	17.5729
17.3152	17.5896
17.3289	17.6033
17.3416	17.616
17.3397	17.6452
17.3537	17.6593
17.3687	17.6743
17.3837	17.6893
17.4061	17.6976
17.4214	17.713
17.4367	17.7284
17.452	17.7437
17.4901	17.737
17.5058	17.7527
17.5214	17.7684
17.5371	17.7841
17.5527	17.7998
17.6225	17.7614
17.6381	17.7771
17.6538	17.7928
17.6694	17.8084
17.7086	17.8006
17.7243	17.8163
17.74	17.832
17.7556	17.8476
17.7628	17.8711
17.7782	17.8865
17.7938	17.9021
17.8095	17.9178
17.8255	17.9338
17.8409	17.9497
17.8546	17.9621
17.8635	17.968
17.8706	17.975
17.8876	17.9762
17.8986	17.9873
17.9097	17.9983
17.9207	18.0094
17.9165	18.0363
17.9308	18.0474
17.9441	18.0602
17.9591	18.0752
17.9751	18.0912
18.0489	18.052
18.0732	18.0763
18.1024	18.1055
18.1316	18.1347
18.2007	18.1221
18.227	18.1483
18.2532	18.1745
18.2775	18.1988
18.3015	18.2233
18.3392	18.2315
18.3608	18.255
18.3822	18.2809
18.4055	18.3048
18.3799	18.3775
18.4035	18.4011
18.4271	18.4247
18.4507	18.4483
18.4753	18.471
18.4989	18.4932
18.5228	18.5172
18.5471	18.5414
18.6384	18.4986
18.6627	18.5229
18.6869	18.5471
18.7112	18.5714
18.7858	18.5452
18.8101	18.5695
18.8344	18.5937
18.8587	18.6179
18.883	18.6421
18.9412	18.6325
18.9655	18.6567
18.9897	18.6809
19.014	18.7051
19.0388	18.7282
19.0631	18.7525
19.0874	18.7767
19.1117	18.8009
19.1533	18.8078
19.1776	18.832
19.2019	18.8562
19.2262	18.8804
19.3324	18.8226
19.3568	18.8468
19.3811	18.871
19.4054	18.8952
19.407	18.9422
19.4313	18.9664
19.4556	18.9906
19.4799	19.0148
19.4815	19.0631
19.5058	19.0873
19.5308	19.1122
19.5551	19.1364
19.5561	19.1853
19.5804	19.2095
19.6047	19.2337
19.6296	19.2586
19.6539	19.2828
19.6545	19.3322
19.6794	19.3571
19.7044	19.3819
19.7294	19.4068
19.7887	19.3959
19.8137	19.4208
19.8386	19.4457
19.8636	19.4706
19.9234	19.4606
19.9477	19.4848
19.972	19.509
19.9963	19.5332
20.0048	19.5732
20.0298	19.5981
20.0541	19.6223
20.0791	19.6472
20.1041	19.672
20.0864	19.7384
20.1107	19.7626
20.1356	19.7874
20.1599	19.8117
20.1495	19.8706
20.1745	19.8955
20.1995	19.9204
20.2244	19.9453
20.1865	20.0331
20.2114	20.058
20.2364	20.0829
20.2613	20.1078
20.2856	20.132
20.2734	20.1928
20.2983	20.2177
20.3232	20.2426
20.3482	20.2675
20.3639	20.3016
20.3889	20.3265
20.4138	20.3514
20.4387	20.3763
20.4725	20.3911
20.4975	20.416
20.5217	20.4402
20.5467	20.4651
20.6	20.4616
20.625	20.4865
20.6499	20.5114
20.6742	20.5357
20.6991	20.5606
20.7332	20.575
20.7582	20.5998
20.7831	20.6248
20.8074	20.649
20.7175	20.7875
20.7424	20.8124
20.7667	20.8367
20.7909	20.8609
20.7015	21
20.7264	21.025
20.7513	21.0499
20.7762	21.0749
20.8005	21.0992
20.8056	21.1438
20.8305	21.1688
20.8554	21.1937
20.8803	21.2187
20.9711	21.1778
20.996	21.2028
21.0202	21.227
21.0451	21.252
21.1377	21.2093
21.1619	21.2336
21.1868	21.2585
21.2118	21.2834
21.2367	21.3084
22.0572	20.5337
22.0824	20.5584
22.1068	20.5825
22.1312	20.6066
22.2756	20.5098
22.3008	20.5345
22.3259	20.5592
22.351	20.584
21.1715	21.8164
21.1964	21.8414
21.2206	21.8657
21.2448	21.89
21.2696	21.915
21.1576	22.0764
21.1824	22.1014
21.2066	22.1257
21.2314	22.1508
21.2925	22.1383
21.3005	22.1781
21.293	22.2334
21.2751	22.2957
21.3491	22.2631
21.3226	22.3307
21.3052	22.3878
21.3225	22.4104
21.4059	22.3672
21.4256	22.3875
21.4459	22.4084
21.4656	22.4286
21.486	22.4495
21.5532	22.4237
21.5752	22.443
21.6051	22.455
21.6588	22.4441
21.7054	22.4401
21.7857	22.4039
21.859	22.3733
21.9069	22.368
21.9712	22.3477
21.9749	22.3886
21.9922	22.4157
22.0222	22.4304
22.0493	22.4471
22.3587	22.1824
22.381	22.2047
22.4033	22.2277
22.4256	22.2499
22.5914	22.1291
22.6165	22.1499
22.6399	22.1724
22.6628	22.1953
22.7836	22.1195
22.8054	22.1436
22.828	22.1669
22.851	22.1897
22.8753	22.2113
22.8983	22.2341
22.921	22.2567
22.9437	22.2792
22.9663	22.3018
22.9715	22.3419
22.9945	22.3648
23.0171	22.3873
23.0398	22.4099
23.0442	22.4507
23.0669	22.4733
23.0896	22.4958
23.1122	22.5184
23.1062	22.5697
23.1289	22.5922
23.1512	22.6145
23.1736	22.6367
23.1562	22.6986
23.1789	22.7212
23.2007	22.7446
23.2217	22.7689
23.2375	22.7864
23.1976	22.828
23.1984	22.8288
23.1992	22.8296
23.2	22.8304
23.2731	22.7587
23.2739	22.7595
23.1877	22.6755
22.9873	22.4811
22.6771	22.2644
22.4173	22.0038
22.1593	21.7414
21.902	21.485
21.4459	21.4208
21.182	21.1578
20.9184	20.8943
20.6537	20.632
20.3847	20.3674
20.0599	20.0991
19.7602	19.7992
19.4307	19.4695
19.0814	19.12
18.6946	18.7815
18.3124	18.3989
17.917	18.003
17.505	17.5906
17.0769	17.201
16.6683	16.7919
16.2647	16.3843
15.8676	15.9835
15.6594	15.5723
15.5781	15.4899
15.5791	15.4905
15.5797	15.4916
15.5805	15.4924
15.5666	15.5078
15.5674	15.5087
15.5692	15.5104
15.5796	15.5208
15.4671	15.6534
15.4762	15.6625
15.4852	15.6715
15.4963	15.6826
15.4969	15.7106
15.5109	15.7247
15.5253	15.739
15.5461	15.7601
15.5671	15.7955
15.596	15.8244
15.6242	15.8527
15.6524	15.8809
15.6786	15.9072
15.6951	15.9392
15.7101	15.9542
15.7225	15.9665
15.7368	15.9809
15.7381	16.0103
15.7548	16.027
15.7717	16.044
15.79	16.0623
15.8036	16.0906
15.8285	16.1156
15.8547	16.1419
15.8809	16.1682
15.9062	16.1954
15.9324	16.2216
15.9586	16.2479
15.9852	16.2745
16.0117	16.3011
16.0508	16.3152
16.0773	16.3418
16.1042	16.3687
16.1311	16.3957
16.157	16.4235
16.1852	16.4517
16.2141	16.4807
16.2429	16.5096
16.2629	16.5454
16.2907	16.5733
16.317	16.6008
16.3414	16.627
16.3644	16.6519
16.3883	16.6758
16.4122	16.6998
16.4374	16.7251
16.4702	16.7455
16.4956	16.7738
16.5228	16.8017
16.5507	16.8296
16.5785	16.8576
16.6052	16.8867
16.6331	16.9146
16.661	16.9425
16.6891	16.9702
16.7233	16.9918
16.7511	17.0197
16.7793	17.0474
16.8071	17.0753
16.8562	17.0821
16.884	17.11
16.9119	17.1379
16.9398	17.1658
16.952	17.2093
16.9799	17.2372
17.0078	17.2652
17.0356	17.2931
17.0635	17.321
17.1053	17.335
17.1331	17.363
17.161	17.3909
17.1892	17.4185
17.2315	17.4314
17.2593	17.4587
17.2872	17.4866
17.315	17.5145
17.3499	17.5354
17.3778	17.5633
17.4053	17.5909
17.4332	17.6188
17.4683	17.6396
17.4961	17.6675
17.524	17.6954
17.5519	17.7233
17.5867	17.7436
17.6146	17.7715
17.6424	17.7994
17.6703	17.8273
17.6982	17.8552
17.733	17.8755
17.7609	17.9034
17.7888	17.9314
17.8167	17.9593
17.8922	17.9395
17.9201	17.9674
17.948	17.9953
17.9759	18.0232
18.0117	18.0431
18.0396	18.071
18.0675	18.0989
18.0954	18.1268
18.0906	18.1874
18.1184	18.2153
18.1463	18.2433
18.1739	18.2708
18.2014	18.2984
18.2368	18.3181
18.2647	18.346
18.2926	18.3739
18.3205	18.4018
18.3398	18.4383
18.3677	18.4662
18.3956	18.4941
18.4235	18.522
18.4427	18.5585
18.4703	18.5861
18.4982	18.614
18.526	18.6419
18.57	18.6531
18.5979	18.681
18.6258	18.7089
18.6537	18.7368
18.6816	18.7647
18.7346	18.7674
18.7625	18.7953
18.7903	18.8232
18.8179	18.8508
18.9649	18.7596
18.9928	18.7874
19.0207	18.8153
19.0486	18.8432
19.0431	18.9045
19.071	18.9324
19.0979	18.9593
19.1242	18.9855
19.1501	19.0121
19.1329	19.0824
19.1568	19.1097
19.1738	19.1267
19.1905	19.1434
19.1998	19.1699
19.2191	19.1892
19.2414	19.2115
19.2657	19.2358
19.1777	19.3749
19.2033	19.4005
19.2282	19.4254
19.2521	19.4494
19.277	19.4743
19.2752	19.5259
19.3001	19.5509
19.324	19.5748
19.3479	19.5988
19.3971	19.5968
19.4206	19.6205
19.4445	19.6444
19.4688	19.6687
19.8992	19.2884
19.9255	19.3146
19.9518	19.3407
19.9782	19.3669
20.0045	19.3931
20.0169	19.4331
20.0432	19.4593
20.0695	19.4855
20.0952	19.511
19.6561	20.0014
19.6817	20.0271
19.7072	20.0527
19.7328	20.0783
19.7312	20.131
19.7568	20.1566
19.7823	20.1822
19.8078	20.2079
19.8334	20.2335
19.9018	20.2163
19.9273	20.2419
19.9529	20.2675
19.9784	20.2931
19.9412	20.3814
19.9668	20.407
19.9923	20.4326
20.0178	20.4583
20.2053	20.3221
20.2309	20.3477
20.2565	20.3733
20.282	20.3989
20.3076	20.4245
20.3049	20.4784
20.3304	20.504
20.356	20.5296
20.3815	20.5552
20.4254	20.5625
20.451	20.5881
20.4765	20.6137
20.5021	20.6393
20.5085	20.684
20.534	20.7096
20.5596	20.7352
20.5852	20.7609
20.6107	20.7865
20.6357	20.8126
20.6613	20.8382
20.6869	20.8638
20.7124	20.8894
20.7566	20.8964
20.7822	20.922
20.8078	20.9476
20.8333	20.9732
20.8585	20.9991
20.8841	21.0247
20.9097	21.0503
20.9352	21.0759
20.9992	21.0631
21.0248	21.0887
21.0504	21.1142
21.0759	21.1398
21.1015	21.1654
21.1171	21.201
21.1427	21.2266
21.1683	21.2522
21.1938	21.2777
21.2192	21.3035
21.2448	21.3291
21.2704	21.3547
21.2959	21.3803
21.2232	21.5041
21.2488	21.5297
21.2743	21.5553
21.2998	21.5809
21.4433	21.4888
21.4688	21.5144
21.4944	21.5399
21.52	21.5655
21.5456	21.5911
21.6825	21.5067
21.7153	21.5269
21.7533	21.5421
21.7882	21.5603
22.3365	21.0634
22.392	21.0609
22.443	21.0623
22.49	21.0682
22.9476	20.6608
22.9797	20.6824
23.0007	20.7152
23.0173	20.7526
22.6654	21.1609
22.6787	21.2009
22.6929	21.2378
22.708	21.274
22.721	21.3123
22.6924	21.3923
22.6973	21.4387
22.7062	21.4811
22.7303	21.5082
22.8747	21.4142
22.9008	21.4392
22.9257	21.4655
22.9495	21.4929
22.9728	21.5208
22.9966	21.5481
23.0072	21.5901
22.9994	21.6506
22.9757	21.7258
22.9386	21.8144
22.9172	21.8865
22.9413	21.911
22.9654	21.9353
22.9928	21.9565
23.0169	21.9808
23.041	22.0052
23.0662	22.0306
23.0913	22.056
23.1201	22.077
23.1439	22.1011
23.1677	22.1251
23.1918	22.1495
23.2192	22.1707
23.2433	22.1951
23.2681	22.2201
23.2929	22.2452
23.3199	22.266
23.3437	22.2901
23.4219	22.2595
23.4997	22.2291
23.577	22.1987
23.9616	21.8584
24.0093	21.8583
24.0292	21.8862
24.0519	21.9134
23.7667	22.2525
23.7924	22.278
23.8181	22.3034
23.8439	22.3288
23.873	22.3508
23.8988	22.3762
23.9245	22.4016
23.9503	22.427
23.9793	22.4491
24.0051	22.4745
24.0308	22.4999
24.0566	22.5253
24.0823	22.5507
24.1123	22.5719
24.138	22.5973
24.1638	22.6227
24.1895	22.6481
24.2248	22.6639
24.2505	22.6894
24.2699	22.7205
24.2772	22.7632
24.2844	22.806
24.2734	22.8671
24.2592	22.9313
24.2324	23.0083
24.2048	23.0861
24.2209	23.1199
24.2456	23.1449
24.2708	23.1703
24.2959	23.1957
24.3255	23.2172
24.351	23.2429
24.3764	23.2687
24.4018	23.2944
24.4307	23.3167
24.4558	23.3421
24.4813	23.3678
24.5067	23.3935
24.8616	23.0874
24.8869	23.1127
24.912	23.138
24.9372	23.1633
24.9668	23.1836
24.992	23.2089
25.0222	23.2285
25.0827	23.2174
24.8184	23.5338
24.8849	23.5169
24.9547	23.4966
25.021	23.4798
25.0747	23.4738
25.112	23.4842
25.1328	23.512
25.1602	23.5344
25.1879	23.5572
25.2142	23.5814
25.2373	23.6087
25.2628	23.6338
25.2882	23.6589
25.3141	23.6835
25.3445	23.7041
25.3703	23.7295
25.396	23.755
25.4225	23.781
25.4523	23.8036
25.4788	23.8296
25.5052	23.8557
25.5316	23.8818
25.5615	23.9043
25.588	23.9303
25.6144	23.9564
25.6408	23.9825
25.6707	24.005
25.6971	24.031
25.7236	24.0571
25.75	24.0832
25.7764	24.1092
25.8038	24.133
25.8134	24.176
25.8133	24.2288
25.7834	24.3103
25.7354	24.4073
25.687	24.5
25.7064	24.5252
25.7299	24.5489
26.1048	24.2238
26.1314	24.2503
26.1579	24.277
26.1848	24.3039
26.2173	24.3265
26.2448	24.3541
26.2723	24.3818
26.2998	24.4094
26.3273	24.437
26.3408	24.4774
26.3683	24.505
26.3958	24.5326
26.4233	24.5603
26.4707	24.5963
26.545	24.668
26.6294	24.7517
26.7133	24.836
26.7584	24.9593
26.8422	25.0436
26.926	25.1279
27.0099	25.2122
26.8194	25.573
26.903	25.6575
26.9866	25.742
27.0702	25.8265
26.9989	26.0668
27.0824	26.1514
27.1659	26.236
27.2495	26.3206
27.333	26.4052
27.5979	26.3074
27.6815	26.3919
27.7652	26.4764
27.8488	26.5608
27.7986	26.78
27.8821	26.8646
27.9657	26.9492
28.0492	27.0337
28.3863	26.863
28.5278	26.8892
28.6739	26.9107
28.8161	26.936
28.9391	26.9808
29.2902	26.7946
29.373	26.8799
29.4569	26.9642
29.5418	27.0474
28.9046	27.8594
28.989	27.9432
29.0734	28.0269
29.1579	28.1106
29.7228	27.7098
29.8076	27.7931
29.8924	27.8764
29.9771	27.9598
30.089	28.0157
30.1738	28.099
30.2586	28.1823
30.3434	28.2657
30.4281	28.349
30.8041	28.1374
30.8891	28.2204
30.9741	28.3036
31.059	28.3867
30.0528	29.5705
30.137	29.6544
30.2213	29.7383
30.3055	29.8221
30.9478	29.3448
31.0324	29.4282
31.1171	29.5117
31.2017	29.5952
31.4002	29.5638
31.4849	29.6472
31.5695	29.7306
31.6542	29.814
31.7389	29.8975
31.9049	29.8987
31.9897	29.982
32.0744	30.0654
32.1592	30.1488
32.2643	30.2115
32.349	30.2949
32.4338	30.3782
32.5185	30.4616
32.6143	30.5338
32.699	30.6172
32.7825	30.7018
32.8666	30.7858
33.0464	30.773
33.1312	30.8563
33.216	30.9396
33.3008	31.0229
33.3975	31.0941
33.4823	31.1774
33.5672	31.2607
33.652	31.344
33.7368	31.4272
33.8366	31.4954
33.9214	31.5787
34.0062	31.6619
34.091	31.7452
34.1879	31.8163
34.2727	31.8996
34.3575	31.9829
34.4424	32.0661
34.5298	32.1468
34.6146	32.2301
34.6994	32.3133
34.7843	32.3966
34.8811	32.4677
34.9659	32.551
35.0508	32.6342
35.1356	32.7175
35.2421	32.7788
35.327	32.862
35.3989	32.9584
35.4467	33.0793
35.4791	33.2157
35.4503	33.414
35.3917	33.6423
35.4754	33.7267
35.5591	33.8111
35.6551	33.8832
35.7388	33.9676
35.8225	34.052
35.9062	34.1364
36.6131	33.5887
36.7472	33.6217
36.8694	33.667
37.0088	33.6946
37.1371	33.7335
37.2671	33.7706
37.3845	33.8206
37.4812	33.8918
37.0805	34.4697
37.1644	34.5538
37.2493	34.6371
37.3342	34.7203
37.4191	34.8035
37.5194	34.871
37.6043	34.9542
37.6892	35.0374
37.7741	35.1206
37.8713	35.1913
37.9577	35.273
38.0359	35.363
38.0682	35.4996
37.842	35.8982
37.7607	36.1495
37.7807	36.2981
37.8643	36.3827
38.1723	36.2404
38.2561	36.3248
38.3399	36.4091
38.4236	36.4935
38.5073	36.5779
38.6066	36.6466
38.6903	36.731
38.7741	36.8153
38.8578	36.8997
38.954	36.9715
39.0378	37.0559
39.1215	37.1402
39.2053	37.2246
39.2902	37.3078
39.374	37.3921
39.4577	37.4765
39.685	37.4155
39.9199	37.3464
40.1038	37.329
40.26	37.3396
40.3555	37.412
40.4272	37.5086
40.5016	37.6025
40.5938	37.6783
40.6836	37.7565
40.7694	37.8387
40.8584	37.9178
40.9433	38.0009
41.0283	38.084
41.1133	38.1672
41.0458	38.4054
41.1306	38.4887
41.2155	38.5719
41.3004	38.6551
42.2005	37.9051
42.2864	37.9873
42.3718	38.07
42.4571	38.1527
42.3805	38.4016
42.4632	38.4871
42.5425	38.576
42.6269	38.6597
42.7287	38.7256
42.814	38.8084
42.8992	38.8912
42.9845	38.974
43.0697	39.0568
41.9781	40.3378
42.0625	40.4216
42.147	40.5052
42.2316	40.5887
43.3748	39.5952
43.4604	39.6777
43.5455	39.7606
43.6307	39.8435
43.6332	40.0111
43.7182	40.0941
43.8034	40.177
43.8885	40.26
43.9736	40.3429
43.8582	40.6309
43.9431	40.7141
44.0281	40.7972
44.1132	40.8802
44.8632	40.2814
44.949	40.3635
45.0345	40.4462
45.1199	40.5288
44.5245	41.3096
44.6092	41.393
44.6942	41.4761
44.7792	41.5592
44.4754	42.0383
44.5601	42.1217
44.6439	42.206
44.7287	42.2893
44.8134	42.3727
44.2625	43.0992
44.3469	43.183
44.4313	43.2667
44.5157	43.3504
44.1796	43.8566
44.2628	43.9415
44.3125	44.06
44.2611	44.2796
46.246	42.4393
46.2394	42.6162
46.3235	42.7002
46.4076	42.7841
46.1479	43.2195
46.2316	43.3038
46.3156	43.388
46.3996	43.4721
46.4835	43.5563
46.5279	43.6808
46.6431	43.7332
46.8693	43.6722
47.0715	43.6354
46.9754	43.9035
47.1539	43.8912
47.2952	43.9167
47.3724	44.0078
47.0751	44.4808
47.1598	44.5642
47.2505	44.6414
47.3394	44.7206
47.7672	44.4541
47.8523	44.5371
47.9374	44.6201
48.0224	44.7032
47.0508	45.8588
47.1351	45.9426
47.2196	46.0263
47.304	46.11
45.9069	47.6724
45.9904	47.757
46.0657	47.8497
46.1366	47.9468
46.2159	48.0355
48.235	46.1136
48.2473	46.1273
48.2479	46.1284
48.2507	46.1271
45.9842	48.3931
45.9902	48.3888
45.991	48.3896
45.928	48.3221
45.4656	48.3261
45.2143	48.0572
45.1162	47.9652
44.8796	47.7146
44.6265	47.1203
44.2031	46.6869
43.8324	46.3125
43.5652	46.0462
43.3962	45.8797
43.6169	45.6639
43.6177	45.6647
43.6185	45.6655
43.4944	45.5336
43.7737	44.9762
43.5746	44.7738
43.2632	44.4526
42.8907	44.0734
43.1011	43.14
42.7782	42.817
42.4552	42.4941
42.0926	42.1314
42.0116	41.4603
41.6283	41.0788
41.2517	40.7037
40.9683	40.4204
40.801	40.2523
40.9149	40.0865
40.916	40.0871
40.9168	40.0879
40.7636	39.9387
40.4912	39.5118
40.0767	39.102
39.6002	38.6306
39.1739	38.2064
38.9217	38.3025
38.9223	38.3034
38.9223	38.305
38.9232	38.3058
38.6794	38.2673
38.4514	38.041
38.0941	37.6863
37.6999	37.2892
37.3942	36.982
37.3359	36.9361
37.337	36.9367
37.3378	36.9375
37.2854	36.8858
36.8031	36.9867
36.5135	36.6963
36.1349	36.3167
35.7592	35.9407
35.5105	35.7615
35.3443	35.6055
35.2397	35.5068
35.1711	35.4383
35.2468	35.3643
35.2476	35.3651
35.2484	35.3659
35.2499	35.366
35.1419	35.2576
35.0405	35.0103
34.7142	34.6842
34.335	34.3051
33.936	33.9061
33.2519	33.733
32.9583	33.4401
32.9144	33.3997
32.9149	33.4008
32.9711	33.3463
32.9719	33.3471
32.9727	33.3479
32.9807	33.356
33.0858	33.2593
33.0879	33.2615
33.0907	33.2643
33.0938	33.2674
33.0966	33.2702
33.0477	33.3226
33.0485	33.3234
33.05	33.3235
33.0501	33.325
32.9985	33.3781
32.988	33.3902
32.9809	33.3989
32.971	33.4103
33.0272	33.3559
33.0322	33.3703
33.0465	33.3847
33.0589	33.3905
33.1618	33.3058
33.1742	33.3115
33.1839	33.3213
33.1936	33.331
33.2033	33.3408
33.196	33.3675
33.2057	33.3773
33.2154	33.387
33.2251	33.3968
33.1498	33.4914
33.1595	33.5011
33.1692	33.5109
33.1789	33.5206
33.1377	33.5811
33.1474	33.5909
33.1571	33.6006
33.1668	33.6104
33.1426	33.6539
33.1523	33.6637
33.162	33.6735
33.1717	33.6832
33.2148	33.6596
33.2245	33.6693
33.2342	33.6791
33.2439	33.6888
33.2536	33.6986
33.1622	33.8091
33.1719	33.8189
33.1816	33.8286
33.1913	33.8384
33.2678	33.7816
33.2775	33.7913
33.2871	33.8011
33.2968	33.8108
33.3269	33.8009
33.346	33.8013
33.3631	33.8036
33.3738	33.813
33.3329	33.8739
33.3429	33.884
33.353	33.8941
33.3657	33.9015
33.5133	33.7749
33.5237	33.7853
33.5341	33.7957
33.5444	33.8061
33.5548	33.8165
33.7203	33.6719
33.7307	33.6823
33.7411	33.6927
33.7515	33.703
33.7619	33.7134
33.7723	33.7238
33.7827	33.7342
33.7937	33.7438
34.0609	33.497
34.0713	33.5074
34.0837	33.5171
34.0968	33.5261
33.9721	33.6732
33.9831	33.6842
33.9942	33.6953
34.0053	33.7063
34.068	33.6655
34.0791	33.6766
34.0901	33.6876
34.1012	33.6986
34.1123	33.7096
34.2087	33.6351
34.2205	33.6454
34.2336	33.6543
34.246	33.664
34.0338	33.8987
34.0449	33.9098
34.0559	33.9208
34.067	33.9319
34.2511	33.7695
34.2622	33.7805
34.2732	33.7916
34.2843	33.8026
34.2954	33.8136
34.2379	33.8933
34.249	33.9043
34.26	33.9154
34.2711	33.9264
34.265	33.9546
34.2774	33.9643
34.2898	33.974
34.3009	33.985
34.2248	34.0833
34.2358	34.0944
34.2469	34.1054
34.2579	34.1165
34.2163	34.1802
34.2277	34.1916
34.2391	34.2029
34.2518	34.2129
34.2687	34.2188
34.4679	34.0421
34.4876	34.0452
34.5162	34.0392
34.559	34.0197
34.7297	33.8718
34.7821	33.8425
34.8298	33.8181
34.871	33.7995
34.9848	33.707
34.9981	33.7145
35.0086	33.7248
35.0181	33.7354
34.8059	33.9691
34.816	33.979
34.8262	33.989
34.8367	33.9993
34.9856	33.8696
34.9927	33.8834
34.9817	33.9152
34.9762	33.9429
34.9966	33.9446
34.9827	33.9807
34.9474	34.0384
34.8928	34.116
34.9435	34.0879
34.934	34.1202
34.9652	34.1124
35.004	34.0981
35.0144	34.1125
34.9821	34.1697
34.9963	34.181
35.0108	34.1925
35.0235	34.2052
34.9862	34.2688
34.9989	34.2814
35.012	34.2944
35.0247	34.3071
35.1062	34.2513
35.119	34.264
35.1317	34.2766
35.1451	34.2886
35.192	34.2669
35.2048	34.2795
35.2175	34.2922
35.2303	34.3048
35.243	34.3175
35.1548	34.4316
35.1686	34.4439
35.1834	34.4544
35.1965	34.4674
35.2122	34.4778
35.2323	34.4837
35.2436	34.4951
35.2491	34.5103
35.3419	34.438
35.3533	34.4493
35.364	34.464
35.3733	34.4775
35.3147	34.5532
35.3213	34.5528
35.3319	34.5437
35.3327	34.5445
35.33	34.5489
35.2615	34.6193
35.2623	34.6201
35.2631	34.6209
35.2639	34.6217
35.3507	34.5361
35.3383	34.5548
35.3355	34.5646
35.3386	34.5677
35.325	34.5869
35.3475	34.5699
35.3511	34.5719
35.3478	34.5815
35.2633	34.6726
35.266	34.6754
35.2682	34.6775
35.27	34.6793
35.2721	34.6814
35.291	34.672
35.2951	34.6761
35.2947	34.6854
35.2998	34.6892
35.4258	34.5722
35.4355	34.5733
35.4458	34.5765
35.4529	34.5835
35.4597	34.5902
35.4204	34.6387
35.4161	34.6472
35.421	34.6478
35.4286	34.6511
35.399	34.6904
35.4031	34.6945
35.3963	34.7076
35.3933	34.7175
35.5079	34.6113
35.5172	34.6162
35.5309	34.6185
35.5391	34.6252
35.7275	34.4518
35.7356	34.4598
35.7434	34.4661
35.7505	34.4731
35.7563	34.4789
35.5653	34.682
35.572	34.6888
35.5808	34.6974
35.5903	34.7054
35.5317	34.7811
35.5409	34.7888
35.5493	34.7972
35.556	34.8066
35.542	34.8382
35.558	34.8442
35.5706	34.8524
35.5895	34.8556
35.5849	34.8823
35.5963	34.8937
35.608	34.9053
35.6198	34.917
35.6495	34.9106
35.6613	34.9223
35.673	34.934
35.6848	34.9456
35.8178	34.8354
35.8295	34.847
35.8413	34.8587
35.853	34.8704
35.8648	34.882
35.861	34.9107
35.8727	34.9223
35.8852	34.9346
35.8969	34.9463
35.7341	35.1334
35.7458	35.145
35.7575	35.1567
35.7693	35.1684
35.7455	35.2158
35.7545	35.2248
35.7626	35.2329
35.7663	35.238
35.8012	35.2047
35.8012	35.2062
35.802	35.207
35.7193	35.1261
35.6273	35.0347
35.4586	34.868
35.2244	34.6347
34.9567	34.3688
34.6938	34.1113
34.4588	33.8259
34.1912	33.5598
33.8836	33.2545
33.5195	32.8934
33.1916	32.4298
32.7613	32.0031
32.3614	31.6051
32.3669	31.6012
32.4291	31.5403
32.43	31.5411
32.4308	31.5419
32.4316	31.5427
32.4385	31.5493
32.4499	31.5605
32.461	31.5715
32.4694	31.58
32.476	31.5855
32.4844	31.5913
32.4925	31.5993
32.501	31.6077
32.5833	31.5417
32.5918	31.5501
32.6002	31.5585
32.6083	31.5665
32.6164	31.5745
32.6968	31.5105
32.7056	31.5192
32.7154	31.5288
32.7255	31.5388
32.4844	31.8014
32.4945	31.8114
32.5045	31.8214
32.515	31.8318
31.4748	32.8905
31.4851	32.901
31.4954	32.9114
31.5057	32.9219
32.7048	31.7451
32.7152	31.7555
32.726	31.7649
32.7568	31.756
33.1489	31.3842
33.1904	31.3652
33.2248	31.3533
33.2596	31.3417
33.2664	31.3597
33.2814	31.3681
33.2939	31.3803
33.3064	31.3925
33.319	31.4047
33.2426	31.5067
33.2506	31.5235
33.2458	31.5519
33.2377	31.5835
32.9846	31.8621
32.9508	31.9197
32.908	31.9875
32.9107	32.0082
33.002	31.9399
33.0131	31.9522
33.0236	31.9651
33.0257	31.9865
33.0355	32.0001
32.882	32.1778
32.8944	32.1889
32.9055	32.1999
32.9155	32.2099
32.7964	32.3456
32.8045	32.3537
32.8119	32.3611
32.8194	32.3685
32.827	32.3757
32.8344	32.383
32.8425	32.3911
32.8499	32.3985
32.858	32.4066
32.9148	32.3658
32.9229	32.3738
32.931	32.3819
32.9391	32.3899
32.85	32.4954
32.8581	32.5035
32.8661	32.5116
32.8742	32.5196
32.7336	32.6766
32.7417	32.6846
32.7498	32.6927
32.7582	32.7011
32.65	32.826
32.6584	32.8344
32.6668	32.8428
32.6752	32.8512
32.6836	32.8596
32.7086	32.8515
32.7173	32.8602
32.726	32.869
32.7347	32.8777
32.8436	32.7863
32.8524	32.7951
32.8611	32.8038
32.8705	32.8119
32.9024	32.7994
32.6109	33.1107
32.596	33.1429
32.6143	33.1415
32.6325	33.1402
32.5297	33.2594
32.5378	33.2688
32.5465	33.2775
32.5552	33.2863
32.7423	33.1172
32.7491	33.1279
32.7564	33.138
32.7642	33.147
32.7663	33.161
34.2476	31.6847
34.2265	31.7197
34.1816	31.7775
34.1251	31.841
32.3598	33.6132
32.3349	33.6395
32.3277	33.6482
32.3186	33.6589
32.1546	33.823
32.1137	33.8651
32.0894	33.8908
32.0902	33.8916
32.1985	33.786
32.1993	33.7868
32.2001	33.7876
32.2015	33.7878
32.2142	33.7768
32.3079	33.6855
32.4038	33.5919
32.4944	33.5034
32.5658	33.434
32.4575	33.5433
32.4649	33.5376
32.4578	33.5463
32.4586	33.5471
33.3262	32.6821
33.3317	32.6783
33.343	32.6685
33.3845	32.6284
33.9076	32.1031
33.9642	32.0475
33.9879	32.0251
33.9907	32.0239
34.0894	31.9257
34.0777	31.9391
34.0445	31.9743
33.9968	32.0242
33.7728	32.2521
33.7218	32.3051
33.7167	32.3119
33.7221	32.308
33.7268	32.3049
33.5095	32.5253
33.5103	32.5262
33.5111	32.527
33.5119	32.5278
33.3555	32.6865
33.3563	32.6873
33.3571	32.6881
33.3579	32.6889
33.1947	32.8542
33.1955	32.855
33.1963	32.8558
33.1971	32.8566
33.1979	32.8574
33.2485	32.8083
33.2493	32.8091
33.2501	32.8099
33.2509	32.8107
32.9332	33.1303
32.934	33.1311
32.9348	33.1319
32.9356	33.1327
32.8361	33.2336
32.8369	33.2344
32.8377	33.2352
32.8385	33.236
32.7568	33.3191
32.7576	33.3199
32.7584	33.3207
32.7592	33.3215
32.76	33.3223
32.9772	33.1072
32.978	33.108
32.9788	33.1088
32.9796	33.1096
32.7313	33.3589
32.7321	33.3597
32.7329	33.3605
32.7337	33.3613
32.67	33.4264
32.6708	33.4272
32.6716	33.428
32.6724	33.4288
32.6572	33.4455
32.658	33.4463
32.6588	33.4471
32.6596	33.4479
32.6604	33.4487
32.6899	33.421
32.6907	33.4218
32.6849	33.4292
32.6857	33.43
32.7187	33.3987
32.7188	33.4002
32.719	33.4017
32.7251	33.3972
32.7747	33.3493
32.7755	33.3501
32.7786	33.3533
32.7883	33.3631
32.8466	33.323
32.8547	33.3311
32.8621	33.3385
32.8754	33.3413
32.8874	33.3468
32.9118	33.34
32.9215	33.3497
32.9318	33.3601
32.9432	33.3715
33.0347	33.3029
33.0444	33.3166
33.0561	33.3283
33.0678	33.34
33.13	33.3013
33.1417	33.313
33.1528	33.3253
33.1645	33.3371
33.1927	33.3316
33.2083	33.3394
33.22	33.3511
33.2324	33.3635
33.3801	33.2391
33.3918	33.2508
33.3983	33.2678
33.4003	33.2885
33.415	33.2966
33.3958	33.3386
33.4121	33.3456
33.4321	33.359
33.4876	33.413
33.5032	33.5656
33.5872	33.6497
33.6713	33.7338
33.7553	33.8178
33.8564	33.8849
33.9398	33.9696
34.0238	34.0537
34.1079	34.1377
34.4526	33.9608
34.528	34.0536
34.6094	34.1403
34.6991	34.2187
34.5024	34.5839
34.5864	34.668
34.6704	34.7521
34.7545	34.8362
34.8385	34.9203
34.7599	35.1668
34.8438	35.251
34.9277	35.3352
35.0116	35.4194
35.0395	35.5595
35.127	35.6401
35.2166	35.7186
35.3012	35.8021
36.0061	35.265
36.0904	35.3488
36.1747	35.4326
36.2561	35.5193
36.2532	35.6906
36.3375	35.7745
36.4246	35.8555
36.5089	35.9393
36.5961	36.0202
36.0472	36.7371
36.1295	36.8228
36.2127	36.9078
36.2973	36.9913
36.2138	37.2421
36.2975	37.3265
36.3813	37.4108
36.465	37.4952
36.6168	37.5119
36.7006	37.5962
36.7845	37.6805
36.8683	37.7648
36.9521	37.8492
37.4768	37.4937
37.5609	37.5778
37.645	37.6618
37.7291	37.7458
37.4959	38.1465
37.5798	38.2308
37.6636	38.315
37.7475	38.3992
38.0279	38.2876
38.1119	38.3717
38.1959	38.4558
38.2799	38.5399
38.3639	38.624
38.5488	38.6074
38.6329	38.6914
38.7169	38.7755
38.801	38.8595
38.8847	38.9439
38.9688	39.028
39.0528	39.112
39.1369	39.1961
39.7753	38.7241
39.8597	38.8078
39.9441	38.8915
40.0285	38.9752
41.347	37.8071
41.4325	37.8896
41.5177	37.9725
41.6029	38.0554
41.688	38.1383
41.4859	38.5145
41.5708	38.5977
41.6557	38.6808
41.7407	38.7639
41.8626	38.8095
41.9476	38.8925
42.0326	38.9756
42.1177	39.0587
42.2274	39.1166
42.3124	39.1996
42.3975	39.2827
42.4825	39.3657
42.5675	39.4488
42.6684	39.5157
42.7534	39.5987
42.8385	39.6818
42.9235	39.7648
43.0213	39.8349
43.1063	39.9179
43.1914	40.001
43.2764	40.084
43.3617	40.1669
43.4467	40.2499
43.5318	40.333
43.6168	40.416
44.0528	40.1401
44.1382	40.2227
44.2235	40.3055
44.3087	40.3883
44.394	40.4711
43.9683	41.067
43.9644	41.0726
43.9644	41.0743
43.9652	41.075
44.6455	40.3805
44.6467	40.3809
44.6358	40.3937
44.634	40.3973
42.7101	42.3513
42.7109	42.3522
42.7117	42.353
42.7125	42.3538
43.6701	41.3897
43.671	41.3903
43.6718	41.3911
43.6726	41.3919
44.399	40.653
44.4001	40.6535
44.4009	40.6543
44.4017	40.6551
44.2354	40.8269
44.2361	40.8278
44.2369	40.8286
44.2377	40.8294
44.2385	40.8302
44.1651	40.9068
44.1659	40.9076
44.1667	40.9084
44.1675	40.9092
44.1684	40.9099
44.1693	40.9107
