1300	-5000	1	0
1300	-5000	1	0
1300	-5000	1	0
1300	-5000	1	0
1300	-5000	1	0
1300	-5000	1	0
1300	-5000	1	0
1300	-5000	1	0
1300	-5000	1	0
1300	-5000	1	0
1300	-5000	1	0
1300	-5000	1	0
1300	-5000	1	0
1300	-5000	1	0
1300	-5000	1	0
1300	-5000	1	0
1300	-5000	1	0
1300	-5000	1	0
1300	-5000	1	0
1300	-5000	1	0
1300	-5000	1	0
1300	-5000	1	0
1300	-5000	1	0
1300	-5000	1	0
1300	-5000	1	0
1300	-5000	1	0
1300	-5000	1	0
1300	-5000	1	0
1300	-5000	1	0
1300	-5000	1	0
1300	-5000	1	0
1300	-5000	1	-0.000142346
1300	-4999.99	1	-0.000956386
1300	-4999.98	0.999995	-0.00302625
1300	-4999.95	0.999979	-0.00654258
1300	-4999.9	0.999934	-0.0114923
1300	-4999.85	0.99984	-0.0178696
1300	-4999.78	0.999671	-0.0256681
1299.99	-4999.7	0.999392	-0.0348737
1299.99	-4999.61	0.998965	-0.0454785
1299.99	-4999.51	0.998347	-0.0574816
1299.98	-4999.39	0.997483	-0.0709026
1299.97	-4999.26	0.99631	-0.0858307
1299.96	-4999.12	0.994748	-0.102353
1299.94	-4998.96	0.99271	-0.120526
1299.92	-4998.79	0.990084	-0.140475
1299.89	-4998.6	0.986743	-0.162291
1299.85	-4998.4	0.984722	-0.174135
1299.81	-4998.18	0.984522	-0.175262
1299.77	-4997.94	0.984291	-0.176551
1299.73	-4997.69	0.984061	-0.177832
1299.68	-4997.42	0.98383	-0.179106
1299.63	-4997.14	0.983574	-0.180506
1299.57	-4996.84	0.983293	-0.182032
1299.51	-4996.53	0.98301	-0.183554
1299.45	-4996.21	0.982725	-0.185072
1299.39	-4995.87	0.982408	-0.186745
1299.32	-4995.51	0.98206	-0.18857
1299.25	-4995.15	0.981708	-0.190391
1299.18	-4994.77	0.981354	-0.192208
1299.1	-4994.38	0.980969	-0.194163
1299.02	-4993.98	0.980553	-0.196255
1298.94	-4993.56	0.980132	-0.198344
1298.85	-4993.14	0.979708	-0.20043
1298.76	-4992.7	0.979279	-0.202514
1298.67	-4992.25	0.978816	-0.204741
1298.57	-4991.78	0.978317	-0.207111
1298.47	-4991.31	0.977813	-0.20948
1298.36	-4990.82	0.977303	-0.211848
1298.25	-4990.32	0.976761	-0.21433
1298.14	-4989.81	0.976188	-0.216928
1298.03	-4989.29	0.975607	-0.219524
1297.91	-4988.76	0.97502	-0.222119
1297.78	-4988.22	0.974393	-0.224852
1297.65	-4987.66	0.973726	-0.227722
1297.52	-4987.09	0.973051	-0.23059
1297.38	-4986.51	0.972367	-0.233458
1297.24	-4985.92	0.971674	-0.236325
1297.09	-4985.32	0.97092	-0.239406
1296.94	-4984.7	0.970101	-0.2427
1296.78	-4984.08	0.969272	-0.245993
1296.62	-4983.44	0.968431	-0.249284
1296.45	-4982.79	0.967546	-0.252695
1296.27	-4982.12	0.966617	-0.256227
1296.09	-4981.45	0.965674	-0.259757
1295.91	-4980.76	0.964718	-0.263285
1295.72	-4980.07	0.963725	-0.266898
1295.52	-4979.36	0.962693	-0.270596
1295.32	-4978.64	0.961647	-0.274291
1295.11	-4977.9	0.960586	-0.277984
1294.89	-4977.16	0.959461	-0.281841
1294.67	-4976.4	0.958271	-0.285861
1294.43	-4975.64	0.957064	-0.289877
1294.2	-4974.86	0.955839	-0.293891
1293.95	-4974.07	0.954597	-0.297901
1293.7	-4973.27	0.953284	-0.302074
1293.44	-4972.45	0.9519	-0.30641
1293.18	-4971.63	0.950494	-0.310742
1292.9	-4970.8	0.949069	-0.31507
1292.62	-4969.95	0.947578	-0.319526
1292.33	-4969.1	0.946019	-0.32411
1292.03	-4968.23	0.944438	-0.328688
1291.72	-4967.35	0.942835	-0.333261
1291.41	-4966.46	0.941208	-0.337829
1291.08	-4965.57	0.939505	-0.342535
1290.75	-4964.66	0.937725	-0.347379
1290.41	-4963.74	0.935919	-0.352216
1290.05	-4962.81	0.934087	-0.357045
1289.69	-4961.87	0.93217	-0.36202
1289.32	-4960.92	0.930167	-0.367138
1288.94	-4959.96	0.928134	-0.372247
1288.55	-4958.99	0.926071	-0.377348
1288.15	-4958.01	0.923864	-0.382722
1287.74	-4957.03	0.921505	-0.388367
1287.31	-4956.03	0.919109	-0.394003
1286.88	-4955.02	0.916673	-0.399639
1286.43	-4954	0.914141	-0.405396
1285.97	-4952.97	0.911514	-0.411268
1285.49	-4951.92	0.908848	-0.417127
1285.01	-4950.86	0.906143	-0.422972
1284.5	-4949.79	0.903398	-0.428804
1283.99	-4948.71	0.900519	-0.434817
1283.45	-4947.62	0.897502	-0.441011
1282.91	-4946.51	0.89444	-0.447188
1282.35	-4945.4	0.891334	-0.453348
1281.77	-4944.27	0.888165	-0.459525
1281.18	-4943.14	0.884924	-0.465736
1280.57	-4941.99	0.881636	-0.47193
1279.94	-4940.83	0.878304	-0.478103
1279.3	-4939.66	0.874841	-0.484411
1278.65	-4938.48	0.871201	-0.490926
1277.97	-4937.3	0.867511	-0.497418
1277.28	-4936.1	0.863769	-0.503887
1276.57	-4934.89	0.859927	-0.510417
1275.85	-4933.68	0.855956	-0.517049
1275.1	-4932.45	0.851931	-0.523654
1274.26	-4931.1	0.847441	-0.53089
1273.48	-4929.86	0.84326	-0.537505
1272.76	-4928.73	0.839412	-0.543495
1271.86	-4927.35	0.834649	-0.550782
1271.02	-4926.09	0.830265	-0.557369
1270.16	-4924.82	0.825729	-0.564067
1269.29	-4923.55	0.821038	-0.570874
1268.39	-4922.27	0.816288	-0.577645
1267.48	-4920.99	0.81148	-0.58438
1266.54	-4919.7	0.806614	-0.591078
1265.59	-4918.41	0.802531	-0.596611
1264.63	-4917.12	0.799254	-0.600993
1263.64	-4915.81	0.795952	-0.60536
1262.65	-4914.51	0.792624	-0.609711
1261.63	-4913.2	0.788219	-0.615395
1260.6	-4911.89	0.782712	-0.622384
1259.55	-4910.58	0.777161	-0.629302
1258.5	-4909.28	0.771566	-0.636149
1257.43	-4907.99	0.767072	-0.641561
1256.35	-4906.71	0.763706	-0.645564
1255.27	-4905.44	0.76032	-0.649549
1254.18	-4904.17	0.756912	-0.653517
1253.08	-4902.9	0.753561	-0.657378
1251.98	-4901.64	0.750268	-0.661134
1250.87	-4900.39	0.746954	-0.664876
1249.75	-4899.14	0.743619	-0.668603
1248.63	-4897.89	0.740266	-0.672314
1247.5	-4896.65	0.736975	-0.67592
1246.36	-4895.42	0.733747	-0.679423
1245.22	-4894.19	0.730502	-0.682911
1244.08	-4892.97	0.72724	-0.686383
1242.92	-4891.76	0.724046	-0.689752
1241.77	-4890.55	0.720927	-0.693011
1240.61	-4889.35	0.71781	-0.696239
1239.47	-4888.17	0.714695	-0.699436
1238.33	-4887.02	0.711628	-0.702557
1237.22	-4885.9	0.708616	-0.705594
1236.14	-4884.82	0.705622	-0.708588
1235.1	-4883.78	0.702649	-0.711536
1234.1	-4882.79	0.699968	-0.714174
1233.13	-4881.85	0.697574	-0.716512
1232.21	-4880.96	0.69519	-0.718826
1231.33	-4880.11	0.692815	-0.721116
1230.5	-4879.31	0.690446	-0.723384
1229.7	-4878.55	0.688399	-0.725333
1228.96	-4877.85	0.686673	-0.726967
1228.26	-4877.19	0.684963	-0.728578
1227.61	-4876.58	0.683269	-0.730167
1227	-4876.01	0.681774	-0.731563
1226.43	-4875.48	0.680478	-0.732769
1225.91	-4874.99	0.679191	-0.733962
1225.42	-4874.54	0.677912	-0.735143
1224.97	-4874.13	0.676653	-0.736302
1224.56	-4873.75	0.675426	-0.737428
1224.19	-4873.42	0.67423	-0.738522
1223.87	-4873.13	0.67307	-0.739579
1223.61	-4872.88	0.671947	-0.740599
1223.39	-4872.69	0.671137	-0.741333
1223.22	-4872.53	0.670641	-0.741782
1223.1	-4872.42	0.665147	-0.746713
1223.02	-4872.36	0.657416	-0.753528
1223	-4872.34	0.654967	-0.755657
1223	-4872.34	0.654967	-0.755657
1223	-4872.34	0.654967	-0.755657
1223	-4872.34	0.654967	-0.755657
1223	-4872.34	0.654967	-0.755657
1223	-4872.34	0.654967	-0.755657
1223	-4872.34	0.654967	-0.755657
1223	-4872.34	0.654967	-0.755657
1223	-4872.34	0.654967	-0.755657
1223	-4872.34	0.654967	-0.755657
1223	-4872.34	0.654954	-0.755669
1223	-4872.34	0.654912	-0.755705
1223	-4872.34	0.654832	-0.755775
1223	-4872.33	0.654468	-0.75609
1222.99	-4872.33	0.653419	-0.756996
1222.97	-4872.31	0.65149	-0.758658
1222.95	-4872.29	0.648602	-0.761128
1222.91	-4872.26	0.644714	-0.764423
1222.87	-4872.23	0.639828	-0.768518
1222.82	-4872.19	0.633928	-0.773392
1222.76	-4872.14	0.626998	-0.779021
1222.69	-4872.08	0.619016	-0.785378
1222.61	-4872.02	0.609958	-0.792434
1222.53	-4871.95	0.599796	-0.800153
1222.43	-4871.88	0.588501	-0.808496
1222.32	-4871.8	0.576043	-0.817419
1222.2	-4871.72	0.562388	-0.826873
1222.07	-4871.64	0.547504	-0.836803
1221.93	-4871.55	0.531354	-0.84715
1221.78	-4871.45	0.513904	-0.857848
1221.62	-4871.36	0.495125	-0.868822
1221.45	-4871.26	0.47499	-0.879991
1221.26	-4871.16	0.464346	-0.885654
1221.07	-4871.06	0.463951	-0.885861
1220.86	-4870.95	0.463466	-0.886115
1220.64	-4870.84	0.462892	-0.886415
1220.42	-4870.72	0.462318	-0.886714
1220.18	-4870.6	0.461744	-0.887013
1219.94	-4870.47	0.461133	-0.887331
1219.68	-4870.34	0.460484	-0.887668
1219.42	-4870.2	0.459835	-0.888005
1219.15	-4870.06	0.459186	-0.88834
1218.86	-4869.91	0.458537	-0.888675
1218.57	-4869.76	0.457844	-0.889033
1218.26	-4869.61	0.457106	-0.889412
1217.95	-4869.44	0.456367	-0.889792
1217.62	-4869.28	0.455629	-0.89017
1217.29	-4869.11	0.454864	-0.890561
1216.95	-4868.93	0.454074	-0.890964
1216.59	-4868.75	0.453283	-0.891367
1216.23	-4868.57	0.452491	-0.891769
1215.85	-4868.38	0.45165	-0.892195
1215.47	-4868.18	0.45076	-0.892645
1215.07	-4867.98	0.449867	-0.893095
1214.66	-4867.77	0.448973	-0.893545
1214.24	-4867.56	0.448006	-0.89403
1213.8	-4867.34	0.446967	-0.89455
1213.35	-4867.12	0.445928	-0.895069
1212.89	-4866.89	0.444889	-0.895586
1212.42	-4866.65	0.443804	-0.896124
1211.93	-4866.41	0.442676	-0.896682
1211.43	-4866.17	0.441546	-0.897239
1210.92	-4865.92	0.440415	-0.897794
1210.4	-4865.66	0.439283	-0.898349
1209.86	-4865.4	0.438098	-0.898927
1209.31	-4865.13	0.436859	-0.89953
1208.75	-4864.86	0.435617	-0.900132
1208.18	-4864.59	0.43437	-0.900735
1207.6	-4864.3	0.433085	-0.901353
1207	-4864.02	0.431764	-0.901987
1206.39	-4863.73	0.430441	-0.902619
1205.77	-4863.43	0.429117	-0.903249
1205.13	-4863.13	0.42776	-0.903893
1204.49	-4862.82	0.42637	-0.904549
1203.83	-4862.51	0.424978	-0.905204
1203.15	-4862.2	0.423584	-0.905857
1202.47	-4861.88	0.422187	-0.906509
1201.77	-4861.55	0.420785	-0.90716
1201.06	-4861.22	0.419381	-0.90781
1200.34	-4860.89	0.417976	-0.908458
1199.6	-4860.55	0.416465	-0.909152
1198.86	-4860.21	0.414848	-0.909891
1198.1	-4859.87	0.413229	-0.910627
1197.32	-4859.52	0.411608	-0.911361
1196.54	-4859.16	0.409989	-0.912091
1195.74	-4858.8	0.408373	-0.912815
1194.93	-4858.44	0.406754	-0.913538
1194.1	-4858.07	0.405135	-0.914257
1193.26	-4857.7	0.403514	-0.914973
1192.42	-4857.33	0.401867	-0.915698
1191.55	-4856.95	0.40018	-0.916436
1190.68	-4856.57	0.398492	-0.917172
1189.79	-4856.19	0.3968	-0.917905
1188.89	-4855.8	0.395041	-0.918663
1187.98	-4855.4	0.39318	-0.919461
1187.05	-4855.01	0.391317	-0.920256
1186.11	-4854.61	0.38945	-0.921047
1185.16	-4854.21	0.38757	-0.92184
1184.19	-4853.8	0.385668	-0.922638
1183.21	-4853.39	0.383764	-0.923431
1182.22	-4852.98	0.381857	-0.924221
1181.21	-4852.57	0.381341	-0.924434
1180.2	-4852.15	0.382915	-0.923784
1179.17	-4851.72	0.384488	-0.92313
1178.13	-4851.29	0.38606	-0.922474
1177.08	-4850.85	0.387695	-0.921788
1176.01	-4850.4	0.389425	-0.921058
1174.94	-4849.94	0.391156	-0.920324
1173.85	-4849.48	0.39289	-0.919585
1172.76	-4849.01	0.394695	-0.918812
1171.65	-4848.54	0.396597	-0.917993
1170.53	-4848.05	0.398498	-0.917169
1169.41	-4847.56	0.400396	-0.916342
1168.27	-4847.06	0.402294	-0.915511
1167.12	-4846.56	0.404159	-0.914689
1165.97	-4846.05	0.405975	-0.913884
1164.8	-4845.53	0.407791	-0.913075
1163.62	-4845	0.409606	-0.912263
1162.44	-4844.47	0.411483	-0.911417
1161.25	-4843.93	0.413455	-0.910524
1160.04	-4843.38	0.415424	-0.909628
1158.84	-4842.83	0.417391	-0.908727
1157.5	-4842.21	0.419537	-0.907738
1156.4	-4841.7	0.421272	-0.906935
1155.17	-4841.13	0.423193	-0.90604
1153.83	-4840.5	0.4253	-0.905052
1152.6	-4839.92	0.426746	-0.904372
1151.36	-4839.34	0.427723	-0.90391
1150.12	-4838.75	0.428702	-0.903446
1148.87	-4838.16	0.429681	-0.902981
1147.6	-4837.55	0.430624	-0.902531
1146.33	-4836.95	0.431531	-0.902098
1145.05	-4836.33	0.432437	-0.901664
1143.75	-4835.71	0.433343	-0.901229
1142.45	-4835.08	0.434212	-0.900811
1141.14	-4834.45	0.435044	-0.900409
1139.81	-4833.81	0.435876	-0.900007
1138.48	-4833.16	0.436707	-0.899604
1137.13	-4832.51	0.437539	-0.8992
1135.78	-4831.85	0.438443	-0.898759
1134.41	-4831.18	0.439419	-0.898282
1133.04	-4830.51	0.440395	-0.897804
1131.66	-4829.83	0.441371	-0.897325
1130.26	-4829.14	0.44243	-0.896803
1128.86	-4828.45	0.443588	-0.896231
1127.45	-4827.75	0.44476	-0.89565
1126.03	-4827.04	0.445932	-0.895067
1124.6	-4826.33	0.44718	-0.894444
1123.16	-4825.61	0.448503	-0.893781
1121.71	-4824.88	0.449821	-0.893119
1120.25	-4824.14	0.451132	-0.892457
1118.78	-4823.4	0.451011	-0.892518
1117.29	-4822.65	0.449459	-0.893301
1115.79	-4821.9	0.447915	-0.894076
1114.28	-4821.14	0.44638	-0.894843
1112.76	-4820.39	0.444847	-0.895607
1111.23	-4819.62	0.44328	-0.896383
1109.68	-4818.86	0.441681	-0.897172
1108.12	-4818.09	0.440079	-0.897959
1106.54	-4817.32	0.438475	-0.898743
1104.95	-4816.55	0.436587	-0.899662
1103.35	-4815.77	0.434413	-0.900714
1101.74	-4815	0.432236	-0.901761
1100.11	-4814.22	0.430053	-0.902804
1098.47	-4813.44	0.427502	-0.904014
1096.81	-4812.66	0.424586	-0.905388
1095.14	-4811.88	0.421663	-0.906753
1093.46	-4811.1	0.418735	-0.908108
1091.76	-4810.32	0.415759	-0.909475
1090.05	-4809.54	0.412736	-0.910851
1088.32	-4808.76	0.409706	-0.912218
1086.58	-4807.98	0.40667	-0.913575
1084.82	-4807.2	0.403586	-0.914942
1083.05	-4806.42	0.400454	-0.916317
1081.27	-4805.64	0.397315	-0.917682
1079.47	-4804.87	0.39417	-0.919037
1077.66	-4804.1	0.39102	-0.920382
1075.84	-4803.32	0.387599	-0.921828
1074.01	-4802.56	0.383914	-0.923369
1072.17	-4801.8	0.38023	-0.924892
1070.33	-4801.05	0.376539	-0.926401
1068.49	-4800.3	0.372835	-0.927898
1066.65	-4799.56	0.369105	-0.929388
1064.8	-4798.83	0.365348	-0.930871
1062.95	-4798.11	0.361576	-0.932343
1061.1	-4797.4	0.361571	-0.932345
1059.27	-4796.68	0.365331	-0.930878
1057.44	-4795.96	0.369097	-0.929391
1055.62	-4795.23	0.372869	-0.927884
1053.8	-4794.5	0.377564	-0.925983
1052	-4793.76	0.383153	-0.923685
1050.21	-4793.01	0.388697	-0.921366
1048.44	-4792.26	0.394215	-0.919018
1046.71	-4791.51	0.399631	-0.916676
1045.01	-4790.77	0.404926	-0.91435
1043.37	-4790.03	0.410168	-0.91201
1041.77	-4789.31	0.415364	-0.909655
1040.23	-4788.61	0.418773	-0.908091
1038.74	-4787.92	0.420402	-0.907338
1037.31	-4787.25	0.421992	-0.906599
1035.94	-4786.62	0.423556	-0.90587
1034.52	-4785.95	0.425251	-0.905075
1033.3	-4785.38	0.426476	-0.904499
1032.16	-4784.84	0.4274	-0.904063
1031.19	-4784.38	0.42823	-0.90367
1030.08	-4783.85	0.429243	-0.903189
1029.13	-4783.4	0.42948	-0.903076
1028.24	-4782.98	0.429036	-0.903287
1027.4	-4782.58	0.428589	-0.903499
1026.59	-4782.2	0.42814	-0.903712
1025.82	-4781.83	0.428061	-0.90375
1025.08	-4781.48	0.428351	-0.903612
1024.38	-4781.14	0.42864	-0.903475
1023.7	-4780.83	0.428928	-0.903339
1023.06	-4780.52	0.429192	-0.903213
1022.44	-4780.23	0.429434	-0.903098
1021.83	-4779.93	0.429682	-0.90298
1021.22	-4779.64	0.429932	-0.902861
1020.6	-4779.35	0.430175	-0.902746
1019.99	-4779.06	0.430409	-0.902634
1019.38	-4778.77	0.430644	-0.902522
1018.76	-4778.47	0.430879	-0.90241
1018.15	-4778.18	0.431115	-0.902297
1017.52	-4777.88	0.431353	-0.902183
1016.89	-4777.58	0.431594	-0.902068
1016.25	-4777.27	0.431835	-0.901952
1015.6	-4776.96	0.432077	-0.901837
1014.94	-4776.65	0.432143	-0.901805
1014.27	-4776.32	0.432033	-0.901858
1013.59	-4776	0.431923	-0.901911
1012.9	-4775.67	0.431812	-0.901963
1012.21	-4775.33	0.431699	-0.902018
1011.5	-4775	0.431582	-0.902074
1010.78	-4774.65	0.431465	-0.90213
1010.05	-4774.3	0.431348	-0.902186
1009.31	-4773.95	0.431228	-0.902243
1008.56	-4773.59	0.431104	-0.902302
1007.81	-4773.23	0.43098	-0.902361
1007.04	-4772.87	0.430857	-0.90242
1006.26	-4772.5	0.430735	-0.902478
1005.48	-4772.12	0.430615	-0.902536
1004.68	-4771.74	0.430493	-0.902594
1003.88	-4771.36	0.430371	-0.902652
1003.06	-4770.97	0.430248	-0.902711
1002.24	-4770.58	0.430123	-0.90277
1001.4	-4770.18	0.429995	-0.902831
1000.56	-4769.78	0.429866	-0.902892
999.703	-4769.37	0.429738	-0.902954
998.839	-4768.96	0.42961	-0.903015
997.964	-4768.54	0.429477	-0.903078
997.079	-4768.12	0.429341	-0.903143
996.185	-4767.69	0.429204	-0.903207
995.28	-4767.27	0.429068	-0.903272
994.366	-4766.83	0.428928	-0.903339
993.442	-4766.39	0.428785	-0.903406
992.508	-4765.95	0.428642	-0.903474
991.564	-4765.5	0.428499	-0.903542
990.611	-4765.05	0.428353	-0.903611
989.647	-4764.59	0.428204	-0.903682
988.674	-4764.13	0.428055	-0.903753
987.692	-4763.67	0.427905	-0.903823
986.699	-4763.2	0.427756	-0.903894
985.697	-4762.72	0.427603	-0.903967
984.686	-4762.24	0.427446	-0.904041
983.665	-4761.76	0.427288	-0.904115
982.634	-4761.27	0.427131	-0.90419
981.594	-4760.78	0.42718	-0.904166
980.545	-4760.29	0.427436	-0.904046
979.486	-4759.79	0.427692	-0.903924
978.418	-4759.28	0.427958	-0.903798
977.34	-4758.77	0.428272	-0.90365
976.253	-4758.25	0.428652	-0.90347
975.157	-4757.73	0.429118	-0.903248
974.052	-4757.21	0.429715	-0.902965
972.938	-4756.68	0.430472	-0.902604
971.816	-4756.14	0.431553	-0.902088
970.685	-4755.6	0.432976	-0.901405
969.545	-4755.05	0.434606	-0.900621
968.398	-4754.5	0.436434	-0.899737
967.243	-4753.94	0.438549	-0.898707
966.081	-4753.37	0.440932	-0.89754
964.911	-4752.79	0.44346	-0.896294
963.733	-4752.21	0.446113	-0.894977
962.549	-4751.61	0.448852	-0.893606
961.357	-4751.01	0.45162	-0.89221
960.159	-4750.41	0.4544	-0.890798
958.953	-4749.79	0.457192	-0.889368
957.74	-4749.16	0.4603	-0.887764
956.521	-4748.53	0.463721	-0.885981
955.295	-4747.89	0.467152	-0.884177
954.063	-4747.23	0.470593	-0.882351
952.825	-4746.57	0.474362	-0.88033
951.581	-4745.9	0.478459	-0.87811
950.331	-4745.21	0.482563	-0.875861
949.075	-4744.52	0.486673	-0.873584
947.813	-4743.81	0.490789	-0.871278
946.546	-4743.09	0.49529	-0.868728
945.274	-4742.36	0.50017	-0.865927
943.997	-4741.62	0.505052	-0.863089
942.716	-4740.87	0.509935	-0.860213
941.43	-4740.1	0.515145	-0.857103
940.14	-4739.32	0.520677	-0.853754
938.847	-4738.53	0.526204	-0.850358
937.55	-4737.72	0.531727	-0.846916
936.25	-4736.9	0.537384	-0.843338
934.946	-4736.07	0.543174	-0.83962
933.64	-4735.22	0.548955	-0.835852
932.332	-4734.35	0.554727	-0.832032
931.021	-4733.47	0.560344	-0.82826
929.707	-4732.58	0.565808	-0.824537
928.391	-4731.67	0.571263	-0.820767
927.073	-4730.75	0.576711	-0.816948
925.753	-4729.81	0.582149	-0.813082
924.43	-4728.86	0.58758	-0.809166
923.106	-4727.89	0.593002	-0.805201
921.781	-4726.91	0.598413	-0.801188
920.454	-4725.91	0.603813	-0.797126
919.126	-4724.9	0.609039	-0.79314
917.797	-4723.87	0.614091	-0.789235
916.466	-4722.83	0.619135	-0.785285
915.135	-4721.78	0.624167	-0.781291
913.803	-4720.71	0.629049	-0.777366
912.47	-4719.62	0.633714	-0.773567
911.136	-4718.53	0.638372	-0.769728
909.8	-4717.41	0.643022	-0.765848
908.464	-4716.29	0.647601	-0.76198
907.127	-4715.14	0.652078	-0.758152
905.789	-4713.99	0.656548	-0.754284
904.451	-4712.82	0.66101	-0.750377
903.112	-4711.63	0.665269	-0.746604
901.772	-4710.43	0.669212	-0.743071
900.431	-4709.22	0.673075	-0.739574
899.089	-4707.99	0.676731	-0.73623
897.745	-4706.75	0.680007	-0.733205
896.399	-4705.5	0.682766	-0.730637
895.05	-4704.24	0.684923	-0.728615
893.697	-4702.96	0.686568	-0.727066
892.34	-4701.68	0.688033	-0.725679
890.979	-4700.39	0.689328	-0.724449
889.612	-4699.09	0.69029	-0.723533
888.241	-4697.78	0.691239	-0.722626
886.865	-4696.46	0.692166	-0.721738
885.485	-4695.13	0.6934	-0.720553
884.1	-4693.8	0.695079	-0.718933
882.711	-4692.45	0.696737	-0.717327
881.319	-4691.1	0.698391	-0.715717
879.924	-4689.73	0.70019	-0.713956
878.525	-4688.36	0.702209	-0.71197
877.124	-4686.97	0.704218	-0.709984
875.721	-4685.58	0.70621	-0.708003
874.314	-4684.17	0.708476	-0.705735
872.906	-4682.76	0.711162	-0.703028
871.497	-4681.33	0.713838	-0.700311
870.087	-4679.88	0.716504	-0.697583
868.676	-4678.43	0.71927	-0.694731
867.265	-4676.96	0.722212	-0.691672
865.853	-4675.49	0.725184	-0.688556
864.442	-4673.99	0.728143	-0.685425
863.029	-4672.49	0.731565	-0.681772
861.62	-4670.97	0.735697	-0.677311
860.214	-4669.43	0.7398	-0.672827
858.674	-4667.73	0.744279	-0.667868
857.419	-4666.33	0.74792	-0.663788
855.891	-4664.59	0.752377	-0.658732
854.507	-4663.01	0.756438	-0.654065
853.269	-4661.57	0.760064	-0.649848
851.765	-4659.8	0.764456	-0.644675
850.409	-4658.18	0.768578	-0.639756
849.063	-4656.56	0.772826	-0.634618
847.737	-4654.93	0.777002	-0.629499
846.445	-4653.33	0.781096	-0.624411
845.195	-4651.76	0.784822	-0.619721
843.993	-4650.23	0.788198	-0.615422
842.82	-4648.72	0.791603	-0.611036
841.657	-4647.21	0.795035	-0.606563
840.501	-4645.69	0.797628	-0.60315
839.359	-4644.17	0.799377	-0.60083
838.244	-4642.68	0.801095	-0.598537
837.166	-4641.24	0.802787	-0.596265
836.131	-4639.84	0.804232	-0.594316
835.137	-4638.49	0.805441	-0.592676
834.184	-4637.2	0.806643	-0.591039
833.272	-4635.95	0.807836	-0.589407
832.401	-4634.75	0.809021	-0.58778
831.571	-4633.61	0.810087	-0.586309
830.781	-4632.52	0.811037	-0.584995
830.031	-4631.48	0.81198	-0.583685
829.315	-4630.48	0.812926	-0.582367
828.616	-4629.5	0.813756	-0.581207
827.918	-4628.52	0.814464	-0.580215
827.221	-4627.54	0.815171	-0.57922
826.521	-4626.56	0.815881	-0.578221
825.817	-4625.56	0.81665	-0.577133
825.109	-4624.56	0.817479	-0.575959
824.396	-4623.55	0.818299	-0.574792
823.679	-4622.53	0.819105	-0.573644
822.959	-4621.5	0.819926	-0.57247
822.235	-4620.46	0.820776	-0.57125
821.507	-4619.41	0.821624	-0.570029
820.775	-4618.35	0.822465	-0.568816
820.04	-4617.29	0.823302	-0.567604
819.302	-4616.22	0.824298	-0.566157
818.56	-4615.14	0.825451	-0.564473
817.815	-4614.04	0.826602	-0.562788
817.067	-4612.94	0.827748	-0.5611
816.317	-4611.83	0.829327	-0.558763
815.565	-4610.72	0.831337	-0.555769
814.812	-4609.59	0.833335	-0.552769
814.058	-4608.45	0.835322	-0.549761
813.303	-4607.29	0.837416	-0.546567
812.548	-4606.13	0.839611	-0.543188
811.792	-4604.96	0.841788	-0.539808
811.036	-4603.78	0.84395	-0.536422
810.28	-4602.58	0.84631	-0.532691
809.524	-4601.38	0.848863	-0.528613
808.769	-4600.16	0.851397	-0.524521
808.015	-4598.93	0.853913	-0.520416
807.262	-4597.69	0.856493	-0.516159
806.511	-4596.44	0.859135	-0.511749
805.761	-4595.17	0.861756	-0.507324
805.013	-4593.9	0.864354	-0.502884
804.267	-4592.61	0.867061	-0.498202
803.523	-4591.31	0.869872	-0.493278
802.783	-4589.99	0.872656	-0.488336
802.045	-4588.67	0.875413	-0.483376
801.31	-4587.33	0.878143	-0.478399
800.578	-4585.98	0.879873	-0.475209
799.844	-4584.62	0.880623	-0.473817
799.108	-4583.25	0.881372	-0.472423
798.37	-4581.87	0.882118	-0.471029
797.63	-4580.48	0.882782	-0.469783
796.887	-4579.08	0.883364	-0.468688
796.141	-4577.68	0.883944	-0.467592
795.393	-4576.26	0.884524	-0.466495
794.642	-4574.83	0.886364	-0.46299
793.896	-4573.4	0.889436	-0.45706
793.154	-4571.94	0.892469	-0.451108
792.419	-4570.48	0.895464	-0.445133
791.689	-4569	0.8985	-0.438974
790.965	-4567.51	0.901571	-0.432631
790.247	-4566	0.904599	-0.426264
789.537	-4564.48	0.907583	-0.419873
788.833	-4562.95	0.910536	-0.413431
788.136	-4561.4	0.913456	-0.406938
787.446	-4559.84	0.916331	-0.400422
786.764	-4558.27	0.91916	-0.393884
786.089	-4556.68	0.921944	-0.387323
785.422	-4555.08	0.92468	-0.380745
784.763	-4553.47	0.927367	-0.374152
784.112	-4551.84	0.930009	-0.367538
783.469	-4550.2	0.932604	-0.360902
782.834	-4548.55	0.93514	-0.354277
782.208	-4546.88	0.93762	-0.347663
781.59	-4545.2	0.940053	-0.341029
780.981	-4543.5	0.94244	-0.334375
780.381	-4541.8	0.944768	-0.32774
779.79	-4540.08	0.947037	-0.321124
779.208	-4538.34	0.949261	-0.31449
778.635	-4536.6	0.951439	-0.307838
778.071	-4534.84	0.953501	-0.30139
777.516	-4533.07	0.955452	-0.295148
776.97	-4531.28	0.957362	-0.28889
776.433	-4529.49	0.959232	-0.282619
775.905	-4527.68	0.961045	-0.276391
775.386	-4525.86	0.962802	-0.270208
774.876	-4524.02	0.964519	-0.264012
774.376	-4522.17	0.966198	-0.257802
773.885	-4520.32	0.967836	-0.251581
773.404	-4518.44	0.969435	-0.245348
772.932	-4516.56	0.970994	-0.239102
772.471	-4514.66	0.972514	-0.232844
772.019	-4512.76	0.973994	-0.226575
771.578	-4510.84	0.975436	-0.220282
771.147	-4508.91	0.976841	-0.213968
770.727	-4506.96	0.978205	-0.207642
770.317	-4505.01	0.979529	-0.201304
769.918	-4503.04	0.980811	-0.194963
769.53	-4501.06	0.98205	-0.188621
769.154	-4499.07	0.983249	-0.182268
768.788	-4497.07	0.984407	-0.175906
768.433	-4495.06	0.985513	-0.1696
768.057	-4492.83	0.986665	-0.162764
767.758	-4491	0.987573	-0.157164
767.406	-4488.75	0.988639	-0.150309
767.129	-4486.89	0.989483	-0.144646
766.803	-4484.61	0.990482	-0.137645
766.519	-4482.53	0.991347	-0.131271
766.247	-4480.44	0.992171	-0.12489
765.988	-4478.33	0.992954	-0.118501
765.741	-4476.22	0.993708	-0.112
765.507	-4474.09	0.994455	-0.105163
765.287	-4471.95	0.995217	-0.0976922
765.083	-4469.81	0.996001	-0.0893372
764.897	-4467.65	0.996785	-0.0801222
764.731	-4465.47	0.997534	-0.0701812
764.587	-4463.29	0.998206	-0.0598799
764.464	-4461.1	0.998772	-0.0495513
764.364	-4458.9	0.999227	-0.0393034
764.286	-4456.68	0.999575	-0.0291376
764.23	-4454.46	0.99982	-0.018948
764.197	-4452.23	0.999962	-0.00873598
764.187	-4449.98	0.999999	0.00129593
764.198	-4447.73	0.999938	0.0111467
764.233	-4445.47	0.999779	0.0210169
764.289	-4443.2	0.999522	0.0309055
764.369	-4440.92	0.999167	0.0408119
764.471	-4438.63	0.998727	0.0504415
764.596	-4436.34	0.998211	0.0597936
764.742	-4434.04	0.997606	0.0691606
764.911	-4431.73	0.996911	0.0785416
765.103	-4429.41	0.996163	0.0875182
765.315	-4427.08	0.995373	0.0960903
765.548	-4424.75	0.994506	0.104675
765.803	-4422.41	0.993564	0.113272
766.078	-4420.06	0.992576	0.12163
766.375	-4417.71	0.991547	0.129748
766.691	-4415.35	0.990449	0.137877
767.029	-4412.98	0.989282	0.146016
767.387	-4410.61	0.988101	0.153804
767.764	-4408.23	0.986915	0.161241
768.161	-4405.85	0.98567	0.168688
768.578	-4403.46	0.984364	0.176144
769.014	-4401.06	0.98307	0.183232
769.468	-4398.66	0.981793	0.189954
769.941	-4396.25	0.980467	0.196685
770.432	-4393.84	0.97909	0.203426
770.942	-4391.42	0.977664	0.210175
771.47	-4389	0.97625	0.216649
772.015	-4386.57	0.974854	0.222846
772.578	-4384.13	0.973414	0.229052
773.159	-4381.69	0.971931	0.235267
773.757	-4379.25	0.97053	0.240982
774.371	-4376.8	0.969219	0.246199
775	-4374.34	0.967877	0.251426
775.645	-4371.88	0.966501	0.256662
776.305	-4369.42	0.965206	0.261491
776.979	-4366.95	0.964222	0.265095
777.662	-4364.47	0.963662	0.267125
778.352	-4361.99	0.963376	0.268153
779.046	-4359.5	0.963311	0.268388
779.742	-4357	0.963438	0.267932
780.439	-4354.49	0.963608	0.267321
781.136	-4351.97	0.963786	0.266676
781.834	-4349.45	0.964081	0.265607
782.531	-4346.91	0.964497	0.264094
783.226	-4344.37	0.964919	0.262547
783.919	-4341.81	0.965339	0.260998
784.611	-4339.25	0.965764	0.259421
785.3	-4336.67	0.966265	0.257549
785.987	-4334.09	0.966828	0.255427
786.67	-4331.5	0.967373	0.253355
787.35	-4328.89	0.967905	0.251316
788.026	-4326.28	0.96847	0.249132
788.699	-4323.65	0.969067	0.246797
789.367	-4321.02	0.969659	0.24446
790.031	-4318.37	0.970246	0.24212
790.691	-4315.71	0.970888	0.239535
791.346	-4313.05	0.971582	0.236704
791.995	-4310.37	0.972268	0.23387
792.638	-4307.68	0.972946	0.231033
793.275	-4304.98	0.973674	0.227943
793.906	-4302.28	0.974451	0.224602
794.529	-4299.55	0.975216	0.221255
795.144	-4296.82	0.97597	0.217905
795.753	-4294.08	0.976713	0.214551
796.353	-4291.33	0.977501	0.210931
796.945	-4288.56	0.978331	0.207046
797.528	-4285.79	0.979146	0.203156
798.102	-4283	0.979947	0.199261
798.666	-4280.2	0.980736	0.195336
799.221	-4277.4	0.981516	0.191381
799.766	-4274.58	0.98228	0.187422
800.301	-4271.74	0.983028	0.183457
800.827	-4268.9	0.983765	0.179463
801.342	-4266.05	0.98449	0.175439
801.848	-4263.19	0.9852	0.171411
802.343	-4260.31	0.985893	0.167378
802.829	-4257.42	0.986554	0.163438
803.304	-4254.53	0.987183	0.159592
803.769	-4251.62	0.987798	0.155742
804.225	-4248.7	0.988398	0.151887
804.67	-4245.77	0.988983	0.148029
805.106	-4242.83	0.989558	0.144137
805.531	-4239.88	0.990122	0.140212
805.945	-4236.92	0.99067	0.136282
806.349	-4233.95	0.991203	0.132349
806.743	-4230.97	0.991691	0.128644
807.127	-4227.97	0.992135	0.125169
807.501	-4224.97	0.992568	0.121691
807.866	-4221.96	0.992989	0.11821
808.222	-4218.93	0.993369	0.114967
808.57	-4215.9	0.993712	0.111962
808.909	-4212.85	0.994047	0.108955
809.24	-4209.8	0.994372	0.105946
809.562	-4206.74	0.994662	0.103184
809.878	-4203.66	0.99492	0.100669
810.187	-4200.58	0.995171	0.0981525
810.489	-4197.49	0.995417	0.095634
810.784	-4194.38	0.995655	0.0931137
811.072	-4191.27	0.99588	0.0906862
811.353	-4188.15	0.996085	0.0883991
811.628	-4185.02	0.996286	0.0861103
811.897	-4181.88	0.996481	0.0838199
812.158	-4178.73	0.996734	0.0807487
812.409	-4175.57	0.997069	0.0765062
812.647	-4172.4	0.997386	0.0722603
812.872	-4169.22	0.997685	0.0680111
813.084	-4166.03	0.99796	0.0638501
813.284	-4162.82	0.998209	0.0598233
813.471	-4159.61	0.998442	0.0557936
813.645	-4156.39	0.998659	0.0517611
813.808	-4153.16	0.998867	0.0475959
813.956	-4149.92	0.999065	0.0432329
814.091	-4146.68	0.999244	0.038867
814.212	-4143.42	0.999405	0.0344993
814.319	-4140.15	0.999546	0.0301349
814.412	-4136.89	0.999656	0.026212
814.494	-4133.62	0.999737	0.0229433
814.564	-4130.36	0.999806	0.0196743
814.624	-4127.09	0.999865	0.016405
814.674	-4123.82	0.999904	0.0138254
814.721	-4120.23	0.999926	0.0121258
814.759	-4116.96	0.999944	0.0105827
814.791	-4113.71	0.999959	0.00904622
814.818	-4110.49	0.999966	0.00823227
814.845	-4107.3	0.999967	0.00813683
814.87	-4104.15	0.999968	0.00804263
814.895	-4101.03	0.999968	0.00794978
814.918	-4097.97	0.999989	0.00460589
814.924	-4094.96	0.999998	-0.00196795
814.91	-4092.02	0.999964	-0.00850997
814.878	-4089.14	0.999887	-0.0150299
814.829	-4086.33	0.999768	-0.0215207
814.763	-4083.58	0.999625	-0.0273806
814.683	-4080.89	0.999469	-0.0325917
814.592	-4078.26	0.999286	-0.0377856
814.49	-4075.7	0.999075	-0.0429923
814.378	-4073.2	0.998874	-0.0474461
814.259	-4070.77	0.998691	-0.0511449
814.134	-4068.4	0.998496	-0.0548277
814.004	-4066.09	0.998288	-0.0584983
813.87	-4063.85	0.998189	-0.0601487
813.739	-4061.68	0.998211	-0.0597865
813.613	-4059.57	0.998233	-0.0594288
813.492	-4057.53	0.998254	-0.0590718
813.375	-4055.54	0.998288	-0.0584937
813.263	-4053.62	0.998334	-0.0576958
813.157	-4051.77	0.99838	-0.0569012
813.055	-4049.98	0.998425	-0.0561096
812.959	-4048.25	0.99847	-0.0553028
812.867	-4046.59	0.998515	-0.0544809
812.781	-4044.99	0.998559	-0.0536626
812.699	-4043.46	0.998603	-0.0528481
812.622	-4042	0.998645	-0.0520374
812.549	-4040.59	0.998686	-0.0512507
812.481	-4039.26	0.998725	-0.050488
812.417	-4037.98	0.998763	-0.0497259
812.355	-4036.74	0.998802	-0.0489437
812.295	-4035.5	0.998838	-0.0481945
812.235	-4034.25	0.998871	-0.0474972
812.176	-4033.01	0.998904	-0.0467995
812.118	-4031.76	0.998937	-0.0461011
812.061	-4030.51	0.998978	-0.0452009
812.005	-4029.26	0.999027	-0.0440995
811.95	-4028.01	0.999075	-0.0429983
811.896	-4026.75	0.999122	-0.0418969
811.844	-4025.49	0.999172	-0.0406899
811.793	-4024.22	0.999224	-0.0393769
811.744	-4022.96	0.999276	-0.0380553
811.696	-4021.69	0.999326	-0.0367087
811.65	-4020.41	0.999376	-0.0353341
811.606	-4019.13	0.999424	-0.0339471
811.563	-4017.84	0.99947	-0.0325652
811.521	-4016.55	0.999513	-0.0312033
811.482	-4015.26	0.999554	-0.0298613
811.443	-4013.96	0.999595	-0.0284606
811.407	-4012.65	0.999636	-0.026995
811.372	-4011.34	0.999674	-0.0255289
811.34	-4010.03	0.99971	-0.0240625
811.309	-4008.7	0.999747	-0.0224797
811.28	-4007.38	0.999784	-0.0207805
811.253	-4006.05	0.999818	-0.0190809
811.228	-4004.71	0.999849	-0.0173808
811.206	-4003.37	0.99988	-0.0155092
811.186	-4002.02	0.999909	-0.0134661
811.169	-4000.67	0.999935	-0.0114224
811.155	-3999.31	0.999956	-0.00937816
811.143	-3997.95	0.999973	-0.00731784
811.134	-3996.59	0.999986	-0.00524149
811.128	-3995.21	0.999995	-0.0031646
811.125	-3993.84	0.999999	-0.0010872
811.125	-3992.45	0.999999	0.0010603
811.127	-3991.07	0.999995	0.00327791
811.133	-3989.67	0.999985	0.00549604
811.142	-3988.28	0.99997	0.00771412
811.154	-3986.88	0.99995	0.00999981
811.169	-3985.47	0.999924	0.0123536
811.188	-3984.07	0.999892	0.014708
811.21	-3982.66	0.999854	0.0170644
811.235	-3981.25	0.999815	0.0192088
811.264	-3979.84	0.999777	0.0211375
811.295	-3978.43	0.999734	0.0230638
811.328	-3977.02	0.999688	0.0249901
811.365	-3975.61	0.999638	0.0269162
811.404	-3974.19	0.999585	0.0287894
811.445	-3972.78	0.999531	0.0306096
811.49	-3971.37	0.999474	0.0324297
811.537	-3969.96	0.999413	0.0342497
811.586	-3968.54	0.999351	0.0360141
811.638	-3967.13	0.999288	0.0377229
811.692	-3965.72	0.999222	0.0394316
811.749	-3964.3	0.999153	0.0411401
811.808	-3962.89	0.999089	0.0426802
811.869	-3961.48	0.999029	0.0440517
811.932	-3960.07	0.998968	0.0454231
811.997	-3958.65	0.998905	0.0467945
812.064	-3957.24	0.998839	0.048166
812.133	-3955.83	0.998772	0.0495379
812.204	-3954.41	0.998703	0.0509065
812.276	-3953.01	0.998633	0.052268
812.35	-3951.63	0.998561	0.0536229
812.424	-3950.25	0.998495	0.0548511
812.499	-3948.9	0.998433	0.0559584
812.575	-3947.56	0.99837	0.0570687
812.652	-3946.23	0.998306	0.0581787
812.729	-3944.91	0.998252	0.0591089
812.807	-3943.6	0.998207	0.0598591
812.885	-3942.3	0.998162	0.0606085
812.963	-3941.02	0.998116	0.0613571
813.041	-3939.75	0.998067	0.0621412
813.12	-3938.5	0.998016	0.0629607
813.199	-3937.26	0.997964	0.0637789
813.277	-3936.03	0.997911	0.064596
813.356	-3934.83	0.997866	0.0652971
813.434	-3933.63	0.997827	0.0658828
813.512	-3932.46	0.997789	0.066468
813.59	-3931.3	0.997749	0.0670522
813.667	-3930.15	0.99771	0.067634
813.743	-3929.03	0.997669	0.0682325
813.818	-3927.94	0.997627	0.0688576
813.9	-3926.76	0.997579	0.0695405
813.964	-3925.83	0.99754	0.0700936
814.042	-3924.74	0.997492	0.0707729
814.103	-3923.87	0.997453	0.0713331
814.176	-3922.86	0.997404	0.0720132
814.24	-3921.98	0.997359	0.0726274
814.301	-3921.14	0.997318	0.0731938
814.355	-3920.41	0.997283	0.0736606
814.418	-3919.56	0.997241	0.0742293
814.472	-3918.83	0.997203	0.0747451
814.525	-3918.13	0.997165	0.0752399
814.575	-3917.47	0.99713	0.0757118
814.623	-3916.84	0.997094	0.0761806
814.669	-3916.24	0.997058	0.0766458
814.712	-3915.68	0.997027	0.0770592
814.753	-3915.14	0.996998	0.0774233
814.792	-3914.64	0.99697	0.0777866
814.829	-3914.18	0.996942	0.0781507
814.863	-3913.74	0.996916	0.0784725
814.894	-3913.34	0.996894	0.0787502
814.923	-3912.98	0.996873	0.0790261
814.95	-3912.64	0.996851	0.0793027
814.976	-3912.32	0.996827	0.0795928
815.002	-3912	0.996808	0.0798394
815.027	-3911.67	0.996792	0.0800306
815.053	-3911.35	0.996777	0.0802218
815.079	-3911.03	0.996762	0.080413
815.106	-3910.7	0.996746	0.0806045
815.132	-3910.38	0.996731	0.0807965
815.158	-3910.06	0.996715	0.0809885
815.184	-3909.73	0.996699	0.0811809
815.211	-3909.4	0.996684	0.0813753
815.238	-3909.07	0.996667	0.0815723
815.266	-3908.73	0.996651	0.0817705
815.295	-3908.38	0.996635	0.0819686
815.325	-3908.02	0.996617	0.0821895
815.355	-3907.66	0.996597	0.0824333
815.386	-3907.28	0.996576	0.0826769
815.418	-3906.9	0.996556	0.0829207
815.451	-3906.5	0.996535	0.0831776
815.484	-3906.1	0.996512	0.0834471
815.519	-3905.68	0.99649	0.0837163
815.555	-3905.25	0.996467	0.0839853
815.592	-3904.81	0.996444	0.084254
815.63	-3904.36	0.99642	0.0845422
815.67	-3903.9	0.996394	0.0848498
815.71	-3903.43	0.996368	0.0851572
815.751	-3902.95	0.996341	0.0854644
815.794	-3902.45	0.996313	0.0857871
815.837	-3901.95	0.996284	0.0861254
815.882	-3901.43	0.996255	0.0864635
815.928	-3900.91	0.996226	0.0868014
815.975	-3900.37	0.996195	0.0871549
816.023	-3899.82	0.996162	0.0875239
816.072	-3899.26	0.99613	0.0878928
816.123	-3898.69	0.996097	0.0882616
816.174	-3898.11	0.996065	0.0886231
816.227	-3897.51	0.996034	0.0889775
816.281	-3896.91	0.996002	0.0893318
816.336	-3896.29	0.99597	0.0896859
816.393	-3895.67	0.995938	0.0900398
816.451	-3895.03	0.995905	0.0904112
816.51	-3894.38	0.995869	0.0907999
816.57	-3893.72	0.995834	0.0911886
816.632	-3893.05	0.995798	0.0915771
816.694	-3892.37	0.995761	0.0919796
816.758	-3891.67	0.995722	0.092396
816.824	-3890.97	0.995684	0.0928123
816.891	-3890.26	0.995645	0.0932285
816.959	-3889.53	0.995607	0.0936301
817.028	-3888.79	0.995571	0.0940102
817.099	-3888.04	0.995536	0.0943799
817.171	-3887.28	0.995502	0.0947457
817.244	-3886.51	0.995465	0.0951306
817.319	-3885.73	0.995423	0.095565
817.396	-3884.94	0.995376	0.0960509
817.473	-3884.14	0.995327	0.0965586
817.552	-3883.32	0.995278	0.0970699
817.633	-3882.5	0.99523	0.0975524
817.715	-3881.66	0.995186	0.0980022
817.799	-3880.81	0.995142	0.0984506
817.884	-3879.96	0.99509	0.0989773
817.97	-3879.09	0.995031	0.0995675
818.058	-3878.21	0.994973	0.10014
818.148	-3877.33	0.994916	0.10071
818.239	-3876.43	0.994858	0.101275
818.331	-3875.52	0.994792	0.101926
818.426	-3874.6	0.994715	0.102671
818.522	-3873.67	0.994638	0.103422
818.62	-3872.74	0.994559	0.104176
818.719	-3871.79	0.994489	0.104842
818.82	-3870.83	0.994426	0.105438
818.923	-3869.86	0.994362	0.10604
819.028	-3868.88	0.994299	0.106625
819.134	-3867.89	0.994244	0.107138
819.242	-3866.89	0.994196	0.107584
819.352	-3865.88	0.994148	0.108027
819.463	-3864.86	0.9941	0.108467
819.575	-3863.83	0.994051	0.108914
819.69	-3862.79	0.994001	0.109372
819.805	-3861.74	0.99395	0.10983
819.923	-3860.68	0.9939	0.110287
820.042	-3859.61	0.993853	0.110711
820.163	-3858.53	0.993809	0.111102
820.285	-3857.43	0.993765	0.111492
820.409	-3856.33	0.993721	0.111883
820.534	-3855.22	0.993676	0.112281
820.661	-3854.1	0.99363	0.112688
820.79	-3852.96	0.993584	0.113094
820.92	-3851.82	0.993538	0.1135
821.052	-3850.66	0.993517	0.113682
821.186	-3849.5	0.993522	0.113639
821.32	-3848.33	0.993527	0.113596
821.455	-3847.14	0.993532	0.113553
821.592	-3845.94	0.993532	0.113549
821.73	-3844.74	0.99353	0.113566
821.869	-3843.52	0.993523	0.113633
822.01	-3842.29	0.993502	0.113815
822.152	-3841.06	0.993476	0.11404
822.295	-3839.81	0.993466	0.114132
822.439	-3838.55	0.99349	0.113921
822.585	-3837.28	0.993527	0.113595
822.731	-3836	0.993559	0.113317
822.878	-3834.71	0.993601	0.112948
823.025	-3833.41	0.993651	0.112502
823.173	-3832.1	0.993702	0.112056
823.322	-3830.78	0.993752	0.111607
823.471	-3829.45	0.993804	0.111147
823.621	-3828.11	0.993857	0.110669
823.771	-3826.76	0.993911	0.110181
823.922	-3825.4	0.993965	0.109693
824.073	-3824.02	0.994019	0.109205
824.224	-3822.64	0.994111	0.108371
824.376	-3821.25	0.994238	0.107191
824.526	-3819.84	0.994365	0.106009
824.677	-3818.43	0.99449	0.104827
824.826	-3817	0.994586	0.103916
824.976	-3815.57	0.994653	0.103276
825.126	-3814.12	0.994719	0.102635
825.276	-3812.66	0.994785	0.101994
825.426	-3811.19	0.994839	0.101463
825.577	-3809.72	0.994882	0.101042
825.727	-3808.23	0.994925	0.100622
825.879	-3806.73	0.994967	0.1002
826.031	-3805.22	0.995004	0.0998348
826.183	-3803.7	0.995035	0.0995256
826.336	-3802.17	0.995065	0.0992217
826.489	-3800.63	0.995095	0.0989203
826.643	-3799.08	0.995126	0.0986069
826.797	-3797.52	0.995158	0.0982892
826.952	-3795.95	0.995189	0.097971
827.107	-3794.38	0.995221	0.0976523
827.262	-3792.79	0.995252	0.0973331
827.418	-3791.2	0.995284	0.0970002
827.574	-3789.6	0.995319	0.096647
827.73	-3787.99	0.995353	0.0962932
827.886	-3786.37	0.995387	0.0959387
828.043	-3784.74	0.995432	0.0954738
828.2	-3783.1	0.995492	0.0948436
828.356	-3781.45	0.995551	0.0942253
828.513	-3779.79	0.995607	0.0936317
828.669	-3778.13	0.995668	0.0929787
828.825	-3776.45	0.995739	0.0922179
828.981	-3774.77	0.99581	0.0914497
829.136	-3773.07	0.99588	0.0906807
829.291	-3771.36	0.995945	0.0899608
829.445	-3769.65	0.996003	0.0893217
829.599	-3767.92	0.996059	0.0886985
829.753	-3766.19	0.996113	0.0880847
829.907	-3764.44	0.996193	0.0871771
830.06	-3762.69	0.99631	0.0858289
830.211	-3760.93	0.996425	0.0844798
830.36	-3759.15	0.996539	0.0831275
830.508	-3757.37	0.996681	0.0814041
830.653	-3755.57	0.996865	0.0791272
830.795	-3753.77	0.997043	0.076845
830.933	-3751.95	0.997216	0.074561
831.068	-3750.13	0.997385	0.0722752
831.199	-3748.29	0.997545	0.0700228
831.327	-3746.45	0.997697	0.0678216
831.451	-3744.59	0.997845	0.0656194
831.572	-3742.73	0.997987	0.0634177
831.701	-3740.67	0.998135	0.0610521
831.803	-3738.98	0.998248	0.0591703
831.924	-3736.91	0.998382	0.0568682
832.03	-3735.01	0.998499	0.0547732
832.133	-3733.11	0.998621	0.0525044
832.231	-3731.2	0.998746	0.0500617
832.326	-3729.28	0.998866	0.0476172
832.416	-3727.35	0.998979	0.0451706
832.502	-3725.41	0.999091	0.0426207
832.583	-3723.46	0.999201	0.0399678
832.659	-3721.5	0.999304	0.037313
832.731	-3719.53	0.999399	0.0346556
832.797	-3717.55	0.999509	0.0313333
832.856	-3715.56	0.999626	0.0273461
832.908	-3713.56	0.999727	0.023356
832.952	-3711.54	0.999813	0.0193629
832.988	-3709.51	0.999882	0.0153668
833.016	-3707.48	0.999938	0.011133
833.035	-3705.43	0.999978	0.00665085
833.045	-3703.36	0.999998	0.0021544
833.045	-3701.28	0.999997	-0.00234587
833.037	-3699.19	0.999976	-0.00690474
833.018	-3697.09	0.999934	-0.0115226
832.99	-3694.97	0.99987	-0.0161371
832.952	-3692.84	0.999785	-0.0207411
832.903	-3690.7	0.999682	-0.0252291
832.845	-3688.55	0.999562	-0.0296079
832.777	-3686.38	0.999422	-0.0339893
832.699	-3684.19	0.999263	-0.0383731
832.611	-3682	0.999091	-0.0426361
832.513	-3679.79	0.998905	-0.0467784
832.405	-3677.57	0.998703	-0.0509231
832.288	-3675.34	0.998482	-0.05507
832.16	-3673.09	0.998248	-0.0591763
832.023	-3670.84	0.997998	-0.0632418
831.875	-3668.57	0.997732	-0.0673055
831.718	-3666.28	0.99745	-0.071367
831.55	-3663.99	0.997151	-0.0754301
831.371	-3661.68	0.996853	-0.0792689
831.184	-3659.37	0.996559	-0.0828834
830.986	-3657.04	0.996252	-0.0864994
830.78	-3654.69	0.995931	-0.090117
830.563	-3652.34	0.995593	-0.0937744
830.337	-3649.97	0.995238	-0.0974716
830.1	-3647.6	0.994869	-0.10117
829.854	-3645.21	0.994486	-0.10487
829.597	-3642.81	0.994095	-0.108511
829.33	-3640.39	0.993698	-0.112092
829.053	-3637.97	0.993287	-0.115674
828.766	-3635.53	0.992863	-0.119258
828.468	-3633.09	0.992434	-0.122777
828.161	-3630.63	0.992001	-0.126232
827.843	-3628.16	0.991555	-0.129689
827.515	-3625.67	0.991096	-0.133146
827.176	-3623.18	0.990626	-0.136605
826.827	-3620.68	0.990077	-0.140524
826.465	-3618.16	0.989446	-0.144902
826.09	-3615.63	0.988795	-0.149281
825.702	-3613.09	0.988124	-0.15366
825.301	-3610.54	0.987359	-0.1585
824.885	-3607.98	0.986494	-0.1638
824.452	-3605.41	0.985599	-0.169099
824.004	-3602.83	0.984676	-0.174396
823.539	-3600.24	0.983694	-0.179849
823.057	-3597.64	0.982652	-0.185456
822.558	-3595.03	0.981578	-0.191062
822.042	-3592.41	0.980471	-0.196664
821.508	-3589.78	0.979298	-0.202425
820.956	-3587.14	0.978056	-0.208341
820.385	-3584.49	0.976778	-0.214254
819.795	-3581.83	0.975463	-0.220164
819.187	-3579.17	0.974174	-0.225799
818.56	-3576.49	0.972916	-0.23116
817.916	-3573.8	0.971627	-0.236518
817.254	-3571.11	0.970308	-0.241873
816.574	-3568.41	0.969089	-0.246712
815.878	-3565.7	0.967978	-0.251036
815.167	-3562.97	0.966847	-0.255358
814.441	-3560.24	0.965695	-0.259678
813.699	-3557.5	0.964577	-0.263803
812.942	-3554.76	0.963493	-0.267734
812.171	-3552	0.962392	-0.271663
811.385	-3549.23	0.961275	-0.275591
810.584	-3546.45	0.960141	-0.279517
809.768	-3543.67	0.959047	-0.283246
808.938	-3540.87	0.957997	-0.286779
808.094	-3538.07	0.956932	-0.290311
807.236	-3535.25	0.955854	-0.293842
806.364	-3532.43	0.954904	-0.296914
805.48	-3529.6	0.954087	-0.29953
804.584	-3526.76	0.953262	-0.302145
803.677	-3523.9	0.952429	-0.30476
802.758	-3521.04	0.951823	-0.306647
801.831	-3518.17	0.951449	-0.307806
800.896	-3515.29	0.951073	-0.308966
799.954	-3512.39	0.950695	-0.310127
799.004	-3509.48	0.950229	-0.311552
798.046	-3506.57	0.949673	-0.313242
797.078	-3503.64	0.949114	-0.314933
796.1	-3500.7	0.948551	-0.316624
795.114	-3497.75	0.947985	-0.318316
794.118	-3494.79	0.947453	-0.319895
793.113	-3491.82	0.946957	-0.32136
792.1	-3488.84	0.946458	-0.322826
791.078	-3485.85	0.945957	-0.324293
790.046	-3482.85	0.945358	-0.326036
789.005	-3479.84	0.944659	-0.328054
787.953	-3476.82	0.943955	-0.330073
786.89	-3473.79	0.943247	-0.332092
785.816	-3470.75	0.942433	-0.334395
784.73	-3467.69	0.941512	-0.33698
783.631	-3464.63	0.940583	-0.339564
782.519	-3461.57	0.939646	-0.342149
781.394	-3458.49	0.938545	-0.345157
780.254	-3455.4	0.937276	-0.348588
779.099	-3452.31	0.935993	-0.352018
777.928	-3449.21	0.934697	-0.355445
776.741	-3446.1	0.933633	-0.358232
775.421	-3442.67	0.932858	-0.360244
774.332	-3439.86	0.932221	-0.361891
772.989	-3436.41	0.931437	-0.363903
771.88	-3433.57	0.930792	-0.365551
770.514	-3430.1	0.930548	-0.366171
769.268	-3426.93	0.930923	-0.365215
768.02	-3423.75	0.931298	-0.364259
766.772	-3420.55	0.931671	-0.363302
765.522	-3417.34	0.9326	-0.360912
764.28	-3414.11	0.934073	-0.357083
763.046	-3410.87	0.93553	-0.353246
761.821	-3407.61	0.936973	-0.349402
760.605	-3404.33	0.93857	-0.34509
759.401	-3401.04	0.940315	-0.340307
758.209	-3397.72	0.942036	-0.335512
757.03	-3394.39	0.943733	-0.330708
755.863	-3391.04	0.945407	-0.325892
754.709	-3387.67	0.946972	-0.321315
753.567	-3384.28	0.948433	-0.316978
752.437	-3380.88	0.949874	-0.312633
751.318	-3377.46	0.951296	-0.308279
750.21	-3374.02	0.952367	-0.304956
749.107	-3370.57	0.953097	-0.302666
748.01	-3367.1	0.953821	-0.300374
746.916	-3363.62	0.954541	-0.29808
745.827	-3360.12	0.954918	-0.29687
744.735	-3356.61	0.954956	-0.296748
743.641	-3353.08	0.954994	-0.296626
742.543	-3349.55	0.955032	-0.296504
741.433	-3346	0.950726	-0.310033
740.237	-3342.47	0.941495	-0.337027
738.936	-3338.96	0.931491	-0.363764
737.53	-3335.48	0.920722	-0.390219
736.02	-3332.03	0.90873	-0.417384
734.4	-3328.61	0.895433	-0.445196
732.67	-3325.24	0.881277	-0.472601
730.83	-3321.91	0.866273	-0.499571
728.882	-3318.62	0.850435	-0.52608
726.837	-3315.38	0.84546	-0.534039
724.8	-3312.12	0.85187	-0.523753
722.796	-3308.83	0.858159	-0.513384
720.825	-3305.5	0.864324	-0.502935
718.889	-3302.13	0.870996	-0.491289
716.995	-3298.73	0.87813	-0.478423
715.145	-3295.28	0.885076	-0.465446
713.34	-3291.8	0.891835	-0.452362
711.581	-3288.28	0.898446	-0.439084
709.869	-3284.72	0.904906	-0.425612
708.205	-3281.13	0.911166	-0.412039
706.59	-3277.5	0.917226	-0.398367
705.023	-3273.84	0.922646	-0.385648
703.5	-3270.14	0.927467	-0.373905
702.018	-3266.41	0.932141	-0.362095
700.58	-3262.65	0.936667	-0.350221
699.185	-3258.86	0.941044	-0.338284
697.834	-3255.04	0.944925	-0.327287
696.52	-3251.2	0.948345	-0.317242
695.243	-3247.33	0.951659	-0.307157
694.004	-3243.43	0.954867	-0.297033
692.801	-3239.51	0.957687	-0.287811
691.631	-3235.56	0.960146	-0.279501
690.491	-3231.59	0.962533	-0.271166
689.381	-3227.6	0.964849	-0.262806
688.304	-3223.59	0.967015	-0.25472
687.255	-3219.56	0.969038	-0.24691
686.236	-3215.51	0.971	-0.23908
685.247	-3211.43	0.972899	-0.23123
684.288	-3207.34	0.974829	-0.222953
683.362	-3203.22	0.97678	-0.214245
682.471	-3199.09	0.978654	-0.205516
681.613	-3194.93	0.98045	-0.196766
680.791	-3190.75	0.982215	-0.18776
680.005	-3186.55	0.983941	-0.178495
679.256	-3182.34	0.98558	-0.16921
678.545	-3178.1	0.987132	-0.159905
677.872	-3173.85	0.988598	-0.150582
677.237	-3169.57	0.98974	-0.142881
676.628	-3165.28	0.990597	-0.136809
676.044	-3160.97	0.991418	-0.130729
675.484	-3156.65	0.992202	-0.124642
674.947	-3152.31	0.992415	-0.122933
674.403	-3147.95	0.99208	-0.125607
673.846	-3143.59	0.991738	-0.128282
673.275	-3139.22	0.991388	-0.130959
672.689	-3134.83	0.990754	-0.135672
672.075	-3130.44	0.989806	-0.142419
671.429	-3126.03	0.988812	-0.149164
670.751	-3121.62	0.987772	-0.155906
670.04	-3117.2	0.986448	-0.164074
669.287	-3112.77	0.984805	-0.173661
668.487	-3108.34	0.983069	-0.183238
667.643	-3103.91	0.981237	-0.192804
666.752	-3099.47	0.979312	-0.202357
665.816	-3095.02	0.977363	-0.211567
664.837	-3090.58	0.975401	-0.220436
663.814	-3086.13	0.973358	-0.229293
662.747	-3081.67	0.971232	-0.238135
661.638	-3077.22	0.969012	-0.247013
660.483	-3072.76	0.966697	-0.255924
659.285	-3068.3	0.964298	-0.264819
658.042	-3063.84	0.961816	-0.273696
656.754	-3059.37	0.959251	-0.282556
655.422	-3054.91	0.956706	-0.291055
654.048	-3050.45	0.954192	-0.299194
652.631	-3045.98	0.951607	-0.307317
651.173	-3041.52	0.948951	-0.315422
649.673	-3037.06	0.946349	-0.323146
648.133	-3032.59	0.94381	-0.33049
646.554	-3028.13	0.941211	-0.337818
644.937	-3023.67	0.938554	-0.345131
643.28	-3019.2	0.935979	-0.352056
641.587	-3014.74	0.933494	-0.358594
639.858	-3010.28	0.930961	-0.365118
638.093	-3005.81	0.928381	-0.371629
636.292	-3001.35	0.925238	-0.379386
634.444	-2996.89	0.921501	-0.388376
632.547	-2992.44	0.917674	-0.397335
630.603	-2988	0.913757	-0.406262
628.609	-2983.56	0.909751	-0.415155
626.57	-2979.13	0.907265	-0.42056
624.51	-2974.7	0.906361	-0.422503
622.435	-2970.26	0.905453	-0.424446
620.345	-2965.81	0.90454	-0.426388
618.24	-2961.35	0.90392	-0.427702
616.125	-2956.89	0.903595	-0.428388
614.001	-2952.41	0.903269	-0.429074
611.869	-2947.92	0.902942	-0.429762
609.728	-2943.43	0.903023	-0.429592
607.585	-2938.92	0.903511	-0.428565
605.442	-2934.39	0.903998	-0.427537
603.298	-2929.86	0.904484	-0.426508
601.154	-2925.3	0.904968	-0.42548
599.01	-2920.74	0.905762	-0.423786
596.872	-2916.16	0.906863	-0.421426
594.74	-2911.55	0.907958	-0.419062
592.615	-2906.94	0.909047	-0.416695
590.494	-2902.3	0.908814	-0.417202
588.355	-2897.66	0.907253	-0.420585
586.194	-2893.02	0.905679	-0.423964
584.01	-2888.37	0.904091	-0.427339
581.581	-2883.26	0.90232	-0.431067
579.573	-2879.07	0.900852	-0.434127
577.32	-2874.41	0.899207	-0.437523
575.044	-2869.75	0.897549	-0.440916
572.748	-2865.08	0.898294	-0.439396
570.472	-2860.4	0.901419	-0.432948
568.223	-2855.68	0.904499	-0.426476
566.003	-2850.94	0.907534	-0.419979
563.812	-2846.17	0.910523	-0.413458
561.651	-2841.37	0.914041	-0.405622
559.531	-2836.54	0.918334	-0.395807
557.459	-2831.67	0.922544	-0.385891
555.435	-2826.77	0.926766	-0.37564
553.461	-2821.84	0.93118	-0.36456
551.545	-2816.87	0.935828	-0.352458
549.69	-2811.86	0.940615	-0.339475
547.902	-2806.81	0.945584	-0.325378
546.188	-2801.73	0.950492	-0.310749
544.547	-2796.61	0.955164	-0.296076
542.984	-2791.45	0.959769	-0.280791
541.5	-2786.25	0.964236	-0.265045
540.099	-2781.02	0.968548	-0.248827
538.784	-2775.75	0.972677	-0.232164
537.556	-2770.44	0.976497	-0.21553
536.416	-2765.11	0.979929	-0.199345
535.36	-2759.74	0.982927	-0.183997
534.383	-2754.35	0.98538	-0.170374
533.473	-2748.93	0.987282	-0.158981
532.62	-2743.49	0.988893	-0.148628
531.821	-2738.02	0.990279	-0.139099
531.071	-2732.54	0.991345	-0.131281
530.356	-2727.04	0.992103	-0.125425
529.671	-2721.52	0.992813	-0.11968
529.017	-2715.99	0.993473	-0.114068
528.392	-2710.44	0.994032	-0.109092
527.79	-2704.87	0.994463	-0.105084
527.209	-2699.29	0.994878	-0.101087
526.65	-2693.69	0.995276	-0.0970859
526.111	-2688.08	0.995658	-0.0930824
525.594	-2682.45	0.996046	-0.0888362
525.054	-2676.24	0.996485	-0.0837658
524.589	-2670.59	0.996862	-0.0791528
524.149	-2664.91	0.997218	-0.0745365
523.734	-2659.22	0.997515	-0.0704511
523.339	-2653.52	0.99776	-0.0668974
522.964	-2647.8	0.997992	-0.0633418
522.609	-2642.07	0.998211	-0.0597844
522.272	-2636.33	0.998403	-0.0564898
521.954	-2630.57	0.99857	-0.0534584
521.651	-2624.79	0.998728	-0.0504258
521.366	-2619.01	0.998876	-0.047392
521.098	-2613.21	0.999004	-0.0446278
520.844	-2607.39	0.999112	-0.0421335
520.604	-2601.56	0.999214	-0.0396385
520.378	-2595.72	0.99931	-0.0371428
520.166	-2589.87	0.99938	-0.0352133
519.962	-2584	0.999427	-0.0338505
519.766	-2578.12	0.999472	-0.0324877
519.578	-2572.22	0.999515	-0.0311251
519.399	-2566.31	0.999608	-0.0280005
519.245	-2560.39	0.999733	-0.0231127
519.119	-2554.46	0.999834	-0.0182227
519.022	-2548.51	0.999911	-0.0133306
518.954	-2542.55	0.999964	-0.00843646
518.913	-2536.57	0.999981	-0.00618306
518.875	-2530.58	0.999978	-0.006572
518.835	-2524.58	0.999976	-0.00696197
518.792	-2518.57	0.999973	-0.00735297
518.746	-2512.54	0.999968	-0.00804592
518.695	-2506.5	0.999959	-0.00904095
518.638	-2500.45	0.99995	-0.0100373
518.575	-2494.38	0.999939	-0.011035
518.506	-2488.31	0.999931	-0.0117326
518.433	-2482.22	0.999926	-0.0121298
518.358	-2476.11	0.999922	-0.0125281
518.281	-2469.99	0.999916	-0.0129275
518.196	-2463.86	0.99984	-0.0179005
518.063	-2457.72	0.999623	-0.0274482
517.87	-2451.57	0.999315	-0.0369992
517.618	-2445.41	0.998916	-0.0465527
517.307	-2439.23	0.99844	-0.0558431
516.899	-2432.43	0.997835	-0.065772
516.514	-2426.85	0.997266	-0.0738963
516.031	-2420.65	0.996556	-0.0829226
515.492	-2414.44	0.995764	-0.0919476
514.899	-2408.22	0.995287	-0.0969761
514.289	-2401.99	0.995185	-0.0980115
513.672	-2395.75	0.995083	-0.0990483
513.047	-2389.5	0.994979	-0.100086
512.418	-2383.23	0.995281	-0.0970355
511.823	-2376.94	0.995952	-0.0898907
511.273	-2370.65	0.996571	-0.08274
510.767	-2364.33	0.997139	-0.075584
510.309	-2358.01	0.997826	-0.0659057
509.921	-2351.66	0.998557	-0.0537019
509.61	-2345.31	0.999139	-0.0414911
509.377	-2338.95	0.999571	-0.0292807
509.206	-2332.59	0.999455	-0.0330237
508.946	-2326.23	0.99861	-0.0527076
508.56	-2319.88	0.997378	-0.0723714
508.05	-2313.54	0.995758	-0.0920072
507.415	-2307.21	0.993758	-0.111559
506.674	-2300.93	0.993043	-0.117749
505.952	-2294.69	0.993851	-0.110724
505.28	-2288.5	0.994597	-0.103807
504.656	-2282.37	0.995291	-0.0969299
504.084	-2276.29	0.996136	-0.0878213
503.58	-2270.27	0.997072	-0.0764683
503.149	-2264.29	0.99788	-0.0650864
502.79	-2258.36	0.998559	-0.0536695
502.501	-2252.47	0.999156	-0.0410654
502.293	-2246.61	0.999627	-0.027297
502.166	-2240.8	0.999908	-0.0135491
502.119	-2235.03	1	0.000175517
502.149	-2229.3	0.999943	0.0107104
502.226	-2223.63	0.999837	0.0180623
502.344	-2218	0.999677	0.0254003
502.502	-2212.42	0.999464	0.0327456
502.703	-2206.87	0.999081	0.0428585
502.969	-2201.33	0.998446	0.0557276
503.307	-2195.79	0.997644	0.0686067
503.717	-2190.26	0.996674	0.081495
504.197	-2184.73	0.995536	0.0943801
504.75	-2179.2	0.994178	0.107751
505.38	-2173.69	0.992579	0.121601
506.086	-2168.17	0.990787	0.135427
506.87	-2162.67	0.988803	0.14923
507.728	-2157.17	0.987254	0.159156
508.627	-2151.67	0.986256	0.165222
509.562	-2146.18	0.985222	0.171284
510.53	-2140.69	0.98415	0.17734
511.532	-2135.2	0.983286	0.182069
512.557	-2129.71	0.982649	0.185474
513.601	-2124.22	0.982001	0.188877
514.666	-2118.72	0.98134	0.192278
515.749	-2113.23	0.980881	0.19461
516.842	-2107.74	0.980629	0.195873
517.943	-2102.24	0.980376	0.197136
519.052	-2096.74	0.980121	0.198398
520.169	-2091.24	0.979865	0.19966
521.293	-2085.73	0.979651	0.200708
522.423	-2080.22	0.979502	0.201436
523.558	-2074.71	0.979352	0.202163
524.698	-2069.2	0.979202	0.20289
525.843	-2063.68	0.97905	0.203618
526.992	-2058.17	0.978898	0.204348
528.262	-2052.09	0.978731	0.20515
529.422	-2046.57	0.978577	0.205879
530.47	-2041.59	0.978439	0.206536
531.757	-2035.51	0.978269	0.207341
532.932	-2029.97	0.978113	0.208072
534.111	-2024.43	0.977958	0.208803
535.296	-2018.89	0.977801	0.209534
536.48	-2013.35	0.979008	0.203824
537.609	-2007.79	0.981463	0.191649
538.669	-2002.21	0.983768	0.179443
539.661	-1996.62	0.985922	0.167206
540.577	-1991.01	0.98906	0.147514
541.354	-1985.37	0.992737	0.120303
541.977	-1979.71	0.995666	0.0929973
542.444	-1974.03	0.997845	0.0656164
542.754	-1968.34	0.999363	0.0356996
542.883	-1962.64	0.999995	0.00326217
542.828	-1956.93	0.999574	-0.0291845
542.587	-1951.22	0.998101	-0.0616063
542.159	-1945.52	0.995396	-0.095846
541.528	-1939.83	0.99127	-0.131848
540.691	-1934.17	0.985841	-0.167683
539.648	-1928.53	0.979116	-0.203304
538.401	-1922.94	0.971007	-0.239052
536.947	-1917.39	0.961482	-0.274868
535.287	-1911.89	0.950634	-0.310314
533.423	-1906.46	0.938478	-0.345339
531.358	-1901.09	0.924944	-0.380102
529.091	-1895.8	0.910028	-0.414548
526.625	-1890.6	0.893825	-0.448415
523.964	-1885.49	0.87636	-0.481656
521.111	-1880.48	0.857656	-0.514223
518.069	-1875.57	0.836982	-0.547231
514.831	-1870.79	0.81423	-0.580543
511.401	-1866.14	0.790148	-0.612916
507.783	-1861.63	0.764776	-0.644296
503.984	-1857.26	0.738115	-0.674675
500.008	-1853.05	0.710203	-0.703997
495.862	-1849	0.681122	-0.73217
491.552	-1845.12	0.65092	-0.759147
487.086	-1841.42	0.619599	-0.784919
482.47	-1837.89	0.587207	-0.809437
477.711	-1834.56	0.55384	-0.832623
472.817	-1831.42	0.519554	-0.854438
467.796	-1828.47	0.484355	-0.874872
462.656	-1825.74	0.448297	-0.893885
457.405	-1823.21	0.411488	-0.911415
452.052	-1820.9	0.37399	-0.927433
446.605	-1818.8	0.335863	-0.941911
441.074	-1816.93	0.297107	-0.954844
435.467	-1815.29	0.257782	-0.966203
429.794	-1813.87	0.218019	-0.975944
424.064	-1812.69	0.177885	-0.984051
418.286	-1811.75	0.137551	-0.990495
412.471	-1811.03	0.0970892	-0.995276
406.628	-1810.56	0.056459	-0.998405
400.766	-1810.32	0.0157285	-0.999876
394.896	-1810.33	-0.0250881	-0.999685
389.027	-1810.57	-0.0659235	-0.997825
383.168	-1811.05	-0.106656	-0.994296
377.331	-1811.78	-0.147216	-0.989104
371.524	-1812.74	-0.18775	-0.982217
365.758	-1813.94	-0.228185	-0.973618
360.043	-1815.38	-0.268237	-0.963353
354.388	-1817.06	-0.307837	-0.951439
348.803	-1818.97	-0.346969	-0.937877
343.299	-1821.11	-0.385563	-0.922681
337.885	-1823.48	-0.423501	-0.905896
332.57	-1826.07	-0.460715	-0.887548
327.363	-1828.88	-0.497143	-0.867669
322.275	-1831.91	-0.532779	-0.846254
317.313	-1835.15	-0.567557	-0.823334
312.488	-1838.6	-0.601356	-0.798981
307.807	-1842.24	-0.634117	-0.773237
303.279	-1846.09	-0.665824	-0.746109
298.913	-1850.12	-0.696417	-0.717638
294.715	-1854.33	-0.725798	-0.687907
290.695	-1858.71	-0.753916	-0.65697
286.866	-1863.27	-0.786156	-0.618029
283.296	-1868.04	-0.821411	-0.570337
280.014	-1873.02	-0.853782	-0.52063
277.031	-1878.18	-0.883154	-0.469083
274.351	-1883.51	-0.906197	-0.422855
271.921	-1888.97	-0.923912	-0.382605
269.732	-1894.53	-0.939842	-0.34161
267.788	-1900.18	-0.953956	-0.299947
266.09	-1905.92	-0.965142	-0.261727
264.606	-1911.72	-0.973859	-0.227153
263.328	-1917.58	-0.98134	-0.192279
262.258	-1923.48	-0.987577	-0.157136
261.399	-1929.43	-0.992561	-0.12175
260.751	-1935.42	-0.99629	-0.0860564
260.318	-1941.45	-0.998744	-0.0501096
260.101	-1947.51	-0.999901	-0.0140725
260.104	-1953.58	-0.999758	0.0220079
260.326	-1959.67	-0.9983	0.0582837
260.771	-1965.76	-0.995505	0.094704
261.441	-1971.85	-0.991379	0.131022
262.334	-1977.93	-0.985925	0.16719
263.453	-1983.99	-0.979106	0.203352
264.798	-1990.01	-0.970908	0.239455
266.37	-1996	-0.961372	0.275254
268.168	-2001.95	-0.950508	0.3107
270.193	-2007.83	-0.937065	0.349156
272.476	-2013.64	-0.92064	0.390412
275.022	-2019.36	-0.902387	0.430927
277.827	-2024.98	-0.882338	0.470617
280.887	-2030.48	-0.860407	0.509608
284.2	-2035.85	-0.836607	0.547803
287.761	-2041.08	-0.811095	0.584914
291.563	-2046.15	-0.783919	0.620863
295.601	-2051.07	-0.755131	0.655574
299.868	-2055.81	-0.72458	0.689191
304.359	-2060.36	-0.692296	0.721614
309.065	-2064.71	-0.658538	0.752547
313.979	-2068.85	-0.623376	0.781922
319.091	-2072.78	-0.586686	0.809815
324.392	-2076.47	-0.548522	0.836136
329.874	-2079.92	-0.509153	0.860676
335.524	-2083.12	-0.46866	0.883379
341.331	-2086.07	-0.426911	0.904294
347.286	-2088.74	-0.38398	0.923341
353.376	-2091.14	-0.340172	0.940363
359.587	-2093.26	-0.295582	0.955317
365.909	-2095.07	-0.242486	0.970155
372.345	-2096.51	-0.180683	0.983541
378.875	-2097.54	-0.118112	0.993
385.474	-2098.16	-0.0550253	0.998485
392.116	-2098.35	0.00832384	0.999965
398.774	-2098.14	0.0652444	0.997869
405.429	-2097.57	0.115582	0.993298
412.063	-2096.66	0.165656	0.986184
418.659	-2095.41	0.21534	0.976539
425.199	-2093.83	0.267016	0.963692
431.658	-2091.88	0.320439	0.947269
438.015	-2089.57	0.372896	0.927873
444.247	-2086.9	0.424221	0.905559
450.331	-2083.87	0.481199	0.876612
456.206	-2080.43	0.54291	0.839791
461.831	-2076.55	0.601858	0.798603
467.177	-2072.28	0.65773	0.753254
472.237	-2067.64	0.689414	0.724367
477.195	-2062.87	0.699317	0.714812
482.099	-2058.02	0.709093	0.705115
486.947	-2053.09	0.718741	0.695278
492.215	-2047.58	0.729205	0.684296
496.464	-2042.99	0.746943	0.664888
500.992	-2037.7	0.778303	0.627889
505.682	-2031.62	0.810705	0.585455
509.668	-2025.86	0.838177	0.545398
513.41	-2019.93	0.847513	0.530775
517.176	-2013.99	0.840055	0.542501
521.034	-2008.09	0.832432	0.554127
524.983	-2002.23	0.824643	0.565653
528.994	-1996.39	0.833884	0.551939
532.8	-1990.39	0.858899	0.512145
536.329	-1984.21	0.882032	0.47119
539.571	-1977.86	0.903227	0.429164
542.516	-1971.34	0.923043	0.384697
545.139	-1964.68	0.941218	0.337799
547.429	-1957.87	0.957022	0.290014
549.378	-1950.94	0.97041	0.241462
550.968	-1943.9	0.983096	0.183092
552.095	-1936.75	0.993394	0.114753
552.727	-1929.53	0.99895	0.0458174
552.859	-1922.27	0.999727	-0.0233827
552.487	-1914.99	0.995711	-0.0925158
551.635	-1907.74	0.990112	-0.140281
550.53	-1900.51	0.985978	-0.166875
549.228	-1893.29	0.981127	-0.193364
547.729	-1886.09	0.975561	-0.21973
546.038	-1878.92	0.97064	-0.240536
544.216	-1871.76	0.966717	-0.255848
542.277	-1864.61	0.962549	-0.271108
540.22	-1857.48	0.958137	-0.28631
538.033	-1850.37	0.950192	-0.311665
535.605	-1843.33	0.937901	-0.346902
532.909	-1836.36	0.924295	-0.38168
529.948	-1829.48	0.909389	-0.415947
526.725	-1822.71	0.893267	-0.449527
523.245	-1816.04	0.875964	-0.482377
519.512	-1809.49	0.85744	-0.514584
515.53	-1803.08	0.837728	-0.546088
511.346	-1796.78	0.838186	-0.545385
507.322	-1790.38	0.858732	-0.512425
503.549	-1783.83	0.877983	-0.478691
500.034	-1777.14	0.89591	-0.444236
496.781	-1770.31	0.912485	-0.40911
493.774	-1763.37	0.920156	-0.391552
490.812	-1756.42	0.919951	-0.392032
487.848	-1749.47	0.919747	-0.392512
484.881	-1742.52	0.919542	-0.392992
481.937	-1735.56	0.928486	-0.371367
479.268	-1728.51	0.944973	-0.327148
476.947	-1721.37	0.959292	-0.282417
474.977	-1714.18	0.971459	-0.237206
473.314	-1706.97	0.973816	-0.227336
471.572	-1699.85	0.967478	-0.252954
469.666	-1692.86	0.960517	-0.278222
467.607	-1686.02	0.952938	-0.303167
465.397	-1679.32	0.94391	-0.330202
463.016	-1672.78	0.933244	-0.359242
460.465	-1666.39	0.921726	-0.387843
457.753	-1660.16	0.909382	-0.415962
454.894	-1654.09	0.897977	-0.440042
451.932	-1648.18	0.887808	-0.460215
448.883	-1642.43	0.877233	-0.480064
445.754	-1636.83	0.866272	-0.499573
442.554	-1631.39	0.854936	-0.518734
439.29	-1626.11	0.845477	-0.534012
435.999	-1620.96	0.838076	-0.545553
432.69	-1615.94	0.830542	-0.556955
429.371	-1611.05	0.822879	-0.568217
426.046	-1606.29	0.81487	-0.579643
422.715	-1601.66	0.80652	-0.591207
419.382	-1597.17	0.798049	-0.602592
416.048	-1592.8	0.789464	-0.613797
412.722	-1588.57	0.783559	-0.621317
409.433	-1584.44	0.780426	-0.625248
406.189	-1580.4	0.777292	-0.62914
402.99	-1576.47	0.774159	-0.632991
399.843	-1572.63	0.775136	-0.631794
396.782	-1568.85	0.780216	-0.62551
393.815	-1565.12	0.7854	-0.618988
390.936	-1561.44	0.791001	-0.611815
388.146	-1557.81	0.797414	-0.603432
385.448	-1554.2	0.806542	-0.591176
382.863	-1550.62	0.818421	-0.574619
380.399	-1547.04	0.830614	-0.556849
378.053	-1543.48	0.842319	-0.538979
375.82	-1539.92	0.853213	-0.521563
373.696	-1536.39	0.863332	-0.504637
371.678	-1532.87	0.873017	-0.48769
369.762	-1529.38	0.882275	-0.470734
367.947	-1525.91	0.890863	-0.454272
366.226	-1522.48	0.898816	-0.438327
364.598	-1519.08	0.906401	-0.422419
362.907	-1515.38	0.914337	-0.404954
361.601	-1512.38	0.920164	-0.391534
360.228	-1509.1	0.925863	-0.377858
358.802	-1505.54	0.931829	-0.362899
357.582	-1502.35	0.936975	-0.349396
356.431	-1499.21	0.941527	-0.336938
355.344	-1496.13	0.945528	-0.32554
354.317	-1493.1	0.949338	-0.314258
353.347	-1490.12	0.95296	-0.303096
352.434	-1487.2	0.956254	-0.292539
351.572	-1484.34	0.95924	-0.282593
350.76	-1481.54	0.962077	-0.272777
349.995	-1478.81	0.964771	-0.263091
349.276	-1476.13	0.967325	-0.253539
348.601	-1473.51	0.969541	-0.24493
347.964	-1470.96	0.971444	-0.237269
347.364	-1468.47	0.973251	-0.229745
346.8	-1466.04	0.974965	-0.222357
346.268	-1463.68	0.976492	-0.215554
345.768	-1461.39	0.977844	-0.209336
345.296	-1459.16	0.979126	-0.203252
344.852	-1456.99	0.980343	-0.197303
344.434	-1454.89	0.981438	-0.19178
344.041	-1452.85	0.982421	-0.186679
343.67	-1450.88	0.983353	-0.181704
343.321	-1448.97	0.984213	-0.176988
342.992	-1447.13	0.984886	-0.173205
342.681	-1445.34	0.985334	-0.170635
342.383	-1443.62	0.985621	-0.168974
342.098	-1441.95	0.985816	-0.167831
341.823	-1440.33	0.985974	-0.1669
341.558	-1438.76	0.986113	-0.166073
341.302	-1437.24	0.986256	-0.165226
341.052	-1435.74	0.986395	-0.16439
340.805	-1434.26	0.986535	-0.163549
340.559	-1432.77	0.98666	-0.162794
340.314	-1431.28	0.986768	-0.162137
340.071	-1429.8	0.986876	-0.16148
339.828	-1428.31	0.986983	-0.160822
339.586	-1426.82	0.98709	-0.160164
339.345	-1425.33	0.987197	-0.159506
339.105	-1423.85	0.987303	-0.158848
338.865	-1422.36	0.987409	-0.15819
338.627	-1420.87	0.987514	-0.157531
338.389	-1419.38	0.987619	-0.156871
338.152	-1417.88	0.987724	-0.15621
337.914	-1416.37	0.987828	-0.155549
337.677	-1414.86	0.987943	-0.15482
337.439	-1413.34	0.988067	-0.154025
337.201	-1411.81	0.98819	-0.15323
336.964	-1410.28	0.988313	-0.152435
336.726	-1408.74	0.988437	-0.151632
336.489	-1407.18	0.988561	-0.150819
336.252	-1405.63	0.988685	-0.150007
336.015	-1404.06	0.988808	-0.149194
335.778	-1402.49	0.988932	-0.148373
335.541	-1400.9	0.989056	-0.147542
335.304	-1399.31	0.989179	-0.146711
335.067	-1397.71	0.989302	-0.145879
334.829	-1396.09	0.989426	-0.145036
334.592	-1394.47	0.989551	-0.144182
334.354	-1392.83	0.989675	-0.143328
334.115	-1391.18	0.989799	-0.142474
333.877	-1389.52	0.989921	-0.14162
333.639	-1387.85	0.990045	-0.140749
333.4	-1386.17	0.990171	-0.139863
333.161	-1384.47	0.990296	-0.138976
332.922	-1382.77	0.99042	-0.138089
332.684	-1381.05	0.990545	-0.137189
332.445	-1379.32	0.990671	-0.136276
332.206	-1377.58	0.990796	-0.135363
331.967	-1375.83	0.99092	-0.13445
331.729	-1374.07	0.991046	-0.133524
331.49	-1372.29	0.991172	-0.132585
331.252	-1370.5	0.991297	-0.131645
331.014	-1368.71	0.991421	-0.130705
330.776	-1366.9	0.991546	-0.129753
330.539	-1365.08	0.991672	-0.128787
330.301	-1363.25	0.991797	-0.127821
330.065	-1361.4	0.991921	-0.126855
329.828	-1359.55	0.992044	-0.125889
329.592	-1357.68	0.992178	-0.124829
329.357	-1355.8	0.992323	-0.123675
329.122	-1353.91	0.992466	-0.122521
328.888	-1352.01	0.992608	-0.121367
328.655	-1350.1	0.99274	-0.120277
328.423	-1348.18	0.992864	-0.119251
328.191	-1346.24	0.992987	-0.118226
327.96	-1344.29	0.993108	-0.1172
327.73	-1342.34	0.99324	-0.116079
327.501	-1340.37	0.993381	-0.114864
327.273	-1338.39	0.993521	-0.113648
327.046	-1336.39	0.993659	-0.112432
326.82	-1334.39	0.99377	-0.111452
326.595	-1332.37	0.993853	-0.110708
326.37	-1330.35	0.993936	-0.109964
326.145	-1328.31	0.994018	-0.10922
325.92	-1326.26	0.994119	-0.108295
325.697	-1324.2	0.994239	-0.107189
325.474	-1322.13	0.994357	-0.106082
325.253	-1320.04	0.994475	-0.104976
325.033	-1317.95	0.994602	-0.103768
324.814	-1315.84	0.994737	-0.102459
324.597	-1313.72	0.994871	-0.10115
324.381	-1311.59	0.995003	-0.0998404
324.168	-1309.45	0.995134	-0.0985305
323.956	-1307.3	0.995238	-0.0974731
323.744	-1305.13	0.995317	-0.0966684
323.534	-1302.96	0.995394	-0.0958637
323.324	-1300.77	0.995472	-0.0950591
323.115	-1298.57	0.995567	-0.0940596
322.907	-1296.36	0.995679	-0.0928649
322.701	-1294.14	0.995789	-0.09167
322.496	-1291.91	0.995899	-0.090475
322.293	-1289.66	0.995991	-0.0894561
322.092	-1287.41	0.996066	-0.0886137
321.891	-1285.14	0.996141	-0.0877713
321.691	-1282.86	0.996215	-0.0869289
321.492	-1280.57	0.996288	-0.0860866
321.293	-1278.27	0.996361	-0.0852324
321.096	-1275.96	0.996435	-0.0843663
320.9	-1273.63	0.996508	-0.0835003
320.706	-1271.3	0.99658	-0.0826342
320.512	-1268.95	0.996652	-0.0817586
320.319	-1266.59	0.996724	-0.0808735
320.128	-1264.22	0.996796	-0.0799884
319.937	-1261.84	0.996866	-0.0791033
319.748	-1259.45	0.996937	-0.0782087
319.561	-1257.04	0.997008	-0.0773045
319.374	-1254.63	0.997077	-0.0764003
319.189	-1252.2	0.997146	-0.0754961
319.006	-1249.76	0.997214	-0.0745919
318.823	-1247.31	0.997294	-0.0735109
318.643	-1244.85	0.997393	-0.0721644
318.466	-1242.38	0.997489	-0.0708177
318.291	-1239.9	0.997584	-0.0694706
318.119	-1237.4	0.997678	-0.0681125
317.949	-1234.9	0.997771	-0.0667379
317.782	-1232.38	0.997862	-0.0653631
317.618	-1229.85	0.997951	-0.0639879
317.456	-1227.31	0.998039	-0.0626017
317.297	-1224.76	0.998126	-0.0611989
317.142	-1222.19	0.998211	-0.0597959
316.989	-1219.62	0.998294	-0.0583926
316.839	-1217.03	0.998375	-0.056989
316.692	-1214.43	0.998484	-0.0550393
316.551	-1211.82	0.998633	-0.0522703
316.417	-1209.2	0.998774	-0.0495
316.29	-1206.57	0.998908	-0.0467286
316.169	-1203.92	0.998994	-0.0448434
316.05	-1201.27	0.999019	-0.0442888
315.932	-1198.6	0.999043	-0.0437345
315.816	-1195.92	0.999067	-0.0431804
315.7	-1193.23	0.999091	-0.042622
315.585	-1190.53	0.999115	-0.0420568
315.472	-1187.82	0.999138	-0.0415102
315.359	-1185.09	0.999158	-0.0410249
315.247	-1182.36	0.999181	-0.0404683
315.137	-1179.61	0.99921	-0.039752
315.028	-1176.86	0.999234	-0.0391412
314.909	-1173.81	0.999255	-0.0385835
314.813	-1171.3	0.999292	-0.0376285
314.7	-1168.23	0.999365	-0.0356392
314.602	-1165.43	0.999432	-0.0337011
314.509	-1162.61	0.999497	-0.0317103
314.43	-1160.07	0.999552	-0.0299227
314.34	-1156.94	0.999626	-0.0273484
314.265	-1154.09	0.999698	-0.0245733
314.198	-1151.23	0.999763	-0.021773
314.139	-1148.36	0.99982	-0.0189573
314.087	-1145.47	0.999868	-0.0162419
314.043	-1142.58	0.999907	-0.0136267
314.006	-1139.67	0.999939	-0.0110106
313.977	-1136.75	0.999965	-0.00839375
313.956	-1133.83	0.999983	-0.00577611
313.942	-1130.89	0.999992	-0.00402652
313.931	-1127.94	0.999995	-0.00314545
313.923	-1124.98	0.999997	-0.0022645
313.917	-1122.01	0.999999	-0.00138367
313.914	-1119.02	1	-0.000625977
313.913	-1116.03	1	8.50278e-06
313.913	-1113.03	1	0.000642715
313.916	-1110.01	0.999999	0.00127668
313.921	-1106.99	0.999998	0.00204893
313.928	-1103.95	0.999996	0.00295951
313.938	-1100.9	0.999993	0.00386994
313.951	-1097.85	0.999989	0.00478023
313.967	-1094.78	0.999984	0.00569043
313.985	-1091.7	0.99998	0.00633901
314.006	-1088.61	0.999977	0.00672585
314.027	-1085.51	0.999975	0.00711755
314.05	-1082.39	0.999972	0.00751414
314.075	-1079.27	0.999948	0.0102243
314.113	-1076.14	0.999884	0.015249
314.167	-1072.99	0.999794	0.0202752
314.238	-1069.84	0.99968	0.0253028
314.323	-1066.67	0.999611	0.0278819
314.412	-1063.5	0.999608	0.0280118
314.501	-1060.31	0.999604	0.0281412
314.591	-1057.11	0.9996	0.0282701
314.682	-1053.91	0.999597	0.0283986
314.774	-1050.69	0.999564	0.0295253
314.872	-1047.46	0.999499	0.0316506
314.978	-1044.22	0.999429	0.0337762
315.09	-1040.97	0.999355	0.0359021
315.211	-1037.71	0.999249	0.0387591
315.342	-1034.44	0.999103	0.0423472
315.486	-1031.16	0.998944	0.0459355
315.642	-1027.86	0.998773	0.0495239
315.81	-1024.57	0.998649	0.0519722
315.984	-1021.26	0.99858	0.053281
316.162	-1017.94	0.998509	0.0545899
316.346	-1014.62	0.998437	0.055893
316.534	-1011.29	0.998365	0.0571675
316.726	-1007.95	0.998352	0.0573871
316.918	-1004.6	0.998398	0.0565746
317.107	-1001.24	0.998445	0.0557494
317.294	-997.878	0.998493	0.0548878
317.478	-994.505	0.99855	0.0538365
317.658	-991.122	0.998615	0.052619
317.835	-987.731	0.998678	0.0514001
318.009	-984.331	0.99874	0.0501799
318.179	-980.923	0.998771	0.0495631
318.348	-977.506	0.998772	0.04955
318.518	-974.081	0.998773	0.0495298
318.688	-970.647	0.998774	0.0494967
318.859	-967.204	0.998776	0.0494569
319.032	-963.753	0.998524	0.054313
319.234	-960.295	0.997946	0.0640629
319.47	-956.831	0.997272	0.0738094
319.741	-953.36	0.996503	0.0835516
320.044	-949.884	0.995946	0.089953
320.363	-946.401	0.995664	0.0930173
320.693	-942.91	0.995371	0.0961117
321.036	-939.412	0.995062	0.0992549
321.39	-935.906	0.994675	0.103064
321.761	-932.392	0.994203	0.107519
322.148	-928.872	0.993711	0.111974
322.552	-925.345	0.993199	0.116427
322.973	-921.811	0.992422	0.122874
323.424	-918.272	0.991341	0.131314
323.905	-914.729	0.990186	0.139754
324.418	-911.183	0.98896	0.148184
324.962	-907.638	0.987663	0.156595
325.535	-904.097	0.986384	0.164456
326.136	-900.56	0.985136	0.171778
326.762	-897.028	0.983832	0.179091
327.415	-893.5	0.982475	0.186394
328.091	-889.982	0.981974	0.189019
328.761	-886.485	0.982364	0.18698
329.417	-883.026	0.982747	0.184955
330.055	-879.617	0.983124	0.182943
330.676	-876.269	0.983269	0.182161
331.283	-872.997	0.983187	0.182604
331.876	-869.806	0.983104	0.183047
332.456	-866.696	0.983021	0.183493
333.022	-863.665	0.982869	0.184305
333.578	-860.711	0.982648	0.185483
334.127	-857.81	0.982422	0.186672
334.677	-854.922	0.982192	0.187878
335.231	-852.035	0.98196	0.189088
335.788	-849.148	0.981636	0.190762
336.352	-846.261	0.981219	0.1929
336.922	-843.374	0.980796	0.195038
337.499	-840.484	0.980368	0.197176
338.084	-837.593	0.97991	0.199442
338.675	-834.701	0.979418	0.201843
339.274	-831.811	0.978918	0.204252
339.879	-828.922	0.978413	0.206659
340.492	-826.034	0.977901	0.209068
341.113	-823.143	0.977383	0.211479
341.742	-820.251	0.976858	0.213889
342.379	-817.358	0.976327	0.216298
343.023	-814.462	0.975818	0.218585
343.675	-811.565	0.97533	0.220752
344.334	-808.666	0.974837	0.222918
345.066	-805.477	0.97429	0.225298
345.739	-802.578	0.973787	0.227462
346.419	-799.678	0.973397	0.229124
347.104	-796.777	0.973123	0.230285
347.792	-793.875	0.972848	0.231447
348.484	-790.972	0.972571	0.232607
349.18	-788.069	0.972292	0.233768
349.88	-785.165	0.971829	0.235687
350.587	-782.261	0.971176	0.238364
351.303	-779.357	0.970515	0.24104
352.028	-776.453	0.969847	0.243714
352.761	-773.549	0.969234	0.24614
353.502	-770.642	0.96868	0.248312
354.251	-767.733	0.968122	0.250478
355.006	-764.822	0.96756	0.252643
355.77	-761.91	0.966891	0.255192
356.543	-758.995	0.966112	0.258123
357.326	-756.079	0.965325	0.261052
358.119	-753.162	0.964528	0.263979
358.921	-750.243	0.963723	0.266904
359.734	-747.323	0.962695	0.270587
360.561	-744.402	0.961437	0.275027
361.402	-741.481	0.960157	0.279461
362.259	-738.56	0.958857	0.28389
363.129	-735.638	0.957532	0.288326
364.015	-732.717	0.956183	0.29277
364.915	-729.796	0.954813	0.297208
365.83	-726.875	0.953422	0.30164
366.761	-723.954	0.952046	0.305955
367.705	-721.033	0.950687	0.310153
368.663	-718.113	0.949309	0.314345
369.636	-715.192	0.947912	0.318532
370.623	-712.272	0.946497	0.322714
371.624	-709.352	0.945406	0.325896
372.634	-706.431	0.944649	0.328083
373.652	-703.508	0.943887	0.330269
374.678	-700.583	0.94312	0.332452
375.715	-697.658	0.940937	0.338582
376.78	-694.738	0.93726	0.348631
377.877	-691.826	0.933475	0.358642
379.007	-688.922	0.929583	0.368613
380.168	-686.025	0.927005	0.375048
381.344	-683.13	0.925816	0.377975
382.53	-680.234	0.924617	0.380897
383.728	-677.338	0.923409	0.383817
384.938	-674.443	0.920349	0.391098
386.181	-671.558	0.915334	0.402696
387.463	-668.684	0.910171	0.414232
388.782	-665.823	0.904863	0.425703
390.14	-662.975	0.899409	0.437109
391.534	-660.14	0.895375	0.445313
392.949	-657.311	0.892849	0.450356
394.382	-654.486	0.890294	0.455386
395.832	-651.665	0.88771	0.460402
397.303	-648.85	0.88322	0.468958
398.81	-646.048	0.876719	0.481003
400.36	-643.261	0.870047	0.492969
401.951	-640.487	0.863205	0.504854
403.584	-637.725	0.858815	0.512285
405.237	-634.963	0.856994	0.515327
406.906	-632.196	0.85516	0.518363
408.591	-629.425	0.853316	0.521395
410.292	-626.65	0.851459	0.524421
412.009	-623.872	0.849876	0.526982
413.739	-621.087	0.84857	0.529082
415.482	-618.297	0.847259	0.53118
417.239	-615.502	0.845942	0.533274
419.008	-612.701	0.844454	0.535629
420.792	-609.896	0.842791	0.538241
422.591	-607.087	0.841119	0.54085
424.405	-604.274	0.839439	0.543454
426.234	-601.457	0.83775	0.546053
428.076	-598.635	0.83776	0.546039
429.918	-595.801	0.839467	0.54341
431.758	-592.952	0.841168	0.540774
433.594	-590.087	0.842861	0.538131
435.429	-587.209	0.843007	0.537903
437.273	-584.324	0.841605	0.540094
439.132	-581.435	0.840197	0.542281
441.003	-578.542	0.838783	0.544466
442.886	-575.642	0.840329	0.542076
444.756	-572.722	0.844798	0.535085
446.608	-569.777	0.849211	0.528053
448.441	-566.807	0.853568	0.520981
450.255	-563.812	0.858044	0.513577
452.048	-560.793	0.86263	0.505835
453.819	-557.747	0.867149	0.498048
455.568	-554.677	0.871601	0.490217
457.294	-551.581	0.875983	0.482341
458.998	-548.46	0.879906	0.475149
460.684	-545.317	0.883385	0.468649
462.351	-542.152	0.886817	0.46212
464	-538.965	0.890204	0.455563
465.63	-535.755	0.89397	0.448126
467.236	-532.522	0.898096	0.4398
468.816	-529.263	0.902146	0.431432
470.371	-525.981	0.90612	0.423021
471.903	-522.675	0.907627	0.419777
473.44	-519.36	0.906723	0.421728
474.988	-516.038	0.905813	0.423677
476.549	-512.709	0.9049	0.425624
478.121	-509.374	0.903982	0.427571
479.705	-506.032	0.903052	0.429531
481.301	-502.684	0.90211	0.431506
482.909	-499.33	0.901164	0.433479
484.53	-495.969	0.900213	0.435451
486.164	-492.602	0.89802	0.439955
487.825	-489.237	0.894547	0.446975
489.518	-485.876	0.891017	0.45397
491.242	-482.518	0.887431	0.460941
492.996	-479.163	0.885334	0.464956
494.763	-475.802	0.884767	0.466034
496.539	-472.434	0.884198	0.467113
498.325	-469.058	0.883628	0.46819
500.119	-465.675	0.883298	0.468813
501.92	-462.283	0.883209	0.46898
503.726	-458.882	0.88312	0.469147
505.538	-455.471	0.883032	0.469314
507.356	-452.051	0.882943	0.46948
509.179	-448.622	0.883435	0.468553
511.001	-445.179	0.884505	0.466531
512.82	-441.723	0.88557	0.464505
514.636	-438.253	0.886632	0.462476
516.443	-434.767	0.892573	0.450902
518.185	-431.235	0.903047	0.429542
519.847	-427.653	0.913038	0.407875
521.427	-424.022	0.92251	0.385972
522.925	-420.345	0.93146	0.363845
524.338	-416.622	0.940086	0.340938
525.661	-412.855	0.94834	0.317257
526.894	-409.045	0.955996	0.293379
528.033	-405.195	0.963053	0.26931
529.085	-401.309	0.966909	0.255121
530.108	-397.404	0.968003	0.250939
531.117	-393.483	0.969074	0.246772
532.112	-389.548	0.97012	0.242625
533.092	-385.597	0.971241	0.238099
534.056	-381.631	0.972433	0.233184
535.002	-377.65	0.9736	0.22826
535.931	-373.653	0.974743	0.223328
536.842	-369.64	0.975862	0.218386
537.728	-365.611	0.97898	0.203956
538.532	-361.553	0.983676	0.179947
539.239	-357.466	0.987786	0.155817
539.846	-353.352	0.991305	0.131582
540.355	-349.214	0.994051	0.108916
540.777	-345.056	0.99606	0.0886764
541.114	-340.878	0.997659	0.0683898
541.367	-336.684	0.998844	0.0480647
541.533	-332.474	0.99975	0.0223372
541.57	-328.251	0.999934	-0.0114796
541.464	-324.017	0.998973	-0.0453009
541.214	-319.778	0.996868	-0.0790867
540.822	-315.539	0.994073	-0.108716
540.318	-311.301	0.991229	-0.132159
539.712	-307.064	0.98783	-0.155539
539.005	-302.832	0.983877	-0.178844
538.196	-298.608	0.979373	-0.202061
537.283	-294.392	0.973892	-0.22701
536.254	-290.193	0.967058	-0.254557
535.103	-286.014	0.95944	-0.281913
533.831	-281.858	0.951044	-0.309055
532.437	-277.73	0.941837	-0.336069
530.922	-273.633	0.931795	-0.362984
529.285	-269.571	0.920979	-0.389613
527.528	-265.548	0.909395	-0.415933
525.652	-261.567	0.897002	-0.442026
523.655	-257.632	0.883773	-0.467916
521.54	-253.747	0.869789	-0.493424
519.307	-249.916	0.855062	-0.518526
516.958	-246.141	0.839603	-0.543201
514.494	-242.428	0.823341	-0.567547
511.915	-238.78	0.806236	-0.591595
509.222	-235.2	0.788419	-0.615138
506.419	-231.693	0.769907	-0.638157
503.506	-228.262	0.750635	-0.660717
500.176	-224.58	0.728531	-0.685013
497.356	-221.643	0.70985	-0.704353
493.795	-218.15	0.686311	-0.727308
490.451	-215.069	0.664147	-0.747602
487.008	-212.084	0.64126	-0.767324
483.467	-209.197	0.617775	-0.786355
479.831	-206.411	0.593714	-0.804676
476.104	-203.731	0.568975	-0.822355
472.287	-201.158	0.543569	-0.839364
468.382	-198.696	0.517635	-0.855601
464.391	-196.348	0.491197	-0.871049
460.319	-194.117	0.46428	-0.885688
456.167	-192.006	0.436715	-0.8996
451.939	-190.018	0.408517	-0.912751
447.639	-188.157	0.379907	-0.925025
443.27	-186.426	0.350911	-0.936409
438.836	-184.827	0.32138	-0.94695
434.34	-183.365	0.291338	-0.95662
429.787	-182.041	0.260988	-0.965342
425.182	-180.858	0.23036	-0.973106
420.527	-179.818	0.199302	-0.979938
415.829	-178.925	0.167841	-0.985814
411.09	-178.181	0.136189	-0.990683
406.316	-177.587	0.104378	-0.994538
401.512	-177.145	0.0722574	-0.997386
396.683	-176.858	0.0398577	-0.999205
391.833	-176.728	0.00739654	-0.999973
386.967	-176.755	-0.0250917	-0.999685
382.091	-176.941	-0.0575728	-0.998341
377.21	-177.285	-0.0883004	-0.996094
372.327	-177.775	-0.117255	-0.993102
367.447	-178.409	-0.146128	-0.989266
362.574	-179.187	-0.174894	-0.984587
357.712	-180.11	-0.203689	-0.979036
352.865	-181.178	-0.232485	-0.9726
348.039	-182.392	-0.261095	-0.965313
343.238	-183.752	-0.289494	-0.95718
338.467	-185.262	-0.323584	-0.946199
333.748	-186.965	-0.363117	-0.931744
329.092	-188.871	-0.402029	-0.915627
324.508	-190.976	-0.44025	-0.897875
320.005	-193.281	-0.479509	-0.877537
315.6	-195.795	-0.519604	-0.854407
311.305	-198.518	-0.558608	-0.829432
307.129	-201.444	-0.596436	-0.802661
303.08	-204.567	-0.629707	-0.776832
299.146	-207.855	-0.658687	-0.752417
295.33	-211.3	-0.686737	-0.726906
291.637	-214.896	-0.713815	-0.700335
288.077	-218.642	-0.742369	-0.669991
284.676	-222.551	-0.772013	-0.635606
281.447	-226.621	-0.800084	-0.599888
278.397	-230.846	-0.826524	-0.562901
275.534	-235.219	-0.851279	-0.524713
272.86	-239.73	-0.871049	-0.491195
270.335	-244.345	-0.886463	-0.462799
267.953	-249.055	-0.900961	-0.4339
265.718	-253.855	-0.914527	-0.404526
263.636	-258.741	-0.928821	-0.370528
261.744	-263.722	-0.943365	-0.331757
260.055	-268.792	-0.9563	-0.292389
258.573	-273.945	-0.967599	-0.25249
257.296	-279.17	-0.975909	-0.218178
256.181	-284.448	-0.981851	-0.189656
255.216	-289.774	-0.986962	-0.160954
254.405	-295.142	-0.991237	-0.132094
253.749	-300.549	-0.994671	-0.103101
253.244	-305.988	-0.996779	-0.0802015
252.841	-311.453	-0.997985	-0.0634524
252.529	-316.941	-0.99891	-0.0466733
252.309	-322.45	-0.999554	-0.0298694
252.176	-327.978	-0.999832	-0.0183415
252.088	-333.523	-0.999927	-0.0120992
252.035	-339.085	-0.999983	-0.00585159
252.016	-344.663	-1	0.000401239
252.03	-350.257	-0.999993	0.00368633
252.051	-355.867	-0.999992	0.00400177
252.074	-361.493	-0.999991	0.00431831
252.1	-367.135	-0.999989	0.00463596
252.139	-372.792	-0.999818	0.0190713
252.312	-378.463	-0.998866	0.0476196
252.648	-384.143	-0.997096	0.0761488
253.148	-389.827	-0.994511	0.104635
253.812	-395.51	-0.991109	0.133055
254.634	-401.189	-0.987992	0.154502
255.556	-406.868	-0.985612	0.169025
256.565	-412.55	-0.983016	0.183522
257.661	-418.231	-0.980204	0.197988
258.856	-423.908	-0.973942	0.226797
260.276	-429.55	-0.96296	0.269646
261.948	-435.138	-0.950083	0.311998
263.871	-440.662	-0.935334	0.353765
266.035	-446.115	-0.922638	0.385666
268.356	-451.519	-0.912968	0.408031
270.815	-456.88	-0.902749	0.430167
273.411	-462.194	-0.891987	0.452062
276.133	-467.463	-0.886598	0.46254
278.882	-472.736	-0.886987	0.461794
281.633	-478.026	-0.887375	0.461047
284.388	-483.332	-0.887763	0.460301
287.146	-488.655	-0.888149	0.459555
289.903	-493.997	-0.890438	0.455104
292.626	-499.373	-0.894575	0.446918
295.306	-504.789	-0.898638	0.438691
297.944	-510.243	-0.902628	0.430421
300.542	-515.733	-0.90379	0.427976
303.428	-521.778	-0.900463	0.434932
305.831	-526.722	-0.897699	0.440609
308.818	-532.758	-0.894269	0.447529
311.588	-538.237	-0.887289	0.461213
314.478	-543.671	-0.876106	0.482118
317.504	-549.048	-0.864422	0.502767
320.666	-554.366	-0.852243	0.523145
323.971	-559.615	-0.832589	0.553891
327.517	-564.722	-0.804309	0.594211
331.319	-569.662	-0.774056	0.633117
335.37	-574.421	-0.741902	0.670509
339.663	-578.986	-0.70792	0.706293
344.189	-583.342	-0.669871	0.742478
348.957	-587.455	-0.627515	0.778605
353.96	-591.306	-0.583183	0.81234
359.183	-594.882	-0.537012	0.843574
364.608	-598.173	-0.492764	0.870163
370.203	-601.202	-0.45089	0.89258
375.949	-603.969	-0.407971	0.912995
381.836	-606.466	-0.364102	0.931359
387.849	-608.686	-0.319479	0.947594
393.977	-610.623	-0.274203	0.961672
400.204	-612.271	-0.228282	0.973595
406.519	-613.626	-0.181817	0.983332
412.907	-614.678	-0.131399	0.99133
419.358	-615.39	-0.0770709	0.997026
425.854	-615.749	-0.0224769	0.999747
432.375	-615.753	0.0322192	0.999481
438.906	-615.42	0.0669351	0.997757
445.444	-614.943	0.0816976	0.996657
451.99	-614.367	0.0964513	0.995338
458.543	-613.693	0.111194	0.993799
465.102	-612.92	0.125922	0.99204
471.66	-612.024	0.162661	0.986682
478.178	-610.789	0.220992	0.975276
484.626	-609.166	0.278584	0.960412
490.982	-607.157	0.335226	0.942138
497.226	-604.776	0.382945	0.923771
503.369	-602.105	0.422066	0.906565
509.408	-599.167	0.460439	0.887691
515.329	-595.966	0.497994	0.867181
521.119	-592.503	0.537916	0.842998
526.745	-588.75	0.579839	0.814731
532.187	-584.709	0.620306	0.78436
537.43	-580.387	0.659209	0.751959
542.458	-575.793	0.697646	0.716443
547.245	-570.926	0.735329	0.67771
551.772	-565.795	0.770887	0.636972
556.025	-560.415	0.804211	0.594344
559.99	-554.799	0.8352	0.549946
563.648	-548.96	0.866844	0.498579
566.93	-542.884	0.898076	0.439839
569.808	-536.589	0.925351	0.379112
572.266	-530.101	0.948538	0.316664
574.303	-523.452	0.964781	0.263054
576.014	-516.694	0.975728	0.218984
577.42	-509.85	0.984668	0.174437
578.516	-502.933	0.991579	0.129501
579.298	-495.957	0.996461	0.0840596
579.76	-488.938	0.999269	0.0382171
579.9	-481.894	0.99997	-0.00771062
579.716	-474.842	0.998561	-0.0536216
579.208	-467.799	0.995046	-0.0994109
578.374	-460.783	0.989148	-0.146922
577.196	-453.812	0.9806	-0.196022
575.671	-446.904	0.969613	-0.244643
574.005	-440.755	0.959086	-0.283114
