1300	-5000	1	0
1300	-5000	1	0
1300	-5000	1	0
1300	-5000	1	0
1300	-5000	1	0
1300	-5000	1	0
1300	-5000	1	0
1300	-5000	1	0
1300	-5000	1	0
1300	-5000	1	0
1300	-5000	1	0
1300	-5000	1	0
1300	-5000	1	0
1300	-5000	1	0
1300	-5000	1	0
1300	-5000	1	0
1300	-5000	1	0
1300	-5000	1	0
1300	-5000	1	0
1300	-5000	1	0
1300	-5000	1	0
1300	-5000	1	0
1300	-5000	1	0
1300	-5000	1	0
1300	-5000	1	-1.82971e-05
1300	-5000	1	-7.31891e-05
1300	-5000	1	-0.000164677
1300	-5000	1	-0.000292763
1300	-5000	1	-0.000457447
1300	-4999.99	1	-0.00065873
1300	-4999.99	1	-0.000896615
1300	-4999.99	0.999999	-0.0011711
1300	-4999.99	0.999999	-0.00148219
1300	-4999.98	0.999998	-0.00182989
1300	-4999.98	0.999998	-0.00221419
1300	-4999.98	0.999997	-0.0026351
1300	-4999.97	0.999995	-0.00309261
1300	-4999.97	0.999994	-0.00358674
1300	-4999.96	0.999992	-0.00411747
1300	-4999.96	0.999989	-0.00468482
1300	-4999.95	0.999986	-0.00528877
1300	-4999.95	0.999982	-0.00592934
1300	-4999.94	0.999978	-0.00660652
1300	-4999.94	0.999973	-0.00732032
1300	-4999.93	0.999967	-0.00807073
1300	-4999.92	0.999961	-0.00885775
1300	-4999.92	0.999953	-0.00968139
1300	-4999.91	0.999944	-0.0105416
1300	-4999.9	0.999935	-0.0114385
1300	-4999.89	0.999923	-0.012372
1300	-4999.88	0.999911	-0.0133421
1300	-4999.87	0.999897	-0.0143488
1300	-4999.87	0.999882	-0.0153921
1300	-4999.86	0.999864	-0.016472
1300	-4999.85	0.999845	-0.0175885
1300	-4999.84	0.999824	-0.0187416
1300	-4999.83	0.999801	-0.0199314
1300	-4999.82	0.999776	-0.0211577
1300	-4999.8	0.999749	-0.0224206
1300	-4999.79	0.999719	-0.0237201
1300	-4999.78	0.999686	-0.0250562
1300	-4999.77	0.999651	-0.0264289
1300	-4999.76	0.999612	-0.0278382
1300	-4999.74	0.999571	-0.029284
1300	-4999.73	0.999527	-0.0307664
1300	-4999.72	0.999479	-0.0322853
1300	-4999.7	0.999427	-0.0338408
1299.99	-4999.69	0.999372	-0.0354329
1299.99	-4999.68	0.999313	-0.0370615
1299.99	-4999.66	0.99925	-0.0387266
1299.99	-4999.65	0.999182	-0.0404282
1299.99	-4999.63	0.999111	-0.0421663
1299.99	-4999.62	0.999034	-0.0439409
1299.99	-4999.6	0.998953	-0.045752
1299.99	-4999.58	0.998866	-0.0475996
1299.99	-4999.57	0.998775	-0.0494836
1299.99	-4999.55	0.998678	-0.051404
1299.99	-4999.53	0.998575	-0.0533608
1299.99	-4999.52	0.998467	-0.0553541
1299.99	-4999.5	0.998352	-0.0573837
1299.98	-4999.48	0.998231	-0.0594497
1299.98	-4999.46	0.998104	-0.0615521
1299.98	-4999.44	0.99797	-0.0636907
1299.98	-4999.42	0.997828	-0.0658657
1299.98	-4999.4	0.99768	-0.0680769
1299.98	-4999.38	0.997524	-0.0703243
1299.98	-4999.36	0.997361	-0.072608
1299.98	-4999.34	0.997189	-0.0749279
1299.97	-4999.32	0.997009	-0.0772839
1299.97	-4999.3	0.996821	-0.0796761
1299.97	-4999.28	0.996624	-0.0821043
1299.97	-4999.26	0.996418	-0.0845686
1299.97	-4999.24	0.996202	-0.087069
1299.96	-4999.22	0.995977	-0.0896053
1299.96	-4999.19	0.995743	-0.0921775
1299.96	-4999.17	0.995498	-0.0947857
1299.96	-4999.15	0.995242	-0.0974297
1299.96	-4999.12	0.994976	-0.10011
1299.95	-4999.1	0.994699	-0.102825
1299.95	-4999.08	0.994411	-0.105576
1299.95	-4999.05	0.994111	-0.108363
1299.95	-4999.03	0.9938	-0.111186
1299.94	-4999	0.993476	-0.114044
1299.94	-4998.98	0.993139	-0.116938
1299.94	-4998.95	0.99279	-0.119867
1299.93	-4998.92	0.992428	-0.122831
1299.93	-4998.9	0.992052	-0.125831
1299.93	-4998.87	0.991662	-0.128866
1299.92	-4998.84	0.991258	-0.131936
1299.92	-4998.82	0.99084	-0.135041
1299.92	-4998.79	0.990407	-0.138182
1299.91	-4998.76	0.989959	-0.141357
1299.91	-4998.73	0.989495	-0.144567
1299.9	-4998.71	0.989015	-0.147812
1299.9	-4998.68	0.98852	-0.151092
1299.9	-4998.65	0.988008	-0.154406
1299.89	-4998.62	0.987478	-0.157754
1299.89	-4998.59	0.986932	-0.161138
1299.88	-4998.56	0.986368	-0.164555
1299.88	-4998.53	0.985763	-0.16814
1299.87	-4998.49	0.985073	-0.172134
1299.86	-4998.45	0.984271	-0.176666
1299.85	-4998.41	0.983339	-0.181783
1299.85	-4998.36	0.982259	-0.187528
1299.83	-4998.3	0.981015	-0.193932
1299.82	-4998.24	0.979575	-0.201078
1299.81	-4998.17	0.977897	-0.209085
1299.79	-4998.09	0.975936	-0.218059
1299.77	-4998.01	0.973637	-0.228103
1299.75	-4997.91	0.970835	-0.239747
1299.72	-4997.79	0.967456	-0.253039
1299.68	-4997.66	0.963434	-0.267945
1299.64	-4997.52	0.958627	-0.284665
1299.59	-4997.36	0.952937	-0.303169
1299.53	-4997.17	0.945526	-0.325547
1299.47	-4997	0.938467	-0.345368
1299.39	-4996.79	0.933071	-0.359693
1299.31	-4996.57	0.932507	-0.361152
1299.22	-4996.34	0.931938	-0.362618
1299.12	-4996.09	0.931366	-0.364085
1299.02	-4995.82	0.930803	-0.365522
1298.9	-4995.54	0.930233	-0.366969
1298.79	-4995.24	0.929655	-0.368431
1298.66	-4994.93	0.929117	-0.369786
1298.53	-4994.6	0.928585	-0.37112
1298.38	-4994.22	0.927918	-0.372785
1298.25	-4993.9	0.927288	-0.374349
1298.1	-4993.53	0.926539	-0.3762
1297.94	-4993.14	0.925727	-0.378192
1297.76	-4992.69	0.924704	-0.380687
1297.58	-4992.27	0.92367	-0.383189
1297.4	-4991.83	0.922619	-0.385714
1297.21	-4991.38	0.92155	-0.38826
1297.01	-4990.91	0.920463	-0.390829
1296.81	-4990.43	0.919283	-0.393598
1296.59	-4989.93	0.918007	-0.396565
1296.37	-4989.42	0.91671	-0.399553
1296.14	-4988.89	0.915392	-0.402563
1295.9	-4988.35	0.913991	-0.405735
1295.65	-4987.79	0.912504	-0.409069
1295.4	-4987.22	0.910992	-0.412423
1295.13	-4986.64	0.909457	-0.415798
1294.86	-4986.04	0.907897	-0.419194
1294.57	-4985.42	0.906254	-0.422733
1294.28	-4984.79	0.904528	-0.426414
1293.97	-4984.15	0.902774	-0.430116
1293.66	-4983.49	0.900992	-0.433837
1293.33	-4982.82	0.899116	-0.43771
1293	-4982.14	0.897145	-0.441735
1292.65	-4981.44	0.895143	-0.445779
1292.3	-4980.73	0.893109	-0.44984
1291.93	-4980	0.890976	-0.454051
1291.55	-4979.27	0.88874	-0.458412
1291.16	-4978.51	0.886469	-0.462788
1290.76	-4977.75	0.884162	-0.467181
1290.35	-4976.97	0.881748	-0.47172
1289.92	-4976.18	0.879226	-0.476405
1289.49	-4975.38	0.876664	-0.481104
1289.04	-4974.56	0.874061	-0.485816
1288.57	-4973.73	0.871344	-0.490672
1288.1	-4972.89	0.868511	-0.495669
1287.61	-4972.04	0.865634	-0.500678
1287.11	-4971.18	0.862711	-0.505697
1286.59	-4970.3	0.859697	-0.510804
1286.06	-4969.42	0.85659	-0.515998
1285.52	-4968.52	0.853435	-0.5212
1284.96	-4967.61	0.850231	-0.526409
1284.39	-4966.69	0.847042	-0.531525
1283.8	-4965.76	0.84387	-0.536548
1283.2	-4964.82	0.84065	-0.541579
1282.58	-4963.87	0.837382	-0.546618
1281.95	-4962.91	0.834073	-0.551654
1281.31	-4961.94	0.830745	-0.556653
1280.66	-4960.97	0.827566	-0.561368
1279.99	-4959.99	0.824695	-0.565577
1279.31	-4959.01	0.822101	-0.569342
1278.62	-4958.02	0.819795	-0.572657
1277.92	-4957.02	0.817679	-0.575674
1277.21	-4956.01	0.815575	-0.578651
1276.49	-4955	0.813459	-0.581623
1275.76	-4953.98	0.811367	-0.584537
1275.02	-4952.95	0.8093	-0.587396
1274.27	-4951.92	0.80724	-0.590223
1273.5	-4950.88	0.80519	-0.593017
1272.73	-4949.83	0.803063	-0.595895
1271.95	-4948.78	0.800858	-0.598855
1271.15	-4947.72	0.798643	-0.601805
1270.35	-4946.65	0.796417	-0.604747
1269.53	-4945.58	0.794196	-0.607661
1268.7	-4944.5	0.791981	-0.610546
1267.86	-4943.41	0.789754	-0.613424
1267.01	-4942.32	0.787516	-0.616295
1266.14	-4941.22	0.785266	-0.619158
1265.27	-4940.12	0.782985	-0.62204
1264.38	-4939	0.780673	-0.624939
1263.49	-4937.89	0.77835	-0.627831
1262.58	-4936.76	0.776014	-0.630715
1261.66	-4935.63	0.77366	-0.633601
1260.72	-4934.5	0.771286	-0.636489
1259.78	-4933.36	0.768857	-0.639421
1258.82	-4932.21	0.766307	-0.642474
1257.85	-4931.06	0.763605	-0.645684
1256.87	-4929.9	0.76074	-0.649056
1255.88	-4928.74	0.757698	-0.652605
1254.87	-4927.57	0.754461	-0.656345
1253.84	-4926.4	0.751013	-0.660287
1252.81	-4925.23	0.747346	-0.664435
1251.76	-4924.05	0.743393	-0.668854
1250.69	-4922.87	0.739147	-0.673544
1249.61	-4921.69	0.734756	-0.678332
1248.51	-4920.5	0.730319	-0.683106
1247.39	-4919.32	0.725837	-0.687867
1246.26	-4918.13	0.721306	-0.692617
1245.12	-4916.94	0.716727	-0.697354
1243.95	-4915.76	0.712061	-0.702118
1242.77	-4914.57	0.707306	-0.706908
1241.58	-4913.38	0.702501	-0.711683
1240.37	-4912.19	0.697646	-0.716442
1239.14	-4910.99	0.692795	-0.721134
1237.89	-4909.8	0.687968	-0.725741
1236.63	-4908.61	0.68314	-0.730287
1235.35	-4907.42	0.678396	-0.734696
1234.05	-4906.23	0.673916	-0.738808
1232.74	-4905.04	0.669881	-0.742469
1231.41	-4903.85	0.66648	-0.745523
1230.07	-4902.65	0.66369	-0.748008
1228.72	-4901.46	0.661256	-0.75016
1227.35	-4900.25	0.659233	-0.751939
1225.97	-4899.05	0.65755	-0.753411
1224.58	-4897.84	0.656	-0.754761
1223.18	-4896.62	0.654682	-0.755905
1221.77	-4895.4	0.653704	-0.75675
1220.34	-4894.17	0.653044	-0.75732
1218.91	-4892.93	0.652528	-0.757765
1217.47	-4891.69	0.651964	-0.75825
1216.01	-4890.44	0.65118	-0.758924
1214.55	-4889.18	0.650026	-0.759912
1213.07	-4887.92	0.648514	-0.761203
1211.58	-4886.66	0.646765	-0.76269
1210.08	-4885.39	0.644901	-0.764266
1208.57	-4884.11	0.64233	-0.766428
1207.04	-4882.84	0.63907	-0.769148
1205.5	-4881.56	0.635801	-0.771853
1203.94	-4880.28	0.632523	-0.774542
1202.37	-4879	0.629187	-0.777254
1200.78	-4877.72	0.625791	-0.77999
1199.18	-4876.44	0.622387	-0.78271
1197.56	-4875.16	0.618973	-0.785412
1195.93	-4873.88	0.615943	-0.787791
1194.29	-4872.6	0.613302	-0.789849
1192.63	-4871.31	0.610656	-0.791896
1190.95	-4870.02	0.608006	-0.793933
1189.27	-4868.73	0.606277	-0.795254
1187.57	-4867.44	0.605473	-0.795866
1185.86	-4866.14	0.604673	-0.796474
1184.14	-4864.84	0.603876	-0.797078
1182.4	-4863.52	0.603082	-0.797679
1180.66	-4862.21	0.602508	-0.798113
1178.91	-4860.88	0.602262	-0.798298
1177.14	-4859.55	0.602021	-0.79848
1175.36	-4858.21	0.601785	-0.798658
1173.57	-4856.86	0.601787	-0.798657
1171.76	-4855.5	0.602143	-0.798388
1169.94	-4854.13	0.602505	-0.798115
1168.12	-4852.75	0.602842	-0.79786
1166.28	-4851.36	0.603064	-0.797692
1164.43	-4849.96	0.602974	-0.797761
1162.57	-4848.55	0.602441	-0.798164
1160.7	-4847.14	0.601549	-0.798836
1158.81	-4845.73	0.600199	-0.799851
1156.92	-4844.3	0.598304	-0.801269
1155	-4842.88	0.595912	-0.80305
1153.08	-4841.45	0.592973	-0.805222
1151.13	-4840.03	0.589483	-0.807781
1149.17	-4838.6	0.585723	-0.810512
1147.19	-4837.18	0.582034	-0.813165
1145.19	-4835.75	0.578347	-0.815791
1143.18	-4834.33	0.574703	-0.818362
1141.15	-4832.91	0.570332	-0.821414
1139.1	-4831.49	0.564936	-0.825134
1137.03	-4830.08	0.559916	-0.828549
1134.94	-4828.68	0.555723	-0.831367
1132.83	-4827.27	0.553069	-0.833135
1130.71	-4825.87	0.552105	-0.833775
1128.57	-4824.45	0.552092	-0.833783
1126.21	-4822.89	0.55297	-0.833201
1124.27	-4821.6	0.554573	-0.832135
1122.11	-4820.15	0.55726	-0.830338
1119.94	-4818.7	0.560219	-0.828344
1117.77	-4817.22	0.563193	-0.826325
1115.59	-4815.73	0.566181	-0.824281
1113.4	-4814.22	0.56756	-0.823332
1111.2	-4812.71	0.566519	-0.824048
1108.99	-4811.19	0.565497	-0.82475
1106.77	-4809.67	0.564494	-0.825437
1104.53	-4808.14	0.563397	-0.826186
1102.29	-4806.61	0.562149	-0.827036
1100.02	-4805.08	0.56092	-0.82787
1097.75	-4803.54	0.559708	-0.82869
1095.23	-4801.84	0.558397	-0.829574
1092.92	-4800.29	0.557438	-0.830219
1090.84	-4798.89	0.556783	-0.830658
1088.51	-4797.33	0.556074	-0.831133
1086.17	-4795.76	0.555384	-0.831594
1083.58	-4794.03	0.558338	-0.829613
1081.23	-4792.44	0.565045	-0.82506
1078.87	-4790.82	0.571738	-0.820436
1076.52	-4789.17	0.578419	-0.81574
1074.17	-4787.49	0.584499	-0.811395
1071.83	-4785.79	0.589987	-0.807413
1069.48	-4784.06	0.595471	-0.803377
1067.13	-4782.31	0.600951	-0.799286
1064.79	-4780.54	0.606427	-0.795139
1062.44	-4778.74	0.611809	-0.791005
1060.1	-4776.92	0.617099	-0.786886
1057.76	-4775.07	0.622384	-0.782712
1055.42	-4773.2	0.627663	-0.778485
1053.08	-4771.31	0.632742	-0.774363
1050.74	-4769.39	0.637621	-0.77035
1048.41	-4767.45	0.642497	-0.766288
1046.08	-4765.48	0.64737	-0.762176
1043.74	-4763.49	0.649716	-0.760177
1041.4	-4761.49	0.649554	-0.760316
1039.05	-4759.48	0.64941	-0.760438
1036.69	-4757.47	0.649286	-0.760544
1034.32	-4755.44	0.648844	-0.760922
1031.93	-4753.41	0.648083	-0.76157
1029.53	-4751.37	0.64734	-0.762201
1027.12	-4749.32	0.646615	-0.762816
1024.7	-4747.27	0.645909	-0.763414
1022.27	-4745.21	0.643554	-0.765401
1019.81	-4743.16	0.638388	-0.769714
1017.33	-4741.11	0.631964	-0.774998
1014.82	-4739.08	0.625659	-0.780097
1012.28	-4737.06	0.620943	-0.783856
1009.72	-4735.04	0.618024	-0.786159
1007.15	-4733.02	0.616061	-0.787699
1004.56	-4731	0.615153	-0.788407
1001.97	-4728.97	0.619867	-0.784707
999.379	-4726.91	0.629616	-0.776907
996.807	-4724.8	0.639291	-0.768965
994.252	-4722.65	0.648891	-0.760881
991.714	-4720.47	0.658666	-0.752435
989.194	-4718.24	0.668605	-0.743618
986.695	-4715.97	0.678451	-0.734646
984.215	-4713.65	0.688201	-0.72552
981.757	-4711.29	0.697478	-0.716606
979.319	-4708.9	0.706294	-0.707919
976.901	-4706.46	0.715024	-0.6991
974.504	-4703.98	0.723667	-0.690149
972.126	-4701.47	0.728581	-0.68496
969.749	-4698.94	0.729847	-0.683611
967.367	-4696.39	0.731128	-0.68224
964.981	-4693.83	0.732425	-0.680848
962.59	-4691.26	0.733737	-0.679434
960.195	-4688.67	0.734001	-0.679149
957.788	-4686.07	0.733217	-0.679995
955.37	-4683.46	0.732449	-0.680821
952.939	-4680.85	0.731698	-0.681629
950.497	-4678.23	0.731444	-0.681902
948.046	-4675.6	0.731689	-0.681639
945.586	-4672.96	0.731951	-0.681357
943.118	-4670.31	0.732231	-0.681056
940.645	-4667.64	0.737111	-0.675772
938.194	-4664.94	0.746484	-0.665404
935.772	-4662.19	0.755733	-0.654879
933.379	-4659.4	0.764857	-0.6442
931.018	-4656.56	0.773683	-0.633573
928.686	-4653.68	0.782217	-0.623006
926.385	-4650.76	0.790628	-0.612296
924.116	-4647.8	0.798914	-0.601445
921.879	-4644.79	0.807071	-0.590454
919.674	-4641.74	0.814557	-0.580084
917.499	-4638.66	0.821397	-0.570357
915.353	-4635.54	0.82814	-0.560522
913.237	-4632.38	0.834783	-0.550578
911.15	-4629.18	0.840223	-0.54224
909.083	-4625.96	0.844508	-0.535542
907.034	-4622.7	0.848756	-0.528784
905.004	-4619.42	0.852967	-0.521965
902.994	-4616.11	0.857138	-0.515087
901	-4612.77	0.859045	-0.511901
899.003	-4609.42	0.858726	-0.512435
896.996	-4606.06	0.858421	-0.512946
894.981	-4602.69	0.858128	-0.513435
892.958	-4599.31	0.859448	-0.511223
890.944	-4595.91	0.862361	-0.506294
888.942	-4592.48	0.86526	-0.501324
886.954	-4589.03	0.868145	-0.496311
884.978	-4585.55	0.87083	-0.491585
883.014	-4582.06	0.873319	-0.48715
881.061	-4578.54	0.875799	-0.482676
879.119	-4575	0.87827	-0.478165
877.19	-4571.44	0.880732	-0.473615
875.272	-4567.85	0.882912	-0.469538
873.362	-4564.25	0.884817	-0.465939
871.461	-4560.63	0.88672	-0.462306
869.569	-4556.98	0.888622	-0.458639
867.684	-4553.32	0.889916	-0.456125
865.801	-4549.64	0.89061	-0.454769
863.917	-4545.94	0.891314	-0.453387
862.032	-4542.23	0.892028	-0.45198
860.146	-4538.51	0.891905	-0.452224
858.249	-4534.77	0.89094	-0.454122
856.337	-4531.03	0.889983	-0.455993
854.411	-4527.28	0.889035	-0.45784
852.471	-4523.52	0.888093	-0.459664
850.517	-4519.75	0.886927	-0.46191
848.546	-4515.98	0.885417	-0.464798
846.556	-4512.2	0.883909	-0.467659
844.547	-4508.41	0.882403	-0.470494
842.519	-4504.62	0.879777	-0.475386
840.454	-4500.84	0.874517	-0.484994
838.335	-4497.07	0.867719	-0.497056
836.157	-4493.31	0.861043	-0.508531
833.924	-4489.57	0.854606	-0.519278
831.637	-4485.85	0.847606	-0.530626
829.291	-4482.15	0.839987	-0.542606
826.884	-4478.47	0.831674	-0.555265
824.413	-4474.82	0.822631	-0.568575
821.874	-4471.2	0.813369	-0.581749
819.007	-4467.25	0.803446	-0.595378
816.605	-4464.04	0.795272	-0.606253
813.601	-4460.16	0.785405	-0.618982
810.809	-4456.66	0.776845	-0.629692
807.961	-4453.18	0.768732	-0.639571
805.061	-4449.73	0.761047	-0.648697
802.113	-4446.3	0.753953	-0.656929
799.121	-4442.89	0.747549	-0.664207
796.087	-4439.51	0.741518	-0.670932
793.014	-4436.13	0.735423	-0.677608
789.901	-4432.78	0.729282	-0.684214
786.749	-4429.44	0.723672	-0.690144
783.562	-4426.12	0.718676	-0.695345
780.342	-4422.81	0.713759	-0.700392
777.089	-4419.52	0.708708	-0.705502
773.802	-4416.23	0.703904	-0.710295
770.485	-4412.96	0.69937	-0.71476
767.137	-4409.7	0.694543	-0.719451
763.756	-4406.46	0.689236	-0.724537
760.34	-4403.23	0.682935	-0.730479
756.885	-4400.02	0.676158	-0.736757
753.391	-4396.84	0.669553	-0.742764
749.858	-4393.68	0.663155	-0.748482
746.289	-4390.54	0.657417	-0.753527
742.688	-4387.41	0.653445	-0.756974
739.064	-4384.29	0.651736	-0.758446
735.426	-4381.16	0.651315	-0.758808
731.776	-4378.03	0.651471	-0.758674
728.119	-4374.89	0.653344	-0.757061
724.463	-4371.72	0.65745	-0.753498
720.817	-4368.52	0.663214	-0.74843
717.189	-4365.28	0.670483	-0.741925
713.585	-4362	0.678812	-0.734312
710.01	-4358.66	0.687589	-0.726101
706.465	-4355.27	0.69629	-0.71776
702.951	-4351.83	0.704916	-0.709291
699.469	-4348.34	0.712404	-0.701769
696.01	-4344.8	0.717528	-0.696529
692.562	-4341.24	0.719939	-0.694037
689.111	-4337.65	0.719892	-0.694087
685.647	-4334.07	0.718535	-0.695491
682.165	-4330.48	0.716052	-0.698047
678.657	-4326.89	0.712711	-0.701458
675.122	-4323.31	0.709138	-0.70507
671.559	-4319.75	0.705288	-0.708921
667.967	-4316.19	0.701183	-0.712981
664.343	-4312.64	0.696772	-0.717293
660.687	-4309.11	0.691811	-0.722079
656.995	-4305.59	0.685767	-0.727821
653.261	-4302.1	0.679039	-0.734102
649.486	-4298.64	0.67222	-0.740351
645.669	-4295.19	0.665507	-0.746391
641.811	-4291.78	0.65947	-0.751731
637.917	-4288.38	0.655095	-0.755547
633.998	-4284.99	0.652696	-0.75762
630.06	-4281.61	0.652037	-0.758187
626.112	-4278.21	0.653037	-0.757326
622.162	-4274.79	0.656009	-0.754753
618.218	-4271.35	0.660147	-0.751136
614.282	-4267.88	0.664223	-0.747534
610.355	-4264.37	0.668282	-0.743908
606.437	-4260.84	0.672227	-0.740345
602.526	-4257.27	0.67515	-0.737681
598.616	-4253.69	0.676275	-0.736649
594.697	-4250.09	0.67534	-0.737507
590.759	-4246.49	0.672	-0.740552
586.79	-4242.91	0.665883	-0.746056
582.777	-4239.36	0.658156	-0.752882
578.718	-4235.84	0.650334	-0.759649
574.612	-4232.36	0.642416	-0.766356
570.459	-4228.9	0.634	-0.773333
566.257	-4225.49	0.625073	-0.780566
562.006	-4222.12	0.616037	-0.787717
557.706	-4218.79	0.606892	-0.794784
553.356	-4215.5	0.597639	-0.801765
548.958	-4212.25	0.589571	-0.807717
544.521	-4209.03	0.582717	-0.812675
540.045	-4205.85	0.575794	-0.817595
535.53	-4202.69	0.568803	-0.822474
530.979	-4199.56	0.564616	-0.825353
526.408	-4196.44	0.563266	-0.826276
521.821	-4193.32	0.561889	-0.827213
517.216	-4190.2	0.560487	-0.828164
512.594	-4187.07	0.558879	-0.82925
507.955	-4183.95	0.557064	-0.830469
503.297	-4180.83	0.555222	-0.831702
498.62	-4177.72	0.553353	-0.832947
493.925	-4174.6	0.551456	-0.834204
489.209	-4171.5	0.546362	-0.837549
484.456	-4168.42	0.538032	-0.842924
479.66	-4165.39	0.529621	-0.848234
474.823	-4162.39	0.521129	-0.853478
469.943	-4159.44	0.511112	-0.859514
465.015	-4156.55	0.49954	-0.866291
460.036	-4153.71	0.487847	-0.872929
455.007	-4150.94	0.476035	-0.879427
449.929	-4148.23	0.462589	-0.886573
444.795	-4145.59	0.447474	-0.894297
439.604	-4143.04	0.432196	-0.90178
434.358	-4140.57	0.416759	-0.909017
429.059	-4138.18	0.401168	-0.916005
423.708	-4135.88	0.387255	-0.921972
418.312	-4133.65	0.375062	-0.927
412.875	-4131.48	0.36277	-0.931879
407.398	-4129.38	0.350381	-0.936607
401.88	-4127.35	0.340364	-0.940294
396.332	-4125.36	0.332787	-0.943002
390.756	-4123.41	0.32889	-0.944368
385.165	-4121.46	0.331787	-0.943354
379.571	-4119.47	0.339129	-0.94074
373.982	-4117.44	0.346582	-0.93802
368.395	-4115.36	0.353416	-0.935466
362.812	-4113.22	0.362076	-0.932149
357.238	-4111.03	0.373492	-0.927633
351.682	-4108.76	0.386948	-0.922102
346.148	-4106.4	0.400169	-0.916441
340.634	-4103.95	0.411048	-0.911614
335.133	-4101.45	0.419762	-0.907634
329.644	-4098.88	0.427914	-0.903819
324.166	-4096.27	0.436813	-0.899552
318.703	-4093.58	0.446737	-0.894666
313.259	-4090.83	0.45691	-0.889513
307.834	-4088.02	0.466234	-0.884661
302.425	-4085.14	0.474098	-0.880472
297.028	-4082.21	0.481341	-0.876533
291.644	-4079.23	0.4885	-0.872564
286.271	-4076.2	0.494013	-0.869454
280.902	-4073.14	0.497928	-0.867219
275.534	-4070.05	0.500705	-0.865618
270.161	-4066.93	0.500913	-0.865497
264.772	-4063.82	0.497452	-0.867491
259.353	-4060.73	0.491444	-0.870909
253.901	-4057.68	0.485186	-0.874411
248.415	-4054.65	0.4793	-0.877651
242.897	-4051.66	0.473922	-0.880567
237.351	-4048.69	0.470868	-0.882204
231.788	-4045.72	0.471108	-0.882075
226.217	-4042.74	0.474222	-0.880405
220.648	-4039.72	0.480546	-0.876969
215.096	-4036.65	0.492361	-0.870391
209.583	-4033.48	0.508865	-0.860846
204.124	-4030.19	0.526521	-0.850162
198.722	-4026.78	0.544778	-0.83858
193.386	-4023.24	0.562689	-0.826669
188.112	-4019.59	0.578927	-0.81538
182.898	-4015.83	0.592718	-0.80541
177.733	-4011.98	0.603622	-0.797271
172.604	-4008.06	0.612941	-0.790129
167.512	-4004.07	0.622396	-0.782703
162.458	-4000.01	0.632398	-0.774643
157.448	-3995.88	0.642797	-0.766037
152.484	-3991.67	0.653098	-0.757273
147.567	-3987.38	0.663125	-0.748509
142.696	-3983.02	0.672801	-0.739824
137.872	-3978.59	0.682371	-0.731006
133.096	-3974.08	0.691607	-0.722274
128.366	-3969.51	0.69973	-0.714408
123.673	-3964.88	0.706292	-0.707921
119.011	-3960.2	0.711192	-0.702998
114.364	-3955.48	0.71362	-0.700533
109.717	-3950.74	0.713491	-0.700664
105.054	-3946	0.710907	-0.703286
100.356	-3941.28	0.706641	-0.707572
95.6208	-3936.57	0.702326	-0.711855
90.8468	-3931.88	0.697962	-0.716135
86.0341	-3927.22	0.693176	-0.720769
81.1783	-3922.57	0.687854	-0.725849
76.2797	-3917.96	0.6837	-0.729763
71.3519	-3913.35	0.682764	-0.730639
66.4191	-3908.73	0.686913	-0.72674
61.5189	-3904.05	0.696039	-0.718004
56.675	-3899.3	0.707676	-0.706537
51.908	-3894.45	0.722062	-0.691828
47.2407	-3889.49	0.738414	-0.674348
42.6884	-3884.4	0.755614	-0.655017
38.2645	-3879.19	0.773158	-0.634214
33.9756	-3873.84	0.790156	-0.612905
29.8258	-3868.37	0.806594	-0.591106
25.8182	-3862.77	0.821688	-0.569938
21.9427	-3857.07	0.835141	-0.550036
18.1979	-3851.26	0.848134	-0.529781
14.5869	-3845.35	0.860659	-0.509183
11.1097	-3839.35	0.870755	-0.491717
7.72614	-3833.28	0.877674	-0.479259
4.42302	-3827.15	0.884431	-0.46667
1.20158	-3820.96	0.891025	-0.453953
-1.9408	-3814.71	0.895039	-0.445988
-5.06372	-3808.44	0.895392	-0.44528
-8.18774	-3802.15	0.895757	-0.444544
-11.3127	-3795.85	0.896135	-0.443781
-14.7509	-3788.9	0.896566	-0.44291
-17.5675	-3783.2	0.89498	-0.446107
-21.0716	-3776.25	0.890002	-0.455957
-24.001	-3770.58	0.885859	-0.463955
-27.6578	-3763.67	0.88071	-0.473656
-31.0562	-3757.42	0.875129	-0.483891
-34.5406	-3751.2	0.868599	-0.495515
-38.1144	-3745.01	0.861927	-0.507033
-41.7772	-3738.86	0.855114	-0.518441
-45.5295	-3732.74	0.847604	-0.530629
-49.3804	-3726.68	0.839361	-0.543574
-53.3315	-3720.66	0.830933	-0.556373
-57.3824	-3714.69	0.822322	-0.569023
-61.5335	-3708.77	0.812568	-0.582866
-65.7983	-3702.91	0.801606	-0.597852
-70.1848	-3697.14	0.786445	-0.61766
-74.7505	-3691.48	0.763036	-0.646356
-79.5504	-3686.01	0.734975	-0.678094
-84.5838	-3680.73	0.707185	-0.707029
-89.8266	-3675.64	0.681115	-0.732176
-95.2549	-3670.73	0.654576	-0.755996
-100.871	-3666.01	0.623962	-0.781454
-106.687	-3661.53	0.591944	-0.805979
-112.683	-3657.26	0.562102	-0.827068
-118.835	-3653.2	0.536307	-0.844023
-125.109	-3649.3	0.5158	-0.856709
-131.475	-3645.53	0.503072	-0.864244
-137.889	-3641.83	0.49726	-0.867602
-144.33	-3638.15	0.494103	-0.869403
-150.789	-3634.48	0.492973	-0.870045
-157.259	-3630.82	0.492469	-0.87033
-163.737	-3627.15	0.494912	-0.868943
-170.205	-3623.45	0.500169	-0.865928
-176.658	-3619.7	0.505308	-0.862939
-183.097	-3615.91	0.510447	-0.859909
-189.521	-3612.08	0.515233	-0.85705
-195.933	-3608.2	0.51967	-0.854367
-202.332	-3604.29	0.524072	-0.851674
-208.721	-3600.34	0.527928	-0.849289
-215.103	-3596.36	0.530214	-0.847864
-221.484	-3592.36	0.53383	-0.845592
-227.855	-3588.32	0.537499	-0.843264
-234.231	-3584.26	0.536246	-0.844062
-240.637	-3580.21	0.530656	-0.847587
-247.09	-3576.2	0.521913	-0.852999
-253.602	-3572.26	0.511611	-0.859217
-260.176	-3568.39	0.501116	-0.86538
-266.811	-3564.59	0.490509	-0.871436
-273.507	-3560.86	0.480852	-0.876802
-280.255	-3557.19	0.472179	-0.881503
-287.053	-3553.59	0.463452	-0.886122
-293.902	-3550.04	0.454685	-0.890652
-300.798	-3546.55	0.449194	-0.893434
-307.723	-3543.07	0.447012	-0.894528
-314.671	-3539.61	0.444851	-0.895605
-321.642	-3536.16	0.442699	-0.89667
-328.637	-3532.71	0.440525	-0.897741
-335.653	-3529.27	0.442051	-0.89699
-342.669	-3525.79	0.447271	-0.894398
-349.68	-3522.27	0.452462	-0.891784
-356.684	-3518.69	0.457623	-0.889146
-363.683	-3515.07	0.463892	-0.885892
-370.667	-3511.38	0.471259	-0.881995
-377.635	-3507.63	0.47858	-0.878044
-384.587	-3503.81	0.485855	-0.87404
-391.523	-3499.93	0.490259	-0.871577
-398.462	-3496.02	0.491813	-0.870701
-405.409	-3492.09	0.49335	-0.869831
-412.364	-3488.14	0.49487	-0.868967
-419.326	-3484.17	0.496372	-0.86811
-426.296	-3480.17	0.497907	-0.867231
-433.273	-3476.16	0.499475	-0.866328
-440.258	-3472.13	0.501026	-0.865432
-447.25	-3468.07	0.502559	-0.864543
-454.249	-3464	0.504486	-0.86342
-461.252	-3459.89	0.506807	-0.86206
-468.259	-3455.77	0.509108	-0.860703
-475.269	-3451.61	0.51139	-0.859349
-482.282	-3447.42	0.514068	-0.857749
-489.295	-3443.21	0.517141	-0.8559
-496.307	-3438.96	0.520192	-0.854049
-503.318	-3434.67	0.523222	-0.852197
-510.333	-3430.36	0.521741	-0.853104
-517.384	-3426.08	0.515161	-0.857093
-524.484	-3421.84	0.506668	-0.862141
-531.646	-3417.68	0.495365	-0.868685
-538.882	-3413.61	0.481897	-0.876228
-546.186	-3409.63	0.480259	-0.877127
-553.476	-3405.6	0.491086	-0.871111
-560.731	-3401.46	0.501811	-0.864977
-567.948	-3397.22	0.512433	-0.858727
-575.128	-3392.9	0.520601	-0.8538
-582.29	-3388.5	0.526354	-0.850266
-589.435	-3384.05	0.532054	-0.846711
-596.565	-3379.55	0.537701	-0.843136
-603.676	-3374.98	0.547497	-0.836808
-610.731	-3370.29	0.561348	-0.82758
-617.721	-3365.48	0.575022	-0.818138
-624.644	-3360.55	0.588513	-0.808488
-631.494	-3355.48	0.60555	-0.795807
-638.233	-3350.25	0.625949	-0.779864
-644.847	-3344.82	0.645911	-0.763413
-651.33	-3339.22	0.665424	-0.746465
-657.675	-3333.44	0.688074	-0.72564
-663.832	-3327.43	0.713534	-0.700621
-669.782	-3321.19	0.738073	-0.67472
-675.517	-3314.74	0.761662	-0.647974
-681.029	-3308.07	0.784272	-0.620417
-686.326	-3301.21	0.797076	-0.60388
-691.555	-3294.27	0.800788	-0.598948
-696.751	-3287.29	0.804448	-0.594022
-701.912	-3280.26	0.80806	-0.5891
-707.555	-3272.48	0.810712	-0.585445
-712.163	-3266.09	0.811614	-0.584194
-717.281	-3258.97	0.812592	-0.582832
-722.397	-3251.83	0.813547	-0.581499
-727.502	-3244.66	0.821019	-0.570901
-732.449	-3237.36	0.837767	-0.546028
-737.185	-3229.9	0.853751	-0.520681
-741.703	-3222.29	0.868959	-0.494884
-745.999	-3214.53	0.883377	-0.468662
-750.499	-3205.85	0.886019	-0.463649
-754.275	-3198.78	0.875544	-0.483139
-758.661	-3191.01	0.863376	-0.504561
-763.716	-3182.58	0.849354	-0.527824
-768.527	-3175.03	0.831414	-0.555653
-773.635	-3167.65	0.807626	-0.589695
-779.055	-3160.48	0.782405	-0.62277
-784.78	-3153.53	0.755788	-0.654816
-790.799	-3146.81	0.728095	-0.685477
-797.102	-3140.34	0.699403	-0.714728
-803.677	-3134.11	0.66949	-0.742821
-810.514	-3128.15	0.6384	-0.769705
-817.604	-3122.46	0.606181	-0.795327
-824.929	-3117.05	0.579797	-0.814761
-832.413	-3111.84	0.559774	-0.828645
-840.036	-3106.79	0.539373	-0.842067
-847.794	-3101.93	0.518604	-0.855014
-855.675	-3097.24	0.50804	-0.861333
-863.591	-3092.57	0.507921	-0.861404
-871.519	-3087.89	0.511712	-0.859157
-879.423	-3083.13	0.524065	-0.851678
-887.245	-3078.21	0.549644	-0.835399
-894.896	-3073	0.581795	-0.813336
-902.356	-3067.49	0.611761	-0.791043
-909.619	-3061.7	0.641077	-0.767476
-916.671	-3055.63	0.669778	-0.742562
-923.492	-3049.27	0.701356	-0.712811
-930.021	-3042.59	0.735137	-0.677918
-936.229	-3035.59	0.767284	-0.641308
-942.098	-3028.28	0.797802	-0.60292
-947.613	-3020.69	0.825224	-0.564805
-952.787	-3012.83	0.84964	-0.527363
-957.613	-3004.73	0.872209	-0.489134
-962.087	-2996.42	0.892336	-0.451371
-966.227	-2987.92	0.90643	-0.422355
-970.15	-2979.3	0.915195	-0.40301
-973.905	-2970.6	0.922015	-0.387153
-977.529	-2961.83	0.927004	-0.375052
-981.062	-2953.01	0.928818	-0.370536
-984.588	-2944.18	0.928611	-0.371054
-988.116	-2935.34	0.929376	-0.369133
-991.614	-2926.48	0.931824	-0.36291
-995.035	-2917.59	0.936155	-0.351588
-998.342	-2908.64	0.940027	-0.341101
-1001.57	-2899.65	0.942652	-0.333776
-1004.73	-2890.63	0.945278	-0.326267
-1007.82	-2881.58	0.947899	-0.318572
-1010.84	-2872.5	0.951359	-0.308085
-1013.74	-2863.37	0.955523	-0.294916
-1016.52	-2854.19	0.959507	-0.281685
-1019.17	-2844.97	0.963309	-0.268395
-1021.69	-2835.7	0.966939	-0.255009
-1024.09	-2826.4	0.970378	-0.241591
-1026.37	-2817.05	0.973549	-0.228476
-1028.52	-2807.66	0.976401	-0.215964
-1030.56	-2798.24	0.978467	-0.206404
-1032.52	-2788.8	0.979906	-0.19946
-1034.42	-2779.34	0.981296	-0.192504
-1036.25	-2769.85	0.982637	-0.185536
-1038.02	-2760.34	0.984225	-0.176921
-1039.69	-2750.81	0.986016	-0.16665
-1041.26	-2741.25	0.9877	-0.156358
-1042.74	-2731.67	0.989265	-0.14613
-1044.12	-2722.07	0.990622	-0.13663
-1045.42	-2712.43	0.991331	-0.131388
-1046.69	-2702.78	0.991381	-0.13101
-1047.98	-2693.11	0.991032	-0.133626
-1049.3	-2683.43	0.99016	-0.139939
-1050.7	-2673.75	0.989285	-0.145997
-1052.15	-2664.05	0.988807	-0.149201
-1053.62	-2654.34	0.988605	-0.150533
-1055.1	-2644.62	0.988797	-0.149266
-1056.56	-2634.87	0.989335	-0.145657
-1057.98	-2625.11	0.99003	-0.140858
-1059.35	-2615.31	0.990718	-0.135931
-1060.68	-2605.5	0.991214	-0.132266
-1061.98	-2595.67	0.991477	-0.130278
-1063.27	-2585.83	0.991368	-0.131112
-1064.59	-2575.97	0.990597	-0.136809
-1065.99	-2566.11	0.989283	-0.146009
-1067.49	-2556.24	0.987735	-0.156137
-1069.09	-2546.38	0.986254	-0.165236
-1070.77	-2536.52	0.98488	-0.173237
-1072.54	-2526.66	0.983455	-0.181153
-1074.39	-2516.79	0.982307	-0.18728
-1076.28	-2506.93	0.981634	-0.190775
-1078.21	-2497.05	0.981496	-0.191484
-1080.13	-2487.15	0.982309	-0.187267
-1081.98	-2477.23	0.984853	-0.17339
-1083.65	-2467.26	0.988702	-0.149893
-1085.06	-2457.24	0.992182	-0.124802
-1086.23	-2447.17	0.99488	-0.101059
-1087.16	-2437.06	0.997031	-0.0769993
-1087.84	-2426.92	0.998677	-0.0514195
-1088.25	-2416.76	0.999678	-0.025389
-1088.41	-2406.57	0.999999	-0.00134583
-1088.33	-2396.37	0.99981	0.0194807
-1088.07	-2386.16	0.999547	0.0301113
-1087.76	-2375.94	0.999566	0.0294637
-1087.48	-2365.7	0.999725	0.0234711
-1087.27	-2355.45	0.999885	0.0151738
-1087.16	-2345.19	1	0.000937419
-1087.23	-2334.91	0.999815	-0.0192391
-1087.51	-2324.63	0.999222	-0.0394475
-1088	-2314.34	0.998218	-0.0596797
-1088.7	-2304.04	0.996801	-0.079927
-1089.61	-2293.76	0.994663	-0.103175
-1090.79	-2283.48	0.991593	-0.129393
-1092.24	-2273.23	0.987826	-0.155563
-1093.96	-2263.01	0.98336	-0.181665
-1095.95	-2252.83	0.978196	-0.207684
-1098.22	-2242.68	0.972332	-0.233601
-1100.76	-2232.6	0.965771	-0.259394
-1103.57	-2222.56	0.958514	-0.285044
-1106.62	-2212.59	0.955914	-0.293646
-1109.65	-2202.6	0.958506	-0.285072
-1112.59	-2192.57	0.961503	-0.274795
-1115.41	-2182.49	0.965211	-0.261472
-1118.07	-2172.35	0.971592	-0.236663
-1120.41	-2162.13	0.979334	-0.202251
-1122.39	-2151.81	0.985674	-0.168664
-1124.03	-2141.42	0.9907	-0.136063
-1125.36	-2130.98	0.992122	-0.125277
-1126.73	-2120.52	0.990555	-0.137119
-1128.23	-2110.08	0.988629	-0.150374
-1129.88	-2099.64	0.986504	-0.163735
-1131.66	-2089.23	0.984195	-0.177089
-1133.6	-2078.83	0.980747	-0.195285
-1135.77	-2068.47	0.975889	-0.218266
-1138.17	-2058.16	0.970488	-0.24115
-1140.83	-2047.9	0.964544	-0.263923
-1143.67	-2037.68	0.966363	-0.257183
-1146.25	-2027.39	0.975327	-0.220765
-1148.44	-2017	0.982918	-0.184043
-1150.23	-2006.52	0.989126	-0.147071
-1151.7	-1995.99	0.989763	-0.142721
-1153.34	-1985.48	0.985259	-0.171072
-1155.28	-1975	0.979937	-0.199307
-1157.52	-1964.59	0.973801	-0.227403
-1160.01	-1954.21	0.974818	-0.223004
-1162.23	-1943.78	0.982549	-0.186005
-1164.06	-1933.26	0.988875	-0.148747
-1165.49	-1922.66	0.993788	-0.111288
-1166.57	-1912.02	0.993332	-0.115291
-1168.09	-1901.43	0.983504	-0.180888
-1170.3	-1890.96	0.969419	-0.245412
-1173.21	-1880.64	0.950967	-0.309292
-1176.79	-1870.54	0.929715	-0.36828
-1180.96	-1860.65	0.907583	-0.419873
-1185.69	-1851.01	0.88303	-0.469317
-1190.93	-1841.63	0.857988	-0.513669
-1196.62	-1832.5	0.836261	-0.548332
-1202.62	-1823.58	0.823337	-0.567552
-1208.75	-1814.75	0.820623	-0.57147
-1214.89	-1805.92	0.822878	-0.568217
-1220.96	-1797.06	0.827834	-0.560974
-1226.94	-1788.19	0.829736	-0.558156
-1232.89	-1779.38	0.827117	-0.562029
-1238.82	-1770.69	0.824393	-0.566018
-1244.73	-1762.11	0.821526	-0.570171
-1250.59	-1753.64	0.836101	-0.548576
-1255.92	-1744.99	0.873698	-0.486469
-1260.54	-1736.09	0.906363	-0.422501
-1264.45	-1727.04	0.934049	-0.357144
-1267.66	-1717.88	0.957774	-0.287523
-1270.11	-1708.67	0.97724	-0.212137
-1271.82	-1699.46	0.990668	-0.1363
-1272.8	-1690.3	0.998175	-0.0603948
-1273.07	-1681.23	0.999881	0.01541
-1272.67	-1672.23	0.996733	0.080765
-1271.77	-1663.3	0.991443	0.130544
-1270.42	-1654.42	0.983653	0.180075
-1268.62	-1645.63	0.97339	0.229153
-1266.41	-1636.93	0.965261	0.261288
-1264.04	-1628.27	0.964305	0.264793
-1261.67	-1619.6	0.965753	0.259464
-1259.38	-1610.92	0.968804	0.24783
-1257.21	-1602.21	0.974652	0.223727
-1255.35	-1593.42	0.983091	0.183116
-1253.86	-1584.57	0.990289	0.139025
-1252.77	-1575.65	0.995589	0.0938207
-1252.09	-1566.7	0.998888	0.0471418
-1251.85	-1557.72	0.999998	-0.00191626
-1252.04	-1548.74	0.998777	-0.0494473
-1252.65	-1539.78	0.9956	-0.0937042
-1253.63	-1530.85	0.991274	-0.13182
-1254.93	-1521.95	0.987529	-0.157438
-1256.39	-1513.09	0.985665	-0.168715
-1257.93	-1504.23	0.984784	-0.17378
-1259.5	-1495.38	0.984469	-0.175557
-1261.07	-1486.53	0.985901	-0.167328
-1262.63	-1476.77	0.989812	-0.142381
-1263.72	-1468.75	0.992542	-0.121899
-1264.73	-1459.81	0.9951	-0.0988768
-1265.6	-1449.96	0.997336	-0.0729396
-1266.17	-1440.99	0.999005	-0.0445941
-1266.45	-1432	0.99993	-0.0117961
-1266.44	-1423.01	0.999791	0.0204303
-1266.14	-1414.02	0.998641	0.052109
-1265.57	-1405.04	0.996974	0.0777373
-1264.8	-1396.08	0.995264	0.0972112
-1263.85	-1387.13	0.993267	0.115851
-1262.75	-1378.2	0.991122	0.132957
-1261.5	-1369.29	0.989616	0.143738
-1260.19	-1360.39	0.989102	0.147233
-1258.86	-1351.49	0.989193	0.146618
-1257.56	-1342.59	0.989832	0.142239
-1256.3	-1333.67	0.99075	0.135702
-1255.12	-1324.75	0.992752	0.120184
-1254.12	-1315.81	0.995356	0.0962621
-1253.34	-1306.84	0.99739	0.072205
-1252.78	-1297.86	0.998847	0.0480071
-1252.43	-1288.86	0.999686	0.0250445
-1252.28	-1279.86	0.999994	0.00335152
-1252.33	-1270.86	0.999831	-0.0184021
-1252.57	-1261.85	0.999194	-0.0401475
-1253.01	-1252.86	0.998159	-0.0606444
-1253.63	-1243.88	0.996855	-0.0792419
-1254.41	-1234.9	0.995299	-0.0968546
-1255.34	-1225.95	0.993466	-0.114125
-1256.42	-1217	0.991904	-0.126987
-1257.6	-1208.07	0.990828	-0.135128
-1258.84	-1199.15	0.989853	-0.142094
-1260.14	-1190.23	0.989106	-0.147206
-1261.48	-1181.33	0.9886	-0.150568
-1262.84	-1172.42	0.989345	-0.14559
-1264.1	-1163.5	0.991112	-0.133033
-1265.26	-1154.56	0.992688	-0.120706
-1266.3	-1145.61	0.994069	-0.108751
-1267.24	-1136.64	0.995386	-0.0959559
-1268.05	-1127.67	0.996621	-0.0821413
-1268.74	-1118.68	0.997664	-0.0683099
-1269.31	-1109.68	0.998516	-0.0544645
-1269.75	-1100.67	0.999086	-0.0427355
-1270.11	-1091.67	0.999433	-0.0336578
-1270.38	-1082.65	0.999669	-0.0257356
-1270.59	-1073.64	0.999823	-0.0188143
-1270.73	-1064.62	0.999947	-0.0103294
-1270.79	-1055.6	1	9.26311e-05
-1270.75	-1046.58	0.999945	0.0105152
-1270.61	-1037.56	0.999781	0.0209372
-1270.38	-1028.54	0.999358	0.0358403
-1269.99	-1019.53	0.998474	0.0552152
-1269.42	-1010.52	0.997216	0.0745702
-1268.68	-1001.53	0.995582	0.093898
-1267.77	-992.554	0.99418	0.107734
-1266.77	-983.584	0.993253	0.115964
-1265.69	-974.615	0.992356	0.123409
-1264.55	-965.646	0.991607	0.129287
-1263.36	-956.676	0.991046	0.133521
-1262.15	-947.702	0.991269	0.131859
-1260.98	-938.715	0.992165	0.124937
-1259.87	-929.712	0.993071	0.117515
-1258.83	-920.693	0.994005	0.109335
-1257.86	-911.66	0.993988	0.109489
-1256.83	-902.624	0.993016	0.117978
-1255.73	-893.59	0.992	0.12624
-1254.55	-884.559	0.990826	0.135145
-1253.27	-875.532	0.988339	0.152271
-1251.79	-866.53	0.984132	0.177437
-1250.08	-857.561	0.97928	0.202513
-1248.14	-848.63	0.973991	0.226585
-1245.98	-839.741	0.969059	0.246829
-1243.66	-830.885	0.964844	0.262825
-1241.2	-822.06	0.961066	0.276319
-1238.63	-813.26	0.957889	0.287139
-1235.98	-804.473	0.959023	0.283328
-1233.44	-795.647	0.96399	0.265938
-1231.06	-786.769	0.968579	0.248706
-1228.83	-777.848	0.972515	0.232842
-1226.74	-768.89	0.975397	0.220456
-1224.75	-759.905	0.977899	0.209078
-1222.87	-750.892	0.980757	0.195233
-1221.13	-741.849	0.983682	0.179918
-1219.53	-732.776	0.986348	0.164676
-1218.06	-723.677	0.987914	0.155005
-1216.65	-714.565	0.988823	0.149092
-1215.3	-705.438	0.990148	0.140022
-1214.05	-696.292	0.991839	0.127495
-1212.93	-687.123	0.993715	0.111942
-1211.96	-677.932	0.995521	0.0945405
-1211.15	-668.72	0.996976	0.0777069
-1210.48	-659.491	0.997935	0.0642314
-1209.93	-650.249	0.998601	0.0528826
-1209.48	-640.996	0.999055	0.0434689
-1209.11	-631.734	0.999383	0.0351272
-1208.82	-622.464	0.999671	0.0256401
-1208.61	-613.187	0.999872	0.0160277
-1208.5	-603.903	0.999953	0.00971429
-1208.42	-594.612	0.999975	0.00707065
-1208.36	-585.317	0.999988	0.00485702
-1208.32	-576.016	0.999996	0.00270478
-1208.3	-566.71	0.999999	0.00107469
-1208.3	-557.398	1	-3.3025e-05
-1208.3	-548.082	0.999999	-0.00114036
-1208.32	-538.76	0.999997	-0.00224738
-1208.33	-529.432	0.999985	0.00554922
-1208.21	-520.1	0.999752	0.0222495
-1207.94	-510.767	0.999241	0.0389474
-1207.52	-501.433	0.998451	0.0556382
-1206.93	-492.103	0.997305	0.073362
-1206.18	-482.78	0.995798	0.0915767
-1205.26	-473.467	0.994169	0.107835
-1204.2	-464.162	0.992773	0.120005
-1203.04	-454.859	0.992433	0.122788
-1201.91	-445.544	0.993242	0.116063
-1200.86	-436.207	0.99453	0.104448
-1199.93	-426.845	0.995939	0.0900295
-1199.14	-417.458	0.996966	0.0778422
-1198.43	-408.05	0.997584	0.0694738
-1197.81	-398.625	0.998124	0.0612302
-1197.26	-389.183	0.998589	0.0531005
-1196.79	-379.725	0.99899	0.0449356
-1196.39	-370.251	0.999339	0.0363479
-1196.08	-360.762	0.999632	0.0271429
-1195.86	-351.258	0.99984	0.0179034
-1195.73	-341.741	0.999963	0.0086302
-1195.68	-332.21	0.999999	-0.0010781
-1195.73	-322.668	0.999935	-0.0114219
-1195.88	-313.114	0.999762	-0.0217971
-1196.13	-303.551	0.999481	-0.0322026
-1196.45	-293.977	0.999839	-0.0179696
-1196.39	-283.429	0.999263	0.0383818
-1195.83	-273.843	0.995986	0.0895068
-1194.77	-264.287	0.990096	0.14039
-1193.23	-254.785	0.981571	0.1911
-1191.19	-245.365	0.970451	0.241297
-1188.67	-236.049	0.95683	0.290648
-1185.67	-226.866	0.940706	0.339224
-1182.23	-217.828	0.928944	0.370221
-1178.59	-208.854	0.92324	0.384223
-1174.81	-199.924	0.917333	0.398122
-1170.89	-191.035	0.911226	0.411908
-1166.83	-182.192	0.904925	0.425572
-1162.63	-173.395	0.898802	0.438356
-1158.3	-164.641	0.892891	0.450273
-1153.85	-155.93	0.886837	0.462082
-1149.28	-147.264	0.880643	0.47378
-1144.62	-138.633	0.885679	0.464298
-1140.18	-129.884	0.901252	0.433295
-1136.06	-120.986	0.91574	0.40177
-1132.25	-111.964	0.929093	0.369846
-1128.77	-102.876	0.940479	0.339851
-1125.6	-93.7786	0.950089	0.311979
-1122.73	-84.6758	0.958794	0.284103
-1120.14	-75.5455	0.966643	0.256128
-1117.83	-66.3594	0.974728	0.223397
-1115.85	-57.0948	0.982588	0.1858
-1114.24	-47.761	0.988998	0.147928
-1112.98	-38.3719	0.99395	0.109837
-1112.08	-28.9412	0.997435	0.0715839
-1111.55	-19.4831	0.999298	0.0374716
-1111.3	-10.0109	0.999971	0.00755777
-1111.35	-0.530365	0.999749	-0.022386
-1111.67	8.95352	0.998629	-0.052343
-1112.27	18.4342	0.997161	-0.0752972
-1113.04	27.9132	0.996074	-0.0885193
-1113.92	37.3947	0.995745	-0.0921462
-1114.78	46.8887	0.996387	-0.084929
-1115.54	56.4025	0.997694	-0.0678736
-1116.1	65.9418	0.998954	-0.0457248
-1116.45	75.5034	0.999739	-0.0228375
-1116.58	85.0833	0.999997	0.00241715
-1116.45	94.6756	0.999585	0.0288166
-1116.07	104.274	0.99845	0.0556503
-1115.44	113.871	0.996833	0.0795222
-1114.6	123.464	0.995241	0.0974436
-1113.6	133.056	0.994013	0.109264
-1112.53	142.651	0.993898	0.110306
-1111.49	152.263	0.994598	0.103804
-1110.51	161.893	0.995259	0.0972567
-1109.59	171.541	0.995881	0.0906731
-1108.75	181.208	0.996992	0.0775048
-1108.07	190.9	0.998332	0.05773
-1107.58	200.616	0.999282	0.0378954
-1107.29	210.352	0.999838	0.0180086
-1107.19	220.103	0.999998	-0.00191436
-1107.29	229.867	0.999763	-0.0217669
-1107.58	239.639	0.999138	-0.0415068
-1108.06	249.416	0.998148	-0.0608296
-1108.73	259.194	0.996945	-0.0781043
-1109.55	268.973	0.996389	-0.0849054
-1110.37	278.764	0.996868	-0.0790786
-1111.1	288.573	0.997841	-0.0656816
-1111.68	298.405	0.998806	-0.0488491
-1112.09	308.258	0.999582	-0.0288983
-1112.28	318.129	0.999989	-0.00478627
-1112.23	328.014	0.999824	0.0187413
-1111.97	337.907	0.999299	0.0374436
-1111.54	347.807	0.998718	0.0506182
-1110.99	357.713	0.998133	0.061086
-1110.35	367.624	0.997631	0.068795
-1109.65	377.543	0.997411	0.0719053
-1108.93	387.473	0.997438	0.0715379
-1108.23	397.415	0.997945	0.0640835
-1107.65	407.376	0.998726	0.0504583
-1107.2	417.356	0.999323	0.0367903
-1106.89	427.353	0.999734	0.0230816
-1106.71	437.365	0.999966	0.00820602
-1106.69	447.391	0.999969	-0.00783453
-1106.84	457.427	0.999714	-0.023908
-1107.14	467.471	0.999199	-0.0400102
-1107.61	477.521	0.998551	-0.0538053
-1108.19	487.577	0.997866	-0.0652942
-1108.9	497.636	0.997046	-0.0768074
-1109.72	507.699	0.99609	-0.0883435
-1110.66	517.763	0.994997	-0.0999008
-1111.71	527.828	0.994089	-0.108571
-1112.84	537.897	0.993439	-0.114362
-1114.02	547.971	0.992752	-0.120178
-1115.26	558.05	0.992027	-0.126022
-1116.56	568.134	0.992205	-0.124616
-1117.79	578.238	0.993255	-0.115953
-1118.94	588.364	0.994232	-0.107249
-1119.99	598.511	0.995207	-0.0977887
-1120.94	608.681	0.996563	-0.082838
-1121.71	618.876	0.998079	-0.0619575
-1122.25	629.092	0.999241	-0.0389637
-1122.55	639.317	0.999889	-0.0149187
-1122.6	649.547	0.999958	0.00915905
-1122.41	659.771	0.99933	0.0365899
-1121.91	669.968	0.997766	0.066802
-1121.11	680.107	0.995464	0.0951419
-1120.04	690.164	0.99268	0.120777
-1118.74	700.121	0.989983	0.141183
-1117.27	709.967	0.987462	0.157855
-1115.65	719.688	0.98464	0.174599
-1113.88	729.266	0.981505	0.191438
-1111.97	738.696	0.978308	0.207155
-1109.95	747.98	0.9751	0.221768
-1107.82	757.115	0.971625	0.236528
-1105.57	766.096	0.967873	0.251438
-1103.22	774.925	0.964679	0.26343
-1100.82	783.614	0.962144	0.27254
-1098.36	792.17	0.959459	0.28185
-1095.85	800.591	0.956618	0.291345
-1093.29	808.877	0.953619	0.301015
-1090.69	817.032	0.954291	0.298878
-1088.22	825.105	0.95854	0.284958
-1085.89	833.106	0.962501	0.271277
-1083.7	841.042	0.966195	0.257813
-1081.64	848.925	0.968496	0.24903
-1079.64	856.754	0.969544	0.244919
-1077.69	864.534	0.970537	0.240953
-1075.78	872.275	0.971483	0.23711
-1073.91	879.986	0.972339	0.233576
-1072.07	887.681	0.973114	0.230324
-1070.26	895.372	0.973868	0.227113
-1068.48	903.063	0.974607	0.22392
-1066.72	910.755	0.975333	0.220737
-1065	918.449	0.978285	0.207265
-1063.45	926.171	0.983035	0.18342
-1062.08	933.922	0.987199	0.159491
-1060.9	941.695	0.990778	0.135493
-1059.91	949.484	0.993195	0.116461
-1059.03	957.276	0.994478	0.104946
-1058.24	965.066	0.995624	0.0934455
-1057.55	972.861	0.996637	0.0819452
-1056.94	980.664	0.997516	0.0704366
-1056.43	988.474	0.998263	0.0589094
-1056	996.289	0.998878	0.0473607
-1055.67	1004.11	0.999359	0.0358054
-1055.42	1011.93	0.999706	0.0242448
-1055.27	1019.76	0.99992	0.0126806
-1055.21	1027.58	0.999999	0.00111468
-1055.24	1035.41	0.999945	-0.0104518
-1055.35	1043.24	0.999758	-0.0220173
-1055.58	1051.06	0.998666	-0.0516277
-1056.16	1058.87	0.994473	-0.104989
-1057.13	1066.63	0.988622	-0.150419
-1058.43	1074.35	0.981836	-0.189733
-1060.03	1082.01	0.973806	-0.227381
-1061.94	1089.6	0.962744	-0.270414
-1064.21	1097.09	0.947662	-0.319274
-1066.86	1104.46	0.930361	-0.366645
-1069.87	1111.68	0.911144	-0.412088
-1073.23	1118.75	0.892403	-0.451239
-1076.86	1125.69	0.876009	-0.482294
-1080.73	1132.49	0.858979	-0.512011
-1084.83	1139.16	0.840596	-0.541662
-1089.16	1145.69	0.823203	-0.567747
-1093.68	1152.09	0.80894	-0.587892
-1098.35	1158.39	0.794935	-0.606694
-1103.17	1164.59	0.781723	-0.623626
-1108.12	1170.7	0.76974	-0.638358
-1113.17	1176.72	0.76266	-0.6468
-1118.27	1182.72	0.761811	-0.6478
-1123.38	1188.72	0.761368	-0.64832
-1128.49	1194.73	0.760824	-0.648959
-1133.62	1200.73	0.758956	-0.651142
-1138.78	1206.72	0.754383	-0.656435
-1144	1212.66	0.746919	-0.664915
-1149.3	1218.54	0.735152	-0.677903
-1154.72	1224.32	0.716927	-0.697148
-1160.33	1229.93	0.692296	-0.721614
-1166.14	1235.34	0.663904	-0.747818
-1172.17	1240.51	0.631842	-0.775098
-1178.41	1245.43	0.599847	-0.800115
-1184.85	1250.11	0.5715	-0.820602
-1191.45	1254.58	0.545387	-0.838184
-1198.18	1258.86	0.523052	-0.852301
-1205.02	1262.97	0.50771	-0.861528
-1211.92	1267	0.499307	-0.866425
-1218.86	1270.97	0.493059	-0.869996
-1225.83	1274.9	0.489547	-0.871977
-1233.52	1279.21	0.487215	-0.873282
-1240.53	1283.11	0.487352	-0.873206
-1247.53	1287.03	0.489685	-0.871899
-1254.53	1290.97	0.491906	-0.870649
-1261.53	1294.93	0.49394	-0.869496
-1268.52	1298.92	0.499204	-0.866484
-1275.48	1302.97	0.507797	-0.861477
-1282.41	1307.09	0.51635	-0.856378
-1289.3	1311.28	0.524846	-0.851198
-1296.16	1315.55	0.532416	-0.846483
-1302.99	1319.87	0.538773	-0.842451
-1309.79	1324.25	0.544436	-0.838803
-1316.57	1328.67	0.549483	-0.835505
-1323.33	1333.14	0.554159	-0.832411
-1330.07	1337.65	0.558651	-0.829403
-1336.79	1342.2	0.563076	-0.826405
-1343.49	1346.79	0.567491	-0.82338
-1350.18	1351.42	0.574777	-0.81831
-1356.81	1356.13	0.584882	-0.811118
-1363.39	1360.93	0.59496	-0.803755
-1369.92	1365.81	0.605447	-0.795886
-1376.39	1370.78	0.617167	-0.786833
-1382.78	1375.86	0.628952	-0.777444
-1389.1	1381.03	0.640392	-0.768048
-1395.33	1386.3	0.652111	-0.758124
-1401.49	1391.66	0.663611	-0.748078
-1407.57	1397.12	0.672983	-0.739658
-1413.59	1402.64	0.680319	-0.732916
-1419.55	1408.22	0.687751	-0.725947
-1425.45	1413.86	0.695546	-0.718482
-1431.29	1419.57	0.707979	-0.706234
-1437	1425.41	0.724897	-0.688858
-1442.57	1431.38	0.741979	-0.670424
-1447.98	1437.5	0.758817	-0.651304
-1453.24	1443.75	0.775163	-0.631761
-1458.33	1450.13	0.791007	-0.611807
-1463.26	1456.64	0.806337	-0.591456
-1468.03	1463.27	0.821145	-0.57072
-1472.62	1470.03	0.835419	-0.549614
-1477.05	1476.89	0.843761	-0.536719
-1481.42	1483.79	0.846559	-0.532295
-1485.75	1490.71	0.849334	-0.527856
-1490.05	1497.66	0.852086	-0.523402
-1494.3	1504.63	0.858215	-0.51329
-1498.44	1511.68	0.867522	-0.4974
-1502.45	1518.79	0.876534	-0.48134
-1506.33	1525.98	0.885249	-0.465118
-1510.08	1533.24	0.892868	-0.450318
-1513.72	1540.55	0.899468	-0.436987
-1517.24	1547.92	0.905869	-0.423559
-1520.66	1555.34	0.912069	-0.410037
-1523.95	1562.81	0.920148	-0.391571
-1527.06	1570.33	0.929772	-0.368137
-1529.96	1577.86	0.938714	-0.344698
-1532.64	1585.39	0.946976	-0.321305
-1535.1	1592.89	0.954575	-0.297971
-1537.36	1600.38	0.961146	-0.27604
-1539.43	1607.83	0.966801	-0.255531
-1541.33	1615.25	0.971965	-0.235125
-1543.05	1622.63	0.97665	-0.214835
-1544.6	1629.98	0.980622	-0.195912
-1546.01	1637.28	0.983961	-0.178384
-1547.27	1644.51	0.986949	-0.161033
-1548.39	1651.69	0.989597	-0.143866
-1549.37	1658.81	0.991917	-0.126891
-1550.22	1665.85	0.994193	-0.107616
-1550.91	1672.83	0.996292	-0.0860419
-1551.45	1679.74	0.997906	-0.0646796
-1551.84	1686.57	0.999052	-0.0435376
-1552.08	1693.33	0.9996	-0.0282705
-1552.24	1700.01	0.999822	-0.0188701
-1552.34	1706.61	0.999953	-0.00967171
-1552.38	1713.12	1	-0.000688329
-1552.37	1719.53	0.999989	0.00470907
-1552.33	1725.84	0.999979	0.00652976
-1552.29	1732.06	0.999967	0.00814203
-1552.24	1738.17	0.999954	0.00954499
-1552.18	1744.16	0.999951	0.00994765
-1552.12	1750.02	0.999957	0.00932447
-1552.07	1755.72	0.999964	0.00842996
-1552.02	1761.28	0.999974	0.00724988
-1551.99	1766.68	0.999969	0.00785666
-1551.94	1771.92	0.999948	0.0102371
-1551.88	1777.01	0.999924	0.0123019
-1551.82	1781.95	0.999901	0.0140536
-1551.75	1786.73	0.99988	0.0154972
-1551.66	1791.38	0.999265	0.0383349
-1551.4	1795.93	0.996592	0.082488
-1550.96	1800.36	0.992015	0.126119
-1550.34	1804.66	0.985619	0.168984
-1549.46	1809.23	0.976917	0.213617
-1548.63	1812.82	0.9688	0.247844
-1547.58	1816.66	0.958442	0.285286
-1546.41	1820.39	0.946648	0.32227
-1545.11	1824.02	0.93395	0.357403
-1543.69	1827.59	0.920483	0.390783
-1542.14	1831.09	0.905754	0.423804
-1540.46	1834.54	0.88984	0.456272
-1538.66	1837.93	0.87228	0.489006
-1536.74	1841.25	0.852743	0.522331
-1534.68	1844.49	0.831926	0.554886
-1532.5	1847.65	0.809844	0.586645
-1530.2	1850.73	0.78696	0.617004
-1527.77	1853.73	0.763609	0.645679
-1525.24	1856.64	0.739192	0.673495
-1522.59	1859.46	0.713734	0.700417
-1519.54	1862.46	0.68456	0.728957
-1516.66	1865.09	0.65894	0.752196
-1513.69	1867.63	0.634475	0.772943
-1510.62	1870.08	0.609879	0.792495
-1507.47	1872.44	0.585294	0.810821
-1504.24	1874.72	0.561537	0.827452
-1500.93	1876.91	0.538648	0.842531
-1497.56	1879.01	0.515585	0.856838
-1494.12	1881.03	0.492924	0.870072
-1490.63	1882.97	0.472529	0.881315
-1487.08	1884.83	0.45468	0.890655
-1483.48	1886.63	0.43796	0.898995
-1479.84	1888.37	0.421524	0.906817
-1476.17	1890.05	0.406602	0.913605
-1472.46	1891.68	0.393388	0.919373
-1468.72	1893.25	0.380094	0.924948
-1464.95	1894.77	0.366728	0.930328
-1461.16	1896.24	0.353292	0.935513
-1457.35	1897.66	0.340844	0.94012
-1453.51	1899.03	0.329421	0.944183
-1449.65	1900.35	0.318005	0.948089
-1445.77	1901.63	0.306599	0.951839
-1441.88	1902.87	0.296398	0.955064
-1437.97	1904.06	0.2876	0.95775
-1434.06	1905.23	0.279321	0.960198
-1430.13	1906.35	0.271707	0.96238
-1426.2	1907.45	0.264818	0.964298
-1422.26	1908.53	0.260919	0.965361
-1418.31	1909.59	0.260326	0.965521
-1414.37	1910.65	0.261163	0.965295
-1410.42	1911.72	0.263022	0.96479
-1406.48	1912.8	0.264289	0.964444
-1402.54	1913.88	0.264678	0.964337
-1398.6	1914.96	0.265067	0.96423
-1394.66	1916.05	0.265456	0.964123
-1390.72	1917.13	0.265671	0.964064
-1386.78	1918.22	0.265713	0.964052
-1382.84	1919.31	0.265755	0.964041
-1378.9	1920.39	0.265797	0.964029
-1374.96	1921.48	0.26584	0.964017
-1371.02	1922.56	0.264523	0.964379
-1367.07	1923.64	0.261845	0.96511
-1363.13	1924.71	0.259166	0.965833
-1359.18	1925.76	0.256485	0.966548
-1355.23	1926.81	0.252658	0.967556
-1351.27	1927.83	0.247681	0.968842
-1347.3	1928.84	0.242698	0.970102
-1343.34	1929.82	0.23771	0.971336
-1339.36	1930.78	0.23506	0.971981
-1335.39	1931.75	0.234753	0.972055
-1331.41	1932.7	0.234447	0.972129
-1327.44	1933.66	0.234141	0.972203
-1323.46	1934.62	0.233836	0.972276
-1319.49	1935.58	0.233356	0.972391
-1315.51	1936.53	0.232702	0.972548
-1311.53	1937.48	0.232048	0.972704
-1307.55	1938.43	0.231395	0.97286
-1303.57	1939.37	0.230032	0.973183
-1299.59	1940.31	0.22577	0.974181
-1295.6	1941.22	0.217901	0.975971
-1291.61	1942.1	0.208897	0.977938
-1287.6	1942.94	0.198607	0.980079
-1283.59	1943.73	0.186057	0.982539
-1279.57	1944.47	0.171863	0.985121
-1275.53	1945.15	0.155841	0.987782
-1271.48	1945.76	0.139395	0.990237
-1267.43	1946.3	0.123857	0.9923
-1263.37	1946.78	0.109624	0.993973
-1259.3	1947.21	0.0972691	0.995258
-1255.22	1947.59	0.0868468	0.996222
-1251.14	1947.93	0.0775924	0.996985
-1247.06	1948.23	0.0685491	0.997648
-1242.98	1948.5	0.0594486	0.998231
-1238.89	1948.73	0.0503431	0.998732
-1234.8	1948.92	0.0416553	0.999132
-1230.71	1949.08	0.0332759	0.999446
-1226.62	1949.2	0.0247469	0.999694
-1222.53	1949.29	0.0161868	0.999869
-1218.44	1949.34	0.00764785	0.999971
-1214.34	1949.36	4.19143e-05	1
-1210.25	1949.34	-0.00664593	0.999978
-1206.15	1949.31	-0.0133371	0.999911
-1202.05	1949.24	-0.0200312	0.999799
-1197.95	1949.15	-0.0254352	0.999676
-1193.84	1949.04	-0.0295515	0.999563
-1189.72	1948.91	-0.0336727	0.999433
-1185.6	1948.76	-0.0377969	0.999285
-1181.46	1948.6	-0.0415582	0.999136
-1177.32	1948.42	-0.044957	0.998989
-1173.16	1948.23	-0.0483585	0.99883
-1169	1948.02	-0.0517609	0.99866
-1164.84	1947.8	-0.0566917	0.998392
-1160.67	1947.55	-0.0631531	0.998004
-1156.49	1947.28	-0.0696145	0.997574
-1152.31	1946.97	-0.0760736	0.997102
-1148.12	1946.64	-0.0825324	0.996588
-1143.93	1946.29	-0.0893912	0.995997
-1139.74	1945.9	-0.0966472	0.995319
-1135.54	1945.48	-0.103899	0.994588
-1131.34	1945.03	-0.111148	0.993804
-1127.14	1944.54	-0.119159	0.992875
-1122.94	1944.02	-0.127899	0.991787
-1118.74	1943.47	-0.136434	0.990649
-1114.53	1942.87	-0.1445	0.989505
-1110.33	1942.25	-0.152043	0.988374
-1106.12	1941.59	-0.158989	0.98728
-1101.91	1940.9	-0.165216	0.986257
-1097.69	1940.18	-0.17062	0.985337
-1093.47	1939.44	-0.174893	0.984587
-1089.25	1938.69	-0.177404	0.984138
-1085.03	1937.92	-0.178082	0.984016
-1080.8	1937.16	-0.177499	0.984121
-1076.56	1936.39	-0.176333	0.984331
-1072.31	1935.64	-0.172382	0.98503
-1068.05	1934.9	-0.165897	0.986143
-1063.78	1934.2	-0.15988	0.987136
-1059.5	1933.51	-0.154552	0.987985
-1055.21	1932.85	-0.150007	0.988685
-1050.92	1932.21	-0.146053	0.989277
-1046.61	1931.58	-0.142338	0.989818
-1042.29	1930.96	-0.138551	0.990355
-1037.97	1930.37	-0.134618	0.990898
-1033.64	1929.78	-0.129986	0.991516
-1029.29	1929.22	-0.124716	0.992192
-1024.94	1928.69	-0.119433	0.992842
-1020.58	1928.17	-0.114138	0.993465
-1016.21	1927.68	-0.110662	0.993858
-1011.83	1927.19	-0.109009	0.994041
-1007.45	1926.72	-0.107349	0.994221
-1003.06	1926.24	-0.105679	0.9944
-998.658	1925.78	-0.10466	0.994508
-994.251	1925.32	-0.104619	0.994512
-989.839	1924.85	-0.104571	0.994517
-985.421	1924.39	-0.104515	0.994523
-980.996	1923.92	-0.104451	0.99453
-976.564	1923.46	-0.102249	0.994759
-972.125	1923.01	-0.096842	0.9953
-967.676	1922.59	-0.0914225	0.995812
-963.218	1922.19	-0.0859908	0.996296
-958.753	1921.81	-0.0813842	0.996683
-954.279	1921.45	-0.0780227	0.996952
-949.797	1921.11	-0.0746514	0.99721
-945.308	1920.78	-0.0712704	0.997457
-940.811	1920.46	-0.067716	0.997705
-936.307	1920.17	-0.0639064	0.997956
-931.795	1919.88	-0.060087	0.998193
-927.276	1919.62	-0.0562576	0.998416
-922.749	1919.37	-0.0542743	0.998526
-918.216	1919.12	-0.0550662	0.998483
-913.676	1918.87	-0.0558503	0.998439
-909.13	1918.61	-0.0566266	0.998395
-904.578	1918.35	-0.0573952	0.998352
-900.019	1918.09	-0.0556206	0.998452
-895.453	1917.85	-0.0500333	0.998748
-890.879	1917.63	-0.044435	0.999012
-886.297	1917.44	-0.0388257	0.999246
-881.708	1917.27	-0.0330326	0.999454
-877.111	1917.13	-0.0269691	0.999636
-872.507	1917.01	-0.0208947	0.999782
-867.896	1916.93	-0.0148099	0.99989
-863.277	1916.87	-0.00941063	0.999956
-858.652	1916.84	-0.00504544	0.999987
-854.021	1916.82	-0.000670991	1
-849.383	1916.83	0.00371259	0.999993
-844.738	1916.85	0.00757721	0.999971
-840.088	1916.89	0.0106587	0.999943
-835.431	1916.95	0.013749	0.999905
-830.767	1917.02	0.0168484	0.999858
-826.096	1917.1	0.0204798	0.99979
-821.419	1917.21	0.0249457	0.999689
-816.735	1917.33	0.0295797	0.999562
-812.045	1917.48	0.034493	0.999405
-806.878	1917.67	0.0403009	0.999188
-802.175	1917.87	0.0460296	0.99894
-797.467	1918.1	0.0522205	0.998636
-792.753	1918.36	0.0588402	0.998267
-788.034	1918.65	0.065854	0.997829
-783.31	1918.97	0.0734458	0.997299
-778.583	1919.34	0.08159	0.996666
-773.851	1919.74	0.0899186	0.995949
-769.116	1920.18	0.0981689	0.99517
-764.379	1920.67	0.106977	0.994262
-759.639	1921.2	0.116607	0.993178
-754.898	1921.77	0.126403	0.991979
-750.158	1922.4	0.1362	0.990681
-745.421	1923.07	0.14599	0.989286
-740.691	1923.78	0.155767	0.987794
-735.967	1924.55	0.165529	0.986205
-731.262	1925.36	0.175245	0.984525
-726.605	1926.2	0.185268	0.982688
-722.04	1927.08	0.195491	0.980705
-717.596	1927.99	0.205415	0.978675
-713.272	1928.91	0.215061	0.976601
-709.044	1929.86	0.224493	0.974476
-704.896	1930.84	0.236672	0.97159
-700.838	1931.85	0.25153	0.96785
-696.887	1932.9	0.266059	0.963957
-693.058	1933.98	0.280224	0.959935
-689.358	1935.09	0.292437	0.956285
-685.786	1936.2	0.302737	0.953074
-682.334	1937.31	0.312749	0.949836
-679	1938.42	0.322478	0.946577
-675.783	1939.53	0.331926	0.943305
-672.682	1940.64	0.341241	0.939976
-669.698	1941.73	0.350419	0.936593
-666.832	1942.82	0.359312	0.933217
-664.085	1943.89	0.367921	0.929857
-661.455	1944.94	0.375463	0.926837
-658.936	1945.97	0.381963	0.924178
-656.525	1946.97	0.388233	0.921561
-654.216	1947.95	0.394286	0.918988
-652.006	1948.91	0.399893	0.916562
-649.897	1949.83	0.405048	0.914295
-647.897	1950.72	0.409972	0.912098
-646.016	1951.57	0.414637	0.909987
-644.267	1952.37	0.41902	0.907977
-642.664	1953.12	0.420564	0.907263
-641.212	1953.79	0.419313	0.907842
-639.909	1954.39	0.417856	0.908513
-638.757	1954.92	0.416207	0.90927
-637.754	1955.38	0.415694	0.909505
-636.903	1955.77	0.416292	0.909231
-636.203	1956.09	0.416665	0.90906
-635.654	1956.34	0.416826	0.908986
-635.256	1956.52	0.416972	0.908919
-635.007	1956.64	0.417117	0.908853
-634.899	1956.68	0.418517	0.908209
-634.885	1956.69	0.419888	0.907576
-634.885	1956.69	0.419888	0.907576
-634.885	1956.69	0.419888	0.907576
-634.885	1956.69	0.419888	0.907576
-634.885	1956.69	0.419888	0.907576
-634.885	1956.69	0.419904	0.907568
-634.884	1956.69	0.419954	0.907545
-634.883	1956.69	0.420037	0.907507
-634.882	1956.69	0.420153	0.907453
-634.881	1956.69	0.420303	0.907384
-634.88	1956.69	0.420485	0.907299
-634.878	1956.69	0.420701	0.907199
-634.876	1956.7	0.42095	0.907084
-634.873	1956.7	0.421232	0.906953
-634.87	1956.7	0.421548	0.906806
-634.867	1956.7	0.421896	0.906644
-634.864	1956.7	0.422278	0.906467
-634.86	1956.7	0.422692	0.906273
-634.856	1956.7	0.42314	0.906064
-634.852	1956.71	0.423621	0.90584
-634.848	1956.71	0.424135	0.905599
-634.843	1956.71	0.424682	0.905343
-634.838	1956.71	0.425262	0.905071
-634.833	1956.72	0.425874	0.904782
-634.827	1956.72	0.42652	0.904478
-634.821	1956.72	0.427199	0.904158
-634.815	1956.72	0.42791	0.903821
-634.808	1956.73	0.428654	0.903469
-634.801	1956.73	0.429432	0.903099
-634.794	1956.73	0.430241	0.902714
-634.787	1956.74	0.431084	0.902312
-634.779	1956.74	0.431959	0.901893
-634.771	1956.74	0.432867	0.901458
-634.763	1956.75	0.433807	0.901006
-634.755	1956.75	0.43478	0.900537
-634.746	1956.76	0.435786	0.900051
-634.737	1956.76	0.436823	0.899547
-634.727	1956.77	0.437893	0.899027
-634.718	1956.77	0.438996	0.898489
-634.708	1956.78	0.44013	0.897934
-634.698	1956.78	0.441297	0.897361
-634.687	1956.79	0.442496	0.89677
-634.676	1956.79	0.443727	0.896162
-634.665	1956.8	0.44499	0.895535
-634.654	1956.8	0.446285	0.894891
-634.642	1956.81	0.447612	0.894228
-634.63	1956.81	0.44897	0.893547
-634.618	1956.82	0.45036	0.892847
-634.606	1956.83	0.451782	0.892128
-634.593	1956.83	0.453235	0.891391
-634.58	1956.84	0.45472	0.890635
-634.567	1956.85	0.456236	0.889859
-634.553	1956.85	0.457783	0.889064
-634.539	1956.86	0.459358	0.888251
-634.525	1956.87	0.460965	0.887418
-634.511	1956.87	0.462605	0.886564
-634.496	1956.88	0.464274	0.885692
-634.481	1956.89	0.465973	0.884799
-634.466	1956.9	0.467702	0.883886
-634.451	1956.91	0.469462	0.882952
-634.435	1956.91	0.471253	0.881998
-634.419	1956.92	0.473074	0.881023
-634.403	1956.93	0.474926	0.880026
-634.386	1956.94	0.476807	0.879008
-634.37	1956.95	0.478718	0.877968
-634.353	1956.96	0.48066	0.876907
-634.335	1956.97	0.482631	0.875824
-634.318	1956.98	0.484632	0.874718
-634.3	1956.99	0.486662	0.87359
-634.282	1957	0.488722	0.87244
-634.264	1957.01	0.49081	0.871266
-634.245	1957.02	0.492928	0.87007
-634.226	1957.03	0.495075	0.86885
-634.207	1957.04	0.497251	0.867607
-634.186	1957.05	0.499678	0.866211
-634.166	1957.06	0.501913	0.864918
-634.146	1957.08	0.504177	0.8636
-634.126	1957.09	0.50647	0.862258
-634.106	1957.1	0.50879	0.860891
-634.085	1957.11	0.511138	0.859499
-634.065	1957.12	0.513514	0.858081
-634.044	1957.14	0.515917	0.856639
-634.022	1957.15	0.518347	0.85517
-634.001	1957.16	0.520805	0.853676
-633.979	1957.18	0.52329	0.852155
-633.957	1957.19	0.525801	0.850608
-633.935	1957.2	0.528339	0.849033
-633.912	1957.22	0.530904	0.847432
-633.889	1957.23	0.533494	0.845804
-633.866	1957.25	0.536111	0.844148
-633.843	1957.26	0.538753	0.842464
-633.82	1957.28	0.541421	0.840752
-633.796	1957.29	0.544114	0.839011
-633.772	1957.31	0.546833	0.837242
-633.748	1957.32	0.549576	0.835444
-633.724	1957.34	0.552344	0.833616
-633.7	1957.36	0.555136	0.831759
-633.675	1957.37	0.557953	0.829873
-633.65	1957.39	0.560794	0.827956
-633.625	1957.41	0.563658	0.826008
-633.6	1957.42	0.566546	0.82403
-633.574	1957.44	0.569457	0.822021
-633.548	1957.46	0.572391	0.819981
-633.523	1957.48	0.575348	0.817909
-633.496	1957.49	0.578327	0.815805
-633.47	1957.51	0.581329	0.813669
-633.444	1957.53	0.584352	0.8115
-633.417	1957.55	0.587397	0.809299
-633.39	1957.57	0.590463	0.807064
-633.363	1957.59	0.593551	0.804797
-633.336	1957.61	0.596659	0.802495
-633.308	1957.63	0.599788	0.800159
-633.281	1957.65	0.602936	0.797789
-633.253	1957.67	0.606105	0.795385
-633.225	1957.7	0.609293	0.792945
-633.197	1957.72	0.6125	0.79047
-633.169	1957.74	0.615727	0.78796
-633.14	1957.76	0.618972	0.785413
-633.111	1957.78	0.622235	0.782831
-633.083	1957.81	0.625516	0.780212
-633.054	1957.83	0.628814	0.777556
-633.025	1957.85	0.63213	0.774863
-632.995	1957.88	0.635462	0.772132
-632.966	1957.9	0.638811	0.769364
-632.937	1957.93	0.642176	0.766557
-632.907	1957.95	0.645557	0.763712
-632.877	1957.98	0.648953	0.760828
-632.847	1958	0.652364	0.757906
-632.817	1958.03	0.65579	0.754943
-632.787	1958.05	0.65923	0.751941
-632.757	1958.08	0.662684	0.748899
-632.726	1958.11	0.666151	0.745817
-632.696	1958.14	0.669631	0.742694
-632.665	1958.16	0.673123	0.73953
-632.635	1958.19	0.676628	0.736325
-632.604	1958.22	0.680144	0.733078
-632.573	1958.25	0.683672	0.72979
-632.542	1958.28	0.68721	0.726459
-632.511	1958.31	0.690759	0.723085
-632.48	1958.34	0.694318	0.719669
-632.448	1958.37	0.697886	0.716209
-632.417	1958.4	0.701463	0.712706
-632.385	1958.43	0.705048	0.709159
-632.354	1958.46	0.708642	0.705568
-632.322	1958.49	0.712243	0.701933
-632.291	1958.52	0.715851	0.698253
-632.259	1958.56	0.719466	0.694528
-632.227	1958.59	0.723086	0.690758
-632.196	1958.62	0.726712	0.686942
-632.164	1958.66	0.730343	0.68308
-632.132	1958.69	0.733979	0.679172
-632.1	1958.73	0.737618	0.675218
-632.068	1958.76	0.741261	0.671217
-632.036	1958.8	0.744907	0.667168
-632.004	1958.83	0.748555	0.663073
-631.972	1958.87	0.752205	0.65893
-631.94	1958.91	0.755856	0.654738
-631.908	1958.94	0.759507	0.650499
-631.876	1958.98	0.763158	0.646212
-631.844	1959.02	0.766809	0.641875
-631.812	1959.06	0.770459	0.63749
-631.78	1959.1	0.774107	0.633055
-631.748	1959.13	0.777752	0.628571
-631.716	1959.17	0.781395	0.624037
-631.684	1959.21	0.785033	0.619453
-631.653	1959.25	0.788668	0.614819
-631.621	1959.3	0.792298	0.610135
-631.589	1959.34	0.795922	0.6054
-631.557	1959.38	0.799539	0.600614
-631.526	1959.42	0.80315	0.595776
-631.494	1959.46	0.806754	0.590887
-631.462	1959.51	0.810349	0.585947
-631.431	1959.55	0.813936	0.580955
-631.4	1959.6	0.817513	0.575911
-631.368	1959.64	0.821079	0.570814
-631.337	1959.69	0.824635	0.565665
-631.306	1959.73	0.828179	0.560464
-631.275	1959.78	0.831711	0.555209
-631.244	1959.82	0.835229	0.549902
-631.214	1959.87	0.838734	0.544542
-631.183	1959.92	0.842224	0.539128
-631.153	1959.97	0.845699	0.53366
-631.122	1960.01	0.849158	0.528139
-631.092	1960.06	0.8526	0.522565
-631.062	1960.11	0.856024	0.516936
-631.032	1960.16	0.85943	0.511253
-631.003	1960.21	0.862817	0.505516
-630.973	1960.26	0.866184	0.499725
-630.944	1960.31	0.869531	0.493879
-630.915	1960.37	0.872856	0.487978
-630.886	1960.42	0.876158	0.482023
-630.857	1960.47	0.879438	0.476014
-630.828	1960.52	0.882694	0.469949
-630.8	1960.58	0.885924	0.46383
-630.772	1960.63	0.88913	0.457655
-630.744	1960.69	0.892309	0.451426
-630.716	1960.74	0.89546	0.445141
-630.689	1960.8	0.898584	0.438802
-630.662	1960.85	0.901679	0.432407
-630.635	1960.91	0.904743	0.425957
-630.608	1960.96	0.907778	0.419452
-630.582	1961.02	0.91078	0.412892
-630.556	1961.08	0.91375	0.406276
-630.53	1961.14	0.916687	0.399606
-630.505	1961.2	0.91959	0.39288
-630.48	1961.26	0.922457	0.3861
-630.455	1961.32	0.925289	0.379264
-630.43	1961.38	0.928083	0.372373
-630.406	1961.44	0.93084	0.365428
-630.382	1961.5	0.933558	0.358427
-630.359	1961.56	0.936236	0.351372
-630.336	1961.62	0.938873	0.344263
-630.313	1961.69	0.941469	0.337099
-630.29	1961.75	0.944023	0.32988
-630.268	1961.81	0.946532	0.322611
-630.247	1961.88	0.948997	0.315284
-630.226	1961.94	0.951418	0.307904
-630.205	1962.01	0.953792	0.300469
-630.184	1962.07	0.956117	0.292985
-630.164	1962.14	0.958395	0.285447
-630.145	1962.2	0.960623	0.277856
-630.126	1962.27	0.962801	0.270212
-630.107	1962.34	0.96494	0.262472
-630.088	1962.41	0.967062	0.25454
-630.07	1962.48	0.969157	0.246446
-630.052	1962.55	0.971192	0.238298
-630.035	1962.62	0.973168	0.230098
-630.018	1962.69	0.975087	0.221824
-630.001	1962.77	0.97699	0.213285
-629.984	1962.85	0.978953	0.204088
-629.966	1962.94	0.981005	0.193982
-629.948	1963.03	0.983101	0.183066
-629.93	1963.13	0.985159	0.171645
-629.913	1963.23	0.987146	0.159821
-629.894	1963.35	0.98925	0.146234
-629.88	1963.45	0.99091	0.134529
-629.864	1963.57	0.992683	0.120746
-629.849	1963.7	0.99437	0.105964
-629.835	1963.84	0.995944	0.0899807
-629.823	1963.99	0.997356	0.0726664
-629.812	1964.15	0.998554	0.0537564
-629.804	1964.33	0.999458	0.0329275
-629.799	1964.53	0.999949	0.0101172
-629.799	1964.74	0.999993	-0.00381767
-629.8	1964.97	0.999996	-0.00266686
-629.8	1965.22	0.999999	-0.00150184
-629.801	1965.48	1	-0.000302794
-629.801	1965.77	1	0.000885237
-629.8	1966.06	0.999998	0.00206249
-629.799	1966.38	0.999994	0.00335677
-629.798	1966.71	0.999988	0.0048182
-629.796	1967.06	0.999981	0.00619664
-629.794	1967.43	0.999972	0.00742156
-629.791	1967.81	0.999964	0.00846851
-629.787	1968.21	0.999954	0.00959141
-629.783	1968.63	0.99994	0.0109461
-629.778	1969.06	0.999925	0.0122712
-629.772	1969.51	0.999908	0.0135663
-629.766	1969.98	0.999888	0.0149639
-629.758	1970.46	0.999863	0.0165317
-629.75	1970.94	0.999837	0.0180716
-629.741	1971.44	0.999808	0.0195895
-629.729	1971.99	0.999772	0.0213332
-629.718	1972.49	0.999735	0.0230066
-629.707	1972.95	0.9997	0.0245046
-629.693	1973.52	0.999653	0.026325
-629.679	1974.04	0.999609	0.0279709
-629.664	1974.56	0.99956	0.029673
-629.648	1975.09	0.999506	0.0314316
-629.631	1975.63	0.999449	0.0331833
-629.612	1976.17	0.99939	0.0349275
-629.593	1976.71	0.999326	0.0367112
-629.572	1977.26	0.999257	0.0385334
-629.551	1977.81	0.999186	0.0403479
-629.528	1978.37	0.999111	0.0421576
-629.504	1978.92	0.999032	0.043994
-629.479	1979.48	0.998948	0.0458569
-629.453	1980.04	0.998861	0.0477153
-629.425	1980.61	0.998771	0.0495693
-629.397	1981.18	0.998676	0.0514464
-629.367	1981.75	0.998576	0.0533464
-629.336	1982.32	0.998473	0.0552413
-629.304	1982.89	0.998367	0.0571315
-629.27	1983.47	0.998257	0.0590177
-629.236	1984.05	0.998142	0.060931
-629.2	1984.63	0.998022	0.0628722
-629.162	1985.22	0.997898	0.0648105
-629.124	1985.8	0.99777	0.0667443
-629.084	1986.39	0.997638	0.0686882
-629.042	1986.99	0.997502	0.0706422
-629	1987.59	0.997362	0.0725906
-628.955	1988.19	0.997219	0.0745334
-628.91	1988.79	0.997069	0.0765034
-628.863	1989.4	0.996914	0.0785006
-628.814	1990.01	0.996755	0.0804926
-628.764	1990.62	0.996593	0.0824793
-628.713	1991.24	0.996472	0.083926
-628.66	1991.86	0.996395	0.0848326
-628.607	1992.48	0.996318	0.0857335
-628.553	1993.11	0.996241	0.0866287
-628.498	1993.74	0.99618	0.0873247
-628.442	1994.37	0.996136	0.0878217
-628.386	1995.01	0.996093	0.0883128
-628.329	1995.65	0.99605	0.0887981
-628.271	1996.3	0.996005	0.0892952
-628.213	1996.95	0.995959	0.0898042
-628.154	1997.6	0.995914	0.0903069
-628.094	1998.25	0.995869	0.0908033
-628.034	1998.91	0.995824	0.0912924
-627.973	1999.57	0.995778	0.0917958
-627.912	2000.23	0.99573	0.0923172
-627.851	2000.89	0.995681	0.092838
-627.79	2001.55	0.995633	0.0933583
-627.728	2002.21	0.995599	0.0937132
-627.665	2002.87	0.995581	0.0939028
-627.603	2003.53	0.995564	0.0940918
-627.54	2004.19	0.995546	0.0942803
-627.478	2004.86	0.995528	0.0944683
-627.415	2005.52	0.995526	0.0944844
-627.352	2006.18	0.995541	0.0943288
-627.289	2006.84	0.995556	0.0941726
-627.227	2007.5	0.995571	0.0940159
-627.164	2008.17	0.995585	0.0938596
-627.102	2008.83	0.9956	0.0937036
-627.039	2009.49	0.995615	0.0935471
-626.977	2010.16	0.99563	0.0933901
-626.915	2010.82	0.995644	0.0932335
-626.852	2011.49	0.995659	0.0930772
-626.79	2012.15	0.995674	0.0929204
-626.728	2012.82	0.995688	0.092763
-626.666	2013.48	0.995703	0.092606
-626.604	2014.15	0.995717	0.0924494
-626.542	2014.82	0.995732	0.0922923
-626.481	2015.48	0.995747	0.0921346
-626.419	2016.15	0.995761	0.0919764
-626.357	2016.82	0.99578	0.0917681
-626.296	2017.49	0.995804	0.0915096
-626.235	2018.15	0.995828	0.0912515
-626.174	2018.81	0.995851	0.0909986
-626.115	2019.46	0.99587	0.0907907
-626.058	2020.09	0.995883	0.0906491
-626.002	2020.71	0.995894	0.0905318
-625.948	2021.3	0.995901	0.090446
-625.891	2021.93	0.995926	0.0901731
-625.846	2022.42	0.995963	0.0897666
-625.799	2022.94	0.996	0.0893496
-625.75	2023.5	0.996038	0.088931
-625.706	2023.99	0.996069	0.0885763
-625.662	2024.48	0.996103	0.0881962
-625.619	2024.97	0.99614	0.0877823
-625.575	2025.46	0.996176	0.0873679
-625.532	2025.96	0.996212	0.086953
-625.489	2026.45	0.996249	0.0865362
-625.446	2026.95	0.996285	0.0861119
-625.402	2027.46	0.996323	0.0856736
-625.357	2027.98	0.996362	0.0852195
-625.312	2028.51	0.996402	0.08475
-625.266	2029.05	0.996437	0.0843447
-625.22	2029.6	0.996465	0.0840037
-625.173	2030.16	0.996495	0.0836477
-625.126	2030.72	0.996526	0.0832767
-625.078	2031.3	0.996557	0.0829092
-625.029	2031.88	0.996587	0.0825469
-624.981	2032.47	0.996618	0.0821742
-624.932	2033.06	0.996649	0.0817948
-624.883	2033.65	0.99668	0.0814209
-624.835	2034.25	0.99671	0.0810537
-624.787	2034.84	0.99674	0.0806842
-624.738	2035.44	0.99677	0.0803139
-624.69	2036.04	0.996799	0.079943
-624.643	2036.63	0.996829	0.079574
-624.595	2037.23	0.996858	0.0792069
-624.548	2037.83	0.996887	0.0788392
-624.5	2038.43	0.996916	0.078471
-624.454	2039.02	0.997036	0.076935
-624.408	2039.62	0.997241	0.0742307
-624.364	2040.22	0.997439	0.0715252
-624.322	2040.82	0.997629	0.0688187
-624.281	2041.42	0.997816	0.0660495
-624.242	2042.02	0.998	0.0632167
-624.204	2042.63	0.998176	0.0603659
-624.168	2043.24	0.998346	0.0574871
-624.133	2043.86	0.998509	0.0545785
-624.1	2044.48	0.998665	0.0516495
-624.069	2045.1	0.998812	0.0487208
-624.039	2045.72	0.998951	0.0457938
-624.011	2046.35	0.999079	0.042916
-623.985	2046.97	0.999197	0.0400656
-623.96	2047.61	0.999308	0.0371905
-623.936	2048.26	0.999411	0.0343115
-623.915	2048.91	0.999506	0.0314161
-623.895	2049.58	0.999595	0.0284488
-623.877	2050.25	0.999677	0.0254154
-623.86	2050.93	0.99975	0.0223582
-623.845	2051.62	0.999814	0.0192672
-623.833	2052.33	0.999871	0.0160752
-623.822	2053.06	0.999918	0.0127862
-623.813	2053.8	0.999955	0.00946768
-623.807	2054.56	0.999981	0.00611953
-623.803	2055.34	0.999997	0.00250947
-623.803	2056.14	0.999999	-0.00136263
-623.805	2056.95	0.999986	-0.0052647
-623.811	2057.78	0.999958	-0.00919675
-623.82	2058.62	0.999909	-0.0134886
-623.833	2059.49	0.999835	-0.0181404
-623.851	2060.36	0.99974	-0.0228224
-623.873	2061.26	0.999621	-0.0275346
-623.9	2062.17	0.999479	-0.032277
-623.932	2063.1	0.999308	-0.037184
-623.969	2064.05	0.999107	-0.0422555
-624.012	2065.01	0.998878	-0.0473571
-624.06	2065.99	0.998622	-0.0524887
-624.115	2066.99	0.998333	-0.0577158
-624.175	2068.01	0.998011	-0.0630384
-624.243	2069.04	0.997659	-0.0683907
-624.317	2070.08	0.997275	-0.0737727
-624.398	2071.14	0.99686	-0.0791842
-624.486	2072.22	0.996388	-0.0849165
-624.582	2073.32	0.995854	-0.0909691
-624.686	2074.43	0.995279	-0.0970502
-624.799	2075.56	0.994665	-0.10316
-624.92	2076.7	0.993991	-0.109465
-625.051	2077.86	0.993253	-0.115964
-625.192	2079.04	0.99247	-0.122491
-625.342	2080.23	0.991639	-0.129046
-625.502	2081.44	0.990742	-0.13576
-625.673	2082.66	0.989775	-0.142635
-625.855	2083.9	0.988756	-0.149536
-626.048	2085.15	0.987684	-0.156462
-626.253	2086.42	0.986558	-0.163413
-626.469	2087.7	0.985376	-0.170394
-626.697	2089	0.984138	-0.177404
-626.938	2090.31	0.982844	-0.184438
-627.191	2091.64	0.981494	-0.191495
-627.457	2092.98	0.980105	-0.19848
-627.735	2094.34	0.978795	-0.204841
-628.026	2095.71	0.977695	-0.210031
-628.326	2097.1	0.976746	-0.214398
-628.636	2098.5	0.975755	-0.218864
-628.957	2099.91	0.974669	-0.223654
-629.288	2101.34	0.97357	-0.228388
-629.631	2102.79	0.972458	-0.233078
-629.984	2104.25	0.97131	-0.237817
-630.348	2105.73	0.970154	-0.242488
-630.723	2107.22	0.968992	-0.247093
-631.11	2108.72	0.967807	-0.251695
-631.508	2110.24	0.966599	-0.256294
-631.917	2111.77	0.96537	-0.260885
-632.339	2113.32	0.96412	-0.265466
-632.772	2114.88	0.962848	-0.270044
-633.217	2116.45	0.961553	-0.27462
-633.674	2118.04	0.96024	-0.279175
-634.143	2119.65	0.95891	-0.28371
-634.625	2121.26	0.957558	-0.288241
-635.119	2122.9	0.956183	-0.29277
-635.626	2124.54	0.954776	-0.297327
-636.146	2126.2	0.953336	-0.301913
-636.679	2127.87	0.951872	-0.306495
-637.225	2129.55	0.950386	-0.311073
-637.785	2131.25	0.948876	-0.315648
-638.358	2132.96	0.947327	-0.320267
-638.945	2134.69	0.945738	-0.32493
-639.545	2136.43	0.944125	-0.329589
-640.16	2138.18	0.942487	-0.334243
-640.79	2139.94	0.940724	-0.339174
-641.434	2141.72	0.938831	-0.344379
-642.094	2143.5	0.936907	-0.349578
-642.77	2145.3	0.934953	-0.35477
-643.463	2147.11	0.932883	-0.36018
-644.171	2148.94	0.930691	-0.365805
-644.897	2150.77	0.928464	-0.371421
-645.641	2152.62	0.926202	-0.377028
-646.402	2154.47	0.923976	-0.38245
-647.179	2156.34	0.92179	-0.387689
-647.974	2158.22	0.919573	-0.392918
-648.785	2160.1	0.917325	-0.398139
-649.614	2162	0.915045	-0.403351
-650.461	2163.91	0.912746	-0.408526
-651.326	2165.83	0.910435	-0.413652
-652.208	2167.76	0.908094	-0.418767
-653.108	2169.7	0.905721	-0.423874
-654.026	2171.65	0.90326	-0.429095
-654.963	2173.61	0.900676	-0.434492
-655.919	2175.58	0.898058	-0.439877
-656.894	2177.56	0.895406	-0.44525
-657.889	2179.55	0.89272	-0.450612
-658.903	2181.54	0.889988	-0.455984
-659.936	2183.55	0.887204	-0.461378
-660.99	2185.56	0.884385	-0.466758
-662.064	2187.59	0.881531	-0.472126
-663.158	2189.62	0.878642	-0.477482
-664.272	2191.66	0.875716	-0.482827
-665.407	2193.7	0.872755	-0.488159
-666.563	2195.76	0.869759	-0.493476
-667.739	2197.82	0.866842	-0.498584
-668.936	2199.89	0.864062	-0.503386
-670.152	2201.97	0.86125	-0.508182
-671.389	2204.05	0.858401	-0.512979
-672.646	2206.14	0.855628	-0.517591
-673.922	2208.25	0.853231	-0.521534
-675.216	2210.35	0.851475	-0.524395
-676.525	2212.47	0.850459	-0.526041
-677.845	2214.61	0.84988	-0.526976
-679.176	2216.75	0.849413	-0.527729
-680.518	2218.91	0.848791	-0.528729
-681.873	2221.08	0.847331	-0.531066
-683.244	2223.26	0.844801	-0.53508
-684.637	2225.45	0.841184	-0.540748
-686.055	2227.64	0.836812	-0.54749
-687.646	2230.05	0.831268	-0.555872
-688.975	2232.02	0.826347	-0.563162
-690.481	2234.21	0.82071	-0.571345
-692.175	2236.62	0.814405	-0.580297
-693.747	2238.81	0.808581	-0.588385
-695.351	2241	0.802654	-0.596445
-696.987	2243.18	0.796625	-0.604474
-698.655	2245.36	0.790522	-0.612434
-700.355	2247.54	0.784345	-0.620325
-702.088	2249.71	0.778067	-0.628182
-703.852	2251.88	0.771686	-0.636004
-705.649	2254.04	0.765388	-0.643569
-707.478	2256.2	0.75918	-0.65088
-709.339	2258.35	0.752878	-0.65816
-711.231	2260.5	0.746482	-0.665405
-713.155	2262.64	0.739991	-0.672616
-715.111	2264.78	0.733526	-0.679662
-717.099	2266.91	0.727088	-0.686544
-719.118	2269.03	0.720564	-0.693388
-721.169	2271.14	0.714063	-0.700081
-723.251	2273.25	0.708074	-0.706138
-725.362	2275.36	0.702732	-0.711455
-727.5	2277.45	0.697708	-0.716382
-729.665	2279.55	0.692938	-0.720997
-731.855	2281.65	0.688532	-0.725206
-734.069	2283.74	0.685127	-0.728424
-736.304	2285.84	0.682948	-0.730467
-738.556	2287.94	0.681591	-0.731733
-740.823	2290.05	0.680862	-0.732412
-743.104	2292.17	0.681212	-0.732086
-745.395	2294.3	0.682869	-0.730541
-747.692	2296.45	0.685651	-0.72793
-749.991	2298.63	0.689075	-0.72469
-752.292	2300.83	0.692907	-0.721027
-754.593	2303.05	0.697141	-0.716934
-756.893	2305.29	0.701377	-0.712791
-759.191	2307.57	0.705612	-0.708598
-761.487	2309.86	0.709644	-0.70456
-763.783	2312.19	0.713475	-0.700681
-766.077	2314.53	0.717309	-0.696755
-768.371	2316.9	0.721146	-0.692783
-770.663	2319.3	0.72454	-0.689233
-772.956	2321.72	0.72705	-0.686584
-775.253	2324.16	0.728439	-0.68511
-777.558	2326.61	0.728291	-0.685268
-779.878	2329.07	0.726876	-0.686769
-782.216	2331.54	0.724016	-0.689783
-784.578	2334.01	0.719574	-0.694415
-786.97	2336.47	0.714138	-0.700005
-789.393	2338.92	0.708185	-0.706027
-791.849	2341.37	0.702268	-0.711913
-794.337	2343.81	0.696415	-0.71764
-796.857	2346.24	0.690493	-0.723339
-799.409	2348.66	0.684656	-0.728867
-801.992	2351.07	0.679299	-0.733862
-804.604	2353.48	0.674645	-0.738142
-807.243	2355.88	0.670974	-0.741481
-809.903	2358.28	0.668848	-0.743399
-812.578	2360.68	0.668022	-0.744141
-815.263	2363.09	0.66814	-0.744035
-817.952	2365.51	0.668953	-0.743304
-820.645	2367.93	0.670348	-0.742047
-823.338	2370.37	0.672716	-0.739901
-826.027	2372.83	0.676725	-0.736236
-828.704	2375.3	0.682025	-0.731329
-831.367	2377.8	0.687503	-0.726182
-834.015	2380.32	0.692952	-0.720984
-836.648	2382.87	0.698845	-0.715273
-839.264	2385.44	0.705172	-0.709036
-841.86	2388.04	0.711451	-0.702735
-844.436	2390.67	0.717682	-0.696371
-846.992	2393.32	0.723864	-0.689943
-849.528	2396	0.729429	-0.684057
-852.046	2398.7	0.734392	-0.678726
-854.548	2401.43	0.739322	-0.673352
-857.032	2404.17	0.744218	-0.667937
-859.498	2406.93	0.749275	-0.662259
-861.945	2409.72	0.754208	-0.656635
-864.374	2412.52	0.758428	-0.651757
-866.788	2415.35	0.761664	-0.647972
-869.192	2418.18	0.763402	-0.645923
-871.594	2421.02	0.76399	-0.645228
-873.995	2423.87	0.764527	-0.644591
-876.394	2426.71	0.76558	-0.643341
-878.791	2429.57	0.767134	-0.641487
-881.182	2432.44	0.768741	-0.63956
-883.567	2435.31	0.770726	-0.637167
-885.944	2438.2	0.774008	-0.633175
-888.306	2441.1	0.778379	-0.627795
-890.651	2444.02	0.780307	-0.625397
-892.997	2446.94	0.779528	-0.626367
-895.349	2449.87	0.778753	-0.627331
-897.707	2452.79	0.777981	-0.628288
-900.071	2455.72	0.777001	-0.6295
-902.442	2458.64	0.775813	-0.630963
-904.82	2461.56	0.774398	-0.632699
-907.209	2464.47	0.772534	-0.634974
-909.609	2467.39	0.770228	-0.637769
-912.02	2470.29	0.769882	-0.638186
-914.429	2473.21	0.771739	-0.635939
-916.832	2476.13	0.773831	-0.633393
-919.225	2479.06	0.77664	-0.629945
-921.606	2482.01	0.780753	-0.62484
-923.967	2484.98	0.78564	-0.618684
-926.307	2487.97	0.790483	-0.612484
-928.626	2490.98	0.795282	-0.606239
-930.922	2494.02	0.800036	-0.599951
-933.197	2497.07	0.804664	-0.593731
-935.45	2500.14	0.809127	-0.587634
-937.682	2503.24	0.813548	-0.581498
-939.893	2506.35	0.817927	-0.575323
-942.081	2509.48	0.823592	-0.567183
-944.234	2512.64	0.831137	-0.556067
-946.346	2515.84	0.838537	-0.544844
-948.416	2519.06	0.845791	-0.533515
-950.445	2522.32	0.852829	-0.52219
-952.433	2525.6	0.859624	-0.510927
-954.379	2528.91	0.866275	-0.499568
-956.282	2532.26	0.872779	-0.488116
-958.144	2535.63	0.879076	-0.476682
-959.963	2539.02	0.884542	-0.466461
-961.749	2542.44	0.88891	-0.458081
-963.504	2545.88	0.892714	-0.450623
-965.407	2549.67	0.895732	-0.444595
-967.12	2553.14	0.896888	-0.442257
-968.831	2556.61	0.896807	-0.442421
-970.545	2560.08	0.896317	-0.443413
-972.266	2563.55	0.895552	-0.444956
-973.995	2567.03	0.894408	-0.447253
-975.736	2570.5	0.892722	-0.450608
-977.494	2573.96	0.890512	-0.45496
-979.271	2577.42	0.888024	-0.459798
-981.068	2580.88	0.885709	-0.464241
-982.883	2584.32	0.88362	-0.468206
-984.715	2587.77	0.881509	-0.472167
-986.564	2591.2	0.879388	-0.476107
-988.43	2594.64	0.87792	-0.478808
-990.304	2598.07	0.877405	-0.479751
-992.182	2601.5	0.877486	-0.479602
-994.059	2604.94	0.878164	-0.47836
-995.931	2608.38	0.879515	-0.475872
-997.792	2611.84	0.882389	-0.47052
-999.627	2615.31	0.886712	-0.462323
-1001.43	2618.8	0.891725	-0.452578
-1003.19	2622.32	0.897619	-0.440772
-1004.91	2625.86	0.904007	-0.427518
-1006.57	2629.44	0.910297	-0.413956
-1008.18	2633.04	0.916387	-0.400294
-1009.74	2636.66	0.922275	-0.386535
-1011.25	2640.31	0.927478	-0.373877
-1012.71	2643.99	0.931737	-0.363134
-1014.13	2647.68	0.935278	-0.353915
-1015.52	2651.39	0.938098	-0.346369
-1016.88	2655.11	0.939741	-0.341887
-1018.24	2658.84	0.940347	-0.340216
-1019.58	2662.58	0.940543	-0.339674
-1020.94	2666.32	0.940326	-0.340275
-1022.29	2670.06	0.938993	-0.343936
-1023.67	2673.79	0.93659	-0.350426
-1025.08	2677.52	0.933985	-0.357312
-1026.52	2681.24	0.931357	-0.364107
-1027.98	2684.96	0.928693	-0.37085
-1029.47	2688.67	0.926529	-0.376225
-1030.99	2692.37	0.924888	-0.38024
-1032.51	2696.07	0.923277	-0.384136
-1034.06	2699.77	0.921891	-0.387449
-1035.62	2703.47	0.919138	-0.393935
-1037.22	2707.15	0.915331	-0.402701
-1038.85	2710.82	0.912817	-0.40837
-1040.49	2714.49	0.911611	-0.411053
-1042.15	2718.16	0.914486	-0.404618
-1043.75	2721.86	0.920723	-0.390217
-1045.3	2725.58	0.926737	-0.375711
-1046.8	2729.33	0.932526	-0.361103
-1048.23	2733.1	0.938088	-0.346398
-1049.61	2736.91	0.943716	-0.330757
-1050.92	2740.73	0.949367	-0.31417
-1052.16	2744.59	0.954729	-0.297478
-1053.34	2748.47	0.9598	-0.280685
-1054.46	2752.37	0.96417	-0.265287
-1055.51	2756.29	0.967655	-0.252279
-1056.52	2760.23	0.97049	-0.241143
-1057.48	2764.18	0.972604	-0.23247
-1058.42	2768.14	0.973775	-0.227513
-1059.34	2772.11	0.974235	-0.225536
-1060.26	2776.08	0.974325	-0.225146
-1061.18	2780.06	0.974027	-0.226434
-1062.11	2784.04	0.973516	-0.228617
-1063.05	2788.02	0.971374	-0.237554
-1064.05	2791.99	0.967414	-0.253199
-1065.11	2795.95	0.963199	-0.268789
-1066.24	2799.89	0.958732	-0.28431
-1067.43	2803.82	0.95391	-0.300093
-1068.69	2807.73	0.948718	-0.316123
-1070.02	2811.63	0.943264	-0.332044
-1071.41	2815.5	0.937585	-0.347756
-1072.87	2819.36	0.93187	-0.362792
-1074.39	2823.19	0.929964	-0.36765
-1075.9	2827.03	0.93245	-0.361299
-1077.37	2830.89	0.936157	-0.351582
-1078.81	2834.77	0.940882	-0.338733
-1080.18	2838.67	0.946692	-0.322139
-1081.49	2842.6	0.952974	-0.303053
-1082.71	2846.56	0.958873	-0.283835
-1083.86	2850.55	0.964388	-0.264492
-1084.92	2854.56	0.96952	-0.245014
-1085.91	2858.6	0.974021	-0.226458
-1086.82	2862.65	0.977626	-0.210352
-1087.67	2866.73	0.980382	-0.197108
-1088.48	2870.81	0.981114	-0.19343
-1089.29	2874.9	0.980342	-0.197306
-1090.12	2878.99	0.979654	-0.200694
-1090.96	2883.08	0.978951	-0.204094
-1091.82	2887.17	0.978338	-0.207014
-1092.69	2891.26	0.977678	-0.210109
-1093.58	2895.35	0.977156	-0.212521
-1094.47	2899.44	0.977193	-0.212355
-1095.36	2903.54	0.977521	-0.210838
-1096.24	2907.64	0.977689	-0.210056
-1097.12	2911.75	0.977699	-0.210009
-1098	2915.86	0.977711	-0.209955
-1098.89	2919.97	0.977587	-0.210533
-1099.78	2924.09	0.977072	-0.212908
-1100.68	2928.2	0.976144	-0.217125
-1101.61	2932.32	0.974831	-0.222944
-1102.56	2936.43	0.973006	-0.230779
-1103.55	2940.54	0.97099	-0.239119
-1104.57	2944.64	0.968936	-0.247313
-1105.63	2948.74	0.966586	-0.256342
-1106.74	2952.83	0.963864	-0.266394
-1107.88	2956.91	0.96314	-0.269
-1109.01	2961	0.964424	-0.26436
-1110.13	2965.09	0.965589	-0.260074
-1111.33	2969.61	0.967512	-0.252825
-1112.29	2973.32	0.968542	-0.24885
-1113.35	2977.44	0.969118	-0.246599
-1114.39	2981.57	0.969816	-0.243837
-1115.43	2985.7	0.970306	-0.24188
-1116.46	2989.84	0.970572	-0.240811
-1117.48	2993.99	0.970631	-0.240575
-1118.51	2998.13	0.970596	-0.240716
-1119.54	3002.28	0.970609	-0.24066
-1120.57	3006.44	0.970657	-0.240469
-1121.6	3010.6	0.970612	-0.240649
-1122.63	3014.76	0.970472	-0.241216
-1123.67	3018.93	0.970331	-0.241781
-1124.71	3023.1	0.97019	-0.242347
-1125.75	3027.27	0.970126	-0.242603
-1126.8	3031.44	0.970177	-0.242396
-1127.84	3035.63	0.970229	-0.242188
-1128.89	3039.81	0.970281	-0.24198
-1129.93	3044	0.97045	-0.241304
-1130.97	3048.2	0.970791	-0.239925
-1132.01	3052.4	0.971131	-0.238546
-1133.04	3056.6	0.97147	-0.237164
-1134.06	3060.82	0.971806	-0.235782
-1135.08	3065.03	0.972442	-0.233144
-1136.09	3069.26	0.973516	-0.22862
-1137.08	3073.5	0.974569	-0.224088
-1138.04	3077.74	0.975602	-0.219548
-1138.99	3082.01	0.976547	-0.215304
-1139.93	3086.28	0.977376	-0.211511
-1140.85	3090.58	0.978191	-0.207709
-1141.76	3094.89	0.978992	-0.203901
-1142.66	3099.22	0.979748	-0.200236
-1143.53	3103.55	0.980446	-0.19679
-1144.4	3107.88	0.981131	-0.193342
-1145.25	3112.22	0.981805	-0.189893
-1146.08	3116.57	0.982436	-0.1866
-1146.9	3120.91	0.983011	-0.183545
-1147.71	3125.26	0.983577	-0.180488
-1148.5	3129.61	0.984133	-0.17743
-1149.28	3133.96	0.98468	-0.174369
