0	0
0	0
0	0
0	0
0	0
0	0
0	0
0	0
0	0
0	0
0	0
0	0
0	0
0	0
0	0
0	0
0	0
0	0
0	0
0	0
0	0
0	0
0	0
0	0
0	0
0	0
0	0
0	0
0	0
0	0
0	0
0	0
0.0200421	0.00550539
0.0400861	0.0110088
0.0601075	0.0165035
0.0801309	0.0219963
0.100156	0.0274871
0.120184	0.0329759
0.140164	0.0384493
0.160146	0.0439208
0.18013	0.0493902
0.200116	0.0548578
0.220104	0.0603234
0.240032	0.0657702
0.259963	0.0712151
0.279895	0.0766581
0.299829	0.0820991
0.338886	0.0927525
0.393489	0.10763
0.472046	0.129002
0.575506	0.157091
0.691839	0.188594
0.80799	0.219965
0.924206	0.25127
1.04049	0.282507
1.15683	0.313679
1.27324	0.344783
1.38929	0.375708
1.5054	0.406566
1.62158	0.437358
1.10418	1.10186
1.17579	1.17685
1.2491	1.25014
1.32241	1.32343
1.39572	1.39672
1.46903	1.47001
1.53799	1.5475
1.61123	1.62071
1.68447	1.69391
1.75776	1.76707
1.83113	1.84014
1.90312	1.91415
1.97634	1.98693
2.04963	2.05964
2.12299	2.13228
2.1952	2.20571
2.26843	2.27812
2.34171	2.35049
2.41505	2.42279
2.48838	2.4951
2.56025	2.56842
2.63339	2.64047
2.70658	2.71248
2.77978	2.78447
2.85178	2.85731
2.92468	2.92925
2.99764	3.00112
3.07066	3.07294
3.14362	3.14482
3.21431	3.21859
3.28725	3.2901
3.36021	3.36158
3.43318	3.43306
3.50601	3.50469
3.57726	3.57746
3.64993	3.64879
3.72258	3.72015
3.79519	3.79155
3.86675	3.86364
3.93952	3.93454
4.01242	4.00529
4.08544	4.07593
4.1585	4.14652
4.22879	4.21951
4.30152	4.29006
4.37416	4.3607
4.44683	4.4313
4.51829	4.50278
4.59112	4.57287
4.66393	4.64299
4.73607	4.71378
4.80798	4.78479
4.87117	4.86448
4.943	4.93553
5.01488	5.00653
5.08671	5.07757
5.1586	5.14857
5.2283	5.22131
5.30003	5.29202
5.37169	5.3628
5.44334	5.43359
5.51169	5.50743
5.58323	5.57807
5.65476	5.64873
5.72629	5.71938
5.79783	5.79003
5.86709	5.86251
5.93841	5.93295
6.00492	5.9986
6.04529	6.03816
6.07723	6.06961
6.08441	6.08324
6.0939	6.0926
6.10338	6.10197
6.11287	6.11134
6.20914	6.03468
6.21902	6.04442
6.2289	6.05416
6.23877	6.06392
6.24865	6.07366
6.26073	6.08128
6.27065	6.09106
6.28057	6.10084
6.29048	6.11063
6.29704	6.12345
6.3068	6.13308
6.31656	6.1427
6.32632	6.15233
6.33608	6.16195
6.34619	6.17116
6.35592	6.18076
6.36565	6.19035
6.37536	6.19996
6.38511	6.20954
6.39142	6.22225
6.40098	6.2317
6.41057	6.24113
6.42015	6.25057
6.42998	6.25972
6.43953	6.26914
6.44908	6.27856
6.45862	6.28799
6.4681	6.29748
6.47406	6.3102
6.48347	6.31948
6.49288	6.32876
6.50228	6.33804
6.51192	6.34704
6.5213	6.3563
6.5308	6.36543
6.54021	6.37467
6.54959	6.38392
6.55535	6.39653
6.5646	6.40566
6.57385	6.41478
6.5831	6.4239
6.59234	6.43304
6.60184	6.44185
6.61106	6.45094
6.62028	6.46004
6.6294	6.46924
6.63676	6.48005
6.64591	6.48907
6.65506	6.4981
6.66421	6.50712
6.67335	6.51615
6.67871	6.52873
6.68783	6.53755
6.69694	6.54637
6.70599	6.55526
6.71518	6.56396
6.72419	6.57284
6.73318	6.58174
6.74219	6.59062
6.75122	6.59949
6.75837	6.6101
6.7673	6.61892
6.77624	6.62773
6.78518	6.63655
6.79412	6.64536
6.80118	6.65592
6.81005	6.66467
6.81893	6.67342
6.8278	6.68217
6.83474	6.69273
6.84354	6.70144
6.85235	6.71013
6.86117	6.71883
6.86998	6.72752
6.87685	6.73803
6.8856	6.74666
6.89436	6.75529
6.90311	6.76393
6.90988	6.77443
6.91858	6.78301
6.92726	6.79161
6.93596	6.80019
6.94465	6.80877
6.95135	6.81923
6.96	6.82776
6.96864	6.83628
6.97728	6.84481
7.06608	6.77903
7.07769	6.79047
7.10646	6.81832
7.14842	6.85928
7.19363	6.90371
7.25272	6.95757
7.31378	7.0176
7.37871	7.08144
7.447	7.14861
7.51492	7.2154
7.58254	7.28201
7.65041	7.34885
7.72001	7.41732
7.79274	7.48887
7.86833	7.55741
7.94093	7.62894
8.01355	7.70045
8.08616	7.77196
8.15839	7.84308
8.23062	7.9142
8.30284	7.98532
8.37506	8.05644
8.44729	8.12755
8.52191	8.19562
8.59381	8.26642
8.66571	8.33721
8.73762	8.408
8.80845	8.47911
8.8796	8.54989
8.95065	8.62078
9.02181	8.69155
9.09162	8.76294
9.16244	8.83331
9.23322	8.90372
9.30413	8.97401
9.37511	9.04422
9.44514	9.11458
9.51586	9.18424
9.58658	9.2539
9.65731	9.32356
9.72575	9.39479
9.79612	9.4641
9.86649	9.53341
9.93686	9.60272
10.0072	9.67203
10.0756	9.74257
10.1454	9.81162
10.2147	9.88122
10.2844	9.95051
10.3387	10.0338
10.4076	10.1025
10.4768	10.171
10.546	10.2394
10.6153	10.3077
10.678	10.3819
10.7469	10.4498
10.8157	10.5178
10.8842	10.5861
10.9413	10.665
11.0093	10.733
11.0771	10.8012
11.1449	10.8694
11.2129	10.9373
11.2726	11.013
11.3402	11.0806
11.4078	11.1483
11.4752	11.2161
11.533	11.2931
11.6	11.3607
11.667	11.4284
11.7337	11.4963
11.8006	11.5642
11.8539	11.6449
11.9204	11.7124
11.9866	11.7801
12.0526	11.8481
12.1233	11.9111
12.189	11.9791
12.2547	12.0471
12.3203	12.1152
12.386	12.1833
12.4448	12.2576
12.5101	12.3255
12.5754	12.3934
12.6407	12.4613
12.7064	12.5284
12.7707	12.597
12.8349	12.6657
12.899	12.7344
12.963	12.8033
13.0192	12.8794
13.0822	12.9488
13.145	13.0183
13.2077	13.088
13.2664	13.1613
13.3285	13.2311
13.3908	13.3009
13.4533	13.3703
13.5159	13.4397
13.5662	13.5208
13.6299	13.5887
13.6954	13.6546
13.7611	13.7204
13.7499	13.863
13.8143	13.9301
13.8776	13.9982
13.941	14.0664
14.0034	14.1353
14.0547	14.2153
14.1167	14.2844
14.1792	14.3531
14.2415	14.422
14.3073	14.487
14.3696	14.5555
14.4317	14.6241
14.4938	14.6928
14.556	14.7615
14.5381	14.9114
14.6017	14.9801
14.6657	15.0483
14.7296	15.1166
14.7861	15.1921
14.8502	15.26
14.9148	15.3275
14.9794	15.3949
15.0441	15.4622
15.1107	15.5271
15.1761	15.5932
15.2416	15.6592
15.3074	15.7248
15.38	15.7831
15.4454	15.8486
15.5108	15.9141
15.5765	15.9792
15.6422	16.0444
15.7145	16.1024
15.7799	16.1672
15.8451	16.2321
15.9102	16.2972
15.983	16.3542
16.0475	16.4193
16.112	16.4844
16.1767	16.5493
16.2416	16.614
16.3138	16.6709
16.378	16.7357
16.4422	16.8006
16.5063	16.8654
16.5792	16.921
16.6432	16.9856
16.7071	17.0501
16.771	17.1147
16.8441	17.1696
16.9078	17.2339
16.9714	17.2982
17.0351	17.3625
17.0989	17.4267
17.1727	17.4804
17.2376	17.5429
17.3026	17.6053
17.3671	17.6682
17.4357	17.7266
17.4997	17.7897
17.563	17.8534
17.6262	17.9172
17.7059	17.964
17.7689	18.0275
17.8319	18.0911
17.8949	18.1546
17.9579	18.2181
18.0316	18.2704
18.0944	18.3336
18.1571	18.3969
18.2199	18.4602
18.2826	18.5235
18.3504	18.5813
18.4129	18.6443
18.4754	18.7074
18.5379	18.7704
18.6124	18.8212
18.6747	18.8841
18.737	18.9469
18.7991	19.0101
18.8662	19.0678
18.9272	19.1316
18.9883	19.1954
19.0491	19.2594
19.1106	19.3228
19.1919	19.3658
19.2539	19.4283
19.3158	19.4908
19.3777	19.5532
19.4461	19.609
19.5078	19.6713
19.5698	19.7334
19.6321	19.7952
19.6945	19.8568
19.7427	19.9324
19.8048	19.994
19.8665	20.0561
19.9281	20.1182
19.9962	20.1735
20.0576	20.2355
20.1191	20.2974
20.1805	20.3594
20.242	20.4213
20.3244	20.462
20.3857	20.5236
20.4479	20.5844
20.5107	20.6447
20.5803	20.6977
20.6426	20.7582
20.7044	20.819
20.7663	20.8798
20.8281	20.9407
20.9048	20.9864
20.9672	21.0464
21.0299	21.106
21.093	21.1653
21.1637	21.2167
21.2266	21.2758
21.2892	21.3352
21.3518	21.3947
21.4145	21.4542
21.4849	21.5054
21.5478	21.5643
21.6116	21.6222
21.6762	21.6793
21.7415	21.7357
21.8152	21.7833
21.8808	21.8391
21.9466	21.8947
22.0122	21.9505
22.0859	21.9979
22.1506	22.0543
22.2143	22.1117
22.2767	22.1704
22.3399	22.2283
22.4117	22.2773
22.4747	22.3351
22.5372	22.3933
22.599	22.4523
22.6373	22.5344
22.6996	22.5925
22.7624	22.65
22.8253	22.7075
22.888	22.7652
22.9343	22.8388
22.9969	22.8962
23.0598	22.9533
23.1231	23.01
23.1781	23.0746
23.2414	23.131
23.3045	23.1875
23.3681	23.2436
23.4317	23.2997
23.4867	23.3639
23.5506	23.4193
23.6148	23.4745
23.6785	23.53
23.7419	23.5859
23.9495	23.4978
24.0133	23.5538
24.0773	23.6095
24.1415	23.665
24.2067	23.7195
24.2571	23.7883
24.322	23.8426
24.3865	23.8973
24.451	23.9521
24.7565	23.7691
24.8217	23.8272
24.8871	23.8852
24.9531	23.9425
25.0189	24.0001
25.0739	24.0677
25.1377	24.1265
25.1992	24.1876
25.2606	24.2488
25.2873	24.3435
25.3473	24.4048
25.4066	24.4669
25.4653	24.5295
25.5242	24.5919
25.5049	24.7309
25.5628	24.7924
25.6206	24.8538
25.6784	24.9153
25.6947	25.0175
25.7514	25.0793
25.808	25.141
25.8645	25.2029
25.9209	25.2648
25.9347	25.3687
25.9904	25.4304
26.046	25.4923
26.1013	25.5545
26.1116	25.661
26.1665	25.7229
26.2211	25.785
26.2758	25.8472
26.3302	25.9095
26.3283	26.0276
26.3817	26.0903
26.4347	26.1534
26.4875	26.2167
26.5399	26.2803
26.5536	26.3823
26.6062	26.4452
26.6609	26.5062
26.7184	26.5642
26.7567	26.6412
26.8147	26.6985
26.8729	26.7556
26.9313	26.8124
26.9898	26.8693
27.0181	26.9559
27.0758	27.013
27.1336	27.0701
27.1919	27.1268
27.2303	27.2031
27.2891	27.2589
27.3477	27.3149
27.4063	27.371
27.4548	27.437
27.514	27.4921
27.5733	27.5472
27.6327	27.6022
27.6923	27.657
27.7411	27.7223
27.8	27.7774
27.8586	27.8329
27.9177	27.8878
27.977	27.9426
28.0126	28.0208
28.0696	28.0775
28.127	28.1339
28.1849	28.1898
28.1485	28.3402
28.2057	28.397
28.2627	28.454
28.3188	28.5119
28.3742	28.5706
28.4068	28.6518
28.4626	28.7098
28.5181	28.7681
28.5739	28.8262
28.6301	28.8838
28.6733	28.9542
28.7284	29.0127
28.7832	29.0715
28.8383	29.13
28.8956	29.1729
28.925	29.2065
28.9344	29.2197
28.9274	29.2173
28.9203	29.2149
28.9231	29.2025
28.915	29.201
28.9067	29.1997
28.8977	29.199
28.8888	29.1983
28.8913	29.1861
28.8832	29.1846
28.875	29.183
28.8667	29.1816
28.8819	29.1567
28.877	29.1518
28.8721	29.1469
28.8672	29.142
28.8623	29.1371
28.8682	29.1213
28.8633	29.1164
28.8584	29.1115
28.8535	29.1066
28.8701	29.08
28.8651	29.075
28.8602	29.07
28.8552	29.0651
28.8502	29.0601
28.8782	29.0221
28.8752	29.0151
28.8723	29.0079
28.8696	29.0005
28.8673	28.9928
28.8873	28.9627
28.8856	28.9543
28.8833	28.9465
28.8797	28.94
28.887	28.9226
28.884	28.9155
28.8813	28.9081
28.8784	28.9009
28.8745	28.8947
28.8817	28.8774
28.8786	28.8705
28.8759	28.863
28.8731	28.8557
28.8817	28.8371
28.8793	28.8294
28.8755	28.8231
28.8704	28.818
28.8669	28.8115
28.7782	28.8905
28.7756	28.8833
28.7708	28.8783
28.7659	28.8734
28.7504	28.8792
28.7455	28.8744
28.7407	28.8695
28.7358	28.8647
28.731	28.8599
27.9637	29.639
27.9716	29.6468
27.9808	29.6532
27.9902	29.6594
27.9987	29.6666
28.877	28.7819
28.8731	28.7758
28.8682	28.7706
28.8632	28.7656
28.9993	28.6195
28.995	28.614
28.9908	28.6085
28.985	28.6045
28.9786	28.6013
28.9083	28.6617
28.9026	28.6575
28.8959	28.6542
28.8903	28.6498
28.8642	28.666
28.8609	28.6594
28.86	28.6503
28.8598	28.6405
28.8601	28.6302
28.8384	28.642
28.8386	28.6318
28.838	28.6224
28.8368	28.6136
28.8362	28.6043
28.8353	28.5953
28.8349	28.5857
28.8342	28.5765
28.8326	28.5681
28.7985	28.5924
28.7963	28.5847
28.7936	28.5775
28.7906	28.5706
28.7657	28.5857
28.7624	28.5791
28.7598	28.5719
28.7571	28.5647
28.7544	28.5576
28.7416	28.5606
28.7388	28.5536
28.7358	28.5468
28.7329	28.5399
28.7306	28.5324
28.6963	28.5571
28.6936	28.5501
28.6904	28.5437
28.6869	28.5375
28.6505	28.5644
28.6458	28.5597
28.641	28.555
28.6362	28.5503
28.6314	28.5456
28.6157	28.5519
28.6104	28.5478
28.6055	28.5433
28.6008	28.5386
28.5856	28.5445
28.5809	28.5398
28.5762	28.5352
28.5715	28.5306
28.546	28.547
28.5414	28.5424
28.5368	28.5379
28.5322	28.5333
28.5276	28.5287
28.5023	28.545
28.4978	28.5406
28.4931	28.5364
28.488	28.5325
28.4834	28.5281
28.4791	28.5235
28.4746	28.5191
28.47	28.5147
28.4651	28.5107
28.4493	28.5177
28.4439	28.5142
28.4384	28.5109
28.4323	28.5082
28.4249	28.5067
28.4064	28.5165
28.3975	28.5167
28.3889	28.5166
28.3801	28.5167
28.3715	28.5167
28.3621	28.5173
28.352	28.5188
28.3423	28.5198
28.3338	28.5195
28.5803	28.2635
28.5758	28.2585
28.5728	28.2519
28.5719	28.2433
28.593	28.2128
28.5926	28.2038
28.5918	28.1951
28.591	28.1864
28.5904	28.1777
28.6	28.1586
28.5988	28.1505
28.5975	28.1424
28.5963	28.1343
28.5947	28.1265
28.5714	28.1404
28.5692	28.1332
28.5663	28.1267
28.5631	28.1205
28.5275	28.1467
28.523	28.1418
28.5175	28.1379
28.5111	28.1348
28.5043	28.1322
28.465	28.1621
28.4572	28.1604
28.4501	28.1582
28.4431	28.1556
28.4362	28.1532
28.397	28.183
28.3898	28.1808
28.3821	28.1791
28.3741	28.1777
28.3446	28.1979
28.3358	28.1974
28.3267	28.1972
28.3176	28.197
28.3083	28.197
28.2779	28.2181
28.2685	28.2183
28.259	28.2186
28.2492	28.2191
28.2391	28.22
28.2077	28.2423
28.1971	28.2438
28.1862	28.2455
28.1749	28.2478
28.1629	28.2506
28.161	28.2433
28.1486	28.2466
28.1368	28.2492
28.1256	28.2513
28.1048	28.2631
28.0945	28.2643
28.0845	28.2652
28.0752	28.2654
28.0673	28.2642
28.0615	28.261
28.0569	28.2565
28.0524	28.252
28.0479	28.2475
28.0433	28.2429
28.0494	28.2279
28.0448	28.2233
28.0403	28.2188
28.0358	28.2143
28.0732	28.1677
28.0687	28.1631
28.0641	28.1585
28.0595	28.1539
28.0549	28.1493
27.9055	28.2902
27.9013	28.286
27.8972	28.2819
27.893	28.2777
27.8888	28.2735
27.8848	28.2692
27.8806	28.265
27.8765	28.2608
27.8723	28.2567
27.8886	28.2319
27.8844	28.2277
27.8801	28.2235
27.8764	28.2187
27.8732	28.2135
27.8899	28.1882
27.8856	28.1839
27.8813	28.1796
27.877	28.1753
27.8727	28.171
27.9097	28.1252
27.9053	28.1207
27.9009	28.1163
27.8965	28.1119
27.9025	28.097
27.8981	28.0926
27.8937	28.0882
27.8893	28.0838
27.8849	28.0793
27.9013	28.054
27.8968	28.0496
27.893	28.0445
27.8903	28.0383
27.9069	28.0127
27.9025	28.0083
27.8981	28.0037
27.8936	27.9992
27.8892	27.9947
27.9269	27.948
27.9228	27.9432
27.9181	27.9389
27.9136	27.9344
27.93	27.909
27.9253	27.9048
27.9199	27.9013
27.9125	27.8997
27.9051	27.8982
27.909	27.8853
27.9022	27.8833
27.8946	27.8819
27.8867	27.8809
27.8792	27.8795
27.882	27.8678
27.8734	27.8676
27.864	27.8681
27.8543	27.8689
27.8444	27.8699
27.8346	27.8708
27.8251	27.8715
27.8161	27.8716
27.8071	27.8718
27.3834	28.2893
27.3774	28.2901
27.3709	28.2915
27.3649	28.2924
27.3334	28.3192
27.3293	28.3187
27.3261	28.3174
27.3239	28.3151
27.3221	28.3123
27.3564	28.273
27.3554	28.2687
27.3546	28.2643
27.3531	28.2605
27.4061	28.2015
27.4033	28.198
27.4005	28.1946
27.398	28.1908
27.3962	28.1864
27.4419	28.1338
27.4402	28.1286
27.4399	28.122
27.4394	28.1155
27.4961	28.0513
27.4927	28.0471
27.4889	28.0432
27.4851	28.0394
27.4821	28.0347
27.5496	27.9591
27.5461	27.9543
27.543	27.9492
27.5402	27.9438
27.5779	27.8976
27.574	27.8931
27.5697	27.8889
27.5655	27.8846
27.5617	27.8799
27.6004	27.8327
27.5978	27.8267
27.5937	27.8222
27.5894	27.8179
27.5851	27.8136
27.6324	27.7576
27.6281	27.7532
27.6238	27.7489
27.6195	27.7445
27.6565	27.6989
27.6514	27.6953
27.6459	27.6922
27.6407	27.6887
27.6351	27.6857
27.65	27.6622
27.6445	27.6591
27.6386	27.6565
27.6327	27.6538
27.6471	27.631
27.6412	27.6283
27.6351	27.6259
27.6287	27.6239
27.6222	27.6219
27.6361	27.5996
27.63	27.5973
27.6237	27.5952
27.6168	27.5937
27.62	27.5823
27.6134	27.5806
27.6069	27.5788
27.6007	27.5767
27.596	27.5731
27.22	27.9417
27.219	27.9359
27.2178	27.9304
27.2145	27.927
27.183	27.9521
27.1786	27.9502
27.1753	27.9473
27.1723	27.944
27.1699	27.9401
27.1974	27.9061
27.1979	27.8989
27.1991	27.8911
27.2007	27.8828
27.2027	27.8741
27.2439	27.8259
27.2466	27.8161
27.2497	27.8059
27.2529	27.7955
27.3053	27.7357
27.3085	27.7249
27.3113	27.7144
27.3139	27.7042
27.3155	27.6949
27.3654	27.6371
27.3628	27.6317
27.3589	27.6276
27.3549	27.6236
27.3509	27.6196
27.3671	27.5953
27.3631	27.5912
27.359	27.5872
27.355	27.5831
27.372	27.5578
27.3707	27.551
27.3689	27.5446
27.365	27.5403
27.3609	27.5362
27.3874	27.5015
27.3832	27.4973
27.3791	27.4932
27.375	27.4891
27.3203	27.5357
27.3163	27.5316
27.3135	27.5263
27.3106	27.5212
27.3075	27.5163
27.3864	27.4291
27.3838	27.4234
27.3801	27.4188
27.376	27.4146
27.373	27.4093
27.3911	27.3829
27.3889	27.3767
27.3862	27.3712
27.3834	27.3657
27.3922	27.3486
27.3912	27.3413
27.3892	27.3351
27.3865	27.3295
27.3835	27.3242
27.3904	27.309
27.3874	27.3038
27.3846	27.2983
27.3827	27.292
27.3809	27.2856
27.3784	27.2798
27.3746	27.2753
27.3705	27.2712
27.3664	27.2671
27.3622	27.263
27.3581	27.2589
27.354	27.2548
27.3499	27.2507
27.3356	27.2568
27.3315	27.2527
27.3274	27.2486
27.3233	27.2446
27.3192	27.2405
27.3151	27.2364
27.311	27.2323
27.3069	27.2282
27.3029	27.2242
27.2988	27.2201
27.2947	27.216
27.2906	27.212
27.2865	27.2079
27.2824	27.2038
27.2679	27.2103
27.2633	27.2067
27.259	27.2029
27.2547	27.1991
27.2402	27.2056
27.2358	27.2019
27.2315	27.1981
27.2273	27.1941
27.223	27.1903
27.2187	27.1866
27.2285	27.1965
27.2413	27.2092
27.2587	27.2266
27.2861	27.2539
27.3249	27.2927
27.3661	27.3338
27.4074	27.375
27.4604	27.4279
27.5073	27.4953
27.5645	27.5524
27.6217	27.6095
27.679	27.6665
27.7362	27.7236
27.7929	27.7808
27.85	27.8377
27.907	27.8946
27.9641	27.9515
28.0208	28.0085
28.0777	28.0653
28.1346	28.122
28.1915	28.1788
28.2484	28.2356
28.3048	28.2925
28.3616	28.349
28.4183	28.4056
28.4751	28.4622
28.5314	28.5189
28.588	28.5754
28.6346	28.6217
28.6593	28.6463
28.6701	28.6571
28.6667	28.6541
28.6617	28.6492
28.6568	28.6442
28.6519	28.6393
27.6481	29.6698
27.6639	29.686
27.6798	29.7022
27.6958	29.7183
27.7117	29.7345
28.7488	28.6929
28.7438	28.688
28.7388	28.683
28.7337	28.6782
28.9004	28.5019
28.8958	28.4972
28.8911	28.4926
28.8871	28.4872
28.8848	28.4802
28.9147	28.4412
28.9137	28.4331
28.9128	28.4249
28.9115	28.4171
28.9096	28.4099
28.886	28.4244
28.8832	28.4179
28.8809	28.411
28.8781	28.4046
28.842	28.4314
28.8372	28.4268
28.8322	28.4224
28.8272	28.418
28.8225	28.4133
28.7857	28.4405
28.781	28.4358
28.7762	28.431
28.7713	28.4264
28.7438	28.4442
28.7363	28.4421
28.7289	28.4399
28.7227	28.4365
28.7165	28.4331
28.6671	28.4728
28.6605	28.4697
28.6546	28.4659
28.6497	28.4611
28.6126	28.4884
28.6078	28.4836
28.6029	28.4787
28.5977	28.4741
28.5902	28.472
28.5593	28.4932
28.5485	28.4943
28.5371	28.496
28.5258	28.4976
28.5143	28.4994
28.4818	28.5222
28.4712	28.5232
28.4622	28.5225
28.4557	28.5194
28.4402	28.5253
28.4354	28.5205
28.4306	28.5157
28.4258	28.5109
28.421	28.5061
28.4162	28.5012
28.4115	28.4964
28.4067	28.4917
28.4019	28.4869
28.3971	28.4821
28.3924	28.4773
28.3876	28.4725
28.3828	28.4677
28.378	28.4629
28.384	28.4475
28.3792	28.4427
28.3744	28.4379
28.3696	28.4332
28.3649	28.4284
28.3602	28.4236
28.3554	28.4189
28.3506	28.4141
28.3459	28.4093
28.3412	28.4046
28.3364	28.3998
28.3317	28.3951
28.3269	28.3903
28.3222	28.3856
28.3175	28.3808
28.3128	28.376
28.3095	28.3699
28.3072	28.3628
28.3146	28.3459
28.3101	28.341
28.3054	28.3362
28.3006	28.3315
28.2961	28.3266
28.2816	28.3317
28.277	28.3269
28.2723	28.3222
28.268	28.317
28.2754	28.3003
28.2712	28.2951
28.2665	28.2904
28.2618	28.2857
28.2571	28.281
28.2522	28.2765
28.2464	28.2729
28.2402	28.2697
28.235	28.2656
28.2305	28.2607
28.2385	28.2434
28.2359	28.2366
28.2331	28.2301
28.2298	28.224
28.2161	28.2284
28.2129	28.2223
28.2094	28.2165
28.2057	28.2108
28.202	28.2052
28.1988	28.1992
28.1956	28.193
28.1919	28.1875
28.1891	28.181
28.1866	28.1742
28.1839	28.1677
28.1816	28.1607
28.1791	28.1539
28.1761	28.1476
28.1736	28.1409
28.1706	28.1347
28.1677	28.1283
28.1643	28.1225
28.1923	28.0853
28.1884	28.08
28.1838	28.0754
28.1791	28.0708
28.174	28.0666
28.1371	28.0943
28.1314	28.0909
28.1245	28.0887
28.116	28.0879
28.0966	28.0982
28.0886	28.0971
28.0814	28.0951
28.0748	28.0925
28.0677	28.0905
28.0604	28.0887
28.0526	28.0874
28.0445	28.0863
28.0367	28.085
28.0296	28.083
28.0236	28.0799
28.0189	28.0754
28.0144	28.0709
28.0099	28.0663
27.9323	28.135
27.9279	28.1305
27.9235	28.1261
27.9191	28.1217
27.9147	28.1173
27.9833	28.0397
27.9788	28.0351
27.9742	28.0306
27.9697	28.0261
27.9757	28.0111
27.9712	28.0066
27.9666	28.002
27.9621	27.9975
27.9576	27.993
27.9636	27.978
27.9591	27.9735
27.9546	27.969
27.9501	27.9645
27.956	27.9495
27.9515	27.945
27.947	27.9405
27.9425	27.936
27.938	27.9315
27.9344	27.9262
27.9315	27.9201
27.9273	27.9154
27.9228	27.9109
27.9183	27.9064
27.9139	27.9019
27.9094	27.8974
27.9049	27.893
27.9005	27.8885
27.896	27.884
27.8915	27.8796
27.8871	27.8751
27.8826	27.8707
27.8781	27.8662
27.8737	27.8618
27.8693	27.8573
27.8648	27.8529
27.8604	27.8484
27.7523	27.9478
27.748	27.9435
27.7437	27.9392
27.7394	27.9349
27.7351	27.9306
27.8344	27.8225
27.83	27.8181
27.8255	27.8136
27.8211	27.8092
27.8375	27.784
27.8331	27.7796
27.8287	27.7752
27.8243	27.7708
27.8199	27.7664
27.8258	27.7517
27.8214	27.7473
27.817	27.7429
27.8127	27.7385
27.8083	27.7341
27.7935	27.7401
27.7891	27.7358
27.7847	27.7314
27.7804	27.727
27.776	27.7226
27.7716	27.7183
27.7672	27.7139
27.7629	27.7096
27.7585	27.7052
27.7541	27.7008
27.7497	27.6965
27.7454	27.6921
27.741	27.6878
27.7367	27.6834
27.722	27.6895
27.7176	27.6851
27.7133	27.6808
27.7089	27.6764
27.7046	27.6721
27.6899	27.6781
27.6856	27.6738
27.6812	27.6694
27.6769	27.6651
27.6726	27.6608
27.6786	27.6461
27.6743	27.6418
27.6699	27.6375
27.6656	27.6332
27.6613	27.6288
27.657	27.6245
27.6527	27.6202
27.6484	27.6159
27.6441	27.6116
27.6398	27.6073
27.6251	27.6133
27.6209	27.6091
27.6166	27.6048
27.6123	27.6005
27.608	27.5962
27.6037	27.5919
27.5994	27.5876
27.5951	27.5833
27.5908	27.5791
27.5866	27.5748
27.5823	27.5705
27.578	27.5662
27.5737	27.562
27.5695	27.5577
27.5549	27.5637
27.5507	27.5595
27.5464	27.5552
27.5422	27.551
27.5379	27.5467
27.5337	27.5425
27.5294	27.5382
27.5252	27.534
27.5209	27.5297
27.5167	27.5255
27.5125	27.5213
27.5083	27.517
27.504	27.5128
27.4998	27.5086
27.4956	27.5043
27.4914	27.5001
27.4871	27.496
27.482	27.4926
26.713	28.2702
26.7187	28.2763
26.7246	28.2822
26.7304	28.2881
26.7363	28.2941
27.5065	27.5186
27.5023	27.5143
27.4981	27.5101
27.4938	27.5059
27.6025	27.389
27.5993	27.384
27.5972	27.3779
27.5952	27.3718
27.5928	27.3659
27.6611	27.2899
27.6596	27.2837
27.6579	27.2777
27.6561	27.2719
27.6542	27.2661
27.6428	27.2697
27.6419	27.2628
27.6415	27.2555
27.6422	27.2471
27.6232	27.2583
27.6242	27.2494
27.626	27.2397
27.627	27.2308
27.6274	27.2225
27.5966	27.2453
27.5953	27.2387
27.5929	27.233
27.5904	27.2275
27.558	27.2517
27.5563	27.2452
27.5547	27.2387
27.5525	27.2328
27.5499	27.2272
27.5163	27.2526
27.5133	27.2473
27.5113	27.2411
27.51	27.2342
27.4774	27.2586
27.4735	27.2542
27.4693	27.2501
27.465	27.2462
27.4607	27.2422
27.4151	27.2795
27.4096	27.2768
27.4039	27.2743
27.3975	27.2724
27.3703	27.2915
27.3631	27.2905
27.3556	27.2898
27.3477	27.2895
27.3395	27.2895
27.3106	27.3102
27.3019	27.3109
27.2926	27.312
27.2827	27.3138
27.2725	27.3159
27.242	27.3384
27.2312	27.3412
27.2202	27.3441
27.2094	27.3469
27.1993	27.349
27.1908	27.3495
27.1851	27.3472
27.1811	27.3432
27.1771	27.3392
27.1731	27.3352
27.1692	27.3312
27.1652	27.3272
27.1612	27.3232
27.1573	27.3192
27.1533	27.3152
27.1493	27.3112
27.1453	27.3072
27.1414	27.3033
27.1576	27.2791
27.1541	27.2746
27.1521	27.2685
27.1504	27.2622
27.1472	27.2575
27.1432	27.2535
27.1392	27.2495
27.1352	27.2455
27.1312	27.2415
27.1373	27.2274
27.1333	27.2234
27.1293	27.2194
27.1253	27.2154
27.1216	27.2111
27.1193	27.2055
27.1168	27.2001
27.1128	27.196
27.1089	27.192
27.1251	27.1679
27.1211	27.1639
27.1171	27.1599
27.1135	27.1555
27.1114	27.1496
27.1088	27.1442
27.1058	27.1393
27.1024	27.1347
27.0991	27.1301
27.0953	27.1259
27.0914	27.1219
27.0882	27.1171
27.0848	27.1126
27.0815	27.108
27.0787	27.1028
27.0761	27.0975
27.0732	27.0925
27.0698	27.088
27.0659	27.084
27.0626	27.0794
27.0616	27.0725
27.0601	27.0661
27.0684	27.0499
27.0661	27.0443
27.0631	27.0395
27.0601	27.0345
27.0574	27.0294
27.0546	27.0242
27.0511	27.0199
27.0473	27.0159
27.0433	27.0119
27.0394	27.008
27.0355	27.0041
27.031	27.0007
27.0267	26.9972
27.0226	26.9934
27.0083	27
27.0037	26.9967
26.9998	26.9929
26.9958	26.989
26.9919	26.9851
26.9881	26.9812
26.984	26.9774
26.9795	26.9741
26.9755	26.9703
26.9717	26.9664
26.9678	26.9626
26.9639	26.9587
26.96	26.9548
26.9558	26.9512
26.952	26.9473
26.9481	26.9434
26.9442	26.9396
26.9404	26.9357
26.9365	26.9318
26.9325	26.9281
26.9278	26.9251
26.9231	26.922
26.9188	26.9186
26.9143	26.9154
26.91	26.9121
26.9054	26.9089
26.9003	26.9063
26.8943	26.9047
26.8883	26.9029
26.8828	26.9008
26.877	26.8989
26.8711	26.8972
26.8548	26.9058
26.8489	26.904
26.8439	26.9014
26.8399	26.8978
26.836	26.894
26.8422	26.8802
26.8384	26.8764
26.8345	26.8726
26.8307	26.8688
26.8269	26.8649
26.8231	26.8611
26.8193	26.8573
26.8155	26.8535
26.8117	26.8497
26.8179	26.8359
26.8141	26.8321
26.8104	26.8282
26.8069	26.8241
26.8037	26.8197
26.8012	26.8146
26.7984	26.8098
26.7953	26.8053
26.792	26.8011
26.7985	26.787
26.7954	26.7825
26.7919	26.7784
26.7887	26.7741
26.7857	26.7695
26.7831	26.7645
26.7794	26.7607
26.7757	26.7569
26.7719	26.7532
26.7582	26.7593
26.7544	26.7555
26.7507	26.7518
26.7469	26.748
26.7432	26.7443
26.7394	26.7405
26.7357	26.7368
26.7319	26.733
26.7282	26.7293
26.7343	26.7156
26.7306	26.7119
26.7268	26.7081
26.7231	26.7044
26.7589	26.6611
26.7552	26.6574
26.7515	26.6537
26.7477	26.6499
26.744	26.6462
26.7006	26.6822
26.6968	26.6786
26.693	26.6749
26.6893	26.6711
26.6856	26.6674
26.672	26.6736
26.6683	26.6699
26.6646	26.6662
26.6609	26.6625
26.6473	26.6686
26.6436	26.6649
26.6394	26.6618
26.6344	26.6594
26.6298	26.6566
26.6252	26.6539
26.6204	26.6513
26.6158	26.6486
26.6113	26.6456
26.6068	26.6428
26.602	26.6403
26.5967	26.6382
26.591	26.6366
26.5852	26.635
26.5897	26.6233
26.5855	26.6201
26.5818	26.6164
26.5782	26.6127
26.5745	26.6091
26.5709	26.6054
26.5664	26.6026
26.5602	26.6014
26.5535	26.6008
26.5482	26.5988
26.5535	26.5862
26.5496	26.5828
26.546	26.5791
26.5423	26.5755
26.5387	26.5718
26.5351	26.5682
26.5314	26.5646
26.5278	26.5609
26.5242	26.5573
26.5303	26.5438
26.5267	26.5402
26.5231	26.5366
26.5195	26.5329
26.5158	26.5293
26.5122	26.5257
26.5086	26.5221
26.505	26.5184
26.5014	26.5148
26.4977	26.5112
26.4941	26.5076
26.4905	26.504
26.4869	26.5004
26.4833	26.4968
26.4504	26.5225
26.4468	26.519
26.4432	26.5154
26.4396	26.5118
26.436	26.5082
26.4325	26.5046
26.4289	26.501
26.4253	26.4974
26.4217	26.4939
26.4182	26.4903
26.4244	26.4769
26.4208	26.4733
26.4172	26.4698
26.4137	26.4662
26.4101	26.4626
26.4066	26.4591
26.403	26.4555
26.3994	26.4519
26.3959	26.4484
26.3923	26.4448
26.3888	26.4412
26.3852	26.4377
26.3817	26.4341
26.3781	26.4306
26.3746	26.427
26.3711	26.4235
26.3675	26.4199
26.364	26.4164
26.3605	26.4129
26.3667	26.3996
26.3632	26.396
26.3596	26.3925
26.3561	26.389
26.3526	26.3854
26.349	26.3819
26.3455	26.3784
26.342	26.3748
26.3385	26.3713
26.3447	26.3581
26.3412	26.3546
26.3377	26.351
26.3342	26.3475
26.3306	26.344
26.3271	26.3405
26.3236	26.337
26.3201	26.3335
26.3166	26.33
26.3131	26.3265
26.3096	26.323
26.3063	26.3193
26.303	26.3156
26.2996	26.312
26.3059	26.2988
26.3024	26.2953
26.2989	26.2918
26.2954	26.2883
26.2919	26.2849
26.2885	26.2814
26.285	26.2779
26.2823	26.2736
26.2798	26.2692
26.2764	26.2656
26.2735	26.2616
26.2724	26.2558
26.2727	26.2486
26.2725	26.2418
26.2707	26.2368
26.2686	26.2319
26.2671	26.2266
26.2651	26.2216
26.2721	26.2077
26.2694	26.2035
26.2672	26.1989
26.2649	26.1943
26.2523	26.2
26.2489	26.1965
26.2455	26.1931
26.242	26.1896
26.2386	26.1862
26.2352	26.1828
26.2317	26.1794
26.2283	26.1759
26.2249	26.1725
26.2214	26.1691
26.218	26.1657
26.2146	26.1623
26.2112	26.1589
26.2078	26.1554
26.185	26.1714
26.1816	26.1679
26.1782	26.1645
26.1748	26.1611
26.1714	26.1577
26.168	26.1543
26.1646	26.1509
26.1606	26.1481
26.1559	26.146
26.1506	26.1445
26.1847	26.1037
26.1803	26.1013
26.1757	26.0992
26.1717	26.0964
26.1683	26.0931
26.1646	26.0901
26.1602	26.0877
26.1552	26.0859
26.151	26.0835
26.1475	26.0802
26.1441	26.0769
26.1408	26.0735
26.1373	26.0703
26.1325	26.0683
26.1276	26.0666
26.1227	26.0648
26.1182	26.0626
26.1141	26.06
26.1006	26.0668
26.096	26.0647
26.0909	26.0631
26.0869	26.0604
26.0836	26.0571
26.0802	26.0537
26.0769	26.0504
26.0735	26.0471
26.0705	26.0435
26.0675	26.0397
26.0642	26.0364
26.0609	26.0331
26.0576	26.0298
26.0542	26.0264
26.0509	26.0231
26.0461	26.0213
26.0406	26.0201
26.0367	26.0174
26.0334	26.0141
26.0301	26.0108
26.0268	26.0075
26.0235	26.0042
26.0202	26.0008
25.969	26.0454
25.9657	26.0421
25.9624	26.0388
25.9591	26.0355
25.9558	26.0322
25.943	26.0385
25.9397	26.0352
25.9365	26.0319
25.9332	26.0287
25.9299	26.0254
25.9362	26.0125
25.933	26.0093
25.9297	26.006
25.9264	26.0027
25.9232	25.9994
25.9199	25.9962
25.9166	25.9929
25.9134	25.9896
25.9101	25.9864
25.9069	25.9831
25.9036	25.9798
25.9004	25.9766
25.8971	25.9733
25.8939	25.9701
25.9002	25.9573
25.8969	25.954
25.8937	25.9508
25.8904	25.9475
25.6213	26.2121
25.6193	26.21
25.6172	26.208
25.6152	26.2059
25.6131	26.2039
25.8865	25.9245
25.8833	25.9212
25.8807	25.9172
25.8792	25.9123
25.8788	25.9063
25.9272	25.8514
25.929	25.8432
25.9289	25.8369
25.9276	25.8317
25.9353	25.8177
25.9339	25.8127
25.9328	25.8073
25.9322	25.8016
25.9315	25.7959
25.9305	25.7906
25.9294	25.7853
25.9283	25.78
25.9274	25.7746
25.9157	25.7799
25.9132	25.776
25.9106	25.7722
25.9082	25.7682
25.9056	25.7645
25.903	25.7607
25.9005	25.7569
25.8975	25.7535
25.8943	25.7504
25.8721	25.7662
25.8689	25.763
25.8659	25.7597
25.8635	25.7557
25.8611	25.7517
25.8485	25.7579
25.8454	25.7548
25.8422	25.7516
25.8388	25.7487
25.8261	25.755
25.8229	25.7518
25.8198	25.7487
25.8166	25.7455
25.8134	25.7423
25.8008	25.7486
25.7976	25.7455
25.7945	25.7423
25.7918	25.7386
25.7801	25.744
25.7777	25.7402
25.7752	25.7363
25.773	25.7322
25.7705	25.7284
25.7962	25.6964
25.7939	25.6925
25.7915	25.6885
25.7893	25.6844
25.7872	25.6803
25.7855	25.6757
25.7838	25.6712
25.7814	25.6673
25.7784	25.664
25.7753	25.6609
25.7706	25.6593
25.7649	25.6588
25.7589	25.6586
25.7341	25.6771
25.7283	25.6767
25.7223	25.6764
25.7154	25.6771
25.7084	25.6778
25.7019	25.6781
25.6951	25.6787
25.6882	25.6794
25.6813	25.6801
25.6748	25.6803
25.6693	25.6796
25.6654	25.6773
25.6623	25.6742
25.6592	25.6711
25.6467	25.6775
25.6437	25.6744
25.6406	25.6713
25.6375	25.6682
25.6344	25.6651
25.6313	25.662
25.6282	25.659
25.6252	25.6559
25.6221	25.6528
25.619	25.6497
25.616	25.6466
25.6129	25.6436
25.6098	25.6405
25.6067	25.6374
25.6037	25.6344
25.6006	25.6313
25.5976	25.6282
25.602	25.6327
25.6303	25.6422
25.6491	25.661
25.668	25.6798
25.6868	25.6987
25.7059	25.7178
25.7251	25.7371
25.7444	25.7563
25.7644	25.7763
25.7851	25.797
25.8053	25.8173
25.8254	25.8385
25.8455	25.8598
25.8653	25.8813
25.8857	25.9023
25.9063	25.923
25.9269	25.9436
25.9475	25.9642
25.9681	25.9848
25.9982	25.9958
26.0188	26.0164
26.0393	26.037
26.0599	26.0575
26.0805	26.0781
26.0913	26.1082
26.1114	26.1282
26.1319	26.1487
26.1524	26.1692
26.1728	26.1897
26.1932	26.2102
26.2137	26.2306
26.2341	26.2511
26.2546	26.2715
26.275	26.292
26.2953	26.3123
26.3157	26.3327
26.3361	26.3531
26.3564	26.3735
26.3768	26.3938
26.3971	26.4142
26.4174	26.4345
26.4378	26.4549
26.4678	26.4654
26.4876	26.4852
26.5079	26.5054
26.5281	26.5257
26.5484	26.5459
26.5686	26.5662
26.5888	26.5864
26.6086	26.6061
26.6288	26.6264
26.649	26.6465
26.6691	26.6667
26.6893	26.6869
26.709	26.7065
26.7291	26.7266
26.7487	26.7463
26.7688	26.7664
26.7889	26.7865
26.811	26.8086
26.8357	26.8332
26.8604	26.8579
26.886	26.8836
26.9146	26.9121
26.943	26.9406
26.9739	26.9715
27.0094	27.0069
27.0448	27.0423
27.0802	27.0777
27.1151	27.1126
27.1499	27.1474
27.1848	27.1823
27.2196	27.2171
27.2544	27.2519
27.2887	27.2861
27.3229	27.3204
27.3577	27.3552
27.392	27.3895
27.4262	27.4236
27.4603	27.4578
27.4945	27.492
27.5297	27.5261
27.5658	27.5582
27.6014	27.5908
27.6363	27.625
27.6704	27.6591
27.705	27.6937
27.739	27.7276
27.773	27.7616
27.807	27.7956
27.841	27.8296
27.8749	27.8635
27.9088	27.8974
27.9432	27.9317
27.9776	27.9661
28.0115	28
28.0458	28.0343
28.0801	28.0686
28.1144	28.1028
28.1487	28.1371
28.1829	28.1714
28.2171	28.2055
28.2513	28.2397
28.2855	28.2739
28.3197	28.308
28.3426	28.3523
28.3763	28.3859
28.4099	28.4195
28.4435	28.4531
28.477	28.4867
28.5105	28.5202
28.5438	28.5535
28.5774	28.587
28.6109	28.6205
28.6443	28.654
28.6774	28.6872
28.7082	28.718
28.715	28.7247
28.71	28.7198
28.7051	28.7148
28.7001	28.7099
28.6951	28.7049
28.6902	28.6999
28.696	28.6842
28.6911	28.6792
28.6861	28.6743
28.6812	28.6693
28.6762	28.6644
28.6713	28.6595
28.6663	28.6545
28.6614	28.6496
28.6565	28.6447
28.6515	28.6397
28.6466	28.6348
28.6417	28.6299
28.6368	28.625
28.6318	28.62
28.6162	28.6259
28.6113	28.621
28.6063	28.6161
28.6014	28.6112
28.5966	28.6063
28.5917	28.6014
28.5868	28.5965
28.5819	28.5916
28.577	28.5867
28.5721	28.5818
28.5672	28.5769
28.5623	28.5721
28.5575	28.5672
28.5633	28.5516
28.5585	28.5467
28.5536	28.5418
28.5487	28.537
28.5438	28.5321
28.539	28.5272
28.5341	28.5224
28.5293	28.5175
28.5244	28.5127
28.5196	28.5078
28.5147	28.503
28.5099	28.4981
28.505	28.4933
28.5002	28.4885
28.4847	28.4943
28.4798	28.4895
28.475	28.4847
28.4702	28.4799
28.4654	28.475
28.4606	28.4702
28.4557	28.4654
28.4509	28.4606
28.4461	28.4558
28.4413	28.451
28.4365	28.4462
28.4317	28.4414
28.4269	28.4366
28.4221	28.4318
28.4174	28.427
28.4126	28.4222
28.4078	28.4174
28.403	28.4126
28.4089	28.3972
28.4041	28.3924
28.3993	28.3876
28.3946	28.3829
28.4004	28.3675
28.3957	28.3627
28.3909	28.3579
28.3862	28.3532
28.3814	28.3484
28.366	28.3543
28.3613	28.3495
28.3579	28.3434
28.3533	28.3385
28.3379	28.3444
28.3332	28.3397
28.3284	28.335
28.3237	28.3302
28.319	28.3255
28.3143	28.3208
28.3095	28.3161
28.3048	28.3113
28.3001	28.3066
28.2954	28.3019
28.2907	28.2972
28.286	28.2925
28.2812	28.2878
28.2765	28.2831
28.2719	28.2784
28.2672	28.2737
28.2625	28.269
28.2578	28.2643
28.2531	28.2596
28.2484	28.2549
28.2437	28.2502
28.239	28.2456
28.2344	28.2409
28.2294	28.2365
28.2247	28.2318
28.2201	28.2271
28.2154	28.2225
28.2107	28.2178
28.2059	28.2133
28.2008	28.2091
28.1961	28.2045
28.1916	28.1997
28.1878	28.1943
28.1837	28.189
28.1794	28.1841
28.175	28.1792
28.1705	28.1744
28.1768	28.1588
28.1724	28.1539
28.1678	28.1493
28.1632	28.1447
28.1585	28.14
28.1539	28.1354
28.1493	28.1308
28.1447	28.1262
28.1401	28.1216
28.1249	28.1275
28.1203	28.1229
28.1157	28.1183
28.1111	28.1137
28.1065	28.1091
28.1019	28.1045
28.0975	28.0998
28.0929	28.0952
28.0883	28.0906
28.0838	28.086
28.0792	28.0814
28.0746	28.0768
28.07	28.0723
28.0655	28.0677
28.0609	28.0631
28.0563	28.0586
28.0518	28.054
28.0472	28.0494
28.0426	28.0449
28.0381	28.0403
28.0335	28.0358
28.029	28.0312
28.0244	28.0267
28.0199	28.0221
28.0154	28.0176
28.0108	28.013
28.0063	28.0085
28.0017	28.004
27.9972	27.9994
27.9927	27.9949
27.9882	27.9904
27.9836	27.9859
27.9791	27.9814
27.9746	27.9768
27.9701	27.9723
27.9656	27.9678
27.9611	27.9633
27.9566	27.9588
27.9521	27.9543
27.9476	27.9498
27.9431	27.9453
27.9386	27.9408
27.9341	27.9363
27.9296	27.9318
27.9251	27.9273
27.9206	27.9229
27.9162	27.9184
27.9117	27.9139
27.9072	27.9094
27.9027	27.905
27.8983	27.9005
27.8938	27.896
27.8893	27.8916
27.8849	27.8871
27.8804	27.8826
27.876	27.8782
27.8715	27.8737
27.8671	27.8693
27.8626	27.8648
27.8582	27.8604
27.8537	27.8559
27.8493	27.8515
27.8448	27.8471
27.8404	27.8426
27.836	27.8382
27.8316	27.8338
27.8271	27.8293
27.8227	27.8249
27.8183	27.8205
27.8139	27.8161
27.8095	27.8117
27.805	27.8073
27.811	27.7924
27.8066	27.788
27.8022	27.7836
27.7978	27.7792
27.7934	27.7748
27.789	27.7704
27.7843	27.7664
27.7792	27.7627
27.7742	27.7589
27.7577	27.7666
27.7517	27.7639
27.7467	27.7601
27.7423	27.7557
27.7379	27.7514
27.7336	27.747
27.7292	27.7426
27.7248	27.7383
27.7205	27.7339
27.7161	27.7295
27.7118	27.7252
27.7071	27.7211
27.7042	27.7153
27.7021	27.7087
27.7	27.7021
27.6981	27.6953
27.6963	27.6885
27.6944	27.6817
27.7021	27.6652
27.6996	27.6591
27.6978	27.6523
27.6961	27.6453
27.6937	27.639
27.6917	27.6323
27.69	27.6255
27.6879	27.6189
27.6859	27.6123
27.6739	27.6156
27.6728	27.6082
27.6716	27.6007
27.6702	27.5935
27.6683	27.5868
27.6666	27.5798
27.6652	27.5727
27.6639	27.5654
27.6629	27.5578
27.6517	27.5604
27.6504	27.5532
27.6483	27.5467
27.6462	27.5402
27.6438	27.5341
27.6411	27.5283
27.6382	27.5226
27.6362	27.5161
27.6343	27.5094
27.6113	27.524
27.6073	27.5195
27.603	27.5153
27.5983	27.5115
27.5928	27.5086
27.5762	27.5167
27.5693	27.5152
27.5617	27.5144
27.5537	27.5139
27.5252	27.5341
27.5164	27.5345
27.507	27.5356
27.4971	27.5371
27.4866	27.5392
27.476	27.5415
27.4651	27.5441
27.4542	27.5467
27.4432	27.5494
27.4323	27.5519
27.4121	27.5639
27.4035	27.5642
27.3977	27.5617
27.3935	27.5576
27.3996	27.5432
27.3955	27.5391
27.3913	27.535
27.3872	27.5308
27.3831	27.5267
27.379	27.5225
27.3749	27.5184
27.3708	27.5142
27.3666	27.5101
27.3625	27.506
27.3788	27.4814
27.3746	27.4773
27.3705	27.4731
27.3663	27.469
27.3724	27.4546
27.3684	27.4503
27.3657	27.4448
27.3638	27.4383
27.3611	27.4328
27.3673	27.4183
27.3631	27.4142
27.359	27.41
27.3548	27.4059
27.3609	27.3915
27.3568	27.3874
27.3526	27.3833
27.3485	27.3791
27.3443	27.375
27.3402	27.3708
27.3361	27.3667
27.332	27.3626
27.3278	27.3585
27.3237	27.3543
27.3196	27.3502
27.3155	27.3461
27.3114	27.342
27.3073	27.3379
27.3133	27.3236
27.3092	27.3195
27.3051	27.3154
27.301	27.3112
27.2969	27.3071
27.2928	27.303
27.2887	27.2989
27.2846	27.2948
27.2805	27.2908
27.2866	27.2765
27.2825	27.2724
27.2784	27.2683
27.2743	27.2643
27.2804	27.25
27.2763	27.246
27.2722	27.2419
27.2682	27.2378
27.2641	27.2337
27.26	27.2297
27.2559	27.2256
27.2519	27.2216
27.2494	27.216
27.2468	27.2104
27.2439	27.2052
27.2413	27.1997
27.2397	27.1931
27.2375	27.1873
27.2247	27.192
27.2228	27.1858
27.2212	27.1793
27.2187	27.1737
27.2152	27.1692
27.2113	27.1651
27.2087	27.1596
27.2067	27.1535
27.204	27.1481
27.2017	27.1424
27.2003	27.1358
27.1985	27.1295
27.1961	27.1238
27.1735	27.1385
27.1709	27.133
27.1685	27.1274
27.1663	27.1216
27.1634	27.1165
27.1411	27.1309
27.1393	27.1247
27.1382	27.1179
27.1374	27.1107
27.1367	27.1035
27.1356	27.0967
27.1344	27.0899
27.1331	27.0833
27.1316	27.0769
27.12	27.0805
27.1188	27.0739
27.1176	27.0671
27.1165	27.0604
27.1153	27.0538
27.582	26.5825
27.5839	26.5773
27.5856	26.5724
27.5881	26.5667
27.6323	26.5201
27.6351	26.5152
27.6367	26.5114
27.6365	26.5095
27.635	26.5088
27.5916	26.5492
27.5894	26.5482
27.5877	26.5468
27.586	26.5452
27.5844	26.5436
27.4955	26.6279
27.4923	26.6261
27.4891	26.6243
27.4864	26.622
27.4101	26.6924
27.407	26.6893
27.4038	26.6863
27.4004	26.6835
27.3973	26.6804
27.3271	26.7438
27.3236	26.7404
27.3201	26.7369
27.3166	26.7335
27.2642	26.7787
27.2605	26.775
27.2568	26.7714
27.2531	26.7677
27.2494	26.7641
27.1762	26.8297
27.1723	26.8259
27.1684	26.822
27.1646	26.8182
27.2788	26.6968
27.2754	26.6933
27.2719	26.6899
27.2684	26.6865
27.2649	26.683
27.2224	26.7185
27.2188	26.7149
27.2152	26.7113
27.2115	26.7077
27.0688	26.8429
27.0649	26.839
27.061	26.8352
27.0571	26.8313
27.0532	26.8274
26.9702	26.9029
26.9681	26.8973
26.9674	26.8905
26.9656	26.8847
27.5267	26.3208
27.5269	26.3198
27.5275	26.3184
27.5291	26.3161
27.5306	26.3137
27.5681	26.2765
27.5683	26.2767
27.5685	26.277
27.5687	26.2773
27.5312	26.3142
27.5308	26.3138
27.5303	26.3135
27.5299	26.3131
27.5295	26.3127
27.4818	26.3586
27.4807	26.3575
27.4795	26.3565
27.478	26.3559
27.4353	26.3956
27.4326	26.3951
27.4283	26.3962
27.4232	26.3981
27.4176	26.4005
27.3862	26.4283
27.38	26.4306
27.3736	26.4334
27.3669	26.4363
27.2802	26.518
