0	0
0	0
0	0
0	0
0	0
0	0
0	0
0	0
0	0
0	0
0	0
0	0
0	0
0	0
0	0
0	0
0	0
0	0
0	0
0	0
0	0
0	0
0	0
0	0
0	0
0	0
0	0
0	0
0	0
0	0
0	0
0	0
0	0
0	0
0	0
0	0
0	0
0	0
0	0
0	0
0	0
0	0
0	0
0	0
0	0
0	0
0.0118572	0.00325737
0.0352806	0.0096896
0.0649703	0.0178377
0.0970738	0.026642
0.134968	0.0370262
0.172869	0.0474034
0.210777	0.0577735
0.248693	0.0681365
0.286615	0.0784925
0.324544	0.0888415
0.36248	0.0991834
0.400423	0.109518
0.438856	0.119977
0.476813	0.130298
0.514778	0.140611
0.553715	0.15118
0.596523	0.162789
0.640309	0.17465
0.684105	0.186503
0.727909	0.198345
0.77414	0.210831
0.821348	0.223568
0.869535	0.236554
0.920151	0.250179
0.975138	0.264962
1.03207	0.280251
1.09145	0.296172
1.15181	0.312334
1.21218	0.328479
1.27161	0.344347
1.33056	0.360069
1.38905	0.375644
1.4461	0.390816
1.50268	0.405843
1.55345	0.41931
1.59646	0.430707
1.06593	1.0041
1.0816	1.02136
1.0993	1.02737
1.10557	1.0356
1.10614	1.03847
1.10702	1.04104
1.10096	1.05055
1.10282	1.05213
1.10978	1.05844
1.13912	1.08598
1.1745	1.11791
1.209	1.15073
1.24365	1.18339
1.27851	1.21585
1.3155	1.24618
1.35043	1.27857
1.3861	1.31144
1.42182	1.34426
1.45582	1.37758
1.49425	1.4077
1.52877	1.44172
1.5633	1.47574
1.59719	1.50916
1.63467	1.54023
1.66894	1.5745
1.70353	1.60908
1.73855	1.64444
1.77706	1.67631
1.8125	1.71127
1.8478	1.74635
1.88449	1.78374
1.92448	1.81782
1.96206	1.85492
1.99971	1.89196
2.03896	1.92924
2.07947	1.96648
2.12374	1.99997
2.16386	2.03944
2.21301	2.08745
2.266	2.13947
2.32306	2.18742
2.385	2.24802
2.4651	2.32613
2.54481	2.40464
2.62934	2.47832
2.70905	2.55683
2.78876	2.63533
2.86848	2.71382
2.9554	2.78511
3.03512	2.8636
3.11485	2.94209
3.19458	3.02057
3.28151	3.09185
3.36125	3.17032
3.44099	3.24879
3.52074	3.32726
3.60769	3.39852
3.68744	3.47698
3.7672	3.55544
3.84696	3.63389
3.92672	3.71234
4.01787	3.7794
4.09764	3.85784
4.17741	3.93628
4.25718	4.01472
4.33244	4.09768
4.41222	4.17612
4.492	4.25455
4.57178	4.33298
4.65659	4.40638
4.73637	4.48481
4.81616	4.56323
4.89595	4.64165
4.97394	4.72188
5.05373	4.8003
5.13352	4.87872
5.21332	4.95714
5.29311	5.03555
5.37009	5.11506
5.44902	5.19262
5.52795	5.27018
5.60689	5.34774
5.68908	5.42203
5.76802	5.49958
5.84696	5.57713
5.9259	5.65468
6.00568	5.73139
6.08462	5.80893
6.16357	5.88648
6.24252	5.96402
6.31467	6.04835
6.39362	6.1259
6.47256	6.20344
6.55151	6.28098
6.63483	6.35415
6.71378	6.43169
6.79273	6.50922
6.86906	6.58939
6.94809	6.66685
7.02699	6.74443
7.10366	6.82426
7.17851	6.9059
7.25116	6.98975
7.31737	7.08002
7.38712	7.16677
7.45394	7.25644
7.51939	7.34749
7.59992	7.42345
7.67944	7.50041
7.75775	7.5786
7.83605	7.65679
7.91177	7.73756
7.99007	7.81575
8.06837	7.89394
8.14643	7.97236
8.23086	8.04442
8.3072	8.12457
8.38461	8.20366
8.46288	8.28188
8.54122	8.36002
8.61809	8.43965
8.69543	8.51879
8.77316	8.59755
8.84961	8.67759
8.92677	8.75692
9.00378	8.83641
9.07927	8.91741
9.15635	8.99681
9.23826	9.0714
9.31322	9.15293
9.38897	9.23368
9.46708	9.31206
9.54424	9.39139
9.61874	9.47338
9.69361	9.555
9.77135	9.63375
9.84027	9.72132
9.9201	9.79799
10.0004	9.87416
10.0802	9.9509
10.1658	10.0218
10.2439	10.1002
10.322	10.1786
10.4001	10.257
10.5246	10.2889
10.6027	10.3672
10.6809	10.4456
10.7593	10.5237
10.8381	10.6013
10.9167	10.6792
10.995	10.7574
11.0732	10.8357
11.1513	10.9141
11.207	11.015
11.2851	11.0933
11.3632	11.1717
11.4398	11.2516
11.5811	11.2668
11.6532	11.3512
11.7275	11.4333
11.8052	11.5122
11.7153	11.7585
11.796	11.8344
11.874	11.9129
11.9519	11.9914
11.9738	12.1007
12.0264	12.1556
12.0743	12.2061
12.1161	12.2513
12.1491	12.2906
12.18	12.3168
12.2017	12.3391
12.2163	12.3538
12.2233	12.3609
12.2414	12.3555
12.2508	12.3589
12.2606	12.3626
12.2684	12.3681
12.3341	12.3189
12.3467	12.327
12.3618	12.3364
12.3797	12.3478
12.4078	12.359
12.4351	12.3794
12.4666	12.4025
12.4995	12.4266
12.5348	12.4568
12.5745	12.4883
12.6188	12.5315
12.6711	12.5838
12.7236	12.6363
12.8848	12.5795
12.9275	12.639
12.9671	12.6948
13.0031	12.7415
13.0463	12.7762
13.0815	12.8188
13.116	12.8616
13.1477	12.9029
13.1688	12.9486
13.1921	12.9805
13.2078	13.0059
13.2147	13.0258
13.1769	13.0746
13.1726	13.0806
13.1667	13.0883
13.1618	13.0949
12.9316	13.3266
12.9294	13.3306
12.9255	13.3362
12.9264	13.337
12.9213	13.3438
12.9222	13.3447
12.9234	13.3452
12.9274	13.343
12.9321	13.3399
13.0031	13.2708
13.008	13.2675
13.0146	13.2627
13.0194	13.2596
13.034	13.2468
13.039	13.2435
13.0454	13.2388
13.0489	13.237
13.2124	13.0753
13.2165	13.0729
13.2192	13.0719
13.2201	13.0728
13.2324	13.0622
13.2333	13.063
13.2341	13.0639
13.2344	13.0654
13.2299	13.0716
13.2299	13.0733
13.2252	13.0797
13.2209	13.0858
13.2162	13.0922
13.2065	13.1036
13.2026	13.1092
13.1983	13.1153
13.1969	13.1184
13.1978	13.1192
13.1982	13.1205
13.1991	13.1214
13.2	13.1222
12.8807	13.443
12.8815	13.4439
12.8824	13.4447
12.8832	13.4456
12.8841	13.4465
12.8738	13.4585
12.8746	13.4594
12.8755	13.4602
12.8763	13.4611
12.8995	13.4397
12.9003	13.4406
12.9012	13.4415
12.902	13.4423
13.1359	13.2104
13.1369	13.2111
13.1388	13.2109
13.1401	13.2114
13.135	13.2183
13.1358	13.2191
13.1367	13.22
13.1375	13.2209
13.2092	13.1509
13.2084	13.1534
13.2093	13.1543
13.2101	13.1552
13.2225	13.1445
13.2233	13.1454
13.2242	13.1463
13.225	13.1471
13.2259	13.148
13.2095	13.1661
13.2104	13.1669
13.2113	13.1678
13.2121	13.1687
13.213	13.1695
13.2139	13.1704
13.2147	13.1713
13.2156	13.1721
13.2165	13.173
13.2173	13.1738
13.2182	13.1747
13.219	13.1756
13.2199	13.1764
13.2208	13.1773
13.2216	13.1781
13.2225	13.179
13.2234	13.1798
13.2242	13.1807
13.2251	13.1816
13.2259	13.1824
13.2268	13.1833
13.2335	13.1784
13.2343	13.1792
13.2352	13.1801
13.236	13.181
13.2195	13.1992
13.2203	13.2001
13.2212	13.201
13.222	13.2018
13.0879	13.3377
13.0887	13.3386
13.0925	13.3366
13.1032	13.3275
13.1196	13.3128
13.1402	13.2941
13.1629	13.273
13.1856	13.2521
13.2419	13.1975
13.2411	13.205
13.2451	13.2119
13.2533	13.2201
13.2665	13.2265
13.2775	13.235
13.2872	13.2448
13.297	13.2546
13.3068	13.2643
13.2917	13.2983
13.3009	13.3075
13.3063	13.3129
13.3072	13.3138
13.2896	13.3331
13.2905	13.334
13.2888	13.3374
13.2878	13.3401
13.258	13.3716
13.2568	13.3746
13.2574	13.3756
13.2583	13.3765
13.187	13.4495
13.1879	13.4503
13.1887	13.4512
13.1896	13.4521
13.1799	13.4634
13.1812	13.4639
13.1821	13.4647
13.1848	13.4637
13.1999	13.4504
13.2018	13.4502
13.2058	13.4479
13.2106	13.4448
13.2186	13.4386
13.2423	13.4166
13.2559	13.4047
13.2693	13.393
13.2834	13.3807
13.2963	13.3695
13.3099	13.3576
13.3269	13.3424
13.3312	13.3398
13.0217	13.6507
13.0201	13.654
13.0179	13.658
13.016	13.6615
13.3211	13.3585
13.3203	13.361
13.3203	13.3627
13.3227	13.3621
13.026	13.6602
13.0323	13.6557
13.0354	13.6579
13.0385	13.6609
13.0415	13.6639
13.0236	13.6878
13.0266	13.6908
13.0296	13.6938
13.0324	13.6964
13.0664	13.6685
13.0695	13.6715
13.0725	13.6745
13.0755	13.6775
13.0893	13.6697
13.0923	13.6727
13.0954	13.6757
13.0984	13.6787
13.1126	13.6705
13.1156	13.6735
13.1186	13.6765
13.1217	13.6795
13.1247	13.6825
13.6412	13.1721
13.6443	13.1751
13.6473	13.178
13.6504	13.181
13.6945	13.1428
13.6976	13.1458
13.7006	13.1488
13.7037	13.1517
13.7069	13.1546
13.7099	13.1576
13.713	13.1605
13.716	13.1635
13.6959	13.1897
13.6989	13.1927
13.702	13.1957
13.705	13.1986
13.6844	13.2253
13.6874	13.2283
13.6905	13.2313
13.6935	13.2343
13.6966	13.2372
13.6695	13.2704
13.6725	13.2734
13.6755	13.2764
13.6786	13.2794
13.6633	13.3007
13.6663	13.3037
13.6694	13.3067
13.6724	13.3097
13.6569	13.3312
13.66	13.3341
13.663	13.3371
13.6661	13.3401
13.6442	13.368
13.6327	13.3855
13.6315	13.3928
13.6324	13.3979
13.6053	13.4311
13.592	13.4504
13.5761	13.4723
13.557	13.4974
13.5371	13.5234
13.5313	13.5352
13.5379	13.5346
13.5401	13.5385
13.5429	13.5417
13.5333	13.5573
13.5363	13.5603
13.5393	13.5633
13.5423	13.5663
13.5541	13.5612
13.5578	13.5641
13.5611	13.5675
13.5651	13.5714
13.571	13.5764
13.5859	13.5914
13.6043	13.6098
13.6254	13.6309
13.6542	13.6597
13.6892	13.6947
13.7261	13.7277
13.7623	13.7613
13.7979	13.7957
13.8357	13.8308
13.8791	13.8671
13.9318	13.908
13.9841	13.956
14.0436	13.9998
14.1039	14.0452
14.1659	14.0895
14.2279	14.135
14.2912	14.1793
14.3551	14.2228
14.4163	14.2692
14.4772	14.3157
14.5324	14.368
14.5967	14.4113
14.6588	14.4567
14.7142	14.5088
14.7549	14.5756
14.8093	14.6288
14.8636	14.682
14.9141	14.7342
14.9469	14.7811
14.9751	14.8087
14.9939	14.8266
15.0101	14.8404
15.019	14.8497
15.0249	14.8554
15.0258	14.8563
15.0266	14.8571
15.0414	14.844
15.0423	14.8449
15.0432	14.8457
15.0441	14.8466
15.0449	14.8474
15.0668	14.8272
15.0677	14.8281
15.0686	14.829
15.0694	14.8298
15.0633	14.8377
15.0642	14.8385
15.065	14.8394
15.0659	14.8403
15.0597	14.8481
15.0606	14.849
15.0615	14.8498
15.0624	14.8507
15.0632	14.8516
15.0641	14.8524
15.065	14.8533
15.0658	14.8541
15.0527	14.869
15.0535	14.8699
15.0544	14.8707
15.0553	14.8716
15.0561	14.8724
14.9875	14.9428
14.9884	14.9437
14.9893	14.9445
14.9901	14.9454
14.9705	14.9667
14.9714	14.9676
14.9722	14.9684
14.9731	14.9693
14.9604	14.9837
14.9613	14.9846
14.9621	14.9854
14.963	14.9863
15.0325	14.9185
15.0333	14.9194
15.0342	14.9202
15.0351	14.9211
15.092	14.8659
15.0928	14.8667
15.0937	14.8676
15.0946	14.8685
15.1377	14.8271
15.1385	14.8279
15.1394	14.8288
15.1403	14.8296
15.1411	14.8305
15.142	14.8313
15.1429	14.8322
15.1438	14.833
15.1446	14.8339
15.1244	14.8559
15.129	14.8604
15.1345	14.8658
15.1403	14.8715
15.2161	14.8066
15.2219	14.8123
15.2274	14.8178
15.2332	14.8235
15.242	14.8318
15.2637	14.8529
15.2891	14.8778
15.3145	14.9026
15.3236	14.9665
15.3651	15.0072
15.4066	15.0478
15.4474	15.0879
15.4889	15.1285
15.4878	15.2119
15.5292	15.2525
15.5707	15.2932
15.6121	15.3339
15.6244	15.4037
15.6659	15.4444
15.7073	15.4851
15.7482	15.5252
15.782	15.5735
15.8234	15.6141
15.8643	15.6542
15.9051	15.6943
15.9457	15.7347
15.9847	15.7729
16.0119	15.7996
16.0305	15.8178
16.0475	15.835
16.0617	15.8489
16.0553	15.8743
16.0444	15.8967
16.0325	15.9104
15.9984	15.9462
15.9708	15.9755
15.9378	16.0103
15.9215	16.0283
15.9115	16.04
15.9106	16.0426
15.9107	16.0443
15.911	16.0456
15.874	16.0844
15.8692	16.0908
15.8639	16.0979
15.861	16.1026
15.8342	16.131
15.8266	16.1403
15.8208	16.1479
15.8214	16.149
15.8222	16.1499
15.8231	16.1507
15.8239	16.1516
15.8248	16.1525
15.854	16.1251
15.8715	16.1092
15.8845	16.098
15.8853	16.0989
15.8852	16.1008
15.9068	16.0808
15.9098	16.0839
15.9144	16.0884
15.9195	16.0936
15.9466	16.0757
15.9517	16.0808
15.9563	16.0854
15.9608	16.0899
15.9744	16.0855
15.9836	16.0854
15.99	16.0892
15.9952	16.0944
15.9927	16.1072
15.996	16.1142
15.9973	16.1232
16.0022	16.1286
15.9779	16.1633
15.9862	16.1653
15.9913	16.1705
15.996	16.1762
15.9711	16.2114
15.9762	16.2165
15.9814	16.2217
15.9851	16.229
15.9905	16.2376
15.9898	16.2522
15.9971	16.2589
16.009	16.261
16.018	16.266
16.0395	16.2586
16.0442	16.2679
16.0506	16.2754
16.0571	16.283
16.0787	16.2754
16.0862	16.2819
16.0937	16.2883
16.1007	16.2954
16.1151	16.295
16.1224	16.3017
16.132	16.3061
16.1416	16.3105
16.149	16.3172
16.1583	16.3218
16.1736	16.3224
16.1942	16.3201
16.1955	16.3383
16.2216	16.3318
16.2481	16.3248
16.2716	16.3208
16.2961	16.3159
16.3065	16.3244
16.3316	16.3183
16.3441	16.3246
16.3537	16.334
16.3404	16.3662
16.3499	16.3756
16.3595	16.3849
16.369	16.3943
16.3559	16.4263
16.3643	16.4369
16.373	16.4465
16.3825	16.4559
16.4062	16.4505
16.4154	16.4596
16.425	16.469
16.4342	16.4781
16.4435	16.4877
16.4448	16.5053
16.454	16.5144
16.4636	16.5237
16.4728	16.5328
16.4668	16.5572
16.476	16.5662
16.4852	16.5753
16.4948	16.5847
16.4959	16.6019
16.5052	16.6115
16.5144	16.6206
16.5236	16.6297
16.4674	16.7042
16.4769	16.7136
16.4861	16.7227
16.4957	16.732
16.5477	16.699
16.5572	16.7084
16.5659	16.718
16.5676	16.7346
16.5763	16.7442
16.5997	16.7391
16.6078	16.7493
16.61	16.7654
16.6165	16.7772
16.6325	16.7796
16.6349	16.7954
16.622	16.8267
16.6071	16.8605
16.5933	16.8925
16.5757	16.9296
16.5581	16.9661
16.5762	16.967
16.5916	16.9704
16.6005	16.9804
16.6154	16.9845
16.6276	16.9913
16.6403	16.9969
16.6895	16.958
16.6997	16.9496
16.7169	16.9341
16.7379	16.9148
16.7725	16.882
16.7883	16.8679
16.805	16.8529
16.8236	16.8361
16.8641	16.7972
16.865	16.7981
16.8659	16.799
16.8667	16.7998
16.8834	16.7849
16.8843	16.7857
16.8851	16.7866
16.886	16.7874
16.4094	17.2651
16.4102	17.2659
16.4111	17.2668
16.412	17.2677
16.3633	17.3179
16.3641	17.3188
16.365	17.3196
16.3659	17.3205
16.3667	17.3213
16.9746	16.716
16.9755	16.7169
16.9763	16.7177
16.9772	16.7186
16.4203	17.2766
16.4211	17.2775
16.422	17.2783
16.4229	17.2792
16.4508	17.2531
16.4516	17.254
16.4525	17.2548
16.4534	17.2557
16.4588	17.252
16.4597	17.2528
16.4605	17.2537
16.4614	17.2545
16.4347	17.2829
16.4356	17.2837
16.4364	17.2846
16.4373	17.2854
16.4382	17.2863
16.4711	17.2552
16.472	17.2561
16.4728	17.2569
16.4737	17.2578
16.5194	17.2139
16.5202	17.2148
16.5211	17.2157
16.522	17.2165
16.544	17.1962
16.5449	17.1971
16.5458	17.1979
16.5466	17.1988
16.5475	17.1997
16.5704	17.1785
16.5713	17.1794
16.5721	17.1802
16.573	17.1811
16.6146	17.1413
16.6155	17.1421
16.6164	17.143
16.6015	17.1596
16.6279	17.1349
16.6143	17.1503
16.5979	17.1683
16.5768	17.191
16.5589	17.2106
16.534	17.2372
16.5316	17.2413
16.5363	17.2384
16.5369	17.2395
16.5401	17.238
16.541	17.2389
16.5418	17.2397
16.5394	17.2439
16.5806	17.2045
16.5815	17.2054
16.5834	17.2051
16.5909	17.1995
16.6336	17.1585
16.632	17.1618
16.6321	17.1635
16.6329	17.1644
16.6555	17.1436
16.6533	17.1474
16.6539	17.1486
16.6554	17.1489
16.6581	17.1478
16.6886	17.1192
16.6905	17.1189
16.6938	17.1173
16.6947	17.1182
16.7335	17.0812
16.7344	17.082
16.7358	17.0824
16.7372	17.0827
16.7612	17.0604
16.7621	17.0612
16.763	17.0621
16.7638	17.063
16.7724	17.0561
16.7741	17.0561
16.7788	17.0531
16.7808	17.0529
16.7844	17.051
16.8069	17.0302
16.8149	17.024
16.8251	17.0155
16.8342	17.0082
16.849	16.9951
16.8548	16.991
16.8584	16.9892
16.8592	16.99
16.932	16.919
16.9329	16.9198
16.9332	16.9212
16.9338	16.9224
16.8785	16.9794
16.8857	16.9739
16.8995	16.9619
16.9119	16.9512
16.9013	16.9635
16.9225	16.9441
16.9439	16.9243
16.9522	16.9178
16.9537	16.9179
16.9389	16.9345
16.9397	16.9354
16.9406	16.9363
16.9415	16.9371
16.919	16.9613
16.9198	16.9622
16.9207	16.963
16.9216	16.9639
16.9224	16.9648
16.9233	16.9656
16.9242	16.9665
16.925	16.9673
16.8952	16.9989
16.8961	16.9997
16.8969	17.0006
16.8978	17.0015
16.8987	17.0023
16.9224	16.9803
16.9233	16.9811
16.9242	16.982
16.925	16.9828
16.9029	17.0067
16.9038	17.0075
16.9047	17.0084
16.9055	17.0092
16.8988	17.0177
16.8996	17.0186
16.9005	17.0194
16.9014	17.0203
16.8947	17.0287
16.8955	17.0296
16.8964	17.0304
16.8973	17.0313
16.8981	17.0321
16.8587	17.0733
16.815	17.1187
16.7814	17.1539
16.7501	17.1869
16.7318	17.2069
16.7354	17.205
16.736	17.2061
16.7369	17.207
16.6007	17.3446
16.6054	17.3416
16.6081	17.3406
16.6115	17.339
16.5455	17.4065
16.5612	17.3925
16.5795	17.3761
16.5993	17.358
16.6285	17.3306
16.6539	17.307
16.6793	17.2834
16.6875	17.277
16.7179	17.2483
16.7188	17.2492
16.7196	17.25
16.7205	17.2509
16.7152	17.2579
16.7161	17.2587
16.717	17.2596
16.7178	17.2604
16.7187	17.2613
16.7502	17.2315
16.7511	17.2324
16.752	17.2332
16.7529	17.2341
17.278	16.7106
17.2789	16.7114
17.2798	16.7123
17.2806	16.7131
17.3283	16.6671
17.3291	16.668
17.33	16.6688
17.3309	16.6697
16.7604	17.242
16.7613	17.2429
16.7622	17.2438
16.763	17.2446
16.7639	17.2455
16.6192	17.3915
16.6201	17.3924
16.6209	17.3932
16.6218	17.3941
16.6033	17.4143
16.6042	17.4151
16.605	17.416
16.6059	17.4168
16.602	17.4225
16.6028	17.4233
16.6037	17.4242
16.6046	17.4251
16.6244	17.407
16.6253	17.4079
16.6261	17.4087
16.627	17.4096
16.6279	17.4104
16.6587	17.3814
16.6596	17.3823
16.6604	17.3831
16.6613	17.384
16.694	17.3531
16.6949	17.3539
16.6958	17.3548
16.6966	17.3556
16.7313	17.3228
16.7322	17.3236
16.733	17.3245
16.7339	17.3253
16.7956	17.2655
16.7965	17.2664
16.7973	17.2672
16.7982	17.2681
16.7991	17.2689
16.8127	17.2571
16.8135	17.2579
16.8144	17.2588
16.8151	17.2598
16.8113	17.2653
16.8116	17.2667
16.8097	17.2704
16.7976	17.2842
16.8094	17.2741
16.7914	17.2938
16.7704	17.3164
16.745	17.3435
16.7182	17.372
16.6803	17.4115
16.6859	17.4077
16.6854	17.4099
16.6862	17.4108
16.7069	17.3919
16.7091	17.3914
16.7083	17.3939
16.7144	17.3895
16.8109	17.295
16.8151	17.2926
16.8267	17.2827
16.8378	17.2733
16.8693	17.2436
16.8726	17.242
16.879	17.2373
16.8818	17.2363
16.8751	17.2447
16.8757	17.2458
16.876	17.2472
16.8769	17.2481
16.8797	17.247
16.8902	17.2382
16.9041	17.2261
16.913	17.2189
16.9177	17.2159
16.9817	17.1537
16.9884	17.1488
16.9987	17.1402
17.0034	17.1372
16.9964	17.1459
16.9968	17.1473
16.9932	17.1525
16.9905	17.157
16.9805	17.1687
16.9791	17.1718
16.98	17.1726
16.9809	17.1735
16.9815	17.1746
17.0436	17.1143
17.0441	17.1154
17.045	17.1163
17.0459	17.1171
17.0467	17.118
17.0476	17.1189
17.0485	17.1197
17.0493	17.1206
17.0342	17.1374
17.0312	17.1421
17.0221	17.153
17.0141	17.1627
17.0069	17.1716
17.0003	17.18
16.9934	17.1886
16.9826	17.2011
16.9707	17.2147
16.9741	17.213
16.9766	17.2122
16.9781	17.2125
16.9789	17.2133
16.9622	17.2318
16.9592	17.2365
16.9595	17.238
16.9603	17.2388
17.1481	17.0528
17.1489	17.0537
17.1498	17.0546
17.1457	17.0604
17.2424	16.9654
17.2432	16.9663
17.2483	16.9629
17.25	16.963
17.2514	16.9633
17.249	16.9673
17.251	16.9671
17.2519	16.9679
17.2538	16.9677
17.2261	16.9972
17.2294	16.9956
17.2345	16.9923
17.2417	16.9867
16.7512	17.4785
16.7587	17.4727
16.7677	17.4655
16.7777	17.4572
16.7203	17.5162
16.7273	17.5109
16.7293	17.5107
16.7302	17.5115
16.714	17.5294
16.7148	17.5303
16.7157	17.5312
16.7154	17.5331
16.7115	17.5387
17.4825	16.7696
17.4764	16.7775
17.4709	16.7847
17.464	16.7934
17.5855	16.6732
17.5767	16.6838
17.5697	16.6925
17.5701	16.6939
17.5216	16.7442
17.523	16.7445
17.5283	16.7409
17.5356	16.7354
17.501	16.7718
17.518	16.7565
17.5358	16.7404
17.5519	16.7259
17.5636	16.7159
17.5361	16.7452
17.542	16.741
17.5501	16.7346
17.5577	16.7288
17.5131	16.7752
17.5201	16.77
17.5279	16.7638
17.5321	16.7614
17.478	16.8173
17.4697	16.8274
17.4572	16.8416
17.4433	16.8572
17.4074	16.895
17.3966	16.9076
17.3877	16.9182
17.3785	16.9291
17.3699	16.9394
17.353	16.9581
17.3425	16.9704
17.3314	16.9832
17.3306	16.9858
17.316	17.0021
17.3168	17.003
17.3177	17.0038
17.3152	17.008
17.2623	17.0627
17.2632	17.0636
17.2573	17.0711
17.2454	17.0848
17.1578	17.1741
17.1445	17.1892
17.1314	17.204
17.1203	17.2168
17.0181	17.3206
17.0062	17.3343
16.9964	17.3458
16.9864	17.3575
16.9772	17.3684
16.9686	17.3787
16.9683	17.3807
16.9692	17.3816
16.97	17.3825
16.9301	17.4241
16.9323	17.4236
16.9412	17.4163
16.9519	17.4075
16.9728	17.3882
16.9865	17.3763
17.0008	17.3638
17.0139	17.3524
17.0406	17.3275
17.0448	17.325
17.0498	17.3217
17.0576	17.3156
17.0813	17.2937
17.0869	17.2898
17.0936	17.2848
17.0981	17.2821
17.099	17.2829
17.0998	17.2838
17.1009	17.2844
17.1018	17.2853
17.112	17.2768
17.1237	17.2668
17.1436	17.2487
17.1481	17.2459
17.1436	17.2521
17.1561	17.2414
17.1625	17.2367
17.1622	17.2386
17.1631	17.2395
17.164	17.2404
17.164	17.2421
17.1567	17.251
17.1576	17.2519
17.1585	17.2528
17.1565	17.2564
17.1485	17.2662
17.1381	17.2783
17.1278	17.2903
17.1191	17.3007
17.1102	17.3113
17.0991	17.3242
17.0859	17.339
17.0717	17.355
17.0585	17.3698
17.0476	17.3824
17.053	17.3789
17.0474	17.3862
17.0438	17.3915
17.0446	17.3924
17.0695	17.3692
17.0897	17.3508
17.1135	17.3287
17.1365	17.3075
17.1575	17.2882
17.2013	17.2462
17.2181	17.2311
17.2346	17.2163
17.2444	17.2082
17.2618	17.1926
17.2626	17.1934
17.266	17.1918
17.2669	17.1926
17.2763	17.185
17.278	17.185
17.2788	17.1858
17.2797	17.1867
17.2806	17.1876
17.2814	17.1884
17.2823	17.1893
17.2826	17.1907
17.2747	17.2004
17.2755	17.2012
17.2764	17.2021
17.2772	17.2029
17.2781	17.2038
17.279	17.2047
17.2798	17.2055
17.2807	17.2064
17.2733	17.2155
17.2742	17.2164
17.275	17.2172
17.2759	17.2181
17.2768	17.2189
17.2776	17.2198
17.2785	17.2207
17.2794	17.2215
17.2802	17.2224
17.2811	17.2232
17.2819	17.2241
17.2828	17.225
17.2837	17.2258
17.2845	17.2267
17.2854	17.2275
17.2863	17.2284
17.2871	17.2293
17.2797	17.2384
17.2806	17.2393
17.2814	17.2401
17.2823	17.241
17.2832	17.2418
17.284	17.2427
17.2849	17.2436
17.2858	17.2444
17.2866	17.2453
17.2875	17.2461
17.2884	17.247
17.2892	17.2479
17.2818	17.257
17.2827	17.2579
17.2835	17.2587
17.2844	17.2596
17.2852	17.2604
17.2861	17.2613
17.287	17.2622
17.2878	17.263
17.2887	17.2639
17.2978	17.2565
17.2987	17.2573
17.2996	17.2582
17.3004	17.2591
17.293	17.2682
17.2939	17.2691
17.2947	17.2699
17.2956	17.2708
17.2965	17.2716
17.2973	17.2725
17.2982	17.2734
17.2991	17.2742
17.2999	17.2751
17.3008	17.2759
17.3016	17.2768
17.3025	17.2777
17.3034	17.2785
17.2959	17.2877
17.2968	17.2886
17.2977	17.2894
17.2985	17.2903
17.3077	17.2828
17.3085	17.2837
17.3094	17.2846
17.3103	17.2854
17.3111	17.2863
17.3037	17.2954
17.3046	17.2963
17.3054	17.2972
17.3063	17.298
17.3071	17.2989
17.308	17.2998
17.3089	17.3006
17.3097	17.3015
17.3023	17.3106
17.3031	17.3115
17.304	17.3124
17.3049	17.3132
17.3057	17.3141
17.3066	17.315
17.3075	17.3158
17.3083	17.3167
17.3092	17.3175
17.2934	17.335
17.2943	17.3359
17.2952	17.3367
17.296	17.3376
17.2969	17.3385
17.2977	17.3393
17.2986	17.3402
17.2995	17.3411
17.2754	17.3668
17.2763	17.3677
17.2772	17.3685
17.278	17.3694
17.2706	17.3785
17.2714	17.3794
17.2723	17.3803
17.2732	17.3811
17.2493	17.4067
17.2501	17.4076
17.251	17.4085
17.2518	17.4093
17.2527	17.4102
17.2535	17.4111
17.2544	17.4119
17.2553	17.4128
17.2561	17.4137
17.2242	17.4473
17.2251	17.4482
17.2259	17.449
17.2268	17.4499
17.2276	17.4508
17.2285	17.4516
17.2293	17.4525
17.2341	17.4494
17.2046	17.4807
17.2063	17.4807
17.2082	17.4805
17.2091	17.4813
17.1466	17.5454
17.1475	17.5463
17.1483	17.5472
17.1492	17.548
17.1501	17.5489
17.1126	17.588
17.1134	17.5889
17.1143	17.5898
17.1152	17.5906
17.118	17.5896
17.123	17.5862
17.1293	17.5817
17.1332	17.5795
17.1343	17.5801
17.1352	17.581
17.1361	17.5818
17.1369	17.5827
17.1079	17.6134
17.1087	17.6143
17.1096	17.6151
17.1144	17.612
17.1235	17.6047
17.1322	17.5977
17.1399	17.5918
17.1492	17.5842
17.1591	17.576
17.0784	17.6583
17.0931	17.6453
17.1096	17.6307
17.122	17.62
17.1313	17.6124
17.1392	17.6062
17.1528	17.5943
17.1538	17.5951
17.0921	17.6584
17.0836	17.6686
17.0684	17.6855
17.0491	17.7064
16.9448	17.8122
16.9281	17.8306
16.9117	17.8487
16.8927	17.8693
16.8771	17.8865
16.7684	17.9964
16.7727	17.9939
16.7747	17.9937
16.7744	17.9957
16.6917	18.0796
16.6926	18.0805
16.6934	18.0814
16.6943	18.0822
16.8151	17.9637
16.816	17.9646
16.8225	17.9598
16.8245	17.9596
16.9141	17.872
16.9167	17.8711
16.9218	17.8678
16.9241	17.8672
16.925	17.8681
16.993	17.802
16.9976	17.7991
17.0047	17.7938
17.0121	17.7881
17.0649	17.7372
17.0714	17.7324
17.0765	17.729
17.0811	17.7262
17.1108	17.6983
17.1117	17.6992
17.1125	17.7
17.1131	17.7012
17.1206	17.6955
17.1206	17.6972
17.1197	17.6997
17.1101	17.711
17.103	17.7198
17.1662	17.6585
17.1594	17.667
17.1572	17.671
17.1552	17.6746
17.1714	17.6602
17.1722	17.6611
17.1731	17.662
17.174	17.6628
17.1672	17.6713
17.1675	17.6727
17.1684	17.6736
17.1701	17.6736
17.1937	17.6517
17.1966	17.6506
17.2037	17.6452
17.2116	17.639
17.2235	17.6288
17.1769	17.6771
17.19	17.6658
17.203	17.6545
17.2144	17.6448
17.2313	17.6297
17.2436	17.6192
17.2598	17.6047
17.276	17.5903
17.2703	17.5977
17.2758	17.5938
17.2767	17.5947
17.2776	17.5956
17.2784	17.5964
17.2937	17.5829
17.2946	17.5837
17.2955	17.5846
17.2963	17.5854
17.5512	17.3323
17.5521	17.3331
17.553	17.334
17.5539	17.3348
17.5631	17.3273
17.5639	17.3282
17.5648	17.329
17.5657	17.3299
17.2541	17.6431
17.255	17.6439
17.2558	17.6448
17.2567	17.6456
17.2576	17.6465
17.2653	17.6405
17.2662	17.6413
17.2671	17.6422
17.2679	17.643
17.2828	17.6299
17.2837	17.6308
17.2846	17.6316
17.2854	17.6325
17.3005	17.6191
17.3014	17.6199
17.3023	17.6208
17.3031	17.6217
17.3185	17.6081
17.3193	17.6089
17.3202	17.6098
17.3211	17.6106
17.3292	17.6042
17.3301	17.6051
17.3309	17.6059
17.3318	17.6068
17.3327	17.6076
17.3558	17.5863
17.3567	17.5871
17.3575	17.588
17.3584	17.5888
17.382	17.567
17.3828	17.5679
17.3837	17.5687
17.3846	17.5696
17.8031	17.1523
17.804	17.1532
17.8049	17.154
17.8057	17.1549
17.8305	17.1318
17.8314	17.1326
17.8323	17.1335
17.8331	17.1343
17.8021	17.1671
17.803	17.168
17.8039	17.1688
17.8047	17.1697
17.765	17.2112
17.7659	17.2121
17.7668	17.2129
17.7676	17.2138
17.7685	17.2146
17.7031	17.2819
17.704	17.2827
17.7048	17.2836
17.7057	17.2844
17.6563	17.3357
17.6571	17.3365
17.658	17.3374
17.6589	17.3382
17.5699	17.429
17.5392	17.4615
17.5156	17.4868
17.4885	17.5156
17.4574	17.5484
17.3781	17.6293
17.3887	17.6205
17.3867	17.6242
17.385	17.6277
17.3858	17.6285
17.3867	17.6294
17.3847	17.6331
17.3801	17.6394
17.3932	17.628
17.3884	17.6346
17.3807	17.644
17.3735	17.6528
17.3664	17.6617
17.3693	17.6606
17.3696	17.662
17.3707	17.6626
17.3767	17.6583
17.3981	17.6386
17.4153	17.6232
17.4315	17.6087
17.435	17.607
17.4272	17.6165
17.4281	17.6173
17.4289	17.6182
17.4292	17.6196
17.4134	17.6371
17.4135	17.6388
17.4126	17.6414
17.4135	17.6422
17.412	17.6454
17.4129	17.6463
17.4189	17.642
17.4249	17.6377
17.4263	17.638
17.195	17.8706
17.1959	17.8715
17.1953	17.8738
17.1958	17.8749
17.4873	17.5857
17.4881	17.5865
17.489	17.5874
17.4904	17.5877
17.4933	17.5865
17.5452	17.5363
17.5464	17.5369
17.5473	17.5377
17.5481	17.5386
17.5659	17.5226
17.5667	17.5234
17.5676	17.5243
17.5684	17.5252
17.5612	17.5342
17.5657	17.5313
17.5706	17.5282
17.5755	17.525
17.5607	17.5415
17.5727	17.5312
17.5819	17.5238
17.5893	17.5181
17.5759	17.5332
17.5782	17.5326
17.5794	17.5332
17.5796	17.5346
17.5753	17.5407
17.3067	17.8108
17.2993	17.8199
17.2898	17.831
17.2821	17.8405
17.5626	17.562
17.5592	17.5671
17.5606	17.5674
17.5615	17.5683
17.613	17.5185
17.6139	17.5193
17.615	17.5199
17.6159	17.5208
17.6083	17.5301
17.6092	17.5309
17.61	17.5318
17.6109	17.5327
17.6118	17.5335
17.5957	17.5513
17.5966	17.5521
17.5975	17.553
17.5983	17.5538
17.5992	17.5547
17.6	17.5556
17.6009	17.5564
17.6018	17.5573
17.6026	17.5581
17.3026	17.8596
17.3034	17.8605
17.3043	17.8614
17.3051	17.8622
17.2911	17.8779
17.2919	17.8788
17.2928	17.8797
17.2977	17.8765
17.6629	17.5133
17.6712	17.5067
17.6853	17.4944
17.7022	17.4792
17.7693	17.4137
17.7848	17.3999
17.7994	17.387
17.816	17.3721
17.8341	17.3557
17.8602	17.3313
17.8672	17.326
17.8681	17.3268
17.8668	17.3298
17.8032	17.3953
17.7911	17.4091
17.7722	17.4297
17.7519	17.4519
17.6831	17.5224
17.6651	17.5422
17.6476	17.5614
17.6295	17.5812
17.6146	17.5978
17.3008	17.913
17.3019	17.9135
17.2999	17.9173
17.3008	17.9181
17.5915	17.6296
17.5921	17.6307
17.6061	17.6184
17.6101	17.6161
17.6618	17.5661
17.6644	17.5652
17.6724	17.5589
17.6828	17.5503
17.6891	17.5457
17.6902	17.5463
17.6911	17.5471
17.6917	17.5483
17.6908	17.5509
17.6611	17.5823
17.6539	17.5912
17.6456	17.6013
17.6381	17.6105
17.6206	17.6297
17.6232	17.6288
17.624	17.6297
17.6249	17.6306
17.6003	17.6569
17.6012	17.6577
17.602	17.6586
17.6029	17.6594
17.3378	17.9259
17.3387	17.9268
17.3395	17.9276
17.3404	17.9285
17.3413	17.9294
17.6505	17.6222
17.6513	17.6231
17.6539	17.6222
17.6605	17.6173
17.7113	17.5683
17.7228	17.5585
17.7322	17.5507
17.7366	17.5481
17.7543	17.5321
17.7552	17.5329
17.756	17.5338
17.7549	17.5367
17.7156	17.5777
17.7076	17.5875
17.6998	17.597
17.692	17.6065
17.6549	17.6453
17.6563	17.6456
17.6572	17.6465
17.6581	17.6473
17.6589	17.6482
17.3819	17.9266
17.3828	17.9275
17.3836	17.9283
17.3845	17.9292
17.3628	17.9525
17.3637	17.9534
17.3646	17.9543
17.3654	17.9551
17.7176	17.605
17.7185	17.6058
17.7193	17.6067
17.7231	17.6047
17.7803	17.5492
17.7892	17.542
17.8004	17.5324
17.8099	17.5247
17.818	17.5183
17.8148	17.5232
17.82	17.5197
17.8269	17.5145
17.8335	17.5096
17.8129	17.532
17.8239	17.5228
17.8368	17.5115
17.8495	17.5005
17.8093	17.5425
17.8228	17.5307
17.8358	17.5194
17.8488	17.5082
17.5474	17.8113
17.5455	17.8149
17.5429	17.8192
17.5363	17.8275
17.5236	17.842
17.4655	17.9017
17.4562	17.9127
17.4536	17.917
17.4545	17.9178
17.7936	17.5806
17.7942	17.5818
17.7974	17.5803
17.8069	17.5725
17.8465	17.5345
17.8592	17.5235
17.8644	17.52
17.8644	17.5218
17.8226	17.5654
17.8111	17.5786
17.8021	17.5893
17.7903	17.6029
17.7747	17.6202
17.7353	17.6613
17.7238	17.6746
17.7119	17.6882
17.7015	17.7003
17.6198	17.7837
17.6117	17.7935
17.6155	17.7915
17.6152	17.7935
17.3296	18.0803
17.3305	18.0811
17.3313	18.082
17.3313	18.0837
17.3244	18.0924
17.6151	17.8038
17.616	17.8047
17.6169	17.8056
17.6246	17.7995
17.6877	17.7382
17.6886	17.7391
17.6894	17.7399
17.6903	17.7408
17.7082	17.7246
17.7091	17.7255
17.7099	17.7263
17.7108	17.7272
17.6946	17.7451
17.6914	17.75
17.6923	17.7509
17.6931	17.7517
17.694	17.7526
17.6608	17.7875
17.6617	17.7883
17.6625	17.7892
17.6634	17.79
17.6389	17.8163
17.6397	17.8171
17.6406	17.818
17.6415	17.8189
17.3285	18.133
17.3293	18.1338
17.3302	18.1347
17.331	18.1356
17.6711	17.7978
17.672	17.7987
17.6798	17.7926
17.6876	17.7865
17.6957	17.7802
17.7686	17.7089
17.7822	17.697
17.7947	17.6863
17.8089	17.6739
17.8325	17.652
17.8463	17.6398
17.8579	17.6299
17.8704	17.6192
17.8416	17.6497
17.856	17.637
17.8589	17.6358
17.856	17.6404
17.8508	17.6474
17.7871	17.7128
17.7686	17.7331
17.7504	17.753
17.733	17.7722
17.2928	18.2131
17.2792	18.2285
17.2664	18.2429
17.2533	18.2577
17.2431	18.2696
17.2121	18.3022
17.2144	18.3016
17.2153	18.3024
17.2161	18.3033
17.7158	17.8066
17.7276	17.7964
17.7427	17.7831
17.7589	17.7686
17.8403	17.6889
17.8453	17.6857
17.8429	17.6897
17.8336	17.7007
17.8312	17.7049
17.8213	17.7165
17.812	17.7275
17.8024	17.7388
17.7932	17.7498
17.7763	17.7684
17.7772	17.7692
17.778	17.7701
17.7789	17.771
17.2445	18.306
17.2524	18.3145
17.284	18.3479
17.3258	18.3918
17.3667	18.4409
17.3892	18.5161
17.4478	18.5759
17.5234	18.6429
17.6068	18.7112
17.7117	18.7629
17.8074	18.8238
17.9076	18.8802
18.0046	18.9397
18.1259	18.975
18.2209	19.0366
18.3148	19.0993
18.4097	19.1609
18.5143	19.2128
18.5963	19.2874
18.675	19.3651
18.7523	19.4444
18.8307	19.5225
18.9481	19.5617
19.0268	19.6394
19.1055	19.7172
19.1843	19.795
19.2624	19.8733
19.3411	19.9511
19.4198	20.0288
19.4986	20.1066
19.5407	20.2209
19.6194	20.2987
19.6981	20.3764
19.7768	20.4542
19.8546	20.5329
19.9333	20.6107
20.0121	20.6885
20.0908	20.7662
20.1695	20.844
20.2608	20.9092
20.3395	20.987
20.4182	21.0648
20.497	21.1425
20.5917	21.2044
20.6704	21.2821
20.7492	21.3599
20.8279	21.4376
20.924	21.4981
21.0027	21.5758
21.0815	21.6535
21.1603	21.7312
21.5478	21.5005
21.6268	21.5781
21.7058	21.6556
21.7847	21.7331
21.8637	21.8106
21.9717	21.8591
22.0507	21.9366
22.1297	22.0141
22.2087	22.0916
21.9072	22.5491
21.9859	22.6269
22.0647	22.7046
22.1434	22.7824
22.1301	22.9518
22.2088	23.0297
22.2875	23.1075
22.3662	23.1853
22.4449	23.2631
22.4884	23.3759
22.5671	23.4537
22.6457	23.5315
22.7244	23.6094
22.8273	23.663
22.906	23.7408
22.9847	23.8186
23.0634	23.8964
23.3318	23.7851
23.4106	23.8627
23.4895	23.9404
23.5683	24.0181
23.5217	24.2208
23.6004	24.2986
23.6792	24.3763
23.7579	24.4541
23.8367	24.5318
23.8964	24.6285
23.9751	24.7063
24.0539	24.784
24.1326	24.8618
24.2134	24.9374
24.2922	25.0152
24.3709	25.0929
24.4497	25.1707
24.4817	25.295
24.5441	25.389
24.6227	25.4669
24.6996	25.5464
25.1308	25.2726
25.1823	25.3776
25.2327	25.4836
25.2812	25.5916
25.3258	25.7035
24.9964	26.1878
25.0383	26.3021
25.1067	26.3901
25.1913	26.462
25.2404	26.5692
25.3146	26.6515
25.3906	26.7319
25.4684	26.8106
25.5799	26.8559
25.6586	26.9336
25.7419	27.0057
25.8167	27.0734
25.955	27.0559
26.0104	27.0905
26.0553	27.1039
26.0888	27.0975
26.1096	27.0784
26.1982	26.9919
26.2192	26.9727
26.2413	26.9525
26.267	26.9286
26.3934	26.8043
26.4195	26.7799
26.4453	26.7559
26.4492	26.7537
26.4753	26.7293
26.4762	26.7302
26.4771	26.731
26.4779	26.7319
26.5303	26.6813
26.5312	26.6821
26.5321	26.683
26.5329	26.6838
26.6532	26.5653
26.6541	26.5661
26.655	26.567
26.6559	26.5678
26.5372	26.6882
26.538	26.689
26.5389	26.6899
26.5398	26.6907
26.489	26.7432
26.4899	26.744
26.4908	26.7449
26.4916	26.7457
26.4925	26.7466
26.4553	26.7854
26.4562	26.7863
26.4571	26.7871
26.4579	26.788
26.6544	26.5933
26.6553	26.5942
26.6562	26.5951
26.657	26.5959
26.5518	26.7029
26.5526	26.7037
26.5535	26.7046
26.5544	26.7054
26.4782	26.7832
26.4791	26.7841
26.4799	26.785
26.4808	26.7858
26.4441	26.8242
26.4449	26.825
26.4458	26.8259
26.4467	26.8267
26.4475	26.8276
26.576	26.701
26.5769	26.7019
26.5777	26.7027
26.5786	26.7036
27.0571	26.2259
27.058	26.2268
27.0588	26.2276
27.0597	26.2285
27.0742	26.2157
27.0751	26.2165
27.076	26.2174
27.0768	26.2182
27.0641	26.2327
27.065	26.2335
27.0659	26.2344
27.0667	26.2352
26.9301	26.3741
26.931	26.3749
26.9319	26.3758
26.9327	26.3766
26.9336	26.3775
26.5809	26.7322
26.5656	26.7493
26.5599	26.7567
26.5509	26.7674
26.1869	27.1321
26.1204	27.1999
26.0345	27.287
25.9651	27.3576
25.8279	27.4955
25.8089	27.516
25.7579	27.5683
25.6997	27.6277
25.7415	27.588
25.7267	27.6043
25.7635	27.5696
25.8526	27.483
26.1581	27.1813
26.2088	27.1325
26.2074	27.1357
26.1917	27.153
26.2896	27.0573
26.2909	27.0577
26.2927	27.0576
26.2936	27.0585
26.2607	27.0929
26.2668	27.0886
26.2771	27.0801
26.293	27.0659
26.3104	27.0503
26.3892	26.9734
26.4038	26.9607
26.4173	26.9489
26.4323	26.9356
26.582	26.788
26.5979	26.7738
26.6049	26.7685
26.6058	26.7694
26.5574	26.8194
26.5728	26.8057
26.5836	26.7967
26.5962	26.7858
26.4222	26.9613
26.4442	26.941
26.466	26.9209
26.4669	26.9218
26.3501	27.0399
26.351	27.0408
26.3519	27.0417
26.3527	27.0425
26.3536	27.0434
26.3657	27.033
26.3666	27.0338
26.3675	27.0347
26.3683	27.0355
26.3921	27.0136
26.393	27.0144
26.3939	27.0153
26.3947	27.0161
26.4189	26.9938
26.4197	26.9946
26.4206	26.9955
26.4215	26.9963
26.4341	26.9855
26.435	26.9863
26.4358	26.9872
26.4367	26.988
26.4376	26.9889
26.4502	26.978
26.4511	26.9788
26.452	26.9797
26.4528	26.9805
26.453	26.9821
26.3614	27.0751
26.2367	27.201
26.1299	27.3089
26.0985	27.3418
26.0209	27.4206
26.0161	27.4271
26.0169	27.428
26.0807	27.3664
26.0816	27.3672
26.0824	27.3681
26.0833	27.369
26.0841	27.3699
26.2566	27.2001
26.2575	27.2009
26.2583	27.2018
26.2592	27.2027
26.4531	27.0112
26.5082	26.958
26.5274	26.9405
26.5622	26.9075
26.7976	26.674
26.8474	26.6258
26.9076	26.5673
26.9075	26.5691
27.0591	26.4189
27.1032	26.3763
27.1568	26.3243
27.2174	26.2651
27.2667	26.2172
27.3772	26.1079
27.3771	26.1097
27.3507	26.1379
27.3243	26.1662
27.2642	26.2284
27.233	26.2615
27.201	26.2954
27.1689	26.3293
27.0145	26.486
26.9829	26.5194
26.9838	26.5203
26.9926	26.5131
26.8719	26.6358
26.8709	26.6385
26.8652	26.646
26.8651	26.6478
26.8659	26.6486
26.8253	26.6911
26.8261	26.6919
26.827	26.6928
26.8278	26.6937
26.9254	26.5978
26.9262	26.5986
26.9271	26.5995
26.9279	26.6003
26.8871	26.643
26.8846	26.6471
26.8855	26.648
26.8864	26.6489
26.7762	26.7608
26.777	26.7617
26.7779	26.7626
26.7806	26.7616
27.0687	26.4747
27.0701	26.4751
27.0714	26.4755
27.0723	26.4764
27.0731	26.4772
27.0072	26.545
27.0081	26.5459
27.0089	26.5468
27.0098	26.5476
26.665	26.8944
26.6658	26.8952
26.6667	26.8961
26.6675	26.897
26.5585	27.0075
26.5594	27.0084
26.5602	27.0092
26.5611	27.0101
26.4418	27.1308
26.4426	27.1316
26.4435	27.1325
26.4444	27.1334
26.3934	27.1859
26.3942	27.1867
26.3951	27.1876
26.396	27.1885
26.5148	27.0718
26.5156	27.0726
26.5165	27.0735
26.5174	27.0744
26.5182	27.0752
26.614	26.9814
26.6148	26.9823
26.6157	26.9831
26.6166	26.984
26.6864	26.916
26.6872	26.9169
26.6881	26.9177
26.689	26.9186
26.7315	26.8778
26.7324	26.8787
26.7332	26.8795
26.7341	26.8804
26.7349	26.8813
26.7637	26.8543
26.7645	26.8551
26.7654	26.856
26.7662	26.8569
26.8369	26.7879
26.8377	26.7888
26.8386	26.7897
26.8395	26.7905
27.0064	26.6251
27.0073	26.626
27.0082	26.6268
27.009	26.6277
26.9688	26.6697
26.9696	26.6706
26.9705	26.6715
26.9713	26.6723
26.9446	26.7008
26.9455	26.7017
26.9463	26.7025
26.9472	26.7034
26.948	26.7043
26.9766	26.6774
26.9774	26.6783
26.9783	26.6792
26.9791	26.68
27.0755	26.5852
27.0764	26.586
27.0772	26.5869
27.0781	26.5877
27.1325	26.5349
27.1334	26.5358
27.1342	26.5366
27.1351	26.5375
27.2652	26.4086
27.2661	26.4095
27.2669	26.4103
27.2678	26.4112
27.2179	26.463
27.2187	26.4639
27.2196	26.4648
27.2205	26.4656
27.2213	26.4665
27.1438	26.546
27.1447	26.5468
27.1456	26.5477
27.1516	26.5434
27.0555	26.6414
27.0606	26.638
27.0648	26.6356
27.0756	26.6265
27.2014	26.502
27.2203	26.4848
27.2376	26.4691
27.2532	26.4552
27.2678	26.4422
27.2805	26.4312
27.2904	26.423
27.2988	26.4163
27.3091	26.4076
27.2224	26.4964
27.2223	26.4982
27.2185	26.5038
27.2146	26.5094
27.0616	26.6646
27.0615	26.6664
27.0586	26.6711
27.0481	26.6834
26.894	26.8393
26.8826	26.8525
26.8796	26.8571
26.8815	26.857
26.8048	26.9354
26.8213	26.9206
26.8397	26.9039
26.8548	26.8906
26.8937	26.8534
26.9041	26.8447
26.9215	26.829
26.9433	26.809
27.0335	26.7203
27.0524	26.7031
27.0613	26.6959
27.0624	26.6965
27.0633	26.6974
26.8447	26.9179
26.8455	26.9187
26.8464	26.9196
26.8473	26.9205
26.6551	27.1141
26.656	27.1149
26.6569	27.1158
26.6577	27.1166
26.5981	27.1778
26.599	27.1786
26.5999	27.1795
26.6007	27.1804
26.7118	27.0713
26.7127	27.0721
26.7135	27.073
26.7144	27.0738
26.7153	27.0747
26.8459	26.9459
26.8468	26.9467
26.8477	26.9476
26.8485	26.9485
26.5856	27.2126
26.5865	27.2135
26.5873	27.2143
26.5882	27.2152
26.5657	27.2393
26.5656	27.2411
26.5574	27.251
26.5245	27.2855
26.6006	27.2114
26.5573	27.2563
26.5162	27.2989
26.4771	27.3396
26.4456	27.3727
26.5592	27.2612
26.5615	27.2607
26.5624	27.2615
26.5632	27.2624
26.605	27.2225
26.6145	27.2148
26.6201	27.2109
26.6262	27.2065
26.6158	27.2187
26.6447	27.1915
26.6689	27.1691
26.6888	27.151
26.6912	27.1503
26.7002	27.143
26.7168	27.1282
26.7376	27.1091
26.7334	27.1151
26.7556	27.0946
26.7793	27.0727
26.798	27.0557
26.7989	27.0566
27.4582	26.3976
27.459	26.3985
27.4599	26.3993
27.4608	26.4002
27.68	26.1813
27.6809	26.1821
27.6817	26.1829
27.6826	26.1838
27.6466	26.2218
27.6475	26.2226
27.6484	26.2235
27.6492	26.2243
27.5612	26.3147
27.5621	26.3156
27.5629	26.3164
27.5638	26.3173
27.4317	26.4518
27.4326	26.4527
27.4335	26.4535
27.4298	26.4589
27.3207	26.5703
27.3154	26.5773
27.2978	26.5967
27.2639	26.6324
27.2244	26.6738
27.0552	26.8451
27.0084	26.8936
26.9627	26.9411
26.946	26.9595
26.9801	26.9271
26.981	26.9279
26.9819	26.9288
26.9827	26.9296
26.7189	27.1949
26.714	27.2015
26.7144	27.2028
26.7153	27.2037
26.7298	27.1909
26.7306	27.1918
26.7315	27.1927
26.7323	27.1935
26.7332	27.1944
26.734	27.1953
26.7349	27.1961
26.7357	27.197
26.7366	27.1979
26.7512	27.1851
26.752	27.1859
26.7529	27.1868
26.7537	27.1877
26.992	26.9513
26.9929	26.9522
26.9914	26.9554
26.9884	26.9601
26.7376	27.2124
26.7313	27.2204
26.7235	27.2298
26.7201	27.2349
26.71	27.2468
26.6951	27.2634
26.684	27.2761
26.671	27.2908
26.6571	27.3064
26.622	27.3431
26.6209	27.3459
26.6246	27.3439
26.6365	27.3338
26.6761	27.296
26.686	27.2879
26.6936	27.2821
26.7001	27.2772
26.7609	27.2183
26.767	27.2139
26.7755	27.2072
26.7854	27.199
26.7944	27.1918
26.8442	27.1438
26.8479	27.1418
26.8488	27.1427
26.8496	27.1436
26.8683	27.1267
26.8739	27.1227
26.8748	27.1236
26.8756	27.1245
26.8905	27.1114
26.8913	27.1122
26.8893	27.116
26.874	27.133
26.8551	27.1536
26.8559	27.1545
26.8596	27.1525
26.8691	27.1448
26.8762	27.1394
26.8924	27.1249
26.8933	27.1257
26.8942	27.1266
26.895	27.1275
26.9521	27.0722
26.9534	27.0725
26.9567	27.071
26.9575	27.0719
26.9865	27.0446
26.9874	27.0455
26.9883	27.0463
26.9891	27.0472
27.0046	27.0335
27.0069	27.0329
27.0134	27.028
27.0162	27.027
27.0453	26.9997
27.0466	27.0001
27.0503	26.9981
27.0512	26.9989
27.1083	26.9435
27.1092	26.9443
27.1153	26.94
27.1147	26.9423
27.1156	26.9431
27.032	27.0285
27.0328	27.0293
27.0337	27.0302
27.0345	27.0311
27.0072	27.0601
27.0081	27.061
27.0089	27.0618
27.0098	27.0627
26.9825	27.0917
26.9833	27.0926
26.9842	27.0935
26.985	27.0943
26.9859	27.0952
26.9727	27.1101
26.9735	27.111
26.9744	27.1118
26.9753	27.1127
27.2426	26.8469
27.2435	26.8477
27.2444	26.8486
