0	0
0	0
0	0
0	0
0	0
0	0
0	0
0	0
0	0
0	0
0	0
0	0
0	0
0	0
0	0
0	0
0	0
0	0
0	0
0	0
0	0
0	0
0	0
0	0
0	0
0	0
0	0
0	0
0	0
0	0
0	0
0	0
0	0
0	0
0	0
0	0
0	0
0	0
0	0
0	0
0	0
0	0
0	0
0	0
0	0
0	0
0	0
0	0
0	0
0	0
0	0
0	0
0	0
0	0
0	0
0.0241497	0.0241305
0.0619332	0.061884
0.0997168	0.0996374
0.1375	0.137391
0.175284	0.175144
0.212094	0.211925
0.245983	0.245787
0.269159	0.268945
0.286494	0.286266
0.290195	0.289964
0.293896	0.293662
0.300518	0.300278
0.30714	0.306895
0.314735	0.314484
0.323304	0.323046
0.333824	0.333557
0.344343	0.344069
0.354863	0.35458
0.365383	0.365091
0.375903	0.375603
0.386423	0.386114
0.396942	0.396626
0.409409	0.409082
0.429665	0.429322
0.452841	0.452479
0.476991	0.47661
0.505035	0.504632
0.534053	0.533626
0.570863	0.570406
0.616435	0.615942
0.6698	0.669264
0.727059	0.726477
0.785291	0.784662
0.842551	0.841875
0.89981	0.899088
0.957219	0.95615
1.01479	1.01305
1.07243	1.06989
1.12908	1.12576
1.18575	1.18161
1.24243	1.23745
1.29526	1.28937
1.33156	1.32472
1.33272	1.32511
1.33297	1.32447
1.33433	1.32468
1.33572	1.32485
1.33897	1.32705
1.34213	1.32934
1.3462	1.33267
1.3532	1.33891
1.36119	1.3461
1.36816	1.35237
1.37596	1.35976
1.38392	1.36698
1.39205	1.37404
1.40014	1.38113
1.40805	1.3884
1.41567	1.39597
1.4233	1.40352
1.43101	1.411
1.43989	1.41925
1.44794	1.42639
1.45597	1.43353
1.46488	1.44176
1.47389	1.44988
1.48181	1.45714
1.4906	1.46549
1.49936	1.47386
1.5082	1.48214
1.51717	1.4903
1.5263	1.49831
1.53561	1.50613
1.54498	1.51389
1.55438	1.52162
1.56394	1.52919
1.57347	1.53679
1.58294	1.54446
1.5922	1.55232
1.6013	1.56035
1.61036	1.56843
1.61931	1.5766
1.6282	1.58484
1.637	1.59318
1.64587	1.60144
1.65488	1.60956
1.66399	1.61758
1.673	1.6257
1.68195	1.63388
1.69086	1.6421
1.69978	1.65031
1.70883	1.6584
1.72179	1.67036
1.74569	1.69279
1.7748	1.71975
1.8044	1.74621
1.83937	1.77705
1.87927	1.81268
1.93088	1.85997
1.99382	1.91928
2.05936	1.98185
2.12714	2.04605
2.19795	2.11307
2.26861	2.18024
2.33917	2.2475
2.41281	2.31754
2.49753	2.39791
2.59515	2.49068
2.70473	2.59485
2.81436	2.69897
2.92403	2.80305
3.04175	2.91458
3.16337	3.02986
3.2906	3.15104
3.41786	3.27218
3.54556	3.39288
3.67347	3.51337
3.80149	3.63376
3.92951	3.75414
4.06143	3.87829
4.19326	4.00253
4.32505	4.12681
4.45688	4.25105
4.58946	4.37454
4.72179	4.49827
4.85416	4.62389
4.98742	4.75053
5.12261	4.87907
5.25589	5.00569
5.38918	5.13231
5.52224	5.25914
5.65307	5.3863
5.78296	5.5144
5.91333	5.642
6.04431	5.76902
6.17361	5.89578
6.30367	6.02179
6.43503	6.1465
6.56698	6.27061
6.69967	6.39399
6.83251	6.51722
6.96534	6.64045
7.09837	6.76349
7.23159	6.88634
7.36464	7.00935
7.49736	7.1327
7.62882	7.2573
7.76021	7.38197
7.89169	7.50657
8.023	7.63132
8.15314	7.75725
8.28237	7.88408
8.41153	8.01099
8.53993	8.13866
8.66777	8.26689
8.793	8.39389
8.91811	8.52102
9.04441	8.64696
9.1713	8.77231
9.29752	8.89831
9.42269	9.02538
9.54894	9.15137
9.67769	9.27486
9.80673	9.39804
9.93578	9.52123
10.0648	9.6444
10.1947	9.76681
10.3249	9.88885
10.4558	10.0101
10.5869	10.1313
10.7178	10.2526
10.8485	10.3742
10.979	10.4959
11.1101	10.617
11.2387	10.7367
11.3565	10.8463
11.4442	10.9295
11.4989	10.9815
11.5337	11.0145
11.5704	11.0494
11.6071	11.0843
11.645	11.12
11.6817	11.1549
11.7131	11.1855
11.7274	11.202
11.7201	11.203
11.7023	11.199
11.6836	11.1959
11.6644	11.1933
11.6466	11.1893
11.6296	11.1845
11.6121	11.1802
11.5945	11.1761
11.577	11.1717
11.5593	11.1677
11.5418	11.1633
11.5244	11.159
11.507	11.1546
11.4896	11.1502
11.4724	11.1456
11.4561	11.14
11.4397	11.1346
11.4225	11.1301
11.4052	11.1256
11.3872	11.1218
11.3693	11.1179
11.3507	11.1146
11.3318	11.1117
11.3125	11.1093
11.2929	11.1071
11.2727	11.1055
11.2523	11.1041
11.2318	11.1028
11.211	11.1017
11.1912	11.0998
11.171	11.0982
11.1505	11.0969
11.1306	11.095
11.1119	11.0918
11.0965	11.0854
11.085	11.0751
11.0741	11.0643
11.0632	11.0534
11.0547	11.04
11.0496	11.0234
11.0442	11.0069
11.0374	10.992
11.0299	10.9776
11.0222	10.9635
11.015	10.9489
11.0087	10.9333
11.0019	10.9184
10.9934	10.905
10.9845	10.8922
10.9737	10.8812
10.9639	10.8692
10.9555	10.8558
10.9471	10.8423
10.9385	10.8291
10.9297	10.8161
10.9202	10.8039
10.9097	10.7926
10.8989	10.7815
10.8881	10.7705
10.8771	10.7597
10.8662	10.7488
10.8552	10.738
10.8454	10.726
10.8378	10.7118
10.8309	10.6969
10.8233	10.6827
10.815	10.6692
10.8061	10.6563
10.7955	10.6451
10.7849	10.6338
10.7764	10.6206
10.7675	10.6076
10.7568	10.5966
10.7458	10.5858
10.7347	10.5751
10.7235	10.5644
10.7126	10.5536
10.7016	10.5428
10.6906	10.532
10.6796	10.5211
10.6683	10.5107
10.6573	10.4999
10.6461	10.4892
10.6347	10.4788
10.6228	10.4689
10.6114	10.4585
10.6001	10.448
10.5887	10.4376
10.5771	10.4274
10.565	10.4177
10.5532	10.4077
10.5419	10.3972
10.5297	10.3875
10.5166	10.3788
10.5031	10.3705
10.49	10.3619
10.4915	10.3678
10.5081	10.3917
10.5329	10.4229
10.5661	10.4614
10.5994	10.4997
10.6324	10.5383
10.6643	10.5781
10.6955	10.6185
10.7269	10.6588
10.7566	10.6968
10.7885	10.7365
10.8217	10.775
10.8562	10.8121
10.8908	10.8492
10.9234	10.8883
10.9558	10.9275
10.9892	10.9658
11.0226	11.0039
11.0563	11.0419
11.0909	11.0789
11.1267	11.1148
11.1623	11.1509
11.1917	11.1892
11.2185	11.2301
11.2473	11.2691
11.2787	11.3054
11.3087	11.3393
11.3307	11.3656
11.3443	11.3847
11.3574	11.4044
11.3711	11.4233
11.3858	11.4414
11.4004	11.4594
11.4158	11.4768
11.431	11.4942
11.4462	11.5118
11.4619	11.5288
11.4764	11.547
11.4912	11.5649
11.5071	11.5817
11.5235	11.598
11.5416	11.6126
11.5627	11.6262
11.5838	11.6397
11.6027	11.6536
11.6202	11.6707
11.6369	11.6887
11.6507	11.7095
11.6626	11.7323
11.6734	11.7541
11.6864	11.7739
11.6866	11.7752
11.6766	11.7635
11.6657	11.7525
11.6532	11.7433
11.641	11.7336
11.6306	11.7223
11.622	11.709
11.6122	11.697
11.6011	11.6863
11.5874	11.6782
11.5722	11.6716
11.5567	11.6652
11.5404	11.6597
11.5226	11.6558
11.5033	11.6532
11.4845	11.6502
11.4665	11.6465
11.4477	11.6435
11.427	11.6423
11.4067	11.6408
11.3876	11.6381
11.3695	11.6344
11.3524	11.6297
11.3365	11.6238
11.3221	11.6164
11.3097	11.607
11.2968	11.598
11.2855	11.5876
11.2733	11.5779
11.2607	11.5687
11.2479	11.5598
11.2357	11.5501
11.2241	11.5399
11.2129	11.5293
11.2022	11.5182
11.1914	11.5072
11.1807	11.4961
11.17	11.485
11.1592	11.474
11.1485	11.4629
11.1378	11.4518
11.127	11.4408
11.1163	11.4297
11.1056	11.4186
11.0948	11.4075
11.0841	11.3965
11.0734	11.3854
11.0626	11.3743
11.0519	11.3633
11.0412	11.3522
11.0303	11.3413
11.0184	11.3313
11.0063	11.3217
10.9945	11.3116
10.9828	11.3015
10.9714	11.2911
10.9607	11.2801
10.9499	11.269
10.9392	11.2579
10.9272	11.2481
10.914	11.2395
10.9002	11.2315
10.8864	11.2235
10.8727	11.2153
10.8594	11.2069
10.8465	11.198
10.834	11.1887
10.8212	11.1796
10.8096	11.1695
10.7989	11.1584
10.7882	11.1473
10.7774	11.1362
10.7667	11.1251
10.756	11.114
10.7459	11.1023
10.7369	11.0895
10.7272	11.0774
10.7165	11.0663
10.7058	11.0552
10.6953	11.0439
10.6858	11.0316
10.6774	11.0182
10.6696	11.0042
10.6633	10.9887
10.6576	10.9726
10.6521	10.9563
10.6464	10.9402
10.6408	10.924
10.6361	10.9069
10.6321	10.8891
10.629	10.8704
10.626	10.8516
10.6227	10.8331
10.6192	10.8147
10.6159	10.7963
10.6129	10.7775
10.6104	10.7582
10.6079	10.7389
10.6059	10.7191
10.6039	10.6993
10.6012	10.6802
10.5989	10.6607
10.5965	10.6413
10.5933	10.6227
10.589	10.6052
10.5822	10.5901
10.5723	10.5783
10.5614	10.5674
10.5505	10.5565
10.5396	10.5456
10.5287	10.5347
10.5178	10.5238
10.5072	10.5125
10.4979	10.5
10.4892	10.487
10.4806	10.4737
10.471	10.4615
10.4602	10.4505
10.4493	10.4396
10.4384	10.4287
10.4275	10.4178
10.4166	10.4069
10.4059	10.3958
10.3959	10.384
10.3852	10.3729
10.3743	10.362
10.3634	10.3511
10.3525	10.3402
10.3415	10.3293
10.3306	10.3184
10.3197	10.3075
10.3088	10.2966
10.2979	10.2857
10.287	10.2748
10.2765	10.2635
10.2661	10.2521
10.2554	10.241
10.2445	10.2301
10.2336	10.2192
10.2227	10.2083
10.2118	10.1975
10.2008	10.1866
10.1938	10.1796
10.1859	10.1716
10.1847	10.1704
10.1884	10.1741
10.1922	10.1777
10.1967	10.1806
10.2021	10.1845
10.2089	10.191
10.2194	10.2015
10.23	10.2119
10.2408	10.2222
10.2514	10.2326
10.2622	10.2429
10.2728	10.2533
10.2839	10.2632
10.2952	10.2729
10.306	10.2831
10.3166	10.2936
10.3271	10.3041
10.3377	10.3145
10.352	10.3271
10.3661	10.3399
10.3802	10.3526
10.3944	10.3654
10.4085	10.3781
10.4225	10.3909
10.4392	10.4051
10.4569	10.42
10.4763	10.4353
10.4952	10.4491
10.5152	10.4637
10.5352	10.4784
10.5546	10.4917
10.5752	10.5058
10.5951	10.5205
10.615	10.5353
10.6347	10.5502
10.6549	10.5647
10.6748	10.5775
10.7016	10.5971
10.7415	10.6307
10.7807	10.6651
10.8208	10.7006
10.86	10.735
10.8986	10.7699
10.9382	10.8059
10.9775	10.8402
11.0178	10.8735
11.0584	10.9064
11.0989	10.9395
11.1386	10.9734
11.1796	11.0079
11.2189	11.0422
11.2577	11.077
11.2979	11.1123
11.3358	11.1481
11.3748	11.1826
11.4123	11.2187
11.4495	11.2551
11.4868	11.2914
11.5255	11.3263
11.5653	11.362
11.6074	11.3994
11.6509	11.4372
11.6943	11.4752
11.7377	11.5132
11.782	11.5522
11.825	11.5905
11.8695	11.6274
11.9153	11.6649
11.9619	11.7017
12.0093	11.7376
12.0575	11.7727
12.1061	11.8074
12.1543	11.8426
12.2024	11.8778
12.2497	11.9137
12.2968	11.9499
12.3433	11.9868
12.3886	12.0248
12.434	12.0628
12.479	12.101
12.5239	12.1395
12.5682	12.1785
12.6115	12.2185
12.654	12.2593
12.6964	12.3002
12.7388	12.3411
12.7812	12.382
12.8228	12.4238
12.8631	12.4668
12.902	12.5113
12.9405	12.5561
12.9782	12.6017
13.0146	12.6486
13.05	12.6965
13.0856	12.7443
13.125	12.7882
13.1668	12.8297
13.2091	12.8708
13.2513	12.9118
13.2939	12.9526
13.3387	12.9911
13.3829	13.0303
13.426	13.0704
13.4685	13.1113
13.5103	13.1528
13.5534	13.1969
13.596	13.2415
13.6382	13.2885
13.6799	13.3359
13.7222	13.3808
13.7662	13.426
13.8097	13.4716
13.8525	13.518
13.8931	13.5646
13.937	13.6079
13.9822	13.6519
14.0402	13.7084
14.1022	13.7687
14.1641	13.829
14.2255	13.8899
14.286	13.9516
14.3467	14.0132
14.4049	14.0772
14.4593	14.1432
14.5107	14.2081
14.5614	14.2739
14.6114	14.3403
14.6605	14.4076
14.7086	14.4759
14.7579	14.547
14.8057	14.6195
14.8531	14.6924
14.8997	14.7662
14.9458	14.8403
14.9923	14.9141
15.0391	14.9877
15.0887	15.0584
15.1439	15.1196
15.2022	15.1778
15.2624	15.2379
15.3226	15.298
15.3826	15.3583
15.4389	15.4183
15.4983	15.4793
15.5565	15.5375
15.6169	15.5975
15.6773	15.6534
15.7411	15.71
15.8027	15.7647
15.8634	15.8205
15.9271	15.8771
15.9927	15.9318
16.0587	15.9822
16.1263	16.031
16.1962	16.0814
16.2647	16.1333
16.3305	16.1877
16.3943	16.2442
16.4578	16.3011
16.5219	16.3573
16.5873	16.4122
16.6512	16.4647
16.7165	16.5197
16.7801	16.5725
16.8441	16.6288
16.9059	16.6834
16.9708	16.7389
17.0342	16.7958
17.0971	16.8531
17.1585	16.9081
17.222	16.9649
17.2857	17.0216
17.3469	17.0767
17.4081	17.132
17.471	17.1894
17.5345	17.2462
17.5985	17.3025
17.6615	17.3598
17.7221	17.4156
17.7845	17.4735
17.8443	17.5301
17.9064	17.5884
17.9684	17.6467
18.0306	17.7047
18.0931	17.7626
18.1556	17.8204
18.2178	17.8785
18.2803	17.9362
18.3441	17.9928
18.4084	18.0488
18.4726	18.1049
18.5345	18.1594
18.596	18.2182
18.6569	18.2777
18.7174	18.3375
18.7747	18.4004
18.8307	18.4647
18.8914	18.5244
18.9516	18.5845
19.0091	18.6434
19.0657	18.7071
19.117	18.7722
19.1689	18.8407
19.2189	18.911
19.267	18.9832
19.3137	19.0568
19.3589	19.1319
19.4029	19.2083
19.4463	19.2852
19.4904	19.3614
19.5347	19.4374
19.5796	19.5128
19.6253	19.5874
19.6758	19.6573
19.7279	19.7215
19.7789	19.787
19.8327	19.8497
19.885	19.9138
19.936	19.9792
19.9877	20.0438
20.0411	20.1069
20.0942	20.1702
20.1472	20.2336
20.1988	20.2984
20.2495	20.3641
20.2986	20.4314
20.3464	20.5
20.3922	20.5668
20.4359	20.6278
20.4688	20.6763
20.4929	20.716
20.5064	20.741
20.4921	20.7335
20.4813	20.7226
20.4661	20.716
20.4479	20.7123
20.4287	20.7097
20.4084	20.7082
20.387	20.7078
20.3588	20.7141
20.33	20.7212
20.3023	20.727
20.2761	20.7313
20.2487	20.7369
20.2231	20.7407
20.2016	20.7403
20.185	20.7351
20.1704	20.7279
20.1541	20.7225
20.1366	20.7181
20.1202	20.7127
20.1044	20.7066
20.0874	20.7019
20.072	20.6954
20.0599	20.6857
20.0492	20.6746
20.0368	20.6652
20.0227	20.6575
20.0113	20.6471
20.0001	20.6365
19.9862	20.6285
19.9714	20.6215
19.9559	20.6153
19.9408	20.6085
19.9263	20.6012
19.9123	20.5934
19.8991	20.5847
19.8856	20.5765
19.8734	20.5668
19.8626	20.5559
19.8519	20.5448
19.8412	20.5336
19.8317	20.5213
19.8243	20.5069
19.8209	20.4886
19.8205	20.4672
19.8215	20.4444
19.8237	20.4204
19.8276	20.3948
19.8319	20.3687
19.835	20.3438
19.8371	20.3199
19.8376	20.2976
19.8376	20.2759
19.8387	20.253
19.841	20.2289
19.8443	20.2039
19.8482	20.1782
19.8507	20.1538
19.8553	20.1275
19.8618	20.0992
19.868	20.0712
19.8733	20.0442
19.8766	20.019
19.8797	19.9941
19.8844	19.9676
19.8882	19.942
19.8895	19.9189
19.8851	19.9016
19.875	19.8898
19.8641	19.8789
19.8571	19.8642
19.8593	19.8402
19.8589	19.8187
19.8539	19.8019
19.8485	19.7854
19.8431	19.7691
19.8394	19.751
19.8388	19.7298
19.8395	19.7073
19.8398	19.6852
19.8403	19.6629
19.8407	19.6406
19.8389	19.6206
19.844	19.6151
19.8426	19.6103
19.8397	19.607
19.8389	19.6015
19.8399	19.5943
19.8405	19.5875
19.8395	19.5823
19.8456	19.5855
19.8567	19.5954
19.8741	19.6029
19.8946	19.6073
19.9146	19.6103
19.9354	19.6144
19.9547	19.6181
19.9729	19.6248
19.9895	19.6332
20.0063	19.6413
20.0224	19.65
20.0345	19.6609
20.0466	19.6718
20.0615	19.6818
20.0762	19.692
20.0886	19.7046
20.0998	19.7164
20.1119	19.7292
20.1219	19.7441
20.1319	19.7591
20.143	19.7728
20.1499	19.7889
20.1602	19.8017
20.1741	19.8126
20.1919	19.8197
20.2098	19.8249
20.2279	19.8317
20.2431	19.8414
20.2561	19.8533
20.2687	19.8656
20.2813	19.8779
20.2939	19.8902
20.3065	19.9025
20.3192	19.9149
20.3316	19.9274
20.3435	19.9404
20.3556	19.9532
20.3682	19.9655
20.3803	19.9783
20.3922	19.9914
20.4021	20.0063
20.4109	20.0225
20.419	20.0394
20.4236	20.0577
20.4237	20.0787
20.4183	20.0993
20.3934	20.1024
20.369	20.1051
20.3454	20.1068
20.3206	20.1099
20.2949	20.1137
20.2689	20.118
20.2421	20.1229
20.2161	20.1271
20.1922	20.1292
20.1724	20.1272
20.1577	20.1201
20.1458	20.1102
20.134	20.1002
20.1216	20.0908
20.1091	20.0815
20.0965	20.0723
20.0834	20.0636
20.0711	20.0541
20.0594	20.044
20.048	20.0336
20.0367	20.0231
20.0246	20.0134
20.0113	20.0048
19.9971	19.9973
19.9808	19.9918
19.9624	19.9884
19.9429	19.9861
19.9259	19.9813
19.9117	19.9737
19.8996	19.9639
19.8866	19.9551
19.8725	19.9475
19.8587	19.9394
19.8441	19.9322
19.8299	19.9246
19.8157	19.917
19.8016	19.9093
19.7865	19.9026
19.7716	19.8957
19.7582	19.8873
19.7471	19.8766
19.7362	19.8656
19.7254	19.8547
19.7143	19.844
19.7008	19.8357
19.686	19.8286
19.6705	19.8224
19.6547	19.8163
19.6394	19.8098
19.6263	19.8012
19.6149	19.7907
19.6041	19.7797
19.5928	19.7692
19.5813	19.759
19.5709	19.7475
19.5635	19.7331
19.5674	19.7269
19.5934	19.7413
19.6252	19.7598
19.6717	19.7927
19.7212	19.8246
19.7716	19.8556
19.8362	19.9074
19.9055	19.9623
19.9751	20.0169
20.0424	20.0738
20.1046	20.1338
20.1628	20.1921
20.22	20.2494
20.2772	20.3067
20.3353	20.3649
20.3954	20.4251
20.4555	20.4853
20.5137	20.5436
20.5738	20.6038
20.6339	20.664
20.694	20.7242
20.7541	20.7844
20.8142	20.8446
20.8743	20.9048
20.9357	20.9638
20.9975	21.0223
21.0594	21.0807
21.1208	21.1396
21.1814	21.1992
21.2418	21.2592
21.3032	21.3181
21.369	21.3727
21.4363	21.4257
21.5029	21.4794
21.568	21.5345
21.6288	21.5941
21.6892	21.654
21.7533	21.7101
21.8157	21.7681
21.8762	21.8279
21.9364	21.888
21.9977	21.947
22.0603	22.0047
22.1213	22.064
22.1821	22.1235
22.2448	22.1811
22.3083	22.2379
22.3707	22.2959
22.4332	22.3537
22.4972	22.4099
22.5594	22.4681
22.6197	22.5281
22.68	22.5881
22.7403	22.6481
22.8006	22.7081
22.8609	22.7681
22.921	22.8283
22.9813	22.8884
23.0416	22.9484
23.1013	23.0089
23.1605	23.0701
23.2202	23.1307
23.2805	23.1907
23.3408	23.2507
23.3983	23.3135
23.4531	23.379
23.5094	23.4431
23.5671	23.5057
23.6261	23.5669
23.6835	23.6299
23.7397	23.694
23.7964	23.7576
23.8549	23.8194
23.9151	23.8795
23.9753	23.9396
24.0355	23.9998
24.0957	24.0599
24.1559	24.12
24.2161	24.1801
24.2763	24.2402
24.3365	24.3003
24.3967	24.3604
24.4569	24.4205
24.5152	24.4786
24.5735	24.5368
24.6317	24.5949
24.69	24.6531
24.7482	24.7112
24.8053	24.7706
24.8608	24.8296
24.919	24.8878
24.9773	24.9459
25.0355	25.0041
25.0938	25.0623
25.152	25.1204
25.2103	25.1786
25.2685	25.2367
25.3268	25.2949
25.3844	25.3537
25.4398	25.4147
25.4951	25.4758
25.5496	25.5378
25.5996	25.6042
25.6454	25.6729
25.6962	25.7385
25.7523	25.7968
25.8105	25.8551
25.8677	25.9124
25.9248	25.9697
25.982	26.027
26.0392	26.0842
26.0964	26.1415
26.1519	26.2005
26.2082	26.2587
26.2653	26.316
26.3225	26.3733
26.3797	26.4306
26.4368	26.4879
26.494	26.5452
26.5512	26.6025
26.607	26.6612
26.6581	26.7245
26.7068	26.7903
26.7569	26.8546
26.808	26.9181
26.8593	26.9812
26.9095	27.0454
26.9608	27.1086
27.0103	27.1736
27.0592	27.2391
27.1093	27.3035
27.1653	27.362
27.2222	27.4195
27.2771	27.4791
27.331	27.5397
27.3852	27.5999
27.438	27.6617
27.4903	27.7237
27.5431	27.7854
27.5948	27.8482
27.6485	27.909
27.7008	27.9711
27.7528	28.0336
27.8043	28.0965
27.859	28.1563
27.9153	28.2145
27.971	28.2733
28.0264	28.3323
28.0833	28.3899
28.1401	28.4476
28.197	28.5052
28.2525	28.5642
28.3053	28.6258
28.3572	28.6864
28.3948	28.7321
28.3896	28.7369
28.3736	28.7311
28.3588	28.7241
28.3459	28.7152
28.3325	28.7068
28.3191	28.6984
28.3069	28.6888
28.2949	28.6789
28.2798	28.6722
28.2635	28.6667
28.2484	28.66
28.2372	28.6494
28.2264	28.6384
28.2156	28.6274
28.2048	28.6164
28.194	28.6054
28.1824	28.5952
28.1644	28.5914
28.1442	28.5898
28.1258	28.5863
28.1118	28.5785
28.101	28.5675
28.0902	28.5565
28.0794	28.5455
28.0686	28.5344
28.0578	28.5234
28.047	28.5124
28.0363	28.5014
28.0255	28.4904
28.0147	28.4794
28.0039	28.4684
27.9931	28.4574
27.9823	28.4463
27.9715	28.4353
27.9607	28.4243
27.9499	28.4133
27.9391	28.4023
27.9283	28.3913
27.9175	28.3803
27.9068	28.3693
27.896	28.3582
27.8862	28.3462
27.8793	28.3313
27.8761	28.3127
27.8778	28.2892
27.8855	28.2598
27.8968	28.2267
27.9095	28.1923
27.9229	28.1571
27.9348	28.1234
27.9449	28.0915
27.9455	28.0692
27.9381	28.0547
27.9279	28.0431
27.917	28.0322
27.9062	28.0212
27.8953	28.0103
27.8851	27.9986
27.8747	27.9873
27.8638	27.9764
27.8515	27.9669
27.8363	27.9603
27.8166	27.9581
27.7948	27.9581
27.7713	27.9599
27.748	27.9613
27.7252	27.9623
27.704	27.9616
27.6851	27.9587
27.6676	27.9545
27.649	27.9513
27.6283	27.9501
27.6091	27.9475
27.5937	27.9411
27.5807	27.9323
27.5681	27.923
27.5513	27.918
27.5322	27.9154
27.5115	27.9142
27.4905	27.9134
27.4699	27.9122
27.4503	27.9099
27.4311	27.9073
27.4116	27.905
27.3917	27.9031
27.3735	27.8994
27.3516	27.8995
27.3261	27.9031
27.3087	27.8987
27.2972	27.8884
27.2865	27.8774
27.2802	27.8618
27.2733	27.8469
27.2626	27.8359
27.2518	27.8248
27.2449	27.81
27.2439	27.7892
27.2404	27.7709
27.2401	27.7494
27.2449	27.7228
27.2536	27.6923
27.2671	27.6571
27.2813	27.6211
27.2951	27.5856
27.3093	27.5497
27.3233	27.5138
27.3374	27.4779
27.3494	27.4442
27.3575	27.4143
27.3591	27.3909
27.3516	27.3766
27.3407	27.3657
27.3298	27.3548
27.3213	27.3415
27.316	27.325
27.3122	27.307
27.3068	27.2906
27.2977	27.2779
27.2868	27.267
27.2761	27.2558
27.2683	27.2418
27.2612	27.2271
27.2527	27.2138
27.2418	27.2029
27.2309	27.1921
27.2199	27.1812
27.209	27.1703
27.1981	27.1594
27.1872	27.1485
27.1763	27.1376
27.1654	27.1267
27.1545	27.1158
27.1436	27.1049
27.1326	27.094
27.1217	27.0831
27.1108	27.0722
27.0999	27.0613
27.089	27.0505
27.0781	27.0396
27.0672	27.0287
27.0563	27.0178
27.0454	27.0069
27.0344	26.996
27.0235	26.9851
27.0126	26.9742
26.998	26.967
26.9814	26.9619
26.963	26.9584
26.945	26.9546
26.9314	26.9464
26.9205	26.9355
26.9096	26.9245
26.897	26.9154
26.8777	26.9129
26.8593	26.9094
26.8454	26.9016
26.8341	26.891
26.8232	26.8801
26.8123	26.8692
26.8015	26.8583
26.7906	26.8474
26.7797	26.8365
26.7688	26.8255
26.7579	26.8146
26.747	26.8037
26.7361	26.7928
26.7252	26.7819
26.7144	26.771
26.7035	26.76
26.6926	26.7491
26.6817	26.7382
26.6708	26.7273
26.6599	26.7164
26.6487	26.7058
26.6339	26.6988
26.6179	26.6929
26.6041	26.685
26.5932	26.6741
26.5796	26.6659
26.5664	26.6573
26.5552	26.6466
26.5433	26.6368
26.5321	26.6261
26.5215	26.6149
26.513	26.6017
26.5068	26.586
26.4996	26.5714
26.4917	26.5575
26.4827	26.5447
26.4742	26.5314
26.4673	26.5165
26.4621	26.4999
26.4542	26.486
26.4462	26.4722
26.4383	26.4583
26.4307	26.4441
26.4231	26.4298
26.4125	26.4187
26.4016	26.4078
26.3907	26.3969
26.3798	26.3859
26.3689	26.375
26.358	26.3641
26.3471	26.3532
26.3362	26.3423
26.3253	26.3314
26.3144	26.3205
26.3035	26.3096
26.2926	26.2987
26.2817	26.2878
26.2708	26.2769
26.2599	26.266
26.249	26.2551
26.2381	26.2442
26.2272	26.2333
26.2163	26.2224
26.2054	26.2115
26.1945	26.2006
26.1836	26.1897
26.1727	26.1788
26.1618	26.1679
26.1509	26.157
26.14	26.1461
26.1291	26.1352
26.1182	26.1243
26.1073	26.1134
26.0964	26.1024
26.0855	26.0915
26.0746	26.0806
26.0637	26.0697
26.0528	26.0588
26.0419	26.0479
26.031	26.037
26.0201	26.0261
26.0092	26.0152
25.9983	26.0043
25.9878	25.993
25.9788	25.9802
25.9701	25.9671
25.9595	25.9559
25.9486	25.945
25.939	25.9328
25.9319	25.918
25.9263	25.9019
25.9189	25.8874
25.9087	25.8759
25.8978	25.865
25.8869	25.8541
25.8759	25.8432
25.865	25.8323
25.8541	25.8214
25.8432	25.8105
25.8323	25.7996
25.8214	25.7887
25.8105	25.7779
25.7996	25.767
25.7887	25.7561
25.7777	25.7452
25.7668	25.7343
25.7559	25.7234
25.745	25.7125
25.7341	25.7016
25.7232	25.6907
25.7123	25.6798
25.7014	25.6689
25.6905	25.658
25.6795	25.6471
25.6686	25.6362
25.6577	25.6253
25.6468	25.6144
25.6359	25.6035
25.625	25.5927
25.6141	25.5818
25.6032	25.5709
25.5923	25.56
25.5814	25.5491
25.5704	25.5382
25.5595	25.5273
25.5486	25.5164
25.5377	25.5055
25.5268	25.4946
25.5159	25.4837
25.505	25.4728
25.4941	25.4619
25.4832	25.451
25.4722	25.4401
25.4613	25.4292
25.4504	25.4184
25.4395	25.4075
25.4286	25.3966
25.4142	25.3891
25.3966	25.3849
25.3776	25.3822
25.3538	25.3841
25.33	25.3862
25.3141	25.3802
25.2997	25.3728
25.2845	25.3662
25.2689	25.36
25.2539	25.3532
25.2398	25.3455
25.2272	25.3363
25.2122	25.3295
25.1998	25.3201
25.1889	25.3092
25.1777	25.2986
25.1668	25.2877
25.1563	25.2764
25.1491	25.2617
25.1458	25.2433
25.1448	25.2224
25.144	25.2015
25.1402	25.1834
25.1315	25.1703
25.1206	25.1594
25.1097	25.1485
25.0988	25.1376
25.088	25.1267
25.0771	25.1158
25.0662	25.1049
25.0553	25.094
25.0444	25.083
25.0335	25.0721
25.0226	25.0612
25.0117	25.0503
25.0008	25.0394
24.9899	25.0285
24.9797	25.0169
24.9713	25.0035
24.9632	24.9898
24.9541	24.977
24.9439	24.9655
24.933	24.9546
24.9221	24.9437
24.9112	24.9328
24.9003	24.9219
24.8894	24.911
24.8785	24.9001
24.8676	24.8892
24.8567	24.8782
24.8458	24.8673
24.8349	24.8564
24.824	24.8455
24.8131	24.8346
24.8022	24.8237
24.7913	24.8128
24.7804	24.8019
24.7695	24.791
24.7586	24.7801
24.7477	24.7692
24.7368	24.7583
24.7259	24.7474
24.715	24.7364
24.7041	24.7255
24.6932	24.7146
24.6824	24.7037
24.6715	24.6928
24.6606	24.6819
24.6497	24.671
24.6388	24.6601
24.6288	24.6483
24.6245	24.6307
24.6236	24.6098
24.6212	24.5904
24.6142	24.5756
24.6048	24.5632
24.5994	24.5468
24.5957	24.5287
24.5896	24.513
24.5806	24.5002
24.5708	24.4882
24.5635	24.4737
24.5565	24.4589
24.5483	24.4453
24.5416	24.4302
24.5334	24.4166
24.5245	24.4036
24.5154	24.3909
24.5069	24.3776
24.4983	24.3644
24.4868	24.3542
24.4729	24.3463
24.4586	24.3387
24.4444	24.3311
24.4308	24.3229
24.4178	24.3142
24.4044	24.3057
24.3917	24.2967
24.3807	24.2858
24.3698	24.2749
24.3589	24.264
24.3479	24.2532
24.337	24.2423
24.3261	24.2314
24.3149	24.2208
24.3036	24.2103
24.2927	24.1994
24.2812	24.189
24.2697	24.1787
24.2582	24.1685
24.2469	24.1579
24.2354	24.1477
24.2201	24.1412
24.199	24.1405
24.178	24.1396
24.1608	24.135
24.1493	24.1247
24.1376	24.1147
24.1213	24.1091
24.1016	24.1071
24.0821	24.1047
24.065	24.1
24.0494	24.0938
24.0364	24.085
24.0249	24.0747
24.014	24.0638
24.0029	24.0531
23.989	24.0452
23.9758	24.0366
23.9637	24.0268
23.9528	24.0159
23.942	24.005
23.9311	23.9941
23.9202	23.9832
23.9093	23.9722
23.8984	23.9613
23.8875	23.9504
23.8767	23.9395
23.8658	23.9286
23.8617	23.9245
23.8664	23.9292
23.871	23.9338
23.8786	23.9414
23.8871	23.95
23.8986	23.9615
23.9111	23.974
23.9235	23.9865
23.9398	24.0029
23.9668	24.03
24.0046	24.0678
24.0423	24.1056
24.08	24.1435
24.1177	24.1813
24.1554	24.2191
24.1931	24.2569
24.2308	24.2948
24.2685	24.3326
24.3062	24.3704
24.3439	24.4083
24.3816	24.4461
24.4193	24.4839
24.4571	24.5217
24.4948	24.5596
24.5325	24.5974
24.5741	24.6391
24.6221	24.6861
24.6701	24.733
24.7185	24.7797
24.7669	24.8263
24.8148	24.8733
24.8646	24.9225
24.9259	24.9835
25.0002	25.0567
25.0739	25.1306
25.1475	25.2045
25.2212	25.2784
25.2949	25.3522
25.3686	25.4261
25.4423	25.5
25.515	25.5729
25.5887	25.6468
25.6633	25.7178
25.7396	25.7891
25.8165	25.8598
25.8931	25.9287
25.9678	25.9997
26.0422	26.0729
26.1159	26.1467
26.1906	26.2176
26.2713	26.2825
26.3556	26.3439
26.4383	26.4068
26.5168	26.4739
26.5917	26.5446
26.6679	26.614
26.7465	26.681
26.8255	26.7496
26.9011	26.8197
26.9761	26.8903
27.0504	26.9616
27.1267	27.0309
27.2025	27.1008
27.2781	27.1727
27.3515	27.2449
27.4254	27.3185
27.4984	27.3912
27.5714	27.4638
27.6454	27.5374
27.7184	27.61
27.7923	27.6836
27.8653	27.7563
27.9383	27.8289
28.0113	27.9015
28.0843	27.9742
28.1572	28.0468
28.2302	28.1194
28.3042	28.1931
28.3772	28.2657
28.4511	28.3393
28.5251	28.4129
28.5991	28.4865
28.672	28.5591
28.746	28.6327
28.819	28.7054
28.892	28.778
28.965	28.8506
29.038	28.9233
29.1109	28.9959
29.1849	29.0695
29.2589	29.1431
29.3328	29.2167
29.4058	29.2893
29.4798	29.3629
29.5499	29.4404
29.622	29.5159
29.6955	29.5899
29.7679	29.6651
29.8418	29.7387
29.9158	29.8123
29.9887	29.885
30.0617	29.9576
30.1347	30.0303
30.2086	30.1039
30.2816	30.1766
30.3546	30.2492
30.4272	30.3222
30.5011	30.3958
30.5751	30.4695
30.649	30.5431
30.7229	30.6167
30.7959	30.6894
30.8689	30.762
30.9425	30.836
31.014	30.9121
31.0786	30.9951
31.1402	31.079
31.2019	31.1649
31.259	31.2535
31.3149	31.3451
31.377	31.4287
31.448	31.5032
31.5187	31.5781
31.584	31.6584
31.6488	31.7393
31.7144	31.8193
31.7821	31.8972
31.8493	31.9756
31.9127	32.0578
31.976	32.1401
32.0431	32.2186
32.1115	32.2959
32.176	32.377
32.2409	32.4577
32.3083	32.5359
32.3747	32.6151
32.4404	32.6951
32.5063	32.7747
32.5733	32.8534
32.6417	32.9306
32.7137	33.0042
32.7861	33.0774
32.8615	33.1476
32.9418	33.213
33.0226	33.2778
33.1043	33.3418
33.1891	33.4025
33.2775	33.4598
33.3656	33.5173
33.4502	33.5784
33.5353	33.6388
33.621	33.6989
33.7053	33.7601
33.7858	33.8253
33.8626	33.8941
33.9357	33.9666
34.0085	34.0394
34.0813	34.1123
34.154	34.1851
34.2268	34.258
34.2986	34.3299
34.3558	34.3871
34.3595	34.3908
34.3486	34.3799
34.3382	34.3685
34.3309	34.354
34.3297	34.3334
34.3292	34.3121
34.3237	34.2958
34.3133	34.2844
34.3024	34.2735
34.2915	34.2626
34.2806	34.2517
34.2697	34.2408
34.2588	34.2299
34.2479	34.219
34.237	34.2081
34.2261	34.1972
34.2152	34.1863
34.2042	34.1754
34.1933	34.1645
34.1824	34.1536
34.1715	34.1427
34.1606	34.1318
34.1501	34.1205
34.1438	34.105
34.141	34.086
34.1329	34.0723
34.122	34.0614
34.1111	34.0505
34.1002	34.0396
34.0896	34.0284
34.0815	34.0147
34.0737	34.0007
34.0637	33.9889
34.0528	33.978
34.0419	33.9671
34.0328	33.9544
34.0245	33.9409
34.0145	33.9291
34.0036	33.9182
33.9926	33.9073
33.9817	33.8964
33.9708	33.8855
33.9599	33.8746
33.949	33.8638
33.9381	33.8529
33.9271	33.842
33.9162	33.8311
33.9053	33.8202
33.8944	33.8093
33.8835	33.7984
33.8725	33.7876
33.8616	33.7767
33.8507	33.7658
33.8389	33.7558
33.8235	33.7494
33.8081	33.743
33.7936	33.7356
33.7787	33.7288
33.7651	33.7206
33.7529	33.711
33.7392	33.7028
33.7238	33.6965
33.7076	33.6909
33.6904	33.6862
33.6769	33.6779
33.666	33.667
33.6551	33.6561
33.6442	33.6452
33.6333	33.6343
33.6224	33.6234
33.6115	33.6125
33.6006	33.6016
33.5897	33.5907
33.5788	33.5798
33.5679	33.5689
33.557	33.558
33.5461	33.5471
33.5352	33.5362
33.5243	33.5253
33.5134	33.5144
33.5016	33.5044
33.4849	33.4993
33.47	33.4924
33.4591	33.4815
33.4482	33.4706
33.4373	33.4596
33.4242	33.4509
33.4067	33.4467
33.39	33.4415
33.3742	33.4355
33.3594	33.4286
33.3463	33.4198
33.3354	33.4089
33.3236	33.3989
33.3092	33.3915
33.2943	33.3846
33.28	33.3771
33.2682	33.3671
33.2568	33.3567
33.2447	33.347
33.2325	33.3374
33.2198	33.3282
33.2041	33.3222
33.1902	33.3143
33.1779	33.3048
33.1631	33.2978
33.1482	33.2908
33.1365	33.2807
33.1256	33.2698
33.1161	33.2575
33.1096	33.2422
33.1009	33.2291
33.09	33.2182
33.08	33.2064
33.0727	33.1919
33.0666	33.1762
33.0593	33.1617
33.0523	33.1469
33.0458	33.1316
33.0393	33.1163
33.0288	33.105
33.0179	33.0941
33.007	33.0831
32.9961	33.0722
32.9853	33.0613
32.9744	33.0504
32.9635	33.0395
32.9526	33.0285
32.9417	33.0176
32.9308	33.0067
32.9199	32.9958
32.9091	32.9849
32.8982	32.974
32.8873	32.963
32.8764	32.9521
32.8655	32.9412
32.8546	32.9303
32.8437	32.9194
32.8328	32.9085
32.822	32.8975
32.8111	32.8866
32.8002	32.8757
32.7893	32.8648
32.7784	32.8539
32.7675	32.8429
32.7566	32.832
32.7458	32.8211
32.7384	32.8067
32.7326	32.7906
32.7252	32.7762
32.7152	32.7644
32.7047	32.7532
32.6938	32.7422
32.6868	32.7275
32.6897	32.7027
32.6916	32.6791
32.6859	32.6629
32.675	32.652
32.6641	32.6411
32.6532	32.6302
32.6423	32.6193
32.6314	32.6084
32.6205	32.5975
32.6096	32.5866
32.5987	32.5757
32.5877	32.5648
32.5768	32.5539
32.5659	32.543
32.555	32.5321
32.5441	32.5212
32.5332	32.5103
32.5223	32.4995
32.5114	32.4886
32.5005	32.4777
32.4896	32.4668
32.4787	32.4559
32.4678	32.445
32.4569	32.4341
32.446	32.4232
32.4351	32.4123
32.4241	32.4014
32.4153	32.3884
32.4142	32.3677
32.4102	32.3499
32.4047	32.3336
32.3993	32.3172
32.3944	32.3003
32.3868	32.2861
32.3788	32.2723
32.371	32.2583
32.3604	32.2471
32.3495	32.2362
32.3386	32.2253
32.3276	32.2144
32.3138	32.2065
32.2914	32.207
32.2695	32.2072
32.2573	32.1975
32.2464	32.1866
32.2355	32.1757
32.2246	32.1648
32.2111	32.1565
32.1973	32.1486
32.1864	32.1377
32.1754	32.1268
32.1675	32.1129
32.1633	32.0953
32.1608	32.076
32.1553	32.0597
32.1456	32.0476
32.1347	32.0367
32.1238	32.0258
32.1128	32.0149
32.1019	32.004
32.091	31.9932
32.0801	31.9823
32.0692	31.9714
32.0582	31.9605
32.0473	31.9496
32.0364	31.9387
32.0246	31.9287
32.0133	31.9182
32.0024	31.9073
31.9915	31.8964
31.9806	31.8855
31.9696	31.8747
31.9587	31.8638
31.9478	31.8529
31.9369	31.842
31.9259	31.8311
31.915	31.8203
31.9041	31.8094
31.8932	31.7985
31.8823	31.7876
31.8713	31.7767
31.8604	31.7658
31.8495	31.755
31.8386	31.7441
31.8276	31.7332
31.8167	31.7223
31.8058	31.7114
31.7949	31.7006
31.784	31.6897
31.773	31.6788
31.7621	31.6679
31.7512	31.657
31.7377	31.6487
31.719	31.6456
31.6994	31.6434
31.6822	31.6388
31.6701	31.6291
31.658	31.6194
31.6392	31.6164
31.6172	31.6166
31.5952	31.6168
31.5756	31.6146
31.559	31.6094
31.5436	31.603
31.5277	31.5971
31.5122	31.5907
31.4976	31.5835
31.4831	31.5763
31.4698	31.5677
31.4589	31.5568
31.448	31.5459
31.4367	31.5354
31.4209	31.5294
31.4035	31.525
31.386	31.5207
31.3686	31.5163
31.3466	31.5164
31.3234	31.5178
31.2987	31.5208
31.2739	31.5237
31.2516	31.5242
31.2337	31.5202
31.2197	31.5125
31.2084	31.502
31.1976	31.491
31.1867	31.48
31.1759	31.4691
31.165	31.4581
31.1542	31.4471
31.1442	31.4353
31.137	31.4207
31.1307	31.4053
31.1239	31.3902
31.1199	31.3724
31.1169	31.3537
31.119	31.3298
31.1297	31.2973
31.1425	31.2627
31.153	31.2304
31.16	31.2016
31.167	31.1728
31.1738	31.1442
31.1775	31.1187
31.1718	31.1025
31.1626	31.09
31.1581	31.0727
31.1508	31.0582
31.1404	31.0468
31.1294	31.0359
31.1189	31.0247
31.1145	31.0073
31.1148	30.9852
31.1135	30.9646
31.1062	30.9501
31.0953	30.9392
31.0863	30.9264
31.0803	30.9106
31.0705	30.8986
31.0596	30.8877
31.0487	30.8768
31.0377	30.866
31.0268	30.8551
31.0158	30.8442
31.0062	30.8321
30.998	30.8184
30.9874	30.8072
30.9773	30.7955
30.9675	30.7835
30.9566	30.7727
30.9485	30.7589
30.9412	30.7444
30.9302	30.7336
30.916	30.726
30.8991	30.7211
30.8826	30.7158
30.8684	30.7082
30.8567	30.6982
30.8457	30.6873
30.8348	30.6764
30.8239	30.6655
30.8126	30.655
30.7989	30.6469
30.7839	30.6401
30.765	30.6372
30.7417	30.6387
30.7177	30.6409
30.6972	30.6396
30.6808	30.6342
30.6683	30.6249
30.6562	30.6152
30.6362	30.6134
30.611	30.6168
30.5843	30.6217
30.5627	30.6215
30.5463	30.6161
30.531	30.6095
30.5178	30.601
30.5069	30.5901
30.496	30.5791
30.4851	30.5682
30.4742	30.5573
30.4633	30.5464
30.4521	30.5358
30.4388	30.5273
30.4275	30.5168
30.4166	30.5059
30.4057	30.495
30.3948	30.4841
30.3852	30.4719
30.3795	30.4558
30.374	30.4394
30.3686	30.4231
30.3629	30.407
30.3552	30.3929
30.3458	30.3804
30.3369	30.3676
30.3299	30.3528
30.3241	30.3368
30.3171	30.3219
30.3066	30.3107
30.2957	30.2998
30.2848	30.2889
30.2739	30.278
30.263	30.2671
30.2521	30.2562
30.2412	30.2452
30.2303	30.2343
30.2194	30.2234
30.2085	30.2125
30.1976	30.2016
30.1867	30.1907
30.1758	30.1798
30.1649	30.1689
30.154	30.158
30.1431	30.1471
30.1322	30.1362
30.1213	30.1253
30.1104	30.1144
30.0995	30.1035
30.0886	30.0926
30.0777	30.0817
30.0668	30.0708
30.0559	30.0599
30.045	30.049
30.034	30.0381
30.0231	30.0272
30.0122	30.0163
30.0013	30.0054
29.9904	29.9945
29.9795	29.9836
29.9686	29.9727
29.9577	29.9618
29.9468	29.9509
29.9359	29.94
29.925	29.9291
29.9141	29.9182
29.9032	29.9073
29.8923	29.8963
29.8814	29.8854
29.8705	29.8745
29.8596	29.8636
29.8487	29.8527
29.8378	29.8418
29.8269	29.8309
29.816	29.82
29.8051	29.8091
29.7942	29.7982
29.7833	29.7873
29.7724	29.7764
29.7615	29.7655
29.7506	29.7546
29.7397	29.7437
29.7288	29.7328
29.7179	29.7219
29.707	29.711
29.6961	29.7001
29.6852	29.6892
29.6743	29.6783
29.6634	29.6674
29.6525	29.6565
29.6416	29.6456
29.6307	29.6347
29.6198	29.6238
29.6089	29.6129
29.598	29.602
29.5871	29.5911
29.5762	29.5802
29.5653	29.5693
29.5544	29.5584
29.5435	29.5474
29.5326	29.5365
29.5217	29.5256
29.5108	29.5147
29.4999	29.5038
29.489	29.4929
29.4781	29.482
29.4672	29.4711
29.4563	29.4602
29.4454	29.4493
29.4345	29.4384
29.4236	29.4275
29.4127	29.4166
29.4018	29.4057
29.3909	29.3948
29.3807	29.3831
29.3736	29.3685
29.3687	29.3516
29.3611	29.3373
29.3506	29.3261
29.3397	29.3152
29.3292	29.3039
29.3232	29.2881
29.3186	29.2709
29.3088	29.2588
29.2995	29.2464
29.2927	29.2313
29.2821	29.2201
29.2738	29.2066
29.2685	29.1901
29.2579	29.1789
29.2466	29.1683
29.2342	29.159
29.2203	29.1511
29.2067	29.1428
29.194	29.1338
29.1816	29.1244
29.1691	29.115
29.1576	29.1048
29.1467	29.0939
29.1357	29.083
29.1248	29.0721
29.1116	29.0635
29.0977	29.0556
29.0857	29.0458
29.0744	29.0353
29.0635	29.0245
29.0526	29.0136
29.0417	29.0027
29.0307	28.9918
29.0198	28.9809
29.0083	28.9706
28.9966	28.9605
28.9857	28.9496
28.9748	28.9387
28.9639	28.9278
28.953	28.9169
28.9394	28.9087
28.9259	28.9004
28.9124	28.892
28.8997	28.883
28.8862	28.8746
28.8723	28.8667
28.8592	28.8581
28.8483	28.8472
28.8374	28.8363
28.8265	28.8254
28.8156	28.8145
28.8047	28.8036
28.7938	28.7927
28.7829	28.7818
28.772	28.7708
28.7611	28.7599
28.7502	28.749
28.736	28.7414
28.715	28.7407
28.6945	28.7393
28.6796	28.7324
28.6683	28.7219
28.6574	28.711
28.6465	28.7001
28.6338	28.691
28.62	28.6829
28.6087	28.6724
28.5978	28.6615
28.5855	28.6521
28.5725	28.6433
28.5586	28.6353
28.5467	28.6254
28.5358	28.6145
28.5245	28.604
28.5118	28.5949
28.4987	28.5862
28.4864	28.5767
28.4727	28.5686
28.4606	28.5589
28.4497	28.548
28.4382	28.5377
28.4255	28.5286
28.4128	28.5195
28.3987	28.5118
28.3853	28.5034
28.3737	28.4932
28.3613	28.4837
28.3469	28.4764
28.3345	28.4669
28.3237	28.456
28.3139	28.444
28.3062	28.4298
28.3008	28.4134
28.2953	28.3971
28.2895	28.3811
28.2833	28.3655
28.276	28.3511
28.269	28.3362
28.2636	28.3198
28.2566	28.305
28.249	28.2908
28.245	28.2731
28.2448	28.2514
28.2439	28.2305
28.238	28.2146
28.2278	28.203
28.2169	28.1921
28.206	28.1812
28.1951	28.1703
28.1841	28.1594
28.1732	28.1485
28.1623	28.1376
28.1514	28.1267
28.1405	28.1158
28.1296	28.1049
28.1187	28.094
28.1078	28.0831
28.0969	28.0723
28.086	28.0614
28.0751	28.0505
28.0642	28.0396
28.054	28.0279
28.0452	28.0149
28.0343	28.004
28.0234	27.9931
28.0125	27.9822
28.0016	27.9713
27.9914	27.9597
27.983	27.9463
27.9735	27.934
27.9626	27.9231
27.9517	27.9122
27.9411	27.901
27.933	27.8873
27.9228	27.8756
27.9119	27.8647
27.901	27.8539
27.8901	27.843
27.8792	27.8321
27.8682	27.8212
27.8573	27.8103
27.8464	27.7994
27.8355	27.7885
27.8246	27.7776
27.8137	27.7667
27.8028	27.7558
27.7918	27.745
27.7809	27.7341
27.77	27.7232
27.7591	27.7123
27.7482	27.7014
27.7373	27.6905
27.7264	27.6796
27.7155	27.6687
27.7045	27.6578
27.6936	27.6469
27.6827	27.636
27.6718	27.6252
27.6609	27.6143
27.65	27.6034
27.6391	27.5925
27.6281	27.5816
27.6172	27.5707
27.6063	27.5598
27.5954	27.5489
27.5845	27.538
27.5736	27.5271
27.5627	27.5162
27.5518	27.5054
27.5408	27.4945
27.5299	27.4836
27.519	27.4727
27.5084	27.4615
27.5024	27.4457
27.4973	27.429
27.4909	27.4135
27.4817	27.401
27.4719	27.389
27.4624	27.3767
27.4538	27.3634
27.4432	27.3522
27.4323	27.3413
27.4193	27.3326
27.4043	27.3258
27.3888	27.3194
27.3755	27.3109
27.3646	27.3
27.3537	27.2891
27.3428	27.2782
27.3318	27.2674
27.3209	27.2565
27.31	27.2456
27.2991	27.2347
27.2882	27.2238
27.2766	27.2136
27.2619	27.2065
27.2462	27.2004
27.2318	27.193
27.2206	27.1824
27.2097	27.1715
27.1971	27.1623
27.1837	27.1539
27.1711	27.1447
27.1599	27.1341
27.149	27.1232
27.1381	27.1123
27.1268	27.1018
27.1118	27.0949
27.0941	27.0909
27.0781	27.085
27.0641	27.0772
27.0516	27.0679
27.0386	27.0591
27.0246	27.0513
27.0134	27.0407
27.0025	27.0298
26.9909	27.0196
26.9756	27.013
26.9573	27.0096
26.9369	27.0082
26.9178	27.0054
26.9009	27.0006
26.8842	26.9955
26.8683	26.9895
26.8523	26.9837
26.8377	26.9765
26.8238	26.9686
26.8126	26.958
26.8017	26.9471
26.7908	26.9362
26.78	26.9252
26.7691	26.9143
26.7582	26.9034
26.7454	26.8944
26.7305	26.8875
26.7175	26.8786
26.705	26.8693
26.6902	26.8624
26.6776	26.8532
26.6667	26.8422
26.6558	26.8313
26.645	26.8204
26.6352	26.8083
26.6304	26.7914
26.6282	26.7717
26.6271	26.7511
26.6262	26.7301
26.6234	26.7112
26.6152	26.6975
26.609	26.682
26.6021	26.667
26.5925	26.6548
26.582	26.6435
26.5711	26.6326
26.5602	26.6217
26.5494	26.6108
26.5385	26.5998
26.5276	26.5889
26.5183	26.5764
26.5115	26.5614
26.5052	26.5459
26.4983	26.531
26.4914	26.5161
26.4831	26.5026
26.4722	26.4916
26.4613	26.4807
26.4504	26.4698
26.4395	26.4589
26.4286	26.448
26.4177	26.4371
26.4068	26.4262
26.3973	26.414
26.3891	26.4004
26.3795	26.3881
26.3705	26.3753
26.3665	26.3575
26.3625	26.3397
26.3539	26.3265
26.343	26.3156
26.3354	26.3014
26.3288	26.2862
26.3182	26.275
26.3072	26.2641
26.2963	26.2533
26.2861	26.2417
26.2768	26.2292
26.2676	26.2166
26.2573	26.205
26.2467	26.1939
26.2365	26.1823
26.2275	26.1694
26.2205	26.1547
26.2122	26.1411
26.2013	26.1302
26.1904	26.1193
26.1795	26.1085
26.1685	26.0976
26.1579	26.0864
26.147	26.0755
26.1361	26.0646
26.1251	26.0538
26.1142	26.0429
26.1033	26.032
26.0924	26.0211
26.0815	26.0102
26.0705	25.9993
26.0596	25.9885
26.0487	25.9776
26.0378	25.9667
26.0269	25.9558
26.0159	25.9449
26.005	25.934
25.9941	25.9231
25.9832	25.9123
25.9723	25.9014
25.9613	25.8905
25.9504	25.8796
25.9395	25.8687
25.9286	25.8578
25.9177	25.847
25.9067	25.8361
25.8958	25.8252
25.8849	25.8143
25.874	25.8034
25.8631	25.7925
25.8521	25.7817
25.8412	25.7708
25.8303	25.7599
25.8194	25.749
25.8085	25.7381
25.7975	25.7272
25.7863	25.7166
25.7744	25.7068
25.7619	25.6975
25.7497	25.6879
25.7385	25.6773
25.7276	25.6664
25.7167	25.6555
25.7038	25.6465
25.6881	25.6405
25.6727	25.634
25.6592	25.6257
25.648	25.6151
25.6371	25.6042
25.6262	25.5933
25.6153	25.5824
25.6044	25.5715
25.5913	25.5628
25.5758	25.5565
25.5649	25.5456
25.554	25.5347
25.5431	25.5238
25.5322	25.5129
25.5213	25.502
25.5117	25.4898
25.5033	25.4763
25.4956	25.4623
25.4878	25.4482
25.4789	25.4354
25.4714	25.421
25.464	25.4067
25.4562	25.3927
25.4465	25.3805
25.4356	25.3696
25.425	25.3584
25.4157	25.3459
25.4066	25.3332
25.397	25.3211
25.3873	25.3089
25.3767	25.2977
25.3657	25.2869
25.3561	25.2747
25.3473	25.2616
25.339	25.2482
25.3309	25.2345
25.3212	25.2224
25.3105	25.2112
25.2996	25.2003
25.2897	25.1885
25.2831	25.1732
25.2771	25.1574
25.2703	25.1424
25.2615	25.1294
25.2537	25.1154
25.2478	25.0995
25.2422	25.0833
25.234	25.0697
25.2278	25.0541
25.2208	25.0393
25.2124	25.0259
25.2046	25.0119
25.1973	24.9974
25.1907	24.9822
25.1825	24.9686
25.1715	24.9577
25.1606	24.9469
25.1496	24.936
25.1386	24.9252
25.1274	24.9146
25.1124	24.9078
25.094	24.9044
25.0739	24.9028
25.054	24.9009
25.0352	24.8978
25.0181	24.8931
25.0032	24.8862
24.9914	24.8763
24.9804	24.8654
24.9695	24.8545
24.9586	24.8436
24.9476	24.8328
24.9367	24.8219
24.9258	24.811
24.9155	24.7995
24.9091	24.784
24.9074	24.764
24.9097	24.7399
24.9125	24.7153
24.9116	24.6943
24.9049	24.6792
24.8949	24.6674
24.884	24.6565
24.873	24.6457
24.8623	24.6346
24.8544	24.6206
24.8538	24.5994
24.8529	24.5785
24.8514	24.5582
24.8501	24.5377
24.8489	24.5171
24.8483	24.4959
24.847	24.4753
24.8433	24.4572
24.8393	24.4394
24.8377	24.4192
24.8363	24.3987
24.8338	24.3794
24.8328	24.3586
24.8309	24.3387
24.8287	24.3191
24.8337	24.2923
24.8471	24.257
24.8614	24.2208
24.8748	24.1855
24.8857	24.1527
24.896	24.1205
24.909	24.0856
24.922	24.0507
24.9334	24.0174
24.9446	23.9843
24.9563	23.9507
24.9674	23.9177
24.9814	23.8818
24.9996	23.8416
25.0192	23.8
25.0347	23.7625
25.0408	23.7345
25.0424	23.711
25.0431	23.6885
25.0408	23.6689
25.0325	23.6554
25.0189	23.6472
25.0013	23.643
24.9841	23.6385
24.9642	23.6366
24.9419	23.6372
24.9265	23.6308
24.9111	23.6244
24.8915	23.6223
24.8687	23.6234
24.8458	23.6245
24.8299	23.6187
24.8127	23.6141
24.7925	23.6125
24.7706	23.6127
24.746	23.6155
24.7189	23.621
24.6908	23.6274
24.663	23.6334
24.6353	23.6394
24.6084	23.6445
24.5816	23.6497
24.555	23.6545
24.5292	23.6586
24.5029	23.6631
24.4771	23.6672
24.4503	23.6722
24.4238	23.677
24.3966	23.6825
24.3689	23.6884
24.3416	23.6939
24.3139	23.6999
24.2848	23.7072
