1300	-5000	1	0
1300	-5000	1	0
1300	-5000	1	0
1300	-5000	1	0
1300	-5000	1	0
1300	-5000	1	0
1300	-5000	1	0
1300	-5000	1	0
1300	-5000	1	0
1300	-5000	1	0
1300	-5000	1	0
1300	-5000	1	0
1300	-5000	1	0
1300	-5000	1	0
1300	-5000	1	0
1300	-5000	1	0
1300	-5000	1	0
1300	-5000	1	0
1300	-5000	1	0
1300	-5000	1	0
1300	-5000	1	0
1300	-5000	1	0
1300	-5000	1	0
1300	-5000	1	0
1300	-5000	1	0
1300	-5000	1	0
1300	-5000	1	0
1300	-5000	1	0
1300	-5000	1	0
1300	-5000	1	0
1300	-5000	1	0
1300	-5000	1	0
1300	-5000	1	0
1300	-5000	1	0
1300	-5000	1	0
1300	-5000	1	0
1300	-5000	1	0
1300	-5000	1	0
1300	-5000	1	0
1300	-5000	1	0
1300	-5000	1	0
1300	-5000	1	0
1300	-5000	1	0
1300	-5000	1	0
1300	-5000	1	0
1300	-5000	1	0
1300	-5000	1	0
1300	-5000	1	0
1300	-5000	1	0
1300	-5000	1	0
1300	-5000	1	0
1300	-5000	1	0
1300	-5000	1	0
1300	-5000	1	0
1300	-5000	1	0
1300	-5000	1	0
1300	-5000	1	0
1300	-5000	1	0
1300	-5000	1	0
1300	-5000	1	0
1300	-5000	1	0
1300	-5000	1	0
1300	-5000	1	0
1300	-5000	1	0
1300	-5000	1	0
1300	-5000	1	0
1300	-5000	1	0
1300	-5000	1	0
1300	-5000	1	0
1300	-5000	1	0
1300	-5000	1	0
1300	-5000	1	0
1300	-5000	1	0
1300	-5000	1	0
1300	-5000	1	0
1300	-5000	1	0
1300	-5000	1	0
1300	-5000	1	0
1300	-5000	1	0
1300	-5000	1	0
1300	-5000	1	0
1300	-5000	1	0
1300	-5000	1	0
1300	-5000	1	0
1300	-5000	1	0
1300	-5000	1	0
1300	-5000	1	0
1300	-5000	1	0
1300	-5000	1	0
1300	-5000	1	0
1300	-5000	1	0
1300	-5000	1	0
1300	-5000	1	0
1300	-5000	1	0
1300	-5000	1	0
1300	-5000	1	0
1300	-5000	1	0
1300	-5000	1	0
1300	-5000	1	0
1300	-5000	1	0
1300	-5000	1	0
1300	-5000	1	0
1300	-5000	1	0
1300	-5000	1	0
1300	-5000	1	0
1300	-5000	1	0
1300	-5000	1	0
1300	-5000	1	0
1300	-5000	1	0
1300	-5000	1	0
1300	-5000	1	0
1300	-5000	1	0
1300	-5000	1	0
1300	-5000	1	0
1300	-5000	1	0
1300	-5000	1	0
1300	-5000	1	0
1300	-5000	1	0
1300	-5000	1	0
1300	-5000	1	0
1300	-5000	1	0
1300	-5000	1	0
1300	-5000	1	0
1300	-5000	1	0
1300	-5000	1	0
1300	-5000	1	0
1300	-5000	1	0
1300	-5000	1	0
1300	-5000	1	0
1300	-5000	1	-5.77075e-07
1300	-5000	1	-2.59668e-06
1300	-4999.99	1	-8.36635e-06
1300	-4999.98	1	-2.14952e-05
1300	-4999.96	1	-4.47328e-05
1300	-4999.93	1	-8.53259e-05
1300	-4999.87	1	-0.000149678
1300	-4999.8	1	-0.000238132
1300	-4999.7	1	-0.000353373
1300	-4999.58	1	-0.000504458
1300	-4999.43	1	-0.000695396
1300	-4999.25	1	-0.000925274
1300	-4999.05	0.999999	-0.00119613
1300	-4998.81	0.999999	-0.00150763
1300	-4998.53	0.999998	-0.00186024
1300	-4998.23	0.999997	-0.00225539
1300	-4997.89	0.999996	-0.00269323
1300	-4997.52	0.999995	-0.00317856
1299.99	-4997.12	0.999993	-0.00374197
1299.99	-4996.68	0.99999	-0.00443053
1299.99	-4996.21	0.999986	-0.00527841
1299.99	-4995.71	0.99998	-0.00630669
1299.98	-4995.18	0.999972	-0.00753159
1299.98	-4994.61	0.99996	-0.00896957
1299.97	-4994.01	0.999944	-0.0106184
1299.97	-4993.38	0.999922	-0.0124582
1299.96	-4992.72	0.999895	-0.0144719
1299.95	-4992.02	0.999862	-0.0166422
1299.93	-4991.29	0.99982	-0.0189571
1299.92	-4990.53	0.99977	-0.0214305
1299.9	-4989.73	0.99971	-0.0240765
1299.88	-4988.91	0.999637	-0.0269264
1299.86	-4988.04	0.999547	-0.0300938
1299.83	-4987.15	0.999432	-0.0336864
1299.8	-4986.23	0.999288	-0.0377268
1299.76	-4985.27	0.999109	-0.0422029
1299.71	-4984.28	0.99889	-0.0470986
1299.66	-4983.25	0.998627	-0.0523881
1299.61	-4982.2	0.998315	-0.0580346
1299.54	-4981.11	0.997949	-0.0640192
1299.47	-4979.99	0.997525	-0.0703194
1299.38	-4978.84	0.997042	-0.0768639
1299.29	-4977.65	0.996498	-0.0836201
1299.18	-4976.43	0.995886	-0.0906187
1299.06	-4975.18	0.995199	-0.0978696
1298.93	-4973.89	0.994435	-0.105352
1298.79	-4972.58	0.99359	-0.113043
1298.63	-4971.23	0.992661	-0.120933
1298.46	-4969.85	0.991644	-0.129003
1298.27	-4968.44	0.990534	-0.137271
1298.07	-4967	0.98932	-0.145758
1297.84	-4965.52	0.988002	-0.154443
1297.6	-4964.02	0.986576	-0.163305
1297.34	-4962.49	0.98503	-0.172382
1297.06	-4960.92	0.983334	-0.181806
1296.76	-4959.32	0.981478	-0.191576
1296.44	-4957.69	0.979455	-0.201664
1296.09	-4956.03	0.977269	-0.212005
1295.71	-4954.34	0.974919	-0.222561
1295.31	-4952.63	0.972373	-0.233431
1294.88	-4950.88	0.969589	-0.24474
1294.43	-4949.1	0.966559	-0.256443
1293.94	-4947.3	0.963261	-0.268566
1293.42	-4945.47	0.959715	-0.280976
1292.86	-4943.61	0.95591	-0.29366
1292.27	-4941.73	0.95185	-0.306565
1291.65	-4939.82	0.947538	-0.319643
1290.99	-4937.89	0.942956	-0.332918
1290.28	-4935.94	0.938093	-0.346384
1289.54	-4933.96	0.932939	-0.360035
1288.75	-4931.96	0.927483	-0.373865
1287.92	-4929.93	0.921715	-0.387867
1287.05	-4927.89	0.915625	-0.402034
1286.13	-4925.82	0.9092	-0.416359
1285.16	-4923.74	0.902432	-0.430832
1284.14	-4921.64	0.895308	-0.445447
1283.07	-4919.53	0.887819	-0.460193
1281.95	-4917.4	0.879953	-0.47506
1280.77	-4915.26	0.8717	-0.49004
1279.54	-4913.11	0.863049	-0.505121
1278.26	-4910.95	0.853989	-0.520291
1276.92	-4908.78	0.844509	-0.535541
1275.52	-4906.61	0.834601	-0.550856
1274.06	-4904.43	0.824251	-0.566224
1272.53	-4902.25	0.813452	-0.581632
1270.95	-4900.07	0.802193	-0.597065
1269.3	-4897.89	0.790463	-0.612509
1267.59	-4895.72	0.778254	-0.627949
1265.81	-4893.55	0.765557	-0.643369
1263.97	-4891.39	0.752361	-0.658751
1262.05	-4889.24	0.738659	-0.674079
1260.07	-4887.11	0.724443	-0.689335
1258.02	-4884.99	0.709704	-0.7045
1255.9	-4882.89	0.694435	-0.719556
1253.71	-4880.81	0.678629	-0.734481
1251.44	-4878.75	0.66228	-0.749257
1249.11	-4876.72	0.645381	-0.76386
1246.7	-4874.72	0.627929	-0.778271
1244.21	-4872.76	0.609917	-0.792466
1241.66	-4870.83	0.591341	-0.806421
1239.03	-4868.94	0.5722	-0.820114
1236.32	-4867.09	0.552489	-0.83352
1233.55	-4865.29	0.532208	-0.846613
1230.69	-4863.53	0.511356	-0.859369
1227.77	-4861.83	0.489932	-0.871761
1224.77	-4860.18	0.467938	-0.883761
1221.7	-4858.6	0.445376	-0.895344
1218.55	-4857.07	0.422248	-0.90648
1215.34	-4855.62	0.398559	-0.917143
1212.05	-4854.23	0.374315	-0.927302
1208.7	-4852.92	0.349522	-0.936928
1205.28	-4851.68	0.324187	-0.945993
1201.79	-4850.53	0.29832	-0.954466
1198.24	-4849.46	0.272781	-0.962076
1194.62	-4848.47	0.25032	-0.968163
1190.95	-4847.56	0.233352	-0.972392
1187.23	-4846.68	0.222858	-0.974851
1183.47	-4845.83	0.21983	-0.975538
1179.67	-4844.97	0.222375	-0.974961
1175.84	-4844.09	0.227429	-0.973795
1171.98	-4843.18	0.234971	-0.972002
1168.1	-4842.22	0.245335	-0.969438
1164.19	-4841.21	0.257573	-0.966259
1160.26	-4840.14	0.270363	-0.962759
1156.31	-4839.01	0.283238	-0.95905
1152.34	-4837.82	0.296196	-0.955127
1148.35	-4836.56	0.309232	-0.950987
1144.34	-4835.23	0.322183	-0.946678
1140.32	-4833.84	0.334551	-0.942378
1136.28	-4832.38	0.346091	-0.938201
1132.23	-4830.86	0.357442	-0.933935
1128.16	-4829.28	0.369446	-0.929252
1124.08	-4827.63	0.382426	-0.923986
1119.99	-4825.91	0.396382	-0.918086
1115.9	-4824.11	0.411157	-0.911564
1111.8	-4822.23	0.426648	-0.904418
1107.7	-4820.26	0.442856	-0.896593
1103.61	-4818.2	0.459601	-0.888125
1099.52	-4816.05	0.476446	-0.879204
1095.45	-4813.8	0.492801	-0.870142
1091.38	-4811.46	0.506451	-0.862269
1087.31	-4809.05	0.514643	-0.857404
1083.23	-4806.59	0.516848	-0.856077
1079.12	-4804.11	0.515355	-0.856977
1074.97	-4801.62	0.513278	-0.858222
1070.79	-4799.12	0.510689	-0.859766
1066.56	-4796.62	0.507255	-0.861796
1062.29	-4794.12	0.503509	-0.86399
1057.98	-4791.61	0.500824	-0.865549
1053.64	-4789.1	0.499735	-0.866179
1049.25	-4786.58	0.498811	-0.866711
1044.84	-4784.04	0.49736	-0.867544
1040.39	-4781.49	0.496118	-0.868255
1035.9	-4778.93	0.495171	-0.868796
1031.38	-4776.35	0.494253	-0.869318
1026.82	-4773.77	0.493328	-0.869844
1022.23	-4771.16	0.492422	-0.870357
1017.6	-4768.55	0.491827	-0.870693
1012.95	-4765.92	0.492113	-0.870531
1008.26	-4763.27	0.493591	-0.869694
1003.55	-4760.59	0.496249	-0.86818
998.812	-4757.87	0.500227	-0.865894
994.06	-4755.11	0.505822	-0.862638
989.297	-4752.29	0.513142	-0.858304
984.529	-4749.42	0.522185	-0.852832
979.762	-4746.47	0.532757	-0.846268
975.005	-4743.44	0.544673	-0.838649
970.262	-4740.31	0.557642	-0.830082
965.539	-4737.1	0.571117	-0.820869
960.84	-4733.78	0.584585	-0.811333
956.167	-4730.37	0.597997	-0.801498
951.523	-4726.85	0.611347	-0.791363
946.909	-4723.24	0.624458	-0.781058
942.327	-4719.53	0.636382	-0.771374
937.771	-4715.73	0.645629	-0.763651
933.225	-4711.86	0.651369	-0.758761
928.674	-4707.94	0.653559	-0.756876
924.101	-4703.99	0.653479	-0.756945
919.498	-4700.02	0.652964	-0.757389
914.864	-4696.02	0.65249	-0.757798
910.201	-4692.01	0.651925	-0.758284
905.506	-4687.98	0.651254	-0.75886
900.78	-4683.92	0.651061	-0.759026
896.028	-4679.84	0.652144	-0.758095
890.78	-4675.32	0.65503	-0.755603
885.998	-4671.16	0.65943	-0.751766
881.697	-4667.36	0.665486	-0.74641
876.933	-4663.07	0.674928	-0.737884
871.734	-4658.25	0.688008	-0.725703
867.525	-4654.21	0.699707	-0.71443
862.902	-4649.62	0.712851	-0.701315
857.888	-4644.43	0.727129	-0.6865
853.397	-4639.6	0.739935	-0.672679
849.413	-4635.16	0.751309	-0.659951
845.054	-4630.12	0.763582	-0.645711
840.764	-4624.97	0.77456	-0.6325
836.534	-4619.73	0.783023	-0.621993
832.343	-4614.41	0.788631	-0.614867
827.751	-4608.49	0.792178	-0.61029
823.578	-4603.06	0.794045	-0.607859
819.816	-4598.13	0.795048	-0.606547
815.621	-4592.63	0.795745	-0.605632
810.988	-4586.54	0.796564	-0.604554
806.762	-4580.96	0.797727	-0.603018
802.527	-4575.34	0.799367	-0.600843
798.287	-4569.69	0.801722	-0.597697
794.051	-4563.98	0.805093	-0.593149
789.831	-4558.22	0.809466	-0.587166
785.635	-4552.39	0.814658	-0.579942
781.473	-4546.5	0.820448	-0.571721
777.352	-4540.53	0.826486	-0.562957
773.275	-4534.49	0.832468	-0.554072
769.243	-4528.37	0.838393	-0.545067
765.257	-4522.19	0.844256	-0.53594
761.32	-4515.92	0.850056	-0.526693
757.433	-4509.59	0.855788	-0.517326
753.598	-4503.18	0.861451	-0.507841
749.817	-4496.7	0.866705	-0.498822
746.085	-4490.16	0.870627	-0.491943
742.385	-4483.58	0.872688	-0.488278
738.695	-4476.98	0.873545	-0.486743
735.01	-4470.35	0.874072	-0.485797
731.329	-4463.73	0.874477	-0.485066
727.651	-4457.09	0.874793	-0.484497
723.976	-4450.45	0.875079	-0.48398
720.304	-4443.81	0.875127	-0.483893
716.631	-4437.17	0.874788	-0.484507
712.951	-4430.53	0.874149	-0.485658
709.26	-4423.9	0.873058	-0.487616
705.552	-4417.28	0.87154	-0.490325
701.822	-4410.67	0.86989	-0.493246
698.07	-4404.08	0.868045	-0.496486
694.291	-4397.49	0.86591	-0.500199
690.483	-4390.93	0.863573	-0.504223
686.644	-4384.38	0.860966	-0.508662
682.768	-4377.86	0.857767	-0.514039
678.848	-4371.36	0.853634	-0.520873
674.871	-4364.9	0.848076	-0.529875
670.817	-4358.48	0.840955	-0.541106
666.674	-4352.13	0.832795	-0.553581
662.433	-4345.83	0.823962	-0.566645
658.093	-4339.61	0.814709	-0.579871
653.653	-4333.45	0.805243	-0.592945
649.115	-4327.37	0.796203	-0.605029
644.491	-4321.35	0.788352	-0.615224
639.794	-4315.39	0.78145	-0.623967
635.035	-4309.48	0.775545	-0.631292
630.227	-4303.61	0.771265	-0.636514
625.385	-4297.77	0.768454	-0.639905
620.521	-4291.94	0.766342	-0.642433
615.638	-4286.13	0.764499	-0.644625
610.74	-4280.34	0.762969	-0.646435
605.83	-4274.55	0.761636	-0.648006
600.908	-4268.77	0.76026	-0.649619
595.972	-4263.01	0.758157	-0.652072
591.013	-4257.27	0.754712	-0.656057
586.019	-4251.55	0.749856	-0.661602
580.978	-4245.88	0.743474	-0.668765
575.878	-4240.26	0.735728	-0.677277
570.71	-4234.7	0.727292	-0.686329
565.475	-4229.21	0.718702	-0.695319
560.171	-4223.78	0.710173	-0.704027
554.804	-4218.42	0.702508	-0.711676
549.384	-4213.1	0.696537	-0.717521
543.925	-4207.83	0.692791	-0.721139
538.446	-4202.58	0.69108	-0.722779
532.959	-4197.34	0.690171	-0.723646
527.464	-4192.1	0.689218	-0.724554
521.962	-4186.88	0.687411	-0.726269
516.442	-4181.67	0.684341	-0.729162
510.898	-4176.49	0.680354	-0.732883
505.324	-4171.34	0.675346	-0.737501
499.711	-4166.23	0.669298	-0.742994
494.054	-4161.17	0.662464	-0.749094
488.35	-4156.17	0.655201	-0.755454
482.598	-4151.22	0.647832	-0.761783
476.798	-4146.32	0.64021	-0.7682
470.948	-4141.49	0.631947	-0.775012
465.045	-4136.72	0.62279	-0.782389
459.084	-4132.02	0.612963	-0.790112
453.065	-4127.4	0.602893	-0.797822
446.987	-4122.86	0.592725	-0.805405
440.852	-4118.39	0.582463	-0.812857
434.661	-4114	0.572106	-0.82018
428.415	-4109.69	0.561555	-0.82744
422.114	-4105.46	0.550757	-0.834666
415.758	-4101.32	0.539815	-0.841784
409.349	-4097.26	0.528781	-0.848758
402.887	-4093.28	0.517657	-0.855588
396.374	-4089.38	0.506445	-0.862272
389.81	-4085.57	0.495147	-0.868809
383.198	-4081.85	0.483712	-0.875227
376.537	-4078.21	0.472083	-0.881554
369.828	-4074.67	0.460261	-0.887784
363.072	-4071.21	0.44808	-0.893993
356.269	-4067.85	0.435425	-0.900225
349.418	-4064.58	0.422515	-0.906356
342.522	-4061.42	0.40952	-0.912301
335.581	-4058.35	0.39644	-0.918061
328.597	-4055.38	0.383279	-0.923632
321.572	-4052.51	0.370272	-0.928923
314.507	-4049.74	0.357826	-0.933788
307.407	-4047.06	0.346649	-0.937995
300.278	-4044.46	0.338156	-0.94109
293.13	-4041.91	0.333599	-0.942715
285.974	-4039.38	0.332358	-0.943153
278.817	-4036.86	0.332861	-0.942976
271.662	-4034.33	0.334642	-0.942345
264.514	-4031.78	0.337815	-0.941213
257.376	-4029.21	0.342842	-0.939393
250.255	-4026.58	0.351043	-0.936359
243.162	-4023.89	0.363303	-0.931671
236.11	-4021.08	0.379446	-0.925214
229.112	-4018.15	0.398593	-0.917128
222.18	-4015.06	0.419477	-0.907766
215.322	-4011.81	0.440917	-0.897548
208.543	-4008.4	0.462216	-0.886767
201.848	-4004.83	0.483251	-0.875482
195.239	-4001.1	0.504011	-0.863697
188.722	-3997.21	0.524275	-0.851549
182.297	-3993.18	0.54321	-0.839597
175.96	-3989	0.559826	-0.82861
169.702	-3984.71	0.573592	-0.819141
163.511	-3980.32	0.584346	-0.811505
157.371	-3975.86	0.591818	-0.806072
151.265	-3971.35	0.595622	-0.803265
145.173	-3966.83	0.596642	-0.802508
139.083	-3962.3	0.596625	-0.80252
132.992	-3957.77	0.596314	-0.802752
126.899	-3953.25	0.595754	-0.803167
120.803	-3948.73	0.595488	-0.803364
114.708	-3944.21	0.597153	-0.802127
108.63	-3939.66	0.602172	-0.798367
102.588	-3935.07	0.610547	-0.79198
96.6032	-3930.41	0.622149	-0.782899
90.6957	-3925.64	0.636718	-0.771096
84.8847	-3920.76	0.65303	-0.757332
79.1818	-3915.76	0.669638	-0.742688
73.591	-3910.63	0.68574	-0.727847
68.1117	-3905.38	0.700279	-0.713869
62.7315	-3900.02	0.711199	-0.702991
57.4195	-3894.6	0.716974	-0.6971
52.1368	-3889.16	0.718375	-0.695656
46.8569	-3883.71	0.718145	-0.695894
41.5752	-3878.26	0.718	-0.696043
36.2929	-3872.81	0.717901	-0.696145
31.0095	-3867.36	0.71776	-0.696291
25.725	-3861.91	0.717619	-0.696436
20.4394	-3856.47	0.717477	-0.696582
15.1527	-3851.02	0.717336	-0.696728
9.86496	-3845.58	0.717194	-0.696873
4.57606	-3840.14	0.717053	-0.697019
-0.713937	-3834.7	0.716912	-0.697164
-6.00504	-3829.26	0.71677	-0.69731
-11.2972	-3823.82	0.716628	-0.697455
-16.5906	-3818.38	0.716487	-0.697601
-21.885	-3812.94	0.716345	-0.697746
-27.1805	-3807.51	0.716159	-0.697937
-32.478	-3802.07	0.715798	-0.698307
-37.7788	-3796.64	0.715308	-0.698809
-43.0835	-3791.22	0.714776	-0.699354
-48.3929	-3785.79	0.713941	-0.700205
-53.7103	-3780.38	0.712672	-0.701497
-59.0386	-3774.98	0.710965	-0.703227
-64.382	-3769.59	0.708426	-0.705785
-69.7482	-3764.22	0.704741	-0.709465
-75.1458	-3758.89	0.699849	-0.714291
-80.5837	-3753.59	0.6935	-0.720457
-86.0727	-3748.35	0.685701	-0.727883
-91.6207	-3743.18	0.676959	-0.736021
-97.2316	-3738.07	0.667662	-0.744464
-102.907	-3733.03	0.657936	-0.753073
-108.648	-3728.07	0.647959	-0.761675
-114.454	-3723.18	0.638153	-0.769909
-120.319	-3718.36	0.63026	-0.776385
-126.224	-3713.6	0.626208	-0.779656
-132.145	-3708.85	0.624842	-0.780751
-138.072	-3704.11	0.623958	-0.781458
-144.004	-3699.38	0.623362	-0.781933
-149.938	-3694.65	0.623487	-0.781834
-155.87	-3689.91	0.624046	-0.781387
-161.798	-3685.18	0.624656	-0.7809
-167.723	-3680.43	0.625264	-0.780413
-173.644	-3675.69	0.625823	-0.779965
-179.562	-3670.94	0.626044	-0.779787
-185.48	-3666.19	0.625739	-0.780033
-191.401	-3661.44	0.625094	-0.780549
-197.327	-3656.7	0.623918	-0.78149
-203.262	-3651.97	0.62192	-0.783081
-209.211	-3647.26	0.619046	-0.785354
-215.179	-3642.57	0.615483	-0.78815
-221.169	-3637.91	0.611418	-0.791308
-227.185	-3633.28	0.606749	-0.794894
-233.229	-3628.7	0.601468	-0.798897
-239.304	-3624.15	0.59596	-0.803014
-245.409	-3619.64	0.59142	-0.806364
-251.536	-3615.16	0.58876	-0.808308
-257.674	-3610.7	0.587295	-0.809373
-263.819	-3606.25	0.586031	-0.810289
-269.97	-3601.8	0.584764	-0.811203
-276.129	-3597.37	0.583445	-0.812153
-282.296	-3592.95	0.581872	-0.813281
-288.472	-3588.54	0.580047	-0.814583
-294.657	-3584.14	0.578171	-0.815916
-300.853	-3579.76	0.576292	-0.817244
-307.059	-3575.39	0.574409	-0.818568
-313.275	-3571.04	0.572524	-0.819888
-319.501	-3566.7	0.570635	-0.821204
-325.737	-3562.37	0.568744	-0.822515
-331.983	-3558.06	0.566849	-0.823821
-338.239	-3553.77	0.564952	-0.825124
-344.504	-3549.48	0.563051	-0.826422
-350.78	-3545.22	0.561148	-0.827716
-357.065	-3540.96	0.559241	-0.829005
-363.36	-3536.73	0.557332	-0.83029
-369.665	-3532.5	0.55542	-0.83157
-375.98	-3528.29	0.553504	-0.832846
-382.304	-3524.1	0.551586	-0.834118
-388.638	-3519.92	0.549665	-0.835385
-394.981	-3515.75	0.547741	-0.836648
-401.334	-3511.6	0.545814	-0.837906
-407.697	-3507.47	0.543884	-0.83916
-414.069	-3503.34	0.541951	-0.84041
-420.45	-3499.24	0.540016	-0.841655
-426.841	-3495.15	0.538077	-0.842896
-433.241	-3491.07	0.536136	-0.844132
-439.651	-3487.01	0.534192	-0.845363
-446.07	-3482.96	0.532245	-0.846591
-452.499	-3478.92	0.530295	-0.847813
-458.936	-3474.91	0.528342	-0.849032
-465.383	-3470.9	0.526387	-0.850245
-471.839	-3466.91	0.524428	-0.851454
-478.304	-3462.94	0.522467	-0.852659
-484.779	-3458.98	0.520504	-0.853859
-491.262	-3455.04	0.518537	-0.855055
-497.755	-3451.11	0.516568	-0.856246
-504.256	-3447.19	0.514596	-0.857433
-510.767	-3443.29	0.512514	-0.858679
-517.287	-3439.41	0.510322	-0.859983
-523.817	-3435.55	0.507968	-0.861376
-530.359	-3431.7	0.505183	-0.863012
-536.914	-3427.87	0.501965	-0.864888
-543.483	-3424.08	0.498364	-0.866968
-550.069	-3420.31	0.494164	-0.869369
-556.675	-3416.57	0.489093	-0.872232
-563.304	-3412.88	0.483302	-0.875454
-569.958	-3409.23	0.47727	-0.878756
-576.636	-3405.62	0.471217	-0.882018
-583.339	-3402.07	0.46514	-0.885237
-590.067	-3398.55	0.459042	-0.888414
-596.819	-3395.09	0.452922	-0.89155
-603.594	-3391.67	0.446781	-0.894643
-610.392	-3388.3	0.440619	-0.897694
-617.214	-3384.97	0.434435	-0.900703
-624.058	-3381.7	0.428232	-0.903669
-630.925	-3378.46	0.421953	-0.906618
-637.814	-3375.28	0.415263	-0.909702
-644.727	-3372.15	0.408212	-0.912887
-651.665	-3369.08	0.401137	-0.916018
-658.626	-3366.05	0.394039	-0.919094
-665.61	-3363.08	0.386631	-0.922235
-672.618	-3360.17	0.378852	-0.925457
-679.651	-3357.32	0.370986	-0.928638
-686.708	-3354.53	0.363094	-0.931752
-693.788	-3351.8	0.355176	-0.934799
-700.891	-3349.13	0.347349	-0.937736
-708.016	-3346.52	0.34008	-0.940397
-715.159	-3343.96	0.33384	-0.94263
-722.319	-3341.44	0.328403	-0.944538
-729.492	-3338.96	0.323654	-0.946176
-736.677	-3336.52	0.319777	-0.947493
-743.87	-3334.1	0.316364	-0.948638
-751.073	-3331.71	0.313123	-0.949713
-758.283	-3329.34	0.310229	-0.950662
-765.5	-3327	0.307918	-0.951413
-772.722	-3324.67	0.306428	-0.951894
-779.946	-3322.34	0.305879	-0.95207
-787.171	-3320.02	0.306502	-0.95187
-794.394	-3317.69	0.307944	-0.951405
-801.612	-3315.35	0.309741	-0.950821
-808.825	-3312.99	0.312595	-0.949887
-816.03	-3310.61	0.317437	-0.948279
-823.219	-3308.18	0.325016	-0.945708
-830.386	-3305.68	0.335717	-0.941963
-837.52	-3303.09	0.349498	-0.936937
-844.612	-3300.39	0.366195	-0.930538
-851.651	-3297.56	0.385515	-0.922702
-858.626	-3294.57	0.406644	-0.913587
-865.529	-3291.42	0.428281	-0.903646
-872.355	-3288.1	0.449728	-0.893165
-879.1	-3284.63	0.47092	-0.882176
-885.759	-3280.99	0.49206	-0.870561
-892.329	-3277.19	0.513128	-0.858312
-898.804	-3273.23	0.533891	-0.845553
-905.181	-3269.12	0.55403	-0.832497
-911.459	-3264.86	0.572125	-0.820166
-917.65	-3260.47	0.586351	-0.810057
-923.773	-3255.99	0.595448	-0.803394
-929.858	-3251.45	0.599139	-0.800645
-935.933	-3246.9	0.599267	-0.800549
-942.01	-3242.36	0.59831	-0.801265
-948.093	-3237.82	0.596806	-0.802386
-954.187	-3233.3	0.594657	-0.803979
-960.294	-3228.79	0.592307	-0.805713
-966.413	-3224.3	0.590798	-0.80682
-972.536	-3219.82	0.591426	-0.806359
-978.65	-3215.33	0.594039	-0.804436
-984.746	-3210.81	0.598428	-0.801177
-990.813	-3206.25	0.605113	-0.79614
-996.835	-3201.63	0.613902	-0.789382
-1002.8	-3196.94	0.623921	-0.781487
-1008.71	-3192.18	0.634271	-0.773111
-1014.55	-3187.33	0.644557	-0.764556
-1020.32	-3182.41	0.654728	-0.755864
-1026.03	-3177.41	0.664782	-0.747038
-1031.68	-3172.33	0.674717	-0.738077
-1037.25	-3167.18	0.684619	-0.728902
-1042.75	-3161.96	0.694749	-0.719253
-1048.18	-3156.65	0.705051	-0.709157
-1053.53	-3151.27	0.715251	-0.698868
-1058.8	-3145.81	0.725301	-0.688432
-1063.99	-3140.28	0.735199	-0.677851
-1069.11	-3134.67	0.744942	-0.667129
-1074.14	-3128.99	0.75453	-0.656266
-1079.08	-3123.23	0.763958	-0.645265
-1083.95	-3117.41	0.773227	-0.63413
-1088.72	-3111.51	0.782333	-0.62286
-1093.42	-3105.55	0.791275	-0.611461
-1098.02	-3099.52	0.800051	-0.599932
-1102.54	-3093.42	0.808659	-0.588278
-1106.97	-3087.26	0.81706	-0.576553
-1111.31	-3081.03	0.824977	-0.565166
-1115.56	-3074.75	0.832224	-0.55444
-1119.74	-3068.41	0.838994	-0.54414
-1123.84	-3062.03	0.84544	-0.534071
-1127.86	-3055.59	0.851602	-0.524189
-1131.81	-3049.11	0.857585	-0.514342
-1135.68	-3042.58	0.863454	-0.504428
-1139.48	-3036.01	0.869208	-0.494446
-1143.2	-3029.4	0.874847	-0.484399
-1146.85	-3022.75	0.88037	-0.474287
-1150.42	-3016.05	0.885776	-0.464113
-1153.91	-3009.31	0.891065	-0.453877
-1157.32	-3002.53	0.896235	-0.44358
-1160.65	-2995.72	0.901286	-0.433225
-1163.91	-2988.86	0.906035	-0.423202
-1167.09	-2981.97	0.910136	-0.414309
-1170.21	-2975.05	0.913572	-0.406677
-1173.28	-2968.11	0.916525	-0.399978
-1176.3	-2961.15	0.919039	-0.394167
-1179.27	-2954.17	0.92118	-0.389137
-1182.21	-2947.17	0.923128	-0.384492
-1185.11	-2940.16	0.925031	-0.379893
-1187.98	-2933.13	0.92691	-0.375284
-1190.82	-2926.09	0.928766	-0.370667
-1193.62	-2919.04	0.930599	-0.36604
-1196.38	-2911.97	0.932476	-0.361231
-1199.11	-2904.89	0.934482	-0.356011
-1201.79	-2897.79	0.936587	-0.350434
-1204.43	-2890.68	0.938703	-0.344727
-1207.03	-2883.55	0.940784	-0.339007
-1209.59	-2876.4	0.942851	-0.333214
-1212.1	-2869.24	0.945004	-0.32706
-1214.56	-2862.06	0.947373	-0.320133
-1216.97	-2854.87	0.949885	-0.312601
-1219.31	-2847.65	0.952375	-0.304931
-1221.61	-2840.41	0.95484	-0.297122
-1223.84	-2833.16	0.957365	-0.288881
-1226	-2825.89	0.960027	-0.279909
-1228.1	-2818.59	0.962738	-0.270436
-1230.12	-2811.28	0.965372	-0.260879
-1232.07	-2803.95	0.96791	-0.251296
-1233.95	-2796.59	0.970354	-0.241688
-1235.75	-2789.22	0.972702	-0.232057
-1237.49	-2781.83	0.974955	-0.222403
-1239.14	-2774.43	0.977112	-0.212727
-1240.73	-2767.01	0.979085	-0.203451
-1242.25	-2759.57	0.98073	-0.195368
-1243.71	-2752.13	0.982018	-0.188787
-1245.12	-2744.67	0.983002	-0.183593
-1246.5	-2737.21	0.983727	-0.179672
-1247.86	-2729.74	0.984261	-0.176721
-1249.19	-2722.27	0.984712	-0.174192
-1250.51	-2714.8	0.985135	-0.171785
-1251.8	-2707.32	0.985509	-0.169622
-1253.08	-2699.84	0.985827	-0.167763
-1254.35	-2692.36	0.986121	-0.166027
-1255.61	-2684.87	0.986402	-0.16435
-1256.85	-2677.39	0.98663	-0.162974
-1258.08	-2669.9	0.986807	-0.161903
-1259.31	-2662.41	0.986971	-0.160895
-1260.53	-2654.92	0.987135	-0.159887
-1261.74	-2647.43	0.987298	-0.158879
-1262.94	-2639.93	0.98746	-0.157871
-1264.13	-2632.44	0.987649	-0.15668
-1265.32	-2624.94	0.987924	-0.154937
-1266.49	-2617.44	0.98831	-0.152458
-1267.63	-2609.94	0.988864	-0.148822
-1268.75	-2602.44	0.989672	-0.143349
-1269.82	-2594.92	0.990746	-0.13573
-1270.82	-2587.4	0.992027	-0.126022
-1271.74	-2579.87	0.993392	-0.114768
-1272.58	-2572.33	0.994712	-0.102699
-1273.32	-2564.77	0.995936	-0.0900625
-1273.96	-2557.21	0.997089	-0.0762412
-1274.49	-2549.64	0.998187	-0.0601863
-1274.9	-2542.06	0.99914	-0.0414648
-1275.15	-2534.48	0.999786	-0.0206909
-1275.24	-2526.89	1	0.000956369
-1275.17	-2519.3	0.99974	0.0227921
-1274.93	-2511.72	0.998979	0.0451712
-1274.51	-2504.14	0.997667	0.0682658
-1273.93	-2496.58	0.995787	0.0916961
-1273.16	-2489.03	0.993342	0.1152
-1272.21	-2481.5	0.990317	0.138822
-1271.09	-2473.99	0.986691	0.162608
-1269.78	-2466.52	0.982459	0.186481
-1268.29	-2459.08	0.977623	0.210366
-1266.45	-2450.94	0.971633	0.236495
-1264.58	-2443.58	0.965543	0.260242
-1262.53	-2436.27	0.958811	0.284044
-1260.31	-2429.02	0.951434	0.307852
-1258.15	-2422.54	0.94427	0.329171
-1255.31	-2414.69	0.934866	0.355
-1252.83	-2408.33	0.926646	0.375935
-1249.91	-2401.32	0.916963	0.398972
-1246.49	-2393.71	0.905651	0.424024
-1243.21	-2386.87	0.894994	0.446079
-1239.76	-2380.11	0.884465	0.466607
-1236.16	-2373.43	0.874397	0.485212
-1232.42	-2366.82	0.865303	0.501249
-1228.58	-2360.28	0.857729	0.514102
-1225.04	-2354.44	0.852144	0.523308
-1220.64	-2347.34	0.846357	0.532616
-1216.58	-2340.93	0.842301	0.539007
-1212.47	-2334.55	0.839239	0.543763
-1208.33	-2328.19	0.837367	0.546641
-1204.18	-2321.84	0.836502	0.547963
-1200.02	-2315.49	0.836009	0.548716
-1195.85	-2309.15	0.836091	0.548591
-1191.69	-2302.8	0.836746	0.547591
-1187.54	-2296.45	0.837636	0.546229
-1183.4	-2290.09	0.838893	0.544297
-1179.28	-2283.72	0.840814	0.541324
-1175.18	-2277.33	0.843523	0.537094
-1171.12	-2270.92	0.847066	0.531488
-1167.11	-2264.48	0.851382	0.524546
-1163.15	-2258	0.856375	0.516354
-1159.26	-2251.49	0.862074	0.506783
-1155.45	-2244.93	0.868523	0.495648
-1151.72	-2238.31	0.875815	0.482647
-1148.1	-2231.64	0.884099	0.4673
-1144.61	-2224.91	0.893143	0.449774
-1141.25	-2218.1	0.902266	0.43118
-1138.04	-2211.23	0.911105	0.412174
-1134.97	-2204.29	0.919738	0.392532
-1132.05	-2197.28	0.928086	0.372366
-1129.29	-2190.22	0.935991	0.352023
-1126.68	-2183.09	0.943451	0.331512
-1124.23	-2175.91	0.950461	0.310843
-1121.93	-2168.68	0.957019	0.290026
-1119.79	-2161.39	0.963103	0.269133
-1117.81	-2154.07	0.9687	0.248233
-1115.99	-2146.7	0.97383	0.227276
-1114.33	-2139.3	0.978507	0.206213
-1112.83	-2131.86	0.982728	0.185054
-1111.49	-2124.39	0.986492	0.163809
-1110.31	-2116.89	0.989797	0.142488
-1109.3	-2109.37	0.99264	0.1211
-1108.44	-2101.83	0.995022	0.0996557
-1107.75	-2094.28	0.99694	0.0781652
-1107.22	-2086.7	0.99837	0.0570718
-1106.85	-2079.13	0.99928	0.0379296
-1106.61	-2071.54	0.999743	0.0226603
-1106.48	-2063.95	0.999929	0.011893
-1106.41	-2056.36	0.999987	0.00508124
-1106.39	-2048.78	0.999998	0.00179086
-1106.38	-2041.19	1	0.000598916
-1106.38	-2033.6	1	-0.000162879
-1106.38	-2026.01	1	-0.000679465
-1106.39	-2018.42	0.999999	-0.00101119
-1106.39	-2010.83	0.999999	-0.00134292
-1106.41	-2003.24	0.999999	-0.00167464
-1106.42	-1995.65	0.999998	-0.00200637
-1106.44	-1988.07	0.999996	-0.00264762
-1106.46	-1980.48	0.99999	-0.00452299
-1106.5	-1972.89	0.999967	-0.00806257
-1106.58	-1965.3	0.999916	-0.0129607
-1106.69	-1957.71	0.999809	-0.0195266
-1106.87	-1950.12	0.999616	-0.0276951
-1107.1	-1942.54	0.999337	-0.0364162
-1107.41	-1934.96	0.998981	-0.0451345
-1107.77	-1927.38	0.998585	-0.0531709
-1108.2	-1919.8	0.998244	-0.0592336
-1108.66	-1912.23	0.998009	-0.0630756
-1109.15	-1904.65	0.997861	-0.0653763
-1109.65	-1897.08	0.997749	-0.067063
-1110.16	-1889.51	0.997634	-0.0687494
-1110.69	-1881.94	0.997516	-0.0704357
-1111.23	-1874.37	0.9974	-0.0720576
-1111.78	-1866.8	0.997296	-0.073495
-1112.34	-1859.23	0.997202	-0.0747479
-1112.91	-1851.66	0.997117	-0.0758763
-1113.49	-1844.1	0.997035	-0.0769445
-1114.08	-1836.53	0.996962	-0.0778884
-1114.67	-1828.97	0.996902	-0.0786479
-1115.27	-1821.4	0.996847	-0.0793471
-1115.88	-1813.84	0.996791	-0.0800463
-1116.49	-1806.27	0.996735	-0.0807455
-1117.1	-1798.71	0.996678	-0.0814446
-1117.72	-1791.14	0.996636	-0.0819595
-1118.34	-1783.58	0.996699	-0.0811832
-1118.95	-1776.02	0.996909	-0.0785624
-1119.54	-1768.45	0.997238	-0.0742775
-1120.08	-1760.88	0.997692	-0.0678978
-1120.57	-1753.31	0.998251	-0.0591116
-1120.99	-1745.73	0.998831	-0.0483454
-1121.32	-1738.15	0.999321	-0.0368343
-1121.57	-1730.56	0.999678	-0.0253786
-1121.73	-1722.98	0.999893	-0.0146592
-1121.81	-1715.39	0.999981	-0.00622561
-1121.84	-1707.8	0.999999	-0.00112823
-1121.84	-1700.21	0.999999	0.00137627
-1121.82	-1692.62	0.999996	0.00295617
-1121.8	-1685.03	0.99999	0.00447578
-1121.76	-1677.45	0.999982	0.00599538
-1121.71	-1669.86	0.999972	0.00751497
-1121.64	-1662.27	0.999956	0.00934405
-1121.57	-1654.68	0.999928	0.011973
-1121.47	-1647.09	0.999886	0.0150922
-1121.34	-1639.5	0.999826	0.0186454
-1121.19	-1631.92	0.999741	0.0227571
-1121	-1624.33	0.999636	0.026993
-1120.78	-1616.74	0.999512	0.0312284
-1120.53	-1609.16	0.999371	0.0354632
-1120.25	-1601.58	0.999212	0.0396974
-1119.94	-1593.99	0.999035	0.0439309
-1119.59	-1586.41	0.998845	0.0480391
-1119.22	-1578.83	0.998649	0.0519618
-1118.81	-1571.26	0.998441	0.0558236
-1118.37	-1563.68	0.998225	0.05956
-1117.91	-1556.1	0.998011	0.0630469
-1117.42	-1548.53	0.997797	0.0663484
-1116.91	-1540.96	0.997576	0.069589
-1116.37	-1533.39	0.997344	0.0728289
-1115.81	-1525.82	0.997103	0.076068
-1115.22	-1518.26	0.996889	0.0788135
-1114.62	-1510.69	0.996818	0.0797141
-1114.02	-1503.13	0.996927	0.0783415
-1113.43	-1495.56	0.997114	0.0759227
-1112.86	-1487.99	0.997318	0.0731947
-1112.32	-1480.42	0.997575	0.0696039
-1111.8	-1472.85	0.99788	0.0650857
-1111.32	-1465.28	0.998209	0.0598237
-1110.89	-1457.7	0.998577	0.0533276
-1110.5	-1450.12	0.998943	0.0459659
-1110.18	-1442.54	0.999259	0.0384771
-1109.91	-1434.96	0.99952	0.0309863
-1109.7	-1427.37	0.999724	0.0234936
-1109.54	-1419.78	0.999872	0.0159997
-1109.44	-1412.2	0.999964	0.00850485
-1109.4	-1404.61	1	0.000764321
-1109.42	-1397.02	0.999972	-0.00753105
-1109.5	-1389.43	0.99987	-0.0161355
-1109.65	-1381.84	0.999697	-0.0246141
-1109.86	-1374.26	0.999483	-0.0321667
-1110.13	-1366.67	0.999283	-0.0378656
-1110.43	-1359.09	0.999119	-0.0419568
-1110.76	-1351.51	0.99897	-0.0453686
-1111.11	-1343.93	0.998816	-0.0486554
-1111.49	-1336.35	0.998656	-0.0518212
-1111.89	-1328.77	0.998507	-0.0546171
-1112.31	-1321.19	0.998372	-0.0570394
-1112.75	-1313.62	0.998238	-0.059337
-1113.21	-1306.04	0.998099	-0.0616343
-1113.68	-1298.47	0.997954	-0.0639312
-1114.18	-1290.9	0.997805	-0.0662278
-1114.69	-1283.32	0.997666	-0.0682794
-1115.21	-1275.75	0.997545	-0.0700259
-1115.75	-1268.18	0.99743	-0.0716479
-1116.29	-1260.61	0.997339	-0.0729009
-1116.85	-1253.05	0.997288	-0.0736005
-1117.41	-1245.48	0.997286	-0.0736256
-1117.97	-1237.91	0.997361	-0.0726072
-1118.51	-1230.34	0.997496	-0.0707226
-1119.04	-1222.77	0.99767	-0.0682201
-1119.55	-1215.2	0.997895	-0.0648547
-1120.03	-1207.62	0.998164	-0.0605657
-1120.47	-1200.05	0.99846	-0.0554769
-1120.88	-1192.47	0.998752	-0.049953
-1121.24	-1184.89	0.999034	-0.0439336
-1121.55	-1177.31	0.999302	-0.0373582
-1121.82	-1169.72	0.99953	-0.0306566
-1122.03	-1162.14	0.999713	-0.0239536
-1122.19	-1154.55	0.999851	-0.0172496
-1122.3	-1146.96	0.999936	-0.0112844
-1122.37	-1139.37	0.999972	-0.00748153
-1122.42	-1131.79	0.999984	-0.00559612
-1122.46	-1124.2	0.999991	-0.00420515
-1122.49	-1116.61	0.999996	-0.00293479
-1122.51	-1109.02	0.999998	-0.00184936
-1122.52	-1101.43	1	-0.000828238
-1122.52	-1093.84	1	0.00019288
-1122.52	-1086.25	0.999999	0.001214
-1122.51	-1078.66	0.999998	0.00223511
-1122.49	-1071.08	0.999994	0.00344116
-1122.46	-1063.49	0.999988	0.00495673
-1122.41	-1055.9	0.999978	0.00659687
-1122.36	-1048.31	0.999966	0.00829726
-1122.29	-1040.72	0.999947	0.0102469
-1122.21	-1033.13	0.999923	0.0123854
-1122.1	-1025.54	0.999895	0.0145239
-1121.99	-1017.96	0.999861	0.0166623
-1121.85	-1010.37	0.99982	0.0189855
-1121.7	-1002.78	0.999769	0.0214936
-1121.53	-995.194	0.999712	0.0240015
-1121.34	-987.608	0.999649	0.0265092
-1121.13	-980.022	0.999579	0.0290168
-1120.91	-972.436	0.999503	0.0315242
-1120.66	-964.851	0.999421	0.0340314
-1120.39	-957.267	0.999332	0.0365384
-1120.11	-949.684	0.999237	0.0390451
-1119.8	-942.101	0.999136	0.0415516
-1119.48	-934.519	0.999032	0.0439936
-1119.14	-926.938	0.99895	0.0458169
-1118.79	-919.357	0.998928	0.0462857
-1118.44	-911.776	0.998983	0.0450909
-1118.11	-904.195	0.99909	0.0426631
-1117.79	-896.613	0.999217	0.0395563
-1117.5	-889.029	0.999362	0.0357098
-1117.24	-881.445	0.999506	0.0314329
-1117.02	-873.859	0.999633	0.0270911
-1116.83	-866.273	0.999747	0.0224996
-1116.67	-858.686	0.999846	0.0175379
-1116.55	-851.098	0.999923	0.0123907
-1116.47	-843.51	0.999972	0.00749254
-1116.43	-835.921	0.999995	0.00308861
-1116.42	-828.332	0.999999	-0.00107017
-1116.44	-820.743	0.999986	-0.00522893
-1116.49	-813.155	0.999956	-0.00938759
-1116.58	-805.566	0.999908	-0.0135461
-1116.69	-797.978	0.999843	-0.0177044
-1116.84	-790.391	0.999761	-0.0218623
-1117.02	-782.804	0.999661	-0.0260199
-1117.23	-775.218	0.999545	-0.0301771
-1117.47	-767.633	0.99941	-0.0343337
-1117.74	-760.049	0.999259	-0.0384897
-1118.05	-752.467	0.99909	-0.0426451
-1118.38	-744.885	0.998904	-0.0467997
-1118.75	-737.305	0.998701	-0.0509535
-1119.15	-729.727	0.99848	-0.0551064
-1119.58	-722.151	0.998243	-0.0592584
-1120.04	-714.576	0.997988	-0.0634093
-1120.54	-707.003	0.997715	-0.0675592
-1121.06	-699.432	0.997452	-0.071339
-1121.61	-691.864	0.997258	-0.0740072
-1122.18	-684.296	0.997155	-0.0753802
-1122.75	-676.729	0.997139	-0.0755897
-1123.33	-669.162	0.997206	-0.0746957
-1123.89	-661.594	0.997318	-0.0731842
-1124.44	-654.025	0.997464	-0.0711794
-1124.97	-646.455	0.997677	-0.0681276
-1125.48	-638.883	0.997936	-0.0642126
-1125.95	-631.309	0.998221	-0.0596185
-1126.39	-623.732	0.998546	-0.0539111
-1126.78	-616.154	0.998896	-0.0469693
-1127.11	-608.572	0.999226	-0.0393464
-1127.38	-600.988	0.999499	-0.0316568
-1127.6	-593.403	0.999693	-0.0247692
-1127.77	-585.816	0.999814	-0.0192992
-1127.9	-578.228	0.999896	-0.0144436
-1128	-570.64	0.999954	-0.0095877
-1128.06	-563.051	0.99999	-0.00436178
-1128.07	-555.463	0.999997	0.00234368
-1128.03	-547.874	0.999938	0.0111475
-1127.91	-540.286	0.999773	0.0213089
-1127.72	-532.7	0.999493	0.0318378
-1127.45	-525.116	0.999102	0.0423632
-1127.09	-517.535	0.998601	0.0528839
-1126.66	-509.959	0.997996	0.0632743
-1126.15	-502.387	0.99736	0.0726114
-1125.58	-494.82	0.996826	0.079606
-1124.96	-487.257	0.99647	0.0839491
-1124.31	-479.696	0.996262	0.0863803
-1123.65	-472.136	0.996146	0.0877059
-1122.98	-464.576	0.996072	0.0885427
-1122.31	-457.017	0.996003	0.0893195
-1121.63	-449.459	0.995933	0.0900963
-1120.94	-441.901	0.995823	0.0913013
-1120.24	-434.345	0.995609	0.0936109
-1119.52	-426.79	0.995312	0.0967203
-1118.78	-419.238	0.994992	0.0999527
-1118.01	-411.688	0.99463	0.103492
-1117.21	-404.141	0.99421	0.107458
-1116.38	-396.598	0.99376	0.111541
-1115.53	-389.058	0.993293	0.115623
-1114.64	-381.521	0.99281	0.119703
-1113.71	-373.988	0.99231	0.123781
-1112.76	-366.46	0.991793	0.127857
-1111.78	-358.935	0.991259	0.13193
-1110.77	-351.414	0.99075	0.135699
-1109.73	-343.896	0.990364	0.138491
-1108.67	-336.382	0.990144	0.140055
-1107.61	-328.868	0.990044	0.14076
-1106.54	-321.355	0.990091	0.140428
-1105.48	-313.841	0.990301	0.138942
-1104.43	-306.324	0.990592	0.136845
-1103.4	-298.806	0.990955	0.134195
-1102.39	-291.285	0.991392	0.130929
-1101.4	-283.76	0.991849	0.127419
-1100.45	-276.231	0.992294	0.123907
-1099.52	-268.7	0.992726	0.120394
-1098.61	-261.165	0.993146	0.116879
-1097.74	-253.627	0.993554	0.113363
-1096.89	-246.086	0.993969	0.109662
-1096.07	-238.541	0.994397	0.105711
-1095.28	-230.994	0.994822	0.101635
-1094.52	-223.443	0.995248	0.0973728
-1093.79	-215.889	0.995668	0.0929848
-1093.1	-208.332	0.996073	0.088535
-1092.44	-200.771	0.996464	0.0840232
-1091.82	-193.208	0.996839	0.0794496
-1091.23	-185.642	0.997202	0.0747502
-1090.68	-178.074	0.997556	0.0698645
-1090.16	-170.502	0.997903	0.0647325
-1089.69	-162.928	0.99823	0.0594745
-1089.25	-155.352	0.998529	0.0542147
-1088.86	-147.774	0.998801	0.0489535
-1088.5	-140.193	0.999045	0.0436909
-1088.19	-132.611	0.999261	0.0384271
-1087.91	-125.027	0.99945	0.0331623
-1087.68	-117.442	0.999611	0.0278965
-1087.48	-109.856	0.999744	0.0226299
-1087.32	-102.268	0.999849	0.0173627
-1087.21	-94.6804	0.999922	0.0124648
-1087.13	-87.0921	0.99996	0.00898564
-1087.06	-79.5035	0.999973	0.00729525
-1087.01	-71.9148	0.999978	0.00665401
-1086.96	-64.3262	0.999976	0.00687808
-1086.91	-56.7375	0.999968	0.00796349
-1086.84	-49.149	0.999956	0.00935443
-1086.77	-41.5605	0.999941	0.0108699
-1086.68	-33.9722	0.99992	0.0126346
-1086.58	-26.3841	0.999895	0.014524
-1086.46	-18.7961	0.999865	0.0164132
-1086.33	-11.2084	0.999832	0.0183024
-1086.19	-3.62094	0.999797	0.0201272
-1086.03	3.96625	0.999768	0.0215178
-1085.86	11.5533	0.99976	0.0219268
-1085.7	19.1403	0.999773	0.0212898
-1085.54	26.7275	0.999798	0.0200941
-1085.39	34.3149	0.999828	0.0185285
-1085.26	41.9025	0.999863	0.0165328
-1085.14	49.4904	0.999898	0.0142919
-1085.04	57.0785	0.99993	0.011866
-1084.95	64.6669	0.999959	0.00906628
-1084.89	72.2555	0.999982	0.0060172
-1084.86	79.8443	0.999996	0.00296807
-1084.85	87.4331	1	-0.000201712
-1084.86	95.0219	0.999994	-0.00343184
-1084.89	102.611	0.999982	-0.00592227
-1084.94	110.199	0.999976	-0.00686899
-1084.99	117.788	0.999981	-0.00609012
-1085.03	125.377	0.999991	-0.00426504
-1085.06	132.965	0.999998	-0.00219069
-1085.07	140.554	1	-5.20237e-05
-1085.06	148.143	0.999997	0.00245652
-1085.04	155.732	0.999986	0.00533491
-1084.99	163.321	0.999966	0.00821326
-1084.92	170.909	0.999938	0.0110915
-1084.82	178.497	0.999902	0.0139697
-1084.71	186.085	0.999858	0.0168478
-1084.57	193.673	0.999805	0.0197257
-1084.41	201.26	0.99975	0.0223543
-1084.24	208.847	0.999697	0.024613
-1084.04	216.433	0.999642	0.026751
-1083.83	224.019	0.999592	0.0285794
-1083.61	231.605	0.999551	0.0299738
-1083.38	239.19	0.999512	0.0312435
-1083.14	246.775	0.999471	0.0325131
-1082.89	254.36	0.999429	0.0337827
-1082.63	261.944	0.999385	0.0350523
-1082.36	269.528	0.99934	0.0363217
-1082.08	277.112	0.999293	0.0375912
-1081.79	284.695	0.999247	0.0388003
-1081.49	292.278	0.999204	0.0398849
-1081.19	299.861	0.999163	0.0409052
-1080.87	307.443	0.999121	0.0419254
-1080.55	315.025	0.999093	0.0425761
-1080.23	322.607	0.999115	0.0420569
-1079.91	330.189	0.999175	0.040617
-1079.61	337.772	0.999247	0.0388074
-1079.32	345.356	0.999331	0.0365638
-1079.05	352.94	0.999417	0.0341352
-1078.8	360.524	0.999497	0.0317064
-1078.57	368.109	0.999562	0.0295868
-1078.35	375.695	0.999611	0.0279011
-1078.14	383.281	0.999653	0.02634
-1077.95	390.867	0.999693	0.0247787
-1077.76	398.454	0.99973	0.0232175
-1077.59	406.041	0.999763	0.0217766
-1077.43	413.628	0.999786	0.0207055
-1077.28	421.215	0.999802	0.0198835
-1077.13	428.803	0.999818	0.0190615
-1076.99	436.39	0.999831	0.0183641
-1076.85	443.978	0.999842	0.0177914
-1076.71	451.565	0.999852	0.0172187
-1076.59	459.153	0.999861	0.016646
-1076.46	466.741	0.999871	0.0160732
-1076.34	474.329	0.99988	0.0155005
-1076.22	481.917	0.999888	0.014988
-1076.11	489.505	0.999893	0.0146604
-1076	497.093	0.999895	0.0144575
-1075.89	504.681	0.999898	0.0142546
-1075.78	512.269	0.999901	0.0140517
-1075.68	519.857	0.999904	0.0138487
-1075.57	527.445	0.999907	0.0136458
-1075.47	535.033	0.99991	0.0134429
-1075.37	542.621	0.999912	0.01324
-1075.27	550.21	0.999915	0.0130371
-1075.17	557.798	0.999918	0.0128341
-1075.07	565.386	0.99992	0.0126312
-1074.98	572.974	0.999923	0.0124283
-1074.89	580.563	0.999925	0.0122254
-1074.79	588.151	0.999928	0.0120224
-1074.7	595.739	0.99993	0.0118195
-1074.61	603.327	0.999933	0.0116166
-1074.53	610.916	0.999935	0.0114136
-1074.44	618.504	0.999937	0.0112107
-1074.36	626.092	0.999939	0.0110078
-1074.27	633.681	0.999942	0.0108049
-1074.19	641.269	0.999944	0.0106019
-1074.11	648.858	0.999946	0.010399
-1074.03	656.446	0.999948	0.0101961
-1073.96	664.034	0.99995	0.00999313
-1073.88	671.623	0.999952	0.0097902
-1073.81	679.211	0.999954	0.00958726
-1073.74	686.8	0.999956	0.00938433
-1073.67	694.388	0.999958	0.0091814
-1073.6	701.977	0.99996	0.00897846
-1073.53	709.565	0.999961	0.00877553
-1073.46	717.154	0.999963	0.0085726
-1073.4	724.743	0.999965	0.00836966
-1073.34	732.331	0.999967	0.00816673
-1073.27	739.92	0.999968	0.00796379
-1073.21	747.508	0.99997	0.00776086
-1073.16	755.097	0.999971	0.00755792
-1073.1	762.686	0.999973	0.00735498
-1073.04	770.274	0.999974	0.00715205
-1072.99	777.863	0.999976	0.00694911
-1072.94	785.451	0.999977	0.00674617
-1072.89	793.04	0.999979	0.00654324
-1072.84	800.629	0.99998	0.0063403
-1072.79	808.217	0.999981	0.00613736
-1072.75	815.806	0.999982	0.00593442
-1072.7	823.395	0.999984	0.00573148
-1072.66	830.984	0.999985	0.00552855
-1072.62	838.572	0.999986	0.00532561
-1072.58	846.161	0.999987	0.00512267
-1072.54	853.75	0.999988	0.00491973
-1072.5	861.338	0.999989	0.00471679
-1072.47	868.927	0.99999	0.00451385
-1072.43	876.516	0.999991	0.00431091
-1072.4	884.105	0.999992	0.00410797
-1072.37	891.694	0.999992	0.00390503
-1072.34	899.282	0.999993	0.00370209
-1072.31	906.871	0.999994	0.00349915
-1072.29	914.46	0.999995	0.00329621
-1072.26	922.049	0.999995	0.00309327
-1072.24	929.637	0.999996	0.00289032
-1072.22	937.226	0.999996	0.00268738
-1072.2	944.815	0.999997	0.00248444
-1072.18	952.404	0.999997	0.0022815
-1072.16	959.993	0.999998	0.00207856
-1072.15	967.581	0.999998	0.00187562
-1072.14	975.17	0.999999	0.00167268
-1072.12	982.759	0.999999	0.00146973
-1072.11	990.348	0.999999	0.00126679
-1072.1	997.937	0.999999	0.00106385
-1072.1	1005.53	1	0.00086091
-1072.09	1013.11	1	0.000657968
-1072.09	1020.7	1	0.000455026
-1072.08	1028.29	1	0.000252084
-1072.08	1035.88	1	4.91421e-05
-1072.08	1043.47	1	-0.0001538
-1072.08	1051.06	1	-0.000356742
-1072.09	1058.65	1	-0.000559684
-1072.09	1066.24	1	-0.000762625
-1072.1	1073.83	0.999999	-0.00102996
-1072.11	1081.41	0.999999	-0.00160689
-1072.12	1089	0.999997	-0.00242904
-1072.14	1096.59	0.999995	-0.00325118
-1072.17	1104.18	0.999992	-0.00407331
-1072.2	1111.77	0.999988	-0.00489545
-1072.24	1119.36	0.999984	-0.00571758
-1072.29	1126.95	0.999979	-0.00653971
-1072.34	1134.54	0.999973	-0.00736183
-1072.4	1142.12	0.999965	-0.00830854
-1072.47	1149.71	0.999955	-0.00944016
-1072.54	1157.3	0.999943	-0.0106321
-1072.63	1164.89	0.99993	-0.0118241
-1072.72	1172.48	0.999915	-0.013016
-1072.82	1180.07	0.999899	-0.0142079
-1072.93	1187.65	0.999881	-0.0153998
-1073.05	1195.24	0.999862	-0.0165916
-1073.18	1202.83	0.999842	-0.0177835
-1073.32	1210.42	0.99982	-0.0189753
-1073.47	1218	0.999797	-0.0201671
-1073.63	1225.59	0.999769	-0.0214834
-1073.79	1233.18	0.999737	-0.0229242
-1073.97	1240.77	0.999703	-0.024365
-1074.16	1248.35	0.999667	-0.0258058
-1074.36	1255.94	0.999629	-0.0272465
-1074.57	1263.52	0.999588	-0.0286871
-1074.79	1271.11	0.999546	-0.0301276
-1075.03	1278.69	0.999502	-0.0315682
-1075.27	1286.28	0.999455	-0.0330086
-1075.53	1293.86	0.999406	-0.034449
-1075.79	1301.45	0.999356	-0.0358893
-1076.07	1309.03	0.999303	-0.0373295
-1076.36	1316.62	0.999248	-0.0387696
-1076.66	1324.2	0.999191	-0.0402097
-1076.97	1331.78	0.999132	-0.0416497
-1077.29	1339.36	0.999071	-0.0430896
-1077.62	1346.94	0.999008	-0.0445294
-1077.96	1354.53	0.998943	-0.0459691
-1078.31	1362.11	0.998876	-0.0474087
-1078.68	1369.69	0.998806	-0.0488483
-1079.05	1377.27	0.998735	-0.0502877
-1079.44	1384.84	0.998664	-0.0516668
-1079.83	1392.42	0.998599	-0.0529214
-1080.24	1400	0.998538	-0.0540515
-1080.65	1407.58	0.99849	-0.0549365
-1081.07	1415.16	0.998471	-0.0552707
-1081.49	1422.73	0.99851	-0.0545601
-1081.9	1430.31	0.998592	-0.0530468
-1082.3	1437.89	0.998678	-0.0514088
-1082.68	1445.47	0.998764	-0.0497106
-1083.05	1453.05	0.998864	-0.0476427
-1083.41	1460.63	0.998975	-0.0452654
-1083.74	1468.21	0.999088	-0.042703
-1084.06	1475.79	0.999204	-0.0398913
-1084.35	1483.38	0.999315	-0.037015
-1084.63	1490.96	0.999417	-0.0341384
-1084.88	1498.54	0.999511	-0.0312615
-1085.1	1506.13	0.999592	-0.0285693
-1085.31	1513.72	0.99966	-0.0260616
-1085.5	1521.3	0.999718	-0.0237388
-1085.68	1528.89	0.999764	-0.0217252
-1085.84	1536.48	0.999803	-0.0198361
-1085.98	1544.06	0.999838	-0.0180113
-1086.11	1551.65	0.999865	-0.0164357
-1086.23	1559.24	0.999886	-0.0151052
-1086.34	1566.83	0.999904	-0.0138351
-1086.45	1574.42	0.999919	-0.0127498
-1086.54	1582	0.999927	-0.0120986
-1086.63	1589.59	0.999925	-0.0122483
-1086.73	1597.18	0.999913	-0.013195
-1086.83	1604.77	0.999897	-0.0143869
-1086.94	1612.36	0.999879	-0.0155787
-1087.07	1619.94	0.999859	-0.0167706
-1087.2	1627.53	0.999839	-0.0179624
-1087.34	1635.12	0.999817	-0.0191542
-1087.49	1642.71	0.999793	-0.020346
-1087.64	1650.29	0.999768	-0.0215378
-1087.81	1657.88	0.999742	-0.0227295
-1087.99	1665.47	0.999714	-0.0239212
-1088.17	1673.05	0.999685	-0.0251129
-1088.37	1680.64	0.999656	-0.0262442
-1088.57	1688.23	0.999634	-0.0270659
-1088.77	1695.81	0.999621	-0.027518
-1088.98	1703.4	0.999612	-0.0278496
-1089.2	1710.98	0.999606	-0.0280566
-1089.41	1718.57	0.999614	-0.0277723
-1089.62	1726.16	0.999637	-0.0269364
-1089.82	1733.74	0.999666	-0.0258514
-1090.01	1741.33	0.999698	-0.0245814
-1090.19	1748.92	0.999731	-0.0231908
-1090.37	1756.5	0.999766	-0.0216154
-1090.52	1764.09	0.999805	-0.0197304
-1090.67	1771.68	0.999843	-0.0177207
-1090.8	1779.26	0.999879	-0.015526
-1090.91	1786.85	0.999914	-0.013082
-1091	1794.44	0.999944	-0.0105737
-1091.07	1802.03	0.999967	-0.00806524
-1091.12	1809.62	0.999985	-0.00555676
-1091.16	1817.21	0.999995	-0.00304823
-1091.17	1824.8	1	-0.000539695
-1091.17	1832.38	0.999998	0.00184418
-1091.15	1839.97	0.999992	0.0039788
-1091.11	1847.56	0.999982	0.00598882
-1091.06	1855.15	0.999968	0.00799881
-1091	1862.74	0.99995	0.0100088
-1090.91	1870.33	0.999929	0.011894
-1090.82	1877.92	0.999909	0.0134698
-1090.71	1885.5	0.999892	0.0146757
-1090.6	1893.09	0.99988	0.0155118
-1090.48	1900.68	0.999873	0.0159178
-1090.36	1908.27	0.999875	0.0158323
-1090.24	1915.86	0.99988	0.0155006
-1090.12	1923.44	0.999886	0.0151087
-1090.01	1931.03	0.999893	0.0146565
-1089.9	1938.62	0.999899	0.0142042
-1089.79	1946.21	0.999905	0.013752
-1089.69	1953.8	0.999912	0.0132998
-1089.59	1961.38	0.999917	0.0128476
-1089.49	1968.97	0.999923	0.0123953
-1089.4	1976.56	0.999929	0.0119431
-1089.31	1984.15	0.999934	0.0114908
-1089.23	1991.74	0.999939	0.0110386
-1089.14	1999.33	0.999944	0.0105864
-1089.06	2006.91	0.999949	0.0101341
-1088.99	2014.5	0.999953	0.00968186
-1088.92	2022.09	0.999957	0.00922961
-1088.85	2029.68	0.999961	0.00877736
-1088.78	2037.27	0.999965	0.00832511
-1088.72	2044.86	0.999969	0.00787285
-1088.66	2052.44	0.999972	0.00742059
-1088.61	2060.03	0.999976	0.00696834
-1088.56	2067.62	0.999979	0.00651608
-1088.51	2075.21	0.999982	0.00606381
-1088.46	2082.8	0.999984	0.00561155
-1088.42	2090.39	0.999987	0.00515929
-1088.38	2097.98	0.999989	0.00470702
-1088.35	2105.57	0.999991	0.00425476
-1088.32	2113.15	0.999993	0.00380249
-1088.29	2120.74	0.999994	0.00335022
-1088.27	2128.33	0.999996	0.00289795
-1088.25	2135.92	0.999997	0.00244569
-1088.23	2143.51	0.999998	0.00199342
-1088.22	2151.1	0.999999	0.00154115
-1088.21	2158.69	0.999999	0.00108888
-1088.2	2166.28	1	0.000636605
-1088.2	2173.87	1	0.000184335
-1088.2	2181.45	1	-0.000267936
-1088.2	2189.04	1	-0.000720206
-1088.21	2196.63	0.999999	-0.00154235
-1088.22	2204.22	0.999996	-0.00279868
-1088.25	2211.81	0.999992	-0.00411932
-1088.28	2219.4	0.999985	-0.00543995
-1088.33	2226.99	0.999977	-0.00676058
-1088.38	2234.58	0.999967	-0.00808119
-1088.45	2242.16	0.999957	-0.00927713
-1088.52	2249.75	0.999948	-0.0102238
-1088.6	2257.34	0.99994	-0.0109856
-1088.69	2264.93	0.999932	-0.011687
-1088.78	2272.52	0.999925	-0.0122638
-1088.87	2280.11	0.999921	-0.0125311
-1088.97	2287.69	0.99992	-0.0126135
-1089.06	2295.28	0.999919	-0.0126959
-1089.16	2302.87	0.99992	-0.0126567
-1089.25	2310.46	0.999926	-0.0121261
-1089.34	2318.05	0.999938	-0.0111654
-1089.43	2325.64	0.999949	-0.0101443
-1089.5	2333.22	0.999958	-0.00912325
-1089.57	2340.81	0.999967	-0.00810217
-1089.62	2348.4	0.999975	-0.00708108
-1089.67	2355.99	0.999982	-0.00605998
-1089.72	2363.58	0.999987	-0.00503888
-1089.75	2371.17	0.999992	-0.00401777
-1089.78	2378.76	0.999996	-0.00299666
-1089.8	2386.34	0.999998	-0.00197555
-1089.81	2393.93	1	-0.000954428
-1089.82	2401.52	1	6.66897e-05
-1089.81	2409.11	0.999999	0.00108781
-1089.8	2416.7	0.999998	0.00210892
-1089.78	2424.29	0.999995	0.00313004
-1089.75	2431.88	0.999991	0.00415115
-1089.72	2439.47	0.999987	0.00517226
-1089.68	2447.05	0.999981	0.00613301
-1089.63	2454.64	0.999976	0.00697314
-1089.57	2462.23	0.99997	0.007753
-1089.51	2469.82	0.999964	0.00853285
-1089.45	2477.41	0.999957	0.00931269
-1089.37	2485	0.999949	0.0100925
-1089.29	2492.59	0.999941	0.0108724
-1089.21	2500.17	0.999932	0.0116522
-1089.12	2507.76	0.999923	0.012432
-1089.02	2515.35	0.999913	0.0132118
-1088.92	2522.94	0.999902	0.0139916
-1088.81	2530.53	0.999891	0.0147714
-1088.7	2538.12	0.999879	0.0155512
-1088.57	2545.7	0.999867	0.016331
-1088.45	2553.29	0.999854	0.0171108
-1088.32	2560.88	0.99984	0.0178905
-1088.18	2568.47	0.999826	0.0186703
-1088.03	2576.05	0.999814	0.0192989
-1087.89	2583.64	0.999828	0.0185343
-1087.75	2591.23	0.999862	0.016603
-1087.63	2598.82	0.999891	0.0147319
-1087.53	2606.4	0.999919	0.012736
-1087.44	2613.99	0.999946	0.0103559
-1087.37	2621.58	0.999971	0.00762831
-1087.32	2629.17	0.999989	0.00472871
-1087.29	2636.76	0.999999	0.00133544
-1087.29	2644.35	0.999997	-0.00263832
-1087.32	2651.94	0.999978	-0.00667636
-1087.39	2659.52	0.999943	-0.01065
-1087.48	2667.11	0.999895	-0.0145109
-1087.6	2674.7	0.999837	-0.0180517
-1087.75	2682.29	0.999776	-0.0211606
-1087.92	2689.88	0.999707	-0.024209
-1088.11	2697.46	0.999635	-0.027008
-1088.32	2705.05	0.999579	-0.0290032
-1088.55	2712.63	0.999542	-0.0302589
-1088.78	2720.22	0.999521	-0.0309601
-1089.01	2727.8	0.999528	-0.0307361
-1089.25	2735.39	0.999557	-0.0297717
-1089.47	2742.97	0.99959	-0.0286225
-1089.68	2750.56	0.999623	-0.0274732
-1089.89	2758.15	0.999653	-0.0263238
-1090.08	2765.73	0.999683	-0.0251745
-1090.27	2773.32	0.999711	-0.0240251
-1090.45	2780.91	0.999737	-0.0229271
-1090.62	2788.49	0.999754	-0.022202
-1090.79	2796.08	0.999752	-0.0222623
-1090.96	2803.67	0.999738	-0.0228864
-1091.13	2811.25	0.999722	-0.0235877
-1091.32	2818.84	0.999705	-0.0242889
-1091.5	2826.43	0.999688	-0.0249902
-1091.69	2834.01	0.99967	-0.0256914
-1091.89	2841.6	0.999652	-0.0263926
-1092.09	2849.19	0.999633	-0.0270938
-1092.3	2856.77	0.999614	-0.027795
-1092.51	2864.36	0.999595	-0.0284447
-1092.73	2871.94	0.999582	-0.0289209
-1092.95	2879.53	0.999575	-0.0291528
-1093.17	2887.11	0.999575	-0.0291379
-1093.39	2894.7	0.999583	-0.0288807
-1093.61	2902.29	0.999596	-0.0284273
-1093.83	2909.87	0.999612	-0.0278487
-1094.04	2917.46	0.999633	-0.027098
-1094.24	2925.04	0.999657	-0.0261979
-1094.43	2932.63	0.99968	-0.0252978
-1094.62	2940.22	0.999702	-0.0243977
-1094.81	2947.8	0.999724	-0.0234975
-1094.98	2955.39	0.999745	-0.0225973
-1095.15	2962.98	0.999765	-0.0216971
-1095.31	2970.56	0.999784	-0.0207969
-1095.47	2978.15	0.999802	-0.0198967
-1095.62	2985.74	0.99982	-0.0189964
-1095.76	2993.33	0.999836	-0.0180961
-1095.89	3000.91	0.999852	-0.0171959
-1096.02	3008.5	0.999867	-0.0162956
-1096.14	3016.09	0.999881	-0.0153953
-1096.25	3023.68	0.999895	-0.0144949
-1096.36	3031.27	0.999908	-0.0135946
-1096.46	3038.85	0.999919	-0.0126943
-1096.56	3046.44	0.99993	-0.0117939
-1096.64	3054.03	0.999941	-0.0108935
-1096.72	3061.62	0.99995	-0.00999317
-1096.8	3069.21	0.999957	-0.00929212
-1096.87	3076.8	0.999959	-0.00903802
-1096.93	3084.38	0.999959	-0.00905166
-1097	3091.97	0.999957	-0.00923378
-1097.07	3099.56	0.999954	-0.00956549
-1097.15	3107.15	0.999951	-0.0098972
-1097.22	3114.74	0.999948	-0.0102289
-1097.3	3122.33	0.999944	-0.0105606
-1097.38	3129.91	0.999941	-0.0108923
-1097.47	3137.5	0.999937	-0.011224
-1097.55	3145.09	0.999933	-0.0115557
-1097.64	3152.68	0.999929	-0.0118874
-1097.73	3160.27	0.999925	-0.0122191
-1097.83	3167.86	0.999921	-0.0125508
-1097.92	3175.44	0.999917	-0.0128825
-1098.02	3183.03	0.999913	-0.0132142
-1098.12	3190.62	0.999908	-0.0135459
-1098.23	3198.21	0.999904	-0.0138776
-1098.33	3205.8	0.999899	-0.0142093
-1098.44	3213.39	0.999894	-0.014541
-1098.55	3220.97	0.999889	-0.0148727
-1098.67	3228.56	0.999884	-0.0152044
-1098.78	3236.15	0.999879	-0.0155361
-1098.9	3243.74	0.999874	-0.0158678
-1099.02	3251.32	0.999869	-0.0161994
-1099.15	3258.91	0.999863	-0.0165311
-1099.27	3266.5	0.999858	-0.0168628
-1099.4	3274.09	0.999852	-0.0171945
-1099.54	3281.68	0.999846	-0.0175262
-1099.67	3289.26	0.999841	-0.0178578
-1099.81	3296.85	0.999835	-0.0181895
-1099.94	3304.44	0.999828	-0.0185212
-1100.09	3312.03	0.999822	-0.0188528
-1100.23	3319.61	0.999816	-0.0191845
-1100.38	3327.2	0.99981	-0.0195162
-1100.53	3334.79	0.999803	-0.0198478
-1100.68	3342.38	0.999796	-0.0201795
-1100.83	3349.96	0.99979	-0.0205112
-1100.99	3357.55	0.999783	-0.0208428
-1101.15	3365.14	0.999776	-0.0211745
-1101.31	3372.72	0.999769	-0.0215061
-1101.47	3380.31	0.999762	-0.0218378
-1101.64	3387.9	0.999754	-0.0221694
-1101.81	3395.49	0.999747	-0.0225011
-1101.98	3403.07	0.999739	-0.0228327
-1102.16	3410.66	0.999732	-0.0231643
-1102.33	3418.25	0.999724	-0.023496
-1102.51	3425.83	0.999716	-0.0238276
-1102.69	3433.42	0.999708	-0.0241592
-1102.88	3441.01	0.9997	-0.0244909
-1103.06	3448.59	0.999692	-0.0248225
-1103.25	3456.18	0.999684	-0.0251541
-1103.45	3463.77	0.999675	-0.0254857
-1103.64	3471.35	0.999667	-0.0258173
-1103.84	3478.94	0.999658	-0.026149
-1104.04	3486.52	0.999649	-0.0264806
-1104.24	3494.11	0.99964	-0.0268122
-1104.44	3501.7	0.999632	-0.0271438
-1104.65	3509.28	0.999622	-0.0274754
-1104.86	3516.87	0.999613	-0.027807
-1105.07	3524.45	0.999604	-0.0281386
-1105.29	3532.04	0.999595	-0.0284702
-1105.5	3539.63	0.999585	-0.0288018
-1105.72	3547.21	0.999576	-0.0291334
-1105.95	3554.8	0.999566	-0.0294649
-1106.17	3562.38	0.999556	-0.0297965
-1106.4	3569.97	0.999546	-0.0301281
-1106.63	3577.55	0.999536	-0.0304597
-1106.86	3585.14	0.999526	-0.0307912
-1107.09	3592.72	0.999516	-0.0311228
-1107.35	3601.07	0.999504	-0.0314875
-1107.57	3607.89	0.999501	-0.031589
-1107.83	3616.24	0.999508	-0.0313519
-1108.07	3623.82	0.999519	-0.0310104
-1108.3	3631.41	0.999541	-0.0302991
-1108.53	3638.99	0.99958	-0.0289691
-1108.75	3646.58	0.999626	-0.0273296
-1108.95	3654.17	0.999676	-0.0254408
-1109.13	3661.75	0.999731	-0.0231822
-1109.3	3669.34	0.999784	-0.0208028
-1109.45	3676.93	0.99983	-0.0184234
-1109.59	3684.51	0.999871	-0.0160438
-1109.7	3692.1	0.999907	-0.0136642
-1109.8	3699.69	0.999936	-0.0112844
-1109.88	3707.28	0.999959	-0.00902526
-1109.94	3714.87	0.999975	-0.00707563
-1109.99	3722.46	0.999986	-0.00531495
-1110.02	3730.04	0.999994	-0.00355426
-1110.04	3737.63	0.999998	-0.00179355
-1110.05	3745.22	1	-3.28434e-05
-1110.05	3752.81	0.999999	0.00172787
-1110.03	3760.4	0.999994	0.00348857
-1110	3767.99	0.999986	0.00524927
-1109.95	3775.58	0.999975	0.00700995
-1109.89	3783.17	0.999962	0.0087706
-1109.82	3790.75	0.999945	0.0105312
-1109.73	3798.34	0.999924	0.0122918
-1109.64	3805.93	0.999901	0.0140524
-1109.52	3813.52	0.999875	0.0158129
-1109.4	3821.11	0.999846	0.0175734
-1109.26	3828.69	0.999814	0.0192735
-1109.11	3836.28	0.999783	0.0208531
-1108.95	3843.87	0.99975	0.0223724
-1108.77	3851.46	0.999715	0.0238916
-1108.59	3859.04	0.999677	0.0254107
-1108.39	3866.63	0.999637	0.0269298
-1108.18	3874.21	0.999595	0.0284489
-1107.96	3881.8	0.999551	0.0299679
-1107.73	3889.38	0.999504	0.0314868
-1107.48	3896.97	0.999455	0.0330056
-1107.23	3904.55	0.999404	0.0345244
-1106.96	3912.14	0.99935	0.036043
-1106.68	3919.72	0.999294	0.0375616
-1106.39	3927.31	0.999236	0.0390801
-1106.09	3934.89	0.999176	0.0405985
-1105.78	3942.47	0.999113	0.0421169
-1105.46	3950.05	0.99905	0.0435708
-1105.12	3957.63	0.999002	0.0446552
-1104.78	3965.22	0.998979	0.0451853
-1104.44	3972.8	0.998988	0.0449755
-1104.1	3980.38	0.999028	0.04409
-1103.77	3987.96	0.999074	0.0430197
-1103.44	3995.54	0.999125	0.0418248
-1103.13	4003.12	0.999187	0.0403205
-1102.83	4010.71	0.999254	0.0386315
-1102.54	4018.29	0.999317	0.0369423
-1102.27	4025.87	0.999378	0.035253
-1102	4033.46	0.999437	0.0335637
-1101.75	4041.04	0.999492	0.0318742
-1101.52	4048.63	0.999542	0.0302489
-1101.29	4056.21	0.99958	0.0289932
-1101.07	4063.8	0.999601	0.0282318
-1100.86	4071.38	0.999612	0.027844
-1100.65	4078.97	0.999613	0.027823
-1100.44	4086.56	0.999605	0.0281043
-1100.22	4094.14	0.999594	0.0285062
-1100.01	4101.73	0.999582	0.0289081
-1099.79	4109.31	0.99957	0.02931
-1099.56	4116.9	0.999562	0.0295914
-1099.34	4124.48	0.999565	0.0295059
-1099.12	4132.07	0.999578	0.0290539
-1098.9	4139.66	0.999598	0.0283567
-1098.68	4147.24	0.999621	0.0275349
-1098.48	4154.83	0.999643	0.026713
-1098.28	4162.41	0.999666	0.0258269
-1098.08	4170	0.999692	0.0248161
-1097.9	4177.59	0.999718	0.0237451
-1097.72	4185.17	0.999743	0.0226741
-1097.55	4192.76	0.999767	0.021603
-1097.39	4200.35	0.999789	0.020532
-1097.24	4207.94	0.999811	0.0194609
-1097.1	4215.52	0.999831	0.0183897
-1096.96	4223.11	0.99985	0.0173186
-1096.83	4230.7	0.999868	0.0162474
-1096.71	4238.29	0.999885	0.0151762
-1096.6	4245.87	0.999901	0.014105
-1096.5	4253.46	0.999915	0.0130338
-1096.4	4261.05	0.999928	0.0119626
-1096.31	4268.64	0.999941	0.0108913
-1096.23	4276.23	0.999952	0.00982006
-1096.16	4283.82	0.999962	0.00874878
-1096.1	4291.4	0.999971	0.0076775
-1096.04	4298.99	0.999978	0.00660621
-1096	4306.58	0.999985	0.00553491
-1095.96	4314.17	0.99999	0.0044636
-1095.93	4321.76	0.999994	0.00339229
-1095.91	4329.35	0.999997	0.00232098
-1095.89	4336.94	0.999999	0.00124966
-1095.88	4344.53	1	0.000178338
-1095.89	4352.11	1	-0.000892981
-1095.9	4359.7	0.999998	-0.0019643
-1095.91	4367.29	0.999995	-0.00303562
-1095.94	4374.88	0.999992	-0.00410693
-1095.98	4382.47	0.999987	-0.00517824
-1096.02	4390.06	0.99998	-0.00624954
-1096.07	4397.65	0.999973	-0.00732083
-1096.13	4405.24	0.999965	-0.00839212
-1096.19	4412.82	0.999955	-0.0094634
-1096.27	4420.41	0.999946	-0.0104101
-1096.35	4428	0.999938	-0.0111075
-1096.44	4435.59	0.999932	-0.0116803
-1096.53	4443.18	0.999925	-0.0122531
-1096.62	4450.77	0.999918	-0.0128258
-1096.72	4458.35	0.999912	-0.0132781
-1096.82	4465.94	0.999907	-0.0136098
-1096.93	4473.53	0.999903	-0.0139415
-1097.03	4481.12	0.999898	-0.0142732
-1097.14	4488.71	0.999893	-0.0146048
-1097.25	4496.29	0.99989	-0.0148119
-1097.37	4503.88	0.999889	-0.0148943
-1097.48	4511.47	0.999889	-0.0149194
-1097.59	4519.06	0.999892	-0.0147023
-1097.7	4526.65	0.9999	-0.0141757
-1097.81	4534.23	0.999909	-0.0135245
-1097.91	4541.82	0.999917	-0.0128733
-1098.01	4549.41	0.999927	-0.0120975
-1098.09	4557	0.999938	-0.0111368
-1098.18	4564.59	0.999949	-0.0101158
-1098.25	4572.18	0.999959	-0.00909468
-1098.32	4579.76	0.999967	-0.0080736
-1098.37	4587.35	0.999975	-0.00705251
-1098.42	4594.94	0.999982	-0.00603142
-1098.47	4602.53	0.999987	-0.00501032
-1098.5	4610.12	0.999992	-0.00398921
-1098.53	4617.71	0.999996	-0.0029681
-1098.55	4625.3	0.999998	-0.00194698
-1098.56	4632.89	1	-0.000925864
-1098.56	4640.47	1	9.52541e-05
-1098.56	4648.06	0.999999	0.00111637
-1098.55	4655.65	0.999998	0.00207714
-1098.53	4663.24	0.999996	0.00285297
-1098.51	4670.83	0.999994	0.00337963
-1098.48	4678.42	0.999994	0.00353946
-1098.45	4686.01	0.999994	0.00345706
-1098.43	4693.6	0.999994	0.00337467
-1098.4	4701.18	0.999995	0.00329227
-1098.38	4708.77	0.999995	0.00320987
-1098.35	4716.36	0.999995	0.00312748
-1098.33	4723.95	0.999995	0.00304508
-1098.31	4731.54	0.999996	0.00296268
-1098.28	4739.13	0.999996	0.00288028
-1098.26	4746.72	0.999996	0.0029195
-1098.24	4754.31	0.999994	0.00332553
-1098.21	4761.89	0.999992	0.00397677
-1098.18	4769.48	0.999989	0.00462801
-1098.14	4777.07	0.999986	0.00527925
-1098.1	4784.66	0.999982	0.00593049
-1098.05	4792.25	0.999978	0.00658172
-1098	4799.84	0.999974	0.00723295
-1097.95	4807.43	0.999969	0.00788417
-1097.88	4815.02	0.999964	0.0085354
-1097.82	4822.6	0.999958	0.00918662
-1097.75	4830.19	0.999952	0.00983783
-1097.67	4837.78	0.999945	0.010489
-1097.59	4845.37	0.999938	0.0111403
-1097.5	4852.96	0.99993	0.0117915
-1097.41	4860.55	0.999923	0.0124427
-1097.31	4868.13	0.999914	0.0130938
-1097.21	4875.72	0.999906	0.0136848
-1097.11	4883.31	0.999902	0.0140305
-1097	4890.9	0.999901	0.0140697
-1096.89	4898.49	0.999903	0.013927
-1096.79	4906.07	0.999908	0.0135392
-1096.69	4913.66	0.999918	0.0128418
-1096.59	4921.25	0.999928	0.0120197
-1096.5	4928.84	0.999937	0.0111976
-1096.42	4936.43	0.999949	0.010066
-1096.35	4944.02	0.999964	0.00843996
-1096.29	4951.61	0.999979	0.00650436
-1096.25	4959.19	0.999991	0.00419894
-1096.23	4966.78	0.999999	0.00127842
-1096.23	4974.37	0.999997	-0.00263111
-1096.26	4981.96	0.99997	-0.00777874
-1096.34	4989.55	0.999888	-0.0149642
-1096.48	4997.14	0.999675	-0.0254816
-1096.71	5004.72	0.999192	-0.0401953
-1097.07	5012.3	0.998238	-0.0593394
-1097.59	5019.87	0.996604	-0.0823379
-1098.29	5027.43	0.994171	-0.107812
-1099.19	5034.96	0.990955	-0.134196
-1100.29	5042.47	0.987068	-0.160303
-1101.58	5049.95	0.983098	-0.18308
-1103.02	5057.4	0.980235	-0.197835
-1104.55	5064.83	0.979266	-0.202578
-1106.08	5072.27	0.979473	-0.201574
-1107.61	5079.7	0.979643	-0.200748
-1109.13	5087.13	0.97954	-0.20125
-1110.66	5094.57	0.979399	-0.201933
-1112.2	5102	0.979283	-0.202494
-1113.74	5109.43	0.978991	-0.203902
-1115.29	5116.86	0.978239	-0.207484
-1116.88	5124.28	0.976763	-0.214323
-1118.54	5131.68	0.97426	-0.225428
-1120.29	5139.07	0.970524	-0.241003
-1122.18	5146.42	0.96547	-0.260513
-1124.22	5153.73	0.959085	-0.28312
-1126.44	5160.98	0.951411	-0.307924
-1128.86	5168.17	0.942478	-0.334268
-1131.48	5175.3	0.932191	-0.361966
-1134.31	5182.34	0.92032	-0.391165
-1137.37	5189.28	0.906599	-0.421994
-1140.67	5196.11	0.890947	-0.454107
-1144.22	5202.82	0.873469	-0.48688
-1148.01	5209.39	0.854014	-0.52025
-1152.06	5215.81	0.832635	-0.553822
-1156.36	5222.06	0.809976	-0.586464
-1160.91	5228.13	0.787256	-0.616627
-1165.67	5234.04	0.766199	-0.642603
-1170.61	5239.8	0.74848	-0.663158
-1175.7	5245.43	0.735001	-0.678066
-1180.88	5250.98	0.725535	-0.688186
-1186.12	5256.46	0.719714	-0.694271
-1191.4	5261.92	0.717465	-0.696595
-1196.69	5267.36	0.71715	-0.696919
-1201.98	5272.8	0.716879	-0.697197
-1207.27	5278.24	0.71648	-0.697608
-1212.56	5283.68	0.715993	-0.698107
-1217.86	5289.11	0.715245	-0.698874
-1223.17	5294.53	0.713457	-0.700699
-1228.5	5299.94	0.709189	-0.705019
-1233.87	5305.3	0.70116	-0.713004
-1239.31	5310.59	0.688798	-0.724954
-1244.86	5315.77	0.672675	-0.739938
-1250.52	5320.82	0.65436	-0.756183
-1256.31	5325.72	0.635225	-0.772327
-1262.22	5330.49	0.615791	-0.78791
-1268.24	5335.1	0.596667	-0.802489
-1274.37	5339.57	0.57846	-0.815711
-1280.6	5343.91	0.561342	-0.827584
-1286.92	5348.12	0.544861	-0.838526
-1293.31	5352.2	0.528324	-0.849043
-1299.79	5356.16	0.511584	-0.859233
-1306.34	5359.99	0.494647	-0.869094
-1312.96	5363.69	0.477411	-0.87868
-1319.66	5367.26	0.459496	-0.88818
-1326.43	5370.69	0.440563	-0.897722
-1333.27	5373.98	0.420814	-0.907147
-1340.18	5377.11	0.400693	-0.916212
-1347.16	5380.09	0.380091	-0.924949
-1354.2	5382.91	0.358665	-0.933466
-1361.31	5385.56	0.336638	-0.941634
-1368.48	5388.05	0.314366	-0.949302
-1375.71	5390.37	0.29186	-0.956461
-1382.99	5392.51	0.268836	-0.963186
-1390.31	5394.48	0.244937	-0.969539
-1397.69	5396.27	0.220463	-0.975395
-1405.11	5397.86	0.195791	-0.980646
-1406.6	5398.16	0.193311	-0.981138
-1406.6	5398.16	0.193311	-0.981138
-1406.6	5398.16	0.193311	-0.981138
-1406.6	5398.16	0.193311	-0.981138
-1406.6	5398.16	0.193311	-0.981138
-1406.6	5398.16	0.193311	-0.981138
-1406.6	5398.16	0.193311	-0.981138
-1406.6	5398.16	0.193311	-0.981138
-1406.6	5398.16	0.193311	-0.981138
-1406.6	5398.16	0.193311	-0.981138
-1406.6	5398.16	0.193311	-0.981138
-1406.6	5398.16	0.193311	-0.981138
-1406.6	5398.16	0.193311	-0.981138
-1406.6	5398.16	0.193311	-0.981138
-1406.6	5398.16	0.193311	-0.981138
-1406.6	5398.16	0.193311	-0.981138
-1406.6	5398.16	0.193311	-0.981138
-1406.6	5398.16	0.193311	-0.981138
-1406.6	5398.16	0.193311	-0.981138
-1406.6	5398.16	0.193311	-0.981138
-1406.6	5398.16	0.193311	-0.981138
-1406.6	5398.16	0.193311	-0.981138
-1406.6	5398.16	0.193311	-0.981138
-1406.6	5398.16	0.193311	-0.981138
-1406.6	5398.16	0.193311	-0.981138
-1406.6	5398.16	0.193311	-0.981138
-1406.6	5398.16	0.193311	-0.981138
-1406.6	5398.16	0.193311	-0.981138
-1406.6	5398.16	0.193311	-0.981138
-1406.6	5398.16	0.193311	-0.981138
-1406.6	5398.16	0.193311	-0.981138
-1406.6	5398.16	0.193311	-0.981138
-1406.6	5398.16	0.193311	-0.981138
-1406.6	5398.16	0.193311	-0.981138
-1406.6	5398.16	0.193311	-0.981138
-1406.6	5398.16	0.193311	-0.981138
-1406.6	5398.16	0.193311	-0.981138
-1406.6	5398.16	0.193311	-0.981138
-1406.6	5398.16	0.193311	-0.981138
-1406.6	5398.16	0.193311	-0.981138
-1406.6	5398.16	0.193311	-0.981138
-1406.6	5398.16	0.193311	-0.981138
-1406.6	5398.16	0.193311	-0.981138
-1406.6	5398.16	0.193311	-0.981138
-1406.6	5398.16	0.193311	-0.981138
-1406.6	5398.16	0.193311	-0.981138
-1406.6	5398.16	0.193311	-0.981138
-1406.6	5398.16	0.193311	-0.981138
-1406.6	5398.16	0.193311	-0.981138
-1406.6	5398.16	0.193311	-0.981138
-1406.6	5398.16	0.193311	-0.981138
-1406.6	5398.16	0.193311	-0.981138
-1406.6	5398.16	0.193311	-0.981138
-1406.6	5398.16	0.193311	-0.981138
-1406.6	5398.16	0.193311	-0.981138
-1406.6	5398.16	0.193311	-0.981138
-1406.6	5398.16	0.193311	-0.981138
-1406.6	5398.16	0.193311	-0.981138
-1406.6	5398.16	0.193311	-0.981138
-1406.6	5398.16	0.193311	-0.981138
-1406.6	5398.16	0.193311	-0.981138
-1406.6	5398.16	0.193311	-0.981138
-1406.6	5398.16	0.193311	-0.981138
-1406.6	5398.16	0.193311	-0.981138
-1406.6	5398.16	0.193311	-0.981138
-1406.6	5398.16	0.193311	-0.981138
-1406.6	5398.16	0.193311	-0.981138
-1406.6	5398.16	0.193311	-0.981138
-1406.6	5398.16	0.193311	-0.981138
-1406.6	5398.16	0.193311	-0.981138
-1406.6	5398.16	0.193311	-0.981138
-1406.6	5398.16	0.193311	-0.981138
-1406.6	5398.16	0.193311	-0.981138
-1406.6	5398.16	0.193311	-0.981138
-1406.6	5398.16	0.193311	-0.981138
-1406.6	5398.16	0.193311	-0.981138
-1406.6	5398.16	0.193311	-0.981138
-1406.6	5398.16	0.193311	-0.981138
-1406.6	5398.16	0.193311	-0.981138
-1406.6	5398.16	0.193311	-0.981138
-1406.6	5398.16	0.193311	-0.981138
-1406.6	5398.16	0.193311	-0.981138
-1406.6	5398.16	0.193311	-0.981138
-1406.6	5398.16	0.193311	-0.981138
-1406.6	5398.16	0.193311	-0.981138
-1406.6	5398.16	0.193311	-0.981138
-1406.6	5398.16	0.193311	-0.981138
-1406.6	5398.16	0.193311	-0.981138
-1406.6	5398.16	0.193311	-0.981138
-1406.6	5398.16	0.193311	-0.981138
-1406.6	5398.16	0.193311	-0.981138
-1406.6	5398.16	0.193311	-0.981138
-1406.6	5398.16	0.193311	-0.981138
-1406.6	5398.16	0.193311	-0.981138
-1406.6	5398.16	0.193311	-0.981138
-1406.6	5398.16	0.193311	-0.981138
-1406.6	5398.16	0.193311	-0.981138
-1406.6	5398.16	0.193311	-0.981138
-1406.6	5398.16	0.193311	-0.981138
-1406.6	5398.16	0.193311	-0.981138
-1406.6	5398.16	0.193311	-0.981138
-1406.6	5398.16	0.193311	-0.981138
-1406.6	5398.16	0.193311	-0.981138
-1406.6	5398.16	0.193311	-0.981138
-1406.6	5398.16	0.193311	-0.981138
-1406.6	5398.16	0.193311	-0.981138
-1406.6	5398.16	0.193311	-0.981138
-1406.6	5398.16	0.193311	-0.981138
-1406.6	5398.16	0.193311	-0.981138
-1406.6	5398.16	0.193311	-0.981138
-1406.6	5398.16	0.193311	-0.981138
-1406.6	5398.16	0.193311	-0.981138
-1406.6	5398.16	0.193311	-0.981138
-1406.6	5398.16	0.193311	-0.981138
-1406.6	5398.16	0.193311	-0.981138
-1406.6	5398.16	0.193311	-0.981138
-1406.6	5398.16	0.193311	-0.981138
-1406.6	5398.16	0.193311	-0.981138
-1406.6	5398.16	0.193311	-0.981138
-1406.6	5398.16	0.193311	-0.981138
-1406.6	5398.16	0.193311	-0.981138
-1406.6	5398.16	0.193311	-0.981138
-1406.6	5398.16	0.193311	-0.981138
-1406.6	5398.16	0.193311	-0.981138
-1406.6	5398.16	0.193311	-0.981138
-1406.6	5398.16	0.193311	-0.981138
-1406.6	5398.16	0.193311	-0.981138
-1406.6	5398.16	0.193311	-0.981138
-1406.6	5398.16	0.193311	-0.981138
-1406.6	5398.16	0.193311	-0.981138
-1406.6	5398.16	0.193311	-0.981138
-1406.6	5398.16	0.193311	-0.981138
-1406.6	5398.16	0.193311	-0.981138
-1406.6	5398.16	0.193311	-0.981138
-1406.6	5398.16	0.193311	-0.981138
-1406.6	5398.16	0.193311	-0.981138
-1406.6	5398.16	0.193311	-0.981138
-1406.6	5398.16	0.193311	-0.981138
-1406.6	5398.16	0.193311	-0.981138
-1406.6	5398.16	0.193311	-0.981138
-1406.6	5398.16	0.193311	-0.981138
-1406.6	5398.16	0.193311	-0.981138
-1406.6	5398.16	0.193311	-0.981138
-1406.6	5398.16	0.193311	-0.981138
-1406.6	5398.16	0.193311	-0.981138
-1406.6	5398.16	0.193311	-0.981138
-1406.6	5398.16	0.193311	-0.981138
-1406.6	5398.16	0.193311	-0.981138
-1406.6	5398.16	0.193311	-0.981138
-1406.6	5398.16	0.193311	-0.981138
-1406.6	5398.16	0.193311	-0.981138
-1406.6	5398.16	0.193311	-0.981138
-1406.6	5398.16	0.193311	-0.981138
-1406.6	5398.16	0.193311	-0.981138
-1406.6	5398.16	0.193311	-0.981138
-1406.6	5398.16	0.193311	-0.981138
-1406.6	5398.16	0.193311	-0.981138
-1406.6	5398.16	0.193311	-0.981138
-1406.6	5398.16	0.193311	-0.981138
-1406.6	5398.16	0.193311	-0.981138
-1406.6	5398.16	0.193311	-0.981138
-1406.6	5398.16	0.193311	-0.981138
-1406.6	5398.16	0.193311	-0.981138
-1406.6	5398.16	0.193311	-0.981138
-1406.6	5398.16	0.193311	-0.981138
-1406.6	5398.16	0.193311	-0.981138
-1406.6	5398.16	0.193311	-0.981138
-1406.6	5398.16	0.193311	-0.981138
-1406.6	5398.16	0.193311	-0.981138
-1406.6	5398.16	0.193311	-0.981138
-1406.6	5398.16	0.193311	-0.981138
-1406.6	5398.16	0.193311	-0.981138
-1406.6	5398.16	0.193311	-0.981138
-1406.6	5398.16	0.193311	-0.981138
-1406.6	5398.16	0.193311	-0.981138
-1406.6	5398.16	0.193311	-0.981138
-1406.6	5398.16	0.193311	-0.981138
-1406.6	5398.16	0.193311	-0.981138
-1406.6	5398.16	0.193311	-0.981138
-1406.6	5398.16	0.193311	-0.981138
-1406.6	5398.16	0.193311	-0.981138
-1406.6	5398.16	0.193311	-0.981138
-1406.6	5398.16	0.193311	-0.981138
-1406.6	5398.16	0.193311	-0.981138
-1406.6	5398.16	0.193311	-0.981138
-1406.6	5398.16	0.193311	-0.981138
-1406.6	5398.16	0.193311	-0.981138
-1406.6	5398.16	0.193311	-0.981138
-1406.6	5398.16	0.193311	-0.981138
-1406.6	5398.16	0.193311	-0.981138
-1406.6	5398.16	0.193311	-0.981138
-1406.6	5398.16	0.193311	-0.981138
-1406.6	5398.16	0.193311	-0.981138
-1406.6	5398.16	0.193311	-0.981138
-1406.6	5398.16	0.193311	-0.981138
-1406.6	5398.16	0.193311	-0.981138
-1406.6	5398.16	0.193311	-0.981138
-1406.6	5398.16	0.193311	-0.981138
-1406.6	5398.16	0.193311	-0.981138
-1406.6	5398.16	0.193311	-0.981138
-1406.6	5398.16	0.193311	-0.981138
-1406.6	5398.16	0.193311	-0.981138
-1406.6	5398.16	0.193311	-0.981138
-1406.6	5398.16	0.193311	-0.981138
-1406.6	5398.16	0.193311	-0.981138
-1406.6	5398.16	0.193311	-0.981138
-1406.6	5398.16	0.193311	-0.981138
-1406.6	5398.16	0.193311	-0.981138
-1406.6	5398.16	0.193311	-0.981138
-1406.6	5398.16	0.193311	-0.981138
-1406.6	5398.16	0.193311	-0.981138
-1406.6	5398.16	0.193311	-0.981138
-1406.6	5398.16	0.193311	-0.981138
-1406.6	5398.16	0.193311	-0.981138
-1406.6	5398.16	0.193311	-0.981138
-1406.6	5398.16	0.193311	-0.981138
-1406.6	5398.16	0.193311	-0.981138
-1406.6	5398.16	0.193311	-0.981138
-1406.6	5398.16	0.193311	-0.981138
-1406.6	5398.16	0.193311	-0.981138
-1406.6	5398.16	0.193311	-0.981138
-1406.6	5398.16	0.193311	-0.981138
-1406.6	5398.16	0.193311	-0.981138
-1406.6	5398.16	0.193311	-0.981138
-1406.6	5398.16	0.193311	-0.981138
-1406.6	5398.16	0.193311	-0.981138
-1406.6	5398.16	0.193311	-0.981138
-1406.6	5398.16	0.193311	-0.981138
-1406.6	5398.16	0.193311	-0.981138
-1406.6	5398.16	0.193311	-0.981138
-1406.6	5398.16	0.193311	-0.981138
-1406.6	5398.16	0.193311	-0.981138
-1406.6	5398.16	0.193311	-0.981138
-1406.6	5398.16	0.193311	-0.981138
-1406.6	5398.16	0.193311	-0.981138
-1406.6	5398.16	0.193311	-0.981138
-1406.6	5398.16	0.193311	-0.981138
-1406.6	5398.16	0.193311	-0.981138
-1406.6	5398.16	0.193311	-0.981138
-1406.6	5398.16	0.193311	-0.981138
-1406.6	5398.16	0.193311	-0.981138
-1406.6	5398.16	0.193311	-0.981138
-1406.6	5398.16	0.193311	-0.981138
-1406.6	5398.16	0.193311	-0.981138
-1406.6	5398.16	0.193311	-0.981138
-1406.6	5398.16	0.193311	-0.981138
-1406.6	5398.16	0.193311	-0.981138
-1406.6	5398.16	0.193311	-0.981138
-1406.6	5398.16	0.193311	-0.981138
-1406.6	5398.16	0.193311	-0.981138
-1406.6	5398.16	0.193311	-0.981138
-1406.6	5398.16	0.193311	-0.981138
-1406.6	5398.16	0.193311	-0.981138
-1406.6	5398.16	0.193311	-0.981138
-1406.6	5398.16	0.193311	-0.981138
-1406.6	5398.16	0.193311	-0.981138
-1406.6	5398.16	0.193311	-0.981138
-1406.6	5398.16	0.193311	-0.981138
-1406.6	5398.16	0.193311	-0.981138
-1406.6	5398.16	0.193311	-0.981138
-1406.6	5398.16	0.193311	-0.981138
-1406.6	5398.16	0.193311	-0.981138
-1406.6	5398.16	0.193311	-0.981138
-1406.6	5398.16	0.193311	-0.981138
-1406.6	5398.16	0.193311	-0.981138
-1406.6	5398.16	0.193311	-0.981138
-1406.6	5398.16	0.193311	-0.981138
-1406.6	5398.16	0.193311	-0.981138
-1406.6	5398.16	0.193311	-0.981138
-1406.6	5398.16	0.193311	-0.981138
-1406.6	5398.16	0.193311	-0.981138
-1406.6	5398.16	0.193311	-0.981138
-1406.6	5398.16	0.193311	-0.981138
-1406.6	5398.16	0.193311	-0.981138
-1406.6	5398.16	0.193311	-0.981138
-1406.6	5398.16	0.193311	-0.981138
-1406.6	5398.16	0.193311	-0.981138
-1406.6	5398.16	0.193311	-0.981138
-1406.6	5398.16	0.193311	-0.981138
-1406.6	5398.16	0.193311	-0.981138
-1406.6	5398.16	0.193311	-0.981138
-1406.6	5398.16	0.193311	-0.981138
-1406.6	5398.16	0.193311	-0.981138
-1406.6	5398.16	0.193311	-0.981138
-1406.6	5398.16	0.193311	-0.981138
-1406.6	5398.16	0.193311	-0.981138
-1406.6	5398.16	0.193311	-0.981138
-1406.6	5398.16	0.193311	-0.981138
-1406.6	5398.16	0.193311	-0.981138
-1406.6	5398.16	0.193311	-0.981138
-1406.6	5398.16	0.193311	-0.981138
-1406.6	5398.16	0.193311	-0.981138
-1406.6	5398.16	0.193311	-0.981138
-1406.6	5398.16	0.193311	-0.981138
-1406.6	5398.16	0.193311	-0.981138
-1406.6	5398.16	0.193311	-0.981138
-1406.6	5398.16	0.193311	-0.981138
