1170	-5100	1	0
1170	-5100	1	0
1170	-5100	1	0
1170	-5100	1	0
1170	-5100	1	0
1170	-5100	1	0
1170	-5100	1	0
1170	-5100	1	0
1170	-5100	1	0
1170	-5100	1	0
1170	-5100	1	0
1170	-5100	1	0
1170	-5100	1	0
1170	-5100	1	0
1170	-5099.99	0.999999	-0.00145309
1170	-5099.95	0.999983	-0.00581623
1170	-5099.89	0.999914	-0.013097
1170	-5099.81	0.999728	-0.0233021
1169.99	-5099.69	0.999336	-0.0364342
1169.99	-5099.56	0.998621	-0.0524928
1169.98	-5099.39	0.997442	-0.071475
1169.96	-5099.21	0.995631	-0.0933712
1169.94	-5098.99	0.994465	-0.105064
1169.92	-5098.75	0.99446	-0.105116
1169.89	-5098.49	0.994455	-0.105165
1169.86	-5098.2	0.99445	-0.105213
1169.83	-5097.89	0.994445	-0.10526
1169.79	-5097.55	0.994443	-0.105275
1169.75	-5097.18	0.994445	-0.10526
1169.71	-5096.8	0.994447	-0.105243
1169.67	-5096.38	0.994448	-0.105225
1169.62	-5095.94	0.99445	-0.105206
1169.57	-5095.48	0.994453	-0.105185
1169.52	-5094.98	0.994455	-0.105164
1169.46	-5094.47	0.994457	-0.105142
1169.41	-5093.93	0.99446	-0.105118
1169.35	-5093.36	0.994462	-0.105094
1169.28	-5092.77	0.994465	-0.105069
1169.22	-5092.16	0.994468	-0.105043
1169.15	-5091.51	0.99447	-0.105017
1169.08	-5090.85	0.994473	-0.104989
1169.01	-5090.16	0.994476	-0.10496
1168.93	-5089.45	0.99448	-0.10493
1168.86	-5088.71	0.994483	-0.104901
1168.77	-5087.94	0.994486	-0.104871
1168.69	-5087.15	0.99449	-0.104827
1168.61	-5086.34	0.994497	-0.104763
1168.52	-5085.5	0.994504	-0.104697
1168.43	-5084.64	0.994511	-0.104631
1168.33	-5083.75	0.994518	-0.104561
1168.24	-5082.83	0.994526	-0.104489
1168.14	-5081.89	0.994533	-0.10442
1168.04	-5080.93	0.994537	-0.104386
1167.93	-5079.95	0.99453	-0.104448
1167.83	-5078.95	0.994509	-0.104648
1167.72	-5077.93	0.994476	-0.104965
1167.61	-5076.9	0.994435	-0.105355
1167.5	-5075.86	0.994388	-0.10579
1167.39	-5074.8	0.994339	-0.106252
1167.28	-5073.73	0.994289	-0.106722
1167.16	-5072.66	0.994238	-0.107193
1167.04	-5071.57	0.994186	-0.107674
1166.92	-5070.48	0.994132	-0.108175
1166.8	-5069.38	0.994085	-0.108605
1166.68	-5068.27	0.99405	-0.108927
1166.56	-5067.15	0.994007	-0.109315
1166.44	-5066.03	0.993957	-0.109774
1166.31	-5064.89	0.993899	-0.110298
1166.18	-5063.75	0.993837	-0.110848
1166.04	-5062.49	0.993772	-0.111434
1165.93	-5061.46	0.993718	-0.11191
1165.78	-5060.18	0.993652	-0.112498
1165.66	-5059.14	0.993597	-0.112979
1165.53	-5057.97	0.993532	-0.113549
1165.4	-5056.8	0.993455	-0.11422
1165.26	-5055.63	0.993367	-0.114989
1165.12	-5054.44	0.993268	-0.115841
1164.99	-5053.26	0.993164	-0.116726
1164.84	-5052.07	0.993061	-0.117601
1164.7	-5050.87	0.992953	-0.118509
1164.56	-5049.67	0.992841	-0.119442
1164.41	-5048.46	0.992728	-0.120377
1164.27	-5047.25	0.992611	-0.121336
1164.12	-5046.03	0.992482	-0.122393
1163.97	-5044.81	0.992335	-0.123577
1163.81	-5043.58	0.992172	-0.124878
1163.66	-5042.35	0.991882	-0.127165
1163.5	-5041.12	0.991403	-0.130841
1163.33	-5039.87	0.99091	-0.134526
1163.16	-5038.63	0.990402	-0.138218
1162.98	-5037.37	0.989874	-0.141946
1162.8	-5036.12	0.989321	-0.145756
1162.61	-5034.85	0.988736	-0.149671
1162.4	-5033.45	0.988048	-0.154146
1162.22	-5032.31	0.987448	-0.157945
1162.01	-5031.02	0.986741	-0.162302
1161.79	-5029.73	0.986001	-0.166737
1161.57	-5028.43	0.985239	-0.171186
1161.34	-5027.12	0.984452	-0.175652
1161.1	-5025.81	0.983642	-0.180134
1160.86	-5024.49	0.982798	-0.184686
1160.61	-5023.16	0.981903	-0.189387
1160.35	-5021.82	0.980954	-0.194239
1160.08	-5020.48	0.979954	-0.199224
1159.8	-5019.13	0.978916	-0.204265
1159.51	-5017.77	0.977855	-0.209284
1159.22	-5016.4	0.976765	-0.214312
1158.92	-5015.03	0.975645	-0.219356
1158.6	-5013.66	0.974485	-0.224451
1158.28	-5012.27	0.973271	-0.229659
1157.95	-5010.88	0.972001	-0.234977
1157.61	-5009.49	0.970688	-0.240344
1157.26	-5008.08	0.969339	-0.245727
1156.9	-5006.67	0.967956	-0.251121
1156.53	-5005.26	0.966538	-0.256525
1156.15	-5003.84	0.965084	-0.261942
1155.76	-5002.41	0.963592	-0.267376
1155.36	-5000.98	0.962063	-0.272828
1154.94	-4999.54	0.960509	-0.278251
1154.48	-4997.95	0.958778	-0.284156
1154.09	-4996.64	0.957329	-0.288999
1153.65	-4995.19	0.955684	-0.294394
1153.19	-4993.72	0.954001	-0.299802
1152.73	-4992.26	0.952289	-0.305198
1152.25	-4990.78	0.950551	-0.310569
1151.76	-4989.3	0.948775	-0.315953
1151.27	-4987.82	0.946961	-0.321349
1150.76	-4986.33	0.945111	-0.326749
1150.24	-4984.84	0.943227	-0.332149
1149.7	-4983.34	0.941304	-0.33756
1149.16	-4981.83	0.939342	-0.342982
1148.61	-4980.32	0.937341	-0.348415
1148.04	-4978.81	0.93531	-0.353828
1147.46	-4977.29	0.933257	-0.359208
1146.87	-4975.77	0.931165	-0.364598
1146.27	-4974.24	0.929033	-0.369998
1145.66	-4972.71	0.92686	-0.375408
1144.97	-4971.02	0.92444	-0.381328
1144.39	-4969.64	0.92244	-0.38614
1143.74	-4968.09	0.92018	-0.391496
1143.08	-4966.54	0.917879	-0.39686
1142.33	-4964.84	0.915322	-0.402723
1141.71	-4963.44	0.913214	-0.407481
1141.01	-4961.88	0.910833	-0.412774
1140.3	-4960.31	0.908412	-0.418076
1139.58	-4958.75	0.90595	-0.423384
1138.76	-4957.02	0.903217	-0.429185
1138.09	-4955.6	0.900965	-0.433891
1137.25	-4953.87	0.898169	-0.439651
1136.47	-4952.29	0.895584	-0.444893
1135.76	-4950.87	0.893256	-0.449549
1134.87	-4949.12	0.890419	-0.455141
1134.14	-4947.69	0.888062	-0.459723
1133.31	-4946.1	0.885405	-0.464819
1132.39	-4944.35	0.882436	-0.470433
1131.53	-4942.75	0.878983	-0.476853
1130.66	-4941.16	0.87475	-0.484575
1129.76	-4939.56	0.870435	-0.492284
1128.85	-4937.96	0.866039	-0.499977
1127.92	-4936.36	0.861539	-0.507692
1126.97	-4934.77	0.856934	-0.515426
1126.01	-4933.17	0.852244	-0.523144
1125.12	-4931.73	0.847954	-0.53007
1124.01	-4929.98	0.842785	-0.53825
1122.98	-4928.38	0.838239	-0.545304
1121.94	-4926.79	0.833753	-0.552138
1120.88	-4925.2	0.829364	-0.558709
1119.91	-4923.77	0.82552	-0.564373
1118.7	-4922.02	0.821074	-0.570821
1117.7	-4920.58	0.817667	-0.575692
1116.46	-4918.83	0.813687	-0.581303
1115.43	-4917.4	0.810537	-0.585687
1114.16	-4915.65	0.806763	-0.590875
1112.99	-4914.06	0.803389	-0.595455
1111.8	-4912.47	0.800081	-0.599892
1110.61	-4910.87	0.796837	-0.604194
1109.39	-4909.28	0.793643	-0.608384
1108.16	-4907.68	0.790485	-0.612482
1106.92	-4906.09	0.787356	-0.616498
1105.67	-4904.5	0.784264	-0.620427
1104.4	-4902.9	0.781216	-0.624261
1103.12	-4901.3	0.778246	-0.62796
1101.83	-4899.71	0.775364	-0.631515
1100.52	-4898.11	0.77255	-0.634953
1099.2	-4896.51	0.769814	-0.638268
1097.87	-4894.91	0.767162	-0.641453
1096.53	-4893.31	0.764577	-0.644532
1095.17	-4891.7	0.76206	-0.647507
1093.8	-4890.1	0.759629	-0.650357
1092.43	-4888.49	0.757265	-0.653107
1091.04	-4886.89	0.754937	-0.655797
1089.63	-4885.28	0.752611	-0.658465
1088.22	-4883.67	0.750275	-0.661126
1086.8	-4882.06	0.747928	-0.66378
1085.36	-4880.44	0.745571	-0.666426
1083.91	-4878.83	0.743206	-0.669063
1082.45	-4877.21	0.740781	-0.671746
1080.98	-4875.59	0.738223	-0.674557
1079.5	-4873.98	0.735505	-0.67752
1078.01	-4872.36	0.732597	-0.680663
1076.5	-4870.74	0.729509	-0.683971
1074.97	-4869.12	0.726295	-0.687383
1073.44	-4867.51	0.722982	-0.690867
1071.89	-4865.89	0.719585	-0.694404
1070.33	-4864.28	0.71612	-0.697977
1068.75	-4862.67	0.712613	-0.701557
1067.16	-4861.06	0.709083	-0.705125
1065.55	-4859.45	0.705536	-0.708674
1063.93	-4857.84	0.70211	-0.712068
1062.3	-4856.24	0.698898	-0.715221
1060.65	-4854.63	0.695905	-0.718134
1058.99	-4853.03	0.693156	-0.720787
1057.32	-4851.43	0.690589	-0.723247
1055.63	-4849.82	0.688218	-0.725504
1053.94	-4848.22	0.685971	-0.727629
1052.23	-4846.61	0.683723	-0.729742
1050.51	-4845.01	0.681477	-0.73184
1048.79	-4843.4	0.679228	-0.733927
1047.04	-4841.79	0.677055	-0.735933
1045.29	-4840.19	0.674956	-0.737858
1043.53	-4838.58	0.67285	-0.739779
1041.76	-4836.97	0.670737	-0.741695
1039.97	-4835.36	0.668618	-0.743606
1038.17	-4833.75	0.666545	-0.745464
1036.37	-4832.13	0.664521	-0.74727
1034.55	-4830.52	0.66249	-0.749071
1032.72	-4828.9	0.660453	-0.750867
1030.88	-4827.29	0.658396	-0.752672
1029.03	-4825.67	0.656318	-0.754484
1027.16	-4824.06	0.654246	-0.756282
1025.29	-4822.44	0.652197	-0.758049
1023.4	-4820.82	0.650207	-0.759757
1021.51	-4819.2	0.648295	-0.761389
1019.6	-4817.58	0.646487	-0.762925
1017.68	-4815.96	0.644819	-0.764335
1015.75	-4814.33	0.643292	-0.765621
1013.82	-4812.71	0.644823	-0.764332
1011.88	-4811.06	0.649336	-0.760501
1009.95	-4809.4	0.653822	-0.756648
1008.01	-4807.73	0.658253	-0.752796
1006.09	-4806.03	0.662645	-0.748934
1004.16	-4804.32	0.664117	-0.747629
1002.23	-4802.61	0.662684	-0.748899
1000.28	-4800.89	0.661241	-0.750174
998.327	-4799.17	0.659773	-0.751465
996.364	-4797.45	0.658241	-0.752807
994.39	-4795.73	0.656446	-0.754373
992.404	-4794	0.654371	-0.756173
990.408	-4792.28	0.652202	-0.758045
988.399	-4790.55	0.649995	-0.759939
986.379	-4788.83	0.647727	-0.761873
984.346	-4787.11	0.645406	-0.763839
982.302	-4785.38	0.643085	-0.765794
980.245	-4783.66	0.640759	-0.767742
978.177	-4781.94	0.638427	-0.769682
976.096	-4780.22	0.63611	-0.771599
974.003	-4778.5	0.633808	-0.77349
971.899	-4776.78	0.6315	-0.775376
969.782	-4775.06	0.62919	-0.777252
967.653	-4773.34	0.627555	-0.778572
965.515	-4771.61	0.626648	-0.779303
963.368	-4769.89	0.625841	-0.779951
961.212	-4768.16	0.625146	-0.780508
959.047	-4766.43	0.62458	-0.780961
956.874	-4764.69	0.624145	-0.781308
954.692	-4762.95	0.62384	-0.781552
952.503	-4761.2	0.623666	-0.781691
950.306	-4759.45	0.623632	-0.781718
948.101	-4757.69	0.623779	-0.781601
945.89	-4755.92	0.624116	-0.781332
943.672	-4754.15	0.624612	-0.780935
941.448	-4752.37	0.625268	-0.78041
939.218	-4750.58	0.626562	-0.779371
936.985	-4748.78	0.628441	-0.777857
934.75	-4746.98	0.630367	-0.776297
932.512	-4745.15	0.632341	-0.77469
930.271	-4743.32	0.634373	-0.773027
928.029	-4741.48	0.637192	-0.770705
925.787	-4739.62	0.640788	-0.767718
923.548	-4737.74	0.644475	-0.764626
921.31	-4735.85	0.648305	-0.761381
919.076	-4733.94	0.652359	-0.75791
916.845	-4732.01	0.656645	-0.7542
914.619	-4730.06	0.661098	-0.7503
912.398	-4728.09	0.665714	-0.746207
910.183	-4726.11	0.670454	-0.741951
907.974	-4724.1	0.675214	-0.737622
905.772	-4722.07	0.679981	-0.73323
903.577	-4720.03	0.684814	-0.728718
901.39	-4717.96	0.689714	-0.724082
899.211	-4715.87	0.694674	-0.719325
897.04	-4713.77	0.699704	-0.714433
894.878	-4711.64	0.704812	-0.709394
892.725	-4709.48	0.709978	-0.704224
890.582	-4707.31	0.715192	-0.698928
888.45	-4705.12	0.720454	-0.693503
886.328	-4702.9	0.725777	-0.68793
884.217	-4700.66	0.731194	-0.68217
882.119	-4698.39	0.736688	-0.676233
880.033	-4696.11	0.742216	-0.67016
877.96	-4693.8	0.747661	-0.664081
875.9	-4691.46	0.753008	-0.658011
873.855	-4689.11	0.758326	-0.651875
871.824	-4686.73	0.763606	-0.645683
869.808	-4684.33	0.76872	-0.639585
867.808	-4681.91	0.773682	-0.633574
865.825	-4679.47	0.778627	-0.627487
863.858	-4677.01	0.783542	-0.621339
861.908	-4674.54	0.788415	-0.615143
859.975	-4672.05	0.793163	-0.609009
858.057	-4669.53	0.797788	-0.602938
856.156	-4667	0.802375	-0.596821
854.271	-4664.45	0.806923	-0.590657
852.401	-4661.88	0.811309	-0.584618
850.547	-4659.29	0.815528	-0.578718
848.708	-4656.68	0.81967	-0.572836
846.883	-4654.06	0.823696	-0.567031
845.071	-4651.41	0.827585	-0.561341
843.272	-4648.74	0.831249	-0.5559
841.485	-4646.05	0.834716	-0.55068
839.709	-4643.35	0.838107	-0.545506
837.944	-4640.62	0.841436	-0.540357
836.191	-4637.88	0.844539	-0.535493
834.447	-4635.11	0.847412	-0.530935
832.713	-4632.33	0.850208	-0.526447
830.987	-4629.53	0.852924	-0.522035
829.271	-4626.71	0.855483	-0.517831
827.562	-4623.88	0.857885	-0.513841
825.861	-4621.03	0.860211	-0.509939
824.167	-4618.16	0.862458	-0.506128
822.481	-4615.27	0.864629	-0.502411
820.801	-4612.37	0.866642	-0.49893
819.127	-4609.45	0.868499	-0.495691
817.459	-4606.52	0.870233	-0.49264
815.795	-4603.57	0.871805	-0.489852
814.135	-4600.61	0.873201	-0.487359
812.478	-4597.63	0.874454	-0.485109
810.823	-4594.64	0.875617	-0.483006
809.169	-4591.64	0.876695	-0.481047
807.517	-4588.62	0.877683	-0.479242
805.866	-4585.59	0.878458	-0.47782
804.213	-4582.55	0.879012	-0.476799
802.558	-4579.5	0.879455	-0.475983
800.901	-4576.43	0.879781	-0.47538
799.24	-4573.36	0.879943	-0.475079
797.575	-4570.27	0.879941	-0.475082
795.904	-4567.18	0.879814	-0.475317
794.227	-4564.08	0.879554	-0.475798
792.543	-4560.97	0.879165	-0.476517
790.851	-4557.85	0.878645	-0.477476
789.15	-4554.72	0.877999	-0.478662
787.439	-4551.59	0.877252	-0.480031
785.718	-4548.45	0.876421	-0.481545
783.986	-4545.3	0.87569	-0.482874
782.245	-4542.15	0.875091	-0.483958
780.495	-4538.98	0.874481	-0.485061
778.736	-4535.82	0.873841	-0.486213
776.967	-4532.64	0.873178	-0.487401
775.189	-4529.46	0.872502	-0.488611
773.401	-4526.27	0.871807	-0.489849
771.604	-4523.08	0.871102	-0.491103
769.797	-4519.88	0.870392	-0.49236
767.981	-4516.67	0.86972	-0.493545
766.155	-4513.46	0.869091	-0.494652
764.32	-4510.24	0.868467	-0.495747
762.475	-4507.01	0.867843	-0.496838
760.622	-4503.78	0.867218	-0.497929
758.759	-4500.54	0.866629	-0.498953
756.887	-4497.29	0.866077	-0.49991
755.007	-4494.03	0.865524	-0.500867
753.118	-4490.77	0.86497	-0.501824
751.219	-4487.5	0.864415	-0.50278
749.313	-4484.23	0.863898	-0.503667
747.397	-4480.95	0.86342	-0.504486
745.474	-4477.66	0.862941	-0.505305
743.542	-4474.36	0.862461	-0.506123
741.601	-4471.06	0.861981	-0.506941
739.652	-4467.75	0.861496	-0.507765
737.695	-4464.43	0.861006	-0.508595
735.729	-4461.1	0.860516	-0.509424
733.755	-4457.77	0.860024	-0.510253
731.772	-4454.43	0.859575	-0.51101
729.781	-4451.08	0.859168	-0.511693
727.783	-4447.73	0.858761	-0.512377
725.776	-4444.37	0.858353	-0.51306
723.761	-4441	0.857944	-0.513743
721.738	-4437.63	0.857579	-0.514352
719.708	-4434.24	0.857257	-0.514888
717.67	-4430.85	0.856935	-0.515424
715.625	-4427.45	0.856613	-0.51596
713.572	-4424.05	0.85629	-0.516495
711.512	-4420.63	0.855965	-0.517034
709.445	-4417.21	0.855636	-0.517577
707.37	-4413.78	0.855308	-0.51812
705.287	-4410.35	0.854979	-0.518663
703.197	-4406.91	0.854696	-0.519128
701.099	-4403.45	0.85446	-0.519517
698.995	-4399.99	0.854224	-0.519904
696.884	-4396.53	0.853988	-0.520292
694.766	-4393.05	0.853752	-0.52068
692.641	-4389.57	0.853514	-0.52107
690.509	-4386.08	0.853271	-0.521468
688.37	-4382.58	0.853023	-0.521874
686.224	-4379.07	0.852768	-0.52229
683.856	-4375.21	0.852657	-0.52247
681.913	-4372.04	0.852659	-0.522468
679.749	-4368.51	0.852509	-0.522712
677.577	-4364.97	0.852208	-0.523203
675.398	-4361.42	0.851783	-0.523894
673.21	-4357.86	0.851322	-0.524643
671.014	-4354.3	0.850841	-0.525423
668.808	-4350.74	0.850275	-0.526339
666.593	-4347.16	0.849596	-0.527433
664.368	-4343.58	0.848789	-0.528731
662.131	-4340	0.847878	-0.530192
659.882	-4336.4	0.846893	-0.531763
657.621	-4332.81	0.845843	-0.533433
655.347	-4329.21	0.844719	-0.53521
653.06	-4325.61	0.84355	-0.53705
650.759	-4322	0.842288	-0.539028
648.444	-4318.39	0.840838	-0.541287
646.113	-4314.78	0.839182	-0.543851
643.764	-4311.17	0.836582	-0.547842
641.388	-4307.56	0.832993	-0.553284
638.982	-4303.96	0.829103	-0.559096
636.545	-4300.37	0.824904	-0.565272
634.074	-4296.79	0.820411	-0.571775
631.569	-4293.22	0.81576	-0.57839
629.029	-4289.66	0.810993	-0.585056
626.453	-4286.11	0.806048	-0.59185
623.841	-4282.58	0.800934	-0.598752
621.192	-4279.06	0.796356	-0.604828
618.513	-4275.55	0.792389	-0.610016
615.805	-4272.05	0.788354	-0.615222
613.067	-4268.56	0.784232	-0.620468
610.299	-4265.09	0.780032	-0.62574
607.499	-4261.62	0.77324	-0.634113
604.646	-4258.18	0.763752	-0.64551
601.735	-4254.78	0.75403	-0.65684
598.766	-4251.41	0.744054	-0.66812
595.739	-4248.08	0.733868	-0.679293
592.655	-4244.79	0.7235	-0.690324
589.514	-4241.54	0.712941	-0.701224
586.316	-4238.33	0.702199	-0.71198
583.061	-4235.15	0.691276	-0.722591
579.751	-4232.03	0.680431	-0.732812
576.388	-4228.94	0.669688	-0.742643
572.972	-4225.89	0.658809	-0.752311
569.503	-4222.89	0.647785	-0.761823
565.983	-4219.94	0.636604	-0.771191
562.412	-4217.02	0.625636	-0.780115
558.793	-4214.15	0.61495	-0.788566
555.126	-4211.32	0.604365	-0.796708
551.415	-4208.54	0.594088	-0.8044
547.66	-4205.79	0.58484	-0.811149
543.868	-4203.08	0.576753	-0.816918
540.041	-4200.4	0.569258	-0.822159
536.182	-4197.75	0.562249	-0.826968
532.293	-4195.12	0.555658	-0.831411
528.375	-4192.52	0.549802	-0.835295
524.432	-4189.94	0.544684	-0.838641
520.465	-4187.38	0.539919	-0.841717
516.476	-4184.83	0.53536	-0.844624
512.464	-4182.3	0.531139	-0.847285
508.431	-4179.78	0.527216	-0.849731
504.378	-4177.28	0.523382	-0.852098
500.306	-4174.79	0.519744	-0.854322
496.214	-4172.31	0.516373	-0.856364
492.104	-4169.84	0.513468	-0.858109
487.977	-4167.37	0.510997	-0.859583
483.834	-4164.92	0.508635	-0.860983
479.676	-4162.47	0.506269	-0.862376
475.502	-4160.02	0.504079	-0.863658
471.314	-4157.58	0.502037	-0.864846
467.11	-4155.15	0.499912	-0.866076
462.891	-4152.72	0.497695	-0.867352
458.657	-4150.3	0.495425	-0.868651
454.408	-4147.88	0.493274	-0.869874
450.144	-4145.46	0.491299	-0.870991
445.865	-4143.06	0.489412	-0.872053
441.572	-4140.65	0.487597	-0.873069
437.265	-4138.25	0.48583	-0.874053
432.944	-4135.85	0.484277	-0.874915
428.609	-4133.46	0.48292	-0.875665
424.262	-4131.06	0.481563	-0.876412
419.901	-4128.67	0.480225	-0.877145
415.528	-4126.28	0.479005	-0.877812
411.142	-4123.89	0.477888	-0.878421
406.744	-4121.5	0.476769	-0.879029
402.333	-4119.11	0.475648	-0.879636
397.91	-4116.72	0.474525	-0.880242
393.475	-4114.33	0.473504	-0.880791
389.028	-4111.94	0.472585	-0.881285
384.569	-4109.56	0.471665	-0.881778
380.098	-4107.17	0.470743	-0.88227
375.616	-4104.78	0.469927	-0.882705
371.122	-4102.39	0.469216	-0.883084
366.616	-4100	0.468504	-0.883462
362.1	-4097.6	0.467788	-0.883841
357.572	-4095.21	0.46716	-0.884173
353.034	-4092.81	0.46661	-0.884463
348.484	-4090.41	0.466044	-0.884761
343.924	-4088.01	0.465478	-0.88506
339.352	-4085.61	0.46491	-0.885358
334.769	-4083.2	0.463219	-0.886244
330.171	-4080.81	0.460402	-0.887711
325.555	-4078.42	0.457578	-0.889169
320.923	-4076.05	0.454748	-0.89062
316.273	-4073.68	0.451911	-0.892063
311.607	-4071.32	0.451344	-0.89235
306.935	-4068.95	0.45305	-0.891485
302.257	-4066.57	0.454754	-0.890617
297.575	-4064.18	0.456457	-0.889746
292.888	-4061.77	0.458508	-0.88869
288.197	-4059.34	0.460908	-0.887448
283.504	-4056.9	0.463304	-0.8862
278.809	-4054.43	0.465697	-0.884944
274.11	-4051.96	0.468087	-0.883682
269.409	-4049.46	0.470602	-0.882345
264.706	-4046.94	0.473242	-0.880933
260.001	-4044.41	0.475877	-0.879512
255.295	-4041.85	0.478509	-0.878083
250.586	-4039.28	0.481136	-0.876646
245.877	-4036.69	0.483775	-0.875192
241.166	-4034.08	0.486425	-0.873723
236.453	-4031.45	0.48907	-0.872244
231.739	-4028.8	0.491712	-0.870758
227.024	-4026.13	0.494361	-0.869257
222.307	-4023.44	0.497018	-0.86774
217.59	-4020.73	0.499671	-0.866215
212.871	-4018	0.50232	-0.864682
208.152	-4015.25	0.504965	-0.86314
203.431	-4012.48	0.50762	-0.861581
198.711	-4009.69	0.510285	-0.860005
193.989	-4006.88	0.512947	-0.858421
189.267	-4004.05	0.515603	-0.856827
184.545	-4001.2	0.518267	-0.855219
179.822	-3998.33	0.520938	-0.853594
175.1	-3995.44	0.523605	-0.851961
170.377	-3992.53	0.526267	-0.850319
165.654	-3989.6	0.528924	-0.848669
160.932	-3986.65	0.531476	-0.847074
156.209	-3983.68	0.533922	-0.845534
151.485	-3980.69	0.536364	-0.843987
146.761	-3977.68	0.538801	-0.842433
142.037	-3974.65	0.541246	-0.840864
137.313	-3971.6	0.543697	-0.839282
132.589	-3968.53	0.546143	-0.837692
127.865	-3965.44	0.548588	-0.836093
123.141	-3962.33	0.551041	-0.834478
118.417	-3959.21	0.553404	-0.832913
113.693	-3956.06	0.555678	-0.831398
108.498	-3952.58	0.558203	-0.829705
104.246	-3949.71	0.560301	-0.828289
99.0507	-3946.19	0.562882	-0.826537
94.3281	-3942.96	0.565122	-0.825008
89.6053	-3939.72	0.567253	-0.823544
84.8822	-3936.46	0.569381	-0.822074
80.1589	-3933.18	0.571506	-0.820598
75.907	-3930.22	0.573415	-0.819265
71.1826	-3926.9	0.575545	-0.81777
66.4581	-3923.57	0.577682	-0.816262
61.2621	-3919.88	0.580028	-0.814597
57.0105	-3916.85	0.581944	-0.813229
51.815	-3913.12	0.584174	-0.811628
47.0916	-3909.72	0.586079	-0.810254
42.8393	-3906.64	0.58779	-0.809013
37.6423	-3902.85	0.589879	-0.807491
32.9174	-3899.39	0.591775	-0.806103
28.1921	-3895.92	0.59356	-0.80479
23.9376	-3892.77	0.595066	-0.803677
18.7373	-3888.92	0.596905	-0.802312
14.0087	-3885.39	0.598574	-0.801068
9.27898	-3881.85	0.60024	-0.79982
4.54893	-3878.29	0.60287	-0.797839
-0.174896	-3874.71	0.606535	-0.795057
-4.89014	-3871.1	0.610411	-0.792085
-9.59549	-3867.46	0.614576	-0.788857
-14.2894	-3863.79	0.61889	-0.785478
-18.9713	-3860.08	0.623254	-0.782019
-23.6403	-3856.34	0.627692	-0.778462
-28.2958	-3852.57	0.632166	-0.774833
-32.4746	-3849.15	0.636248	-0.771484
-37.559	-3844.92	0.649623	-0.760257
-42.0954	-3840.95	0.670571	-0.741846
-46.0905	-3837.27	0.689042	-0.724721
-50.8541	-3832.62	0.711044	-0.703148
-55.0759	-3828.28	0.721713	-0.692193
-59.2741	-3823.89	0.723314	-0.690519
-63.4704	-3819.49	0.72448	-0.689296
-67.6678	-3815.07	0.725147	-0.688594
-71.8693	-3810.65	0.72539	-0.688339
-76.0784	-3806.21	0.724231	-0.689557
-80.3072	-3801.78	0.721782	-0.692121
-84.5593	-3797.36	0.71926	-0.694741
-88.8345	-3792.95	0.71685	-0.697227
-93.1322	-3788.54	0.714117	-0.700026
-97.4563	-3784.15	0.710946	-0.703247
-101.808	-3779.76	0.707757	-0.706455
-106.187	-3775.39	0.704446	-0.709757
-110.594	-3771.03	0.700922	-0.713238
-115.03	-3766.69	0.698679	-0.715436
-119.482	-3762.35	0.697817	-0.716276
-123.947	-3758	0.696944	-0.717126
-128.425	-3753.65	0.696067	-0.717977
-132.917	-3749.3	0.695187	-0.718829
-137.423	-3744.95	0.692922	-0.721012
-141.957	-3740.61	0.689264	-0.72451
-146.522	-3736.29	0.68559	-0.727988
-151.118	-3731.98	0.681876	-0.731468
-155.744	-3727.68	0.678057	-0.735009
-160.402	-3723.4	0.674117	-0.738624
-165.093	-3719.14	0.670114	-0.742258
-169.816	-3714.89	0.666082	-0.745878
-174.571	-3710.67	0.662027	-0.74948
-179.354	-3706.46	0.659912	-0.751343
-184.146	-3702.25	0.659764	-0.751473
-188.941	-3698.04	0.659636	-0.751585
-193.736	-3693.83	0.659519	-0.751688
-198.529	-3689.63	0.659647	-0.751575
-203.32	-3685.42	0.660016	-0.751252
-208.108	-3681.21	0.660381	-0.750931
-212.892	-3677	0.660752	-0.750604
-217.673	-3672.79	0.661153	-0.750251
-222.451	-3668.58	0.661712	-0.749758
-227.216	-3664.37	0.662409	-0.749142
-231.951	-3660.18	0.663123	-0.748511
-236.64	-3656.02	0.663876	-0.747843
-241.262	-3651.92	0.664544	-0.74725
-245.8	-3647.88	0.66511	-0.746746
-250.261	-3643.9	0.665693	-0.746226
-254.675	-3639.96	0.666295	-0.745688
-259.075	-3636.03	0.666909	-0.745139
-263.47	-3632.09	0.667484	-0.744624
-267.861	-3628.15	0.668016	-0.744146
-272.242	-3624.22	0.668547	-0.74367
-276.611	-3620.29	0.66908	-0.743191
-280.976	-3616.36	0.669614	-0.742709
-285.337	-3612.42	0.670145	-0.74223
-289.695	-3608.49	0.670673	-0.741753
-294.048	-3604.55	0.6712	-0.741276
-298.398	-3600.61	0.671722	-0.740804
-302.743	-3596.67	0.672197	-0.740372
-307.086	-3592.72	0.67258	-0.740024
-311.425	-3588.78	0.67288	-0.739752
-315.763	-3584.83	0.673102	-0.73955
-320.099	-3580.88	0.673152	-0.739504
-324.437	-3576.93	0.672898	-0.739735
-328.777	-3572.99	0.672298	-0.74028
-333.121	-3569.05	0.671366	-0.741126
-337.471	-3565.11	0.670103	-0.742269
-341.829	-3561.18	0.668549	-0.743668
-346.196	-3557.26	0.666775	-0.745259
-350.572	-3553.36	0.664837	-0.746989
-354.958	-3549.46	0.662788	-0.748807
-359.353	-3545.58	0.660675	-0.750672
-363.758	-3541.71	0.658541	-0.752545
-368.174	-3537.86	0.656402	-0.754412
-372.599	-3534.02	0.654281	-0.756252
-377.034	-3530.19	0.652207	-0.758041
-381.478	-3526.37	0.650163	-0.759795
-385.931	-3522.57	0.648338	-0.761353
-390.391	-3518.78	0.646661	-0.762777
-394.859	-3515	0.644797	-0.764354
-399.335	-3511.23	0.642696	-0.766121
-403.822	-3507.48	0.640414	-0.76803
-408.318	-3503.74	0.638164	-0.769901
-412.824	-3500.01	0.636006	-0.771684
-417.339	-3496.3	0.63383	-0.773472
-421.864	-3492.6	0.631641	-0.775261
-426.399	-3488.91	0.626938	-0.779069
-430.964	-3485.27	0.619685	-0.78485
-435.561	-3481.67	0.612381	-0.790563
-440.19	-3478.11	0.605028	-0.796204
-444.851	-3474.59	0.597644	-0.801762
-449.542	-3471.12	0.590244	-0.807225
-454.265	-3467.7	0.582826	-0.812597
-459.017	-3464.31	0.575381	-0.817886
-463.799	-3460.98	0.567933	-0.823075
-468.609	-3457.68	0.560636	-0.828062
-473.447	-3454.43	0.553511	-0.832842
-478.311	-3451.22	0.546466	-0.837481
-483.201	-3448.05	0.53959	-0.841928
-488.115	-3444.93	0.533065	-0.846075
-493.05	-3441.84	0.527488	-0.849562
-498.003	-3438.78	0.522988	-0.85234
-502.97	-3435.74	0.519139	-0.85469
-507.948	-3432.73	0.515801	-0.856708
-512.936	-3429.74	0.512862	-0.858471
-517.933	-3426.76	0.510614	-0.85981
-522.935	-3423.79	0.50891	-0.86082
-527.941	-3420.84	0.507244	-0.861803
-532.952	-3417.9	0.505569	-0.862786
-537.968	-3414.96	0.504013	-0.863696
-542.987	-3412.04	0.502582	-0.86453
-548.01	-3409.12	0.501146	-0.865363
-553.036	-3406.22	0.499699	-0.866199
-558.066	-3403.32	0.498234	-0.867042
-563.1	-3400.43	0.496757	-0.867889
-568.138	-3397.55	0.495277	-0.868735
-573.179	-3394.68	0.493795	-0.869578
-578.224	-3391.82	0.492312	-0.870419
-583.272	-3388.97	0.490955	-0.871185
-588.323	-3386.13	0.489725	-0.871877
-593.378	-3383.29	0.488494	-0.872568
-598.434	-3380.46	0.487262	-0.873256
-603.494	-3377.65	0.486029	-0.873943
-608.556	-3374.83	0.484796	-0.874627
-613.622	-3372.03	0.483562	-0.87531
-618.689	-3369.23	0.482328	-0.875991
-623.76	-3366.45	0.481093	-0.87667
-628.833	-3363.67	0.479858	-0.877346
-633.909	-3360.89	0.478622	-0.878021
-638.988	-3358.13	0.477385	-0.878694
-644.069	-3355.37	0.476148	-0.879365
-649.153	-3352.62	0.47491	-0.880034
-654.239	-3349.88	0.473799	-0.880633
-659.327	-3347.15	0.472816	-0.881161
-664.418	-3344.42	0.471833	-0.881688
-669.51	-3341.7	0.47085	-0.882214
-674.603	-3338.98	0.469738	-0.882806
-679.7	-3336.27	0.468498	-0.883465
-684.799	-3333.57	0.467257	-0.884122
-689.9	-3330.88	0.466015	-0.884777
-695.004	-3328.2	0.464773	-0.88543
-700.11	-3325.52	0.463658	-0.886014
-705.219	-3322.85	0.462672	-0.886529
-710.329	-3320.18	0.461686	-0.887044
-715.44	-3317.53	0.460699	-0.887557
-720.554	-3314.88	0.459711	-0.888068
-725.669	-3312.23	0.458852	-0.888513
-730.785	-3309.59	0.458122	-0.888889
-735.902	-3306.95	0.457391	-0.889266
-741.02	-3304.32	0.456661	-0.889641
-746.139	-3301.7	0.45593	-0.890016
-751.259	-3299.08	0.455327	-0.890324
-756.379	-3296.46	0.454856	-0.890565
-761.499	-3293.85	0.454388	-0.890804
-766.619	-3291.24	0.45392	-0.891042
-771.739	-3288.63	0.455364	-0.890305
-776.849	-3286	0.458714	-0.888584
-781.949	-3283.36	0.462057	-0.88685
-787.037	-3280.7	0.465394	-0.885104
-792.114	-3278.02	0.468724	-0.883345
-797.18	-3275.32	0.472169	-0.881508
-802.233	-3272.61	0.475727	-0.879593
-807.275	-3269.87	0.479278	-0.877663
-812.304	-3267.11	0.482821	-0.875719
-817.32	-3264.34	0.486356	-0.873761
-822.325	-3261.54	0.490003	-0.871721
-827.316	-3258.72	0.49376	-0.869598
-832.294	-3255.89	0.497507	-0.86746
-837.258	-3253.03	0.501245	-0.865305
-842.209	-3250.15	0.504972	-0.863136
-847.146	-3247.25	0.508688	-0.860951
-852.069	-3244.33	0.512394	-0.858751
-856.979	-3241.39	0.51609	-0.856534
-861.875	-3238.42	0.519776	-0.854302
-866.757	-3235.44	0.523332	-0.852129
-871.626	-3232.44	0.526758	-0.850015
-876.481	-3229.42	0.530175	-0.847888
-881.323	-3226.38	0.533584	-0.845747
-886.152	-3223.33	0.536864	-0.843669
-890.968	-3220.25	0.540017	-0.841654
-895.771	-3217.16	0.543162	-0.839628
-900.562	-3214.05	0.546299	-0.83759
-905.339	-3210.92	0.549429	-0.83554
-910.104	-3207.78	0.552549	-0.833481
-914.856	-3204.62	0.555659	-0.83141
-919.122	-3201.76	0.558451	-0.829537
-924.322	-3198.25	0.561855	-0.827235
-929.035	-3195.04	0.564709	-0.82529
-933.736	-3191.81	0.567324	-0.823494
-938.426	-3188.57	0.569934	-0.821691
-943.105	-3185.32	0.572537	-0.819879
-947.772	-3182.05	0.575135	-0.818059
-952.429	-3178.77	0.577381	-0.816475
-957.075	-3175.47	0.579276	-0.815131
-961.713	-3172.17	0.581169	-0.813783
-966.343	-3168.86	0.583058	-0.81243
-970.963	-3165.54	0.584829	-0.811157
-975.576	-3162.21	0.586481	-0.809963
-980.18	-3158.87	0.588131	-0.808765
-984.777	-3155.52	0.589779	-0.807565
-989.366	-3152.16	0.591424	-0.806361
-993.946	-3148.8	0.592955	-0.805236
-998.52	-3145.42	0.594426	-0.80415
-1003.09	-3142.04	0.596145	-0.802877
-1007.64	-3138.65	0.598315	-0.801261
-1012.19	-3135.25	0.601017	-0.799236
-1016.72	-3131.83	0.604295	-0.79676
-1021.24	-3128.39	0.608232	-0.79376
-1025.73	-3124.93	0.612886	-0.790172
-1030.21	-3121.44	0.618252	-0.78598
-1034.66	-3117.92	0.623952	-0.781463
-1039.08	-3114.37	0.629775	-0.776778
-1043.47	-3110.78	0.635962	-0.77172
-1047.83	-3107.17	0.642528	-0.766262
-1052.16	-3103.51	0.64936	-0.760481
-1056.45	-3099.81	0.660728	-0.750625
-1060.67	-3096.03	0.676503	-0.73644
-1064.81	-3092.16	0.692442	-0.721473
-1068.86	-3088.21	0.708618	-0.705593
-1072.82	-3084.16	0.724901	-0.688853
-1076.68	-3080.02	0.741089	-0.671407
-1080.44	-3075.79	0.756988	-0.653429
-1084.09	-3071.47	0.772465	-0.635057
-1087.64	-3067.07	0.787495	-0.616321
-1091.09	-3062.58	0.801729	-0.597688
-1094.43	-3058.01	0.81517	-0.579222
-1097.66	-3053.37	0.828032	-0.560681
-1100.79	-3048.66	0.840158	-0.542342
-1103.81	-3043.89	0.851561	-0.524255
-1106.73	-3039.05	0.861608	-0.507574
-1109.57	-3034.16	0.870337	-0.492457
-1112.32	-3029.23	0.878333	-0.478049
-1114.99	-3024.25	0.885455	-0.464726
-1117.58	-3019.24	0.89125	-0.453512
-1120.12	-3014.19	0.89593	-0.444195
-1122.61	-3009.13	0.900153	-0.435574
-1125.05	-3004.04	0.90402	-0.42749
-1127.44	-2998.93	0.907605	-0.419825
-1129.8	-2993.8	0.910633	-0.413215
-1132.11	-2988.66	0.913174	-0.40757
-1134.4	-2983.51	0.915608	-0.402072
-1136.65	-2978.34	0.91798	-0.396626
-1138.88	-2973.16	0.920048	-0.391807
-1141.08	-2967.97	0.921791	-0.387686
-1143.25	-2962.78	0.923455	-0.383707
-1145.4	-2957.57	0.925064	-0.37981
-1147.53	-2952.36	0.926655	-0.375914
-1149.64	-2947.14	0.928075	-0.372394
-1151.73	-2941.91	0.929343	-0.369218
-1153.8	-2936.68	0.930678	-0.365839
-1155.85	-2931.44	0.932151	-0.362069
-1157.88	-2926.19	0.933675	-0.35812
-1159.88	-2920.94	0.935252	-0.353982
-1161.86	-2915.68	0.93699	-0.349355
-1163.82	-2910.4	0.938878	-0.34425
-1165.74	-2905.12	0.940861	-0.338793
-1167.63	-2899.83	0.942651	-0.33378
-1169.5	-2894.52	0.944243	-0.329249
-1171.34	-2889.21	0.945868	-0.324552
-1173.15	-2883.89	0.94752	-0.319698
-1174.94	-2878.56	0.949188	-0.314711
-1176.7	-2873.22	0.950732	-0.310015
-1178.43	-2867.87	0.952169	-0.305571
-1180.14	-2862.52	0.953628	-0.300988
-1181.82	-2857.16	0.955079	-0.296353
-1183.47	-2851.8	0.956389	-0.292097
-1185.1	-2846.43	0.957582	-0.28816
-1186.71	-2841.05	0.958804	-0.28407
-1188.29	-2835.67	0.960046	-0.279842
-1189.85	-2830.28	0.961308	-0.275474
-1191.39	-2824.88	0.962499	-0.271286
-1192.9	-2819.48	0.963627	-0.267252
-1194.39	-2814.08	0.964831	-0.262871
-1195.85	-2808.67	0.966154	-0.257964
-1197.29	-2803.25	0.967413	-0.253203
-1198.69	-2797.83	0.968603	-0.248611
-1200.07	-2792.41	0.969919	-0.243429
-1201.43	-2786.97	0.971339	-0.237698
-1202.74	-2781.53	0.972824	-0.231547
-1204.02	-2776.08	0.974468	-0.224525
-1205.26	-2770.63	0.976238	-0.2167
-1206.46	-2765.16	0.977994	-0.208631
-1207.6	-2759.69	0.979718	-0.200381
-1208.7	-2754.21	0.982162	-0.188037
-1209.72	-2748.71	0.985163	-0.171622
-1210.64	-2743.2	0.987889	-0.155161
-1211.47	-2737.68	0.99034	-0.13866
-1212.21	-2732.14	0.992515	-0.122124
-1212.85	-2726.59	0.994385	-0.105825
-1213.41	-2721.03	0.995951	-0.0898994
-1213.87	-2715.47	0.997221	-0.0744963
-1214.26	-2709.9	0.998192	-0.0601021
-1214.56	-2704.33	0.998856	-0.0478256
-1214.81	-2698.76	0.999292	-0.0376223
-1215	-2693.19	0.999587	-0.0287381
-1215.14	-2687.61	0.999771	-0.0214146
-1215.24	-2682.04	0.999881	-0.0154579
-1215.32	-2676.46	0.999939	-0.0110357
-1215.37	-2670.89	0.99997	-0.00773064
-1215.41	-2665.32	0.999989	-0.0046057
-1215.43	-2659.75	0.999999	-0.00151261
-1215.43	-2654.18	0.999999	0.0011668
-1215.42	-2648.62	0.999994	0.00342532
-1215.39	-2643.05	0.999984	0.00564564
-1215.36	-2637.49	0.999969	0.00781352
-1215.31	-2631.92	0.99995	0.00995981
-1215.25	-2626.36	0.99993	0.0118291
-1215.18	-2620.8	0.99991	0.0134213
-1215.1	-2615.24	0.999887	0.0150105
-1215.01	-2609.69	0.999862	0.0165964
-1214.92	-2604.13	0.999835	0.0181782
-1214.81	-2598.58	0.999808	0.0195996
-1214.7	-2593.02	0.999783	0.0208435
-1214.58	-2587.47	0.999757	0.0220557
-1214.46	-2581.92	0.99973	0.0232506
-1214.33	-2576.37	0.999705	0.0242998
-1214.19	-2570.83	0.999682	0.0252064
-1214.05	-2565.28	0.999659	0.0261058
-1213.9	-2559.74	0.999636	0.026988
-1213.75	-2554.2	0.999612	0.0278386
-1213.59	-2548.65	0.99959	0.0286257
-1213.43	-2543.11	0.999572	0.0292567
-1213.27	-2537.58	0.999563	0.0295731
-1213.11	-2532.04	0.999561	0.0296208
-1212.94	-2526.5	0.999571	0.0292781
-1212.78	-2520.97	0.999593	0.028545
-1212.63	-2515.43	0.999619	0.0275994
-1212.48	-2509.9	0.99965	0.0264686
-1212.33	-2504.37	0.999684	0.0251529
-1212.2	-2498.84	0.99972	0.0236559
-1212.07	-2493.31	0.999759	0.0219453
-1211.95	-2487.78	0.9998	0.0200183
-1211.85	-2482.26	0.99984	0.0179135
-1211.75	-2476.73	0.999878	0.0156131
-1211.67	-2471.21	0.999914	0.0131208
-1211.61	-2465.68	0.999945	0.0104962
-1211.55	-2460.16	0.99997	0.00780981
-1211.52	-2454.64	0.999987	0.00511017
-1211.49	-2449.12	0.999997	0.00240099
-1211.49	-2443.6	1	-0.000258115
-1211.49	-2438.08	0.999997	-0.00264455
-1211.51	-2432.57	0.99999	-0.00445518
-1211.54	-2427.05	0.999985	-0.00555704
-1211.57	-2421.54	0.99999	-0.00438545
-1211.59	-2416.03	0.999999	-0.00102865
-1211.59	-2410.52	0.999996	0.00278719
-1211.56	-2405.01	0.999976	0.00689862
-1211.51	-2399.5	0.999953	0.00973757
-1211.46	-2393.99	0.999938	0.0111313
-1211.39	-2388.49	0.999923	0.0124219
-1211.32	-2382.98	0.999907	0.01365
-1211.24	-2377.48	0.99989	0.0148357
-1211.16	-2371.98	0.999874	0.0158802
-1211.07	-2366.48	0.999859	0.0167945
-1210.98	-2360.98	0.999843	0.0177228
-1210.88	-2355.48	0.999826	0.0186723
-1210.77	-2349.99	0.999807	0.0196498
-1210.66	-2344.49	0.999787	0.0206438
-1210.55	-2339	0.999766	0.0216401
-1210.43	-2333.51	0.999744	0.0226363
-1210.3	-2328.02	0.999721	0.0236325
-1210.17	-2322.53	0.9997	0.0244921
-1210.03	-2317.04	0.999682	0.0252189
-1209.89	-2311.55	0.999663	0.0259498
-1209.75	-2306.07	0.999644	0.0266907
-1209.6	-2300.58	0.999623	0.0274515
-1209.45	-2295.1	0.999605	0.0280929
-1209.29	-2289.62	0.999591	0.0286048
-1209.13	-2284.13	0.999576	0.0291168
-1208.97	-2278.66	0.999561	0.0296287
-1208.81	-2273.18	0.999546	0.0301405
-1208.63	-2267.15	0.999529	0.0306863
-1208.47	-2262.21	0.999518	0.0310371
-1208.3	-2256.73	0.999511	0.0312732
-1208.13	-2251.22	0.999507	0.0313976
-1207.96	-2245.7	0.999508	0.031368
-1207.78	-2240.16	0.999512	0.0312293
-1207.61	-2234.59	0.999516	0.0311091
-1207.44	-2229	0.99952	0.0309901
-1207.26	-2223.39	0.999523	0.0308718
-1207.09	-2217.75	0.999527	0.030754
-1206.91	-2212.09	0.999531	0.0306345
-1206.74	-2206.41	0.999534	0.0305132
-1206.57	-2200.7	0.999538	0.0303901
-1206.39	-2194.97	0.999546	0.0301241
-1206.22	-2189.22	0.999558	0.0297192
-1206.05	-2183.44	0.99957	0.0293165
-1205.88	-2177.65	0.999582	0.0289119
-1205.71	-2171.82	0.999594	0.0285085
-1205.55	-2165.98	0.999605	0.0281172
-1205.38	-2160.11	0.999615	0.0277349
-1205.22	-2154.22	0.999626	0.0273508
-1205.06	-2148.31	0.999636	0.0269651
-1204.9	-2142.38	0.999647	0.0265787
-1204.74	-2136.46	0.999657	0.0261921
-1204.59	-2130.54	0.999667	0.0258056
-1204.44	-2124.61	0.999677	0.0254193
-1204.29	-2118.69	0.999687	0.0250331
-1204.14	-2112.78	0.999696	0.024647
-1204	-2106.86	0.999706	0.024261
-1203.85	-2100.94	0.999715	0.0238751
-1203.71	-2095.03	0.999724	0.0234937
-1203.58	-2089.12	0.999733	0.0231201
-1203.44	-2083.2	0.999741	0.0227543
-1203.31	-2077.29	0.999749	0.0223931
-1203.17	-2071.38	0.999757	0.0220353
-1203.05	-2065.48	0.999765	0.0216852
-1202.92	-2059.57	0.999772	0.021343
-1202.79	-2053.67	0.999779	0.0210041
-1202.67	-2047.76	0.999786	0.0206654
-1202.55	-2041.86	0.999793	0.0203267
-1202.42	-2035.96	0.999406	0.0344497
-1202.14	-2030.06	0.998013	0.0630083
-1201.71	-2024.18	0.995804	0.0915065
-1201.1	-2018.3	0.992785	0.119912
-1200.32	-2012.44	0.988957	0.148205
-1199.39	-2006.61	0.986893	0.161375
-1198.45	-2000.78	0.987198	0.159502
-1197.51	-1994.95	0.987506	0.157584
-1196.58	-1989.12	0.987851	0.155403
-1195.67	-1983.29	0.988288	0.1526
-1194.78	-1977.45	0.989087	0.147335
-1193.93	-1971.62	0.990217	0.139538
-1193.13	-1965.77	0.991403	0.13084
-1192.38	-1959.93	0.992604	0.121401
-1191.68	-1954.07	0.993766	0.111482
-1191.05	-1948.21	0.994868	0.101182
-1190.48	-1942.35	0.995882	0.090663
-1189.97	-1936.48	0.996798	0.0799628
-1189.52	-1930.61	0.997608	0.0691229
-1189.14	-1924.73	0.99829	0.0584634
-1188.82	-1918.85	0.99885	0.0479489
-1188.57	-1912.97	0.999304	0.0372956
-1188.37	-1907.09	0.999646	0.0265952
-1188.24	-1901.21	0.999864	0.0164807
-1188.17	-1895.33	0.999974	0.00724727
-1188.14	-1889.45	0.999998	-0.00198469
-1188.18	-1883.57	0.999937	-0.0112143
-1188.27	-1877.7	0.999791	-0.0204409
-1188.41	-1871.82	0.999573	-0.0292202
-1188.6	-1865.95	0.999295	-0.0375519
-1188.84	-1860.08	0.998947	-0.0458788
-1189.13	-1854.22	0.998531	-0.0541897
-1189.46	-1848.36	0.998047	-0.0624653
-1189.85	-1842.51	0.99754	-0.0700984
-1190.28	-1836.65	0.99703	-0.0770145
-1190.74	-1830.81	0.9965	-0.0835916
-1191.25	-1824.97	0.995985	-0.0895154
-1191.79	-1819.13	0.995595	-0.0937557
-1192.34	-1813.29	0.995364	-0.0961761
-1192.91	-1807.46	0.99521	-0.0977562
-1193.48	-1801.63	0.995123	-0.0986428
-1194.06	-1795.8	0.995091	-0.0989631
-1194.64	-1789.98	0.995155	-0.0983217
-1195.21	-1784.15	0.995331	-0.0965203
-1195.77	-1778.33	0.995526	-0.0944913
-1196.32	-1772.5	0.995722	-0.0924004
-1196.86	-1766.68	0.995937	-0.0900534
-1197.38	-1760.85	0.996174	-0.0873874
-1197.88	-1755.03	0.996407	-0.0846998
-1198.37	-1749.2	0.996633	-0.081988
-1198.84	-1743.38	0.996856	-0.0792311
-1199.3	-1737.55	0.997073	-0.0764497
-1199.74	-1731.73	0.997283	-0.0736658
-1200.16	-1725.9	0.997484	-0.0708877
-1200.57	-1720.08	0.997677	-0.0681183
-1200.96	-1714.26	0.997855	-0.0654662
-1201.34	-1708.43	0.998014	-0.0629903
-1201.7	-1702.61	0.998167	-0.0605142
-1202.05	-1696.79	0.998314	-0.0580381
-1202.38	-1690.97	0.998455	-0.0555618
-1202.7	-1685.14	0.99859	-0.0530864
-1203	-1679.32	0.998718	-0.0506124
-1203.29	-1673.5	0.998841	-0.0481384
-1203.57	-1667.69	0.998957	-0.0456642
-1203.83	-1661.87	0.999067	-0.0431909
-1204.07	-1656.05	0.999171	-0.0407188
-1204.3	-1650.23	0.999268	-0.0382466
-1204.52	-1644.42	0.99936	-0.0357745
-1204.72	-1638.6	0.999445	-0.0333023
-1204.91	-1632.79	0.999521	-0.0309478
-1205.09	-1626.98	0.999586	-0.0287696
-1205.25	-1621.16	0.999646	-0.0265915
-1205.4	-1615.35	0.999702	-0.0244135
-1205.53	-1609.54	0.99975	-0.0223529
-1205.66	-1603.73	0.999791	-0.0204682
-1205.77	-1597.93	0.999827	-0.0185838
-1205.88	-1592.12	0.999861	-0.0166994
-1205.97	-1586.32	0.99989	-0.0148152
-1206.05	-1580.51	0.999916	-0.0129318
-1206.12	-1574.71	0.999939	-0.0110497
-1206.19	-1568.33	0.99996	-0.00897961
-1206.23	-1563.11	0.999973	-0.00728601
-1206.27	-1557.31	0.999985	-0.0055214
-1206.3	-1551.51	0.999992	-0.00393243
-1206.32	-1545.72	0.999997	-0.00234363
-1206.33	-1539.92	1	-0.000755055
-1206.33	-1534.13	1	0.000833323
-1206.32	-1528.34	0.999997	0.00230463
-1206.3	-1521.97	0.999993	0.00372995
-1206.28	-1516.18	0.999987	0.00502549
-1206.24	-1510.39	0.99998	0.00632086
-1206.21	-1505.19	0.999972	0.00748656
-1206.16	-1498.82	0.99996	0.00891054
-1206.11	-1493.62	0.999949	0.0100749
-1206.04	-1487.26	0.999934	0.0114978
-1205.97	-1481.48	0.999918	0.0127912
-1205.9	-1476.28	0.999904	0.0138386
-1205.81	-1469.92	0.999888	0.0149408
-1205.72	-1464.15	0.999873	0.0159425
-1205.64	-1458.95	0.999858	0.016844
-1205.53	-1452.6	0.999839	0.0179455
-1205.43	-1447.41	0.999825	0.0187303
-1205.32	-1441.64	0.999811	0.0194408
-1205.2	-1435.3	0.999796	0.0202222
-1205.08	-1429.53	0.999781	0.0209323
-1204.97	-1424.34	0.999767	0.0215712
-1204.83	-1418	0.99975	0.0223518
-1204.71	-1412.81	0.999736	0.0229902
-1204.57	-1406.48	0.999717	0.0237704
-1204.43	-1400.72	0.9997	0.0244795
-1204.3	-1395.54	0.999685	0.0251175
-1204.14	-1389.21	0.999665	0.0258968
-1204	-1384.03	0.999648	0.0265343
-1203.85	-1378.27	0.999629	0.0272424
-1203.67	-1371.95	0.999612	0.0278629
-1203.53	-1366.77	0.999602	0.0281996
-1203.35	-1360.45	0.999591	0.028592
-1203.18	-1354.7	0.999581	0.0289308
-1203.02	-1348.96	0.999573	0.0292324
-1202.87	-1343.79	0.999568	0.029381
-1202.68	-1337.47	0.99957	0.0293329
-1202.51	-1331.73	0.999574	0.0291847
-1202.35	-1325.99	0.99958	0.0289961
-1202.2	-1320.82	0.999585	0.0288227
-1202.03	-1315.08	0.99959	0.0286301
-1201.87	-1309.35	0.999596	0.0284266
-1201.7	-1303.61	0.999602	0.0282005
-1201.53	-1297.31	0.999609	0.0279675
-1201.37	-1291.57	0.999618	0.027643
-1201.21	-1285.84	0.999632	0.0271272
-1201.06	-1280.11	0.999648	0.0265393
-1200.91	-1274.39	0.999664	0.0259341
-1200.76	-1268.66	0.999679	0.025329
-1200.61	-1262.93	0.999694	0.0247201
-1200.49	-1257.78	0.999708	0.0241724
-1200.34	-1251.49	0.999724	0.0234882
-1200.22	-1246.34	0.999737	0.0229139
-1200.08	-1240.05	0.999753	0.0222122
-1199.95	-1234.33	0.999767	0.0215748
-1199.83	-1228.61	0.999781	0.0209374
-1199.71	-1222.89	0.999794	0.0203
-1199.59	-1217.18	0.999807	0.0196669
-1199.48	-1211.46	0.999816	0.0191847
-1199.37	-1205.75	0.999822	0.0188493
-1199.27	-1200.04	0.999829	0.0185065
-1199.16	-1194.33	0.999836	0.0181311
-1199.06	-1188.62	0.999843	0.0177053
-1198.96	-1182.91	0.999851	0.0172439
-1198.86	-1177.21	0.999859	0.0167719
-1198.77	-1171.5	0.999867	0.0163001
-1198.68	-1165.8	0.999875	0.0158283
-1198.59	-1160.1	0.999882	0.0153568
-1198.5	-1154.4	0.999889	0.0148855
-1198.42	-1148.7	0.999896	0.0144144
-1198.34	-1143	0.999903	0.0139432
-1198.26	-1137.31	0.999909	0.0134723
-1198.18	-1131.61	0.999915	0.0130015
-1198.11	-1125.92	0.999921	0.0125309
-1198.04	-1120.22	0.999927	0.0120603
-1197.97	-1114.53	0.999933	0.0115898
-1197.91	-1108.84	0.99994	0.0109771
-1197.85	-1103.16	0.999948	0.0102221
-1197.79	-1097.47	0.999955	0.00946728
-1197.74	-1091.78	0.999962	0.00871253
-1197.69	-1086.1	0.999967	0.00810041
-1197.64	-1080.41	0.999971	0.00763087
-1197.6	-1074.73	0.999974	0.00716141
-1197.56	-1069.05	0.999978	0.00669202
-1197.53	-1063.37	0.999981	0.00622271
-1197.49	-1057.7	0.999983	0.00575366
-1197.46	-1052.02	0.999986	0.00528484
-1197.43	-1046.34	0.999988	0.00481606
-1197.4	-1040.67	0.999991	0.00434736
-1197.38	-1035	0.999992	0.00387888
-1197.36	-1029.33	0.999994	0.00341063
-1197.34	-1023.66	0.999996	0.00294245
-1197.33	-1017.99	0.999997	0.00247435
-1197.31	-1012.32	0.999998	0.00200629
-1197.3	-1006.66	0.999999	0.00153845
-1197.3	-1000.99	0.999999	0.00107089
-1197.29	-995.33	1	0.000603396
-1197.29	-989.668	1	0.000135982
-1197.29	-984.008	1	-0.000328267
-1197.29	-978.349	1	-0.000789159
-1197.3	-972.692	0.999999	-0.00124978
-1197.3	-967.036	0.999999	-0.00171033
-1197.32	-961.381	0.999998	-0.00217084
-1197.33	-955.728	0.999997	-0.00263116
-1197.34	-950.076	0.999995	-0.00309125
-1197.36	-944.425	0.999994	-0.00355126
-1197.38	-938.776	0.999992	-0.00401119
-1197.41	-933.128	0.99999	-0.00447109
-1197.43	-927.481	0.999988	-0.00493076
-1197.46	-921.836	0.999985	-0.00539015
-1197.49	-916.192	0.999983	-0.00584947
-1197.53	-910.55	0.99998	-0.00630876
-1197.57	-904.908	0.999978	-0.00662689
-1197.6	-899.269	0.999977	-0.00680385
-1197.64	-893.63	0.999976	-0.00698074
-1197.68	-887.993	0.999974	-0.00715758
-1197.72	-882.358	0.999973	-0.00733439
-1197.76	-876.723	0.999972	-0.00751112
-1197.81	-871.09	0.99997	-0.00768781
-1197.85	-865.459	0.999969	-0.00786446
-1197.89	-859.828	0.999968	-0.00804104
-1197.94	-854.199	0.999966	-0.00821758
-1197.99	-848.572	0.999965	-0.00839408
-1198.03	-842.945	0.999963	-0.0085705
-1198.08	-837.321	0.999962	-0.00874689
-1198.13	-831.697	0.99996	-0.00892323
-1198.18	-826.075	0.99996	-0.00895913
-1198.23	-820.454	0.999961	-0.00885461
-1198.28	-814.834	0.999962	-0.00875005
-1198.33	-809.216	0.999963	-0.00864546
-1198.38	-803.599	0.999964	-0.00854083
-1198.43	-797.984	0.999964	-0.00843631
-1198.48	-792.37	0.999965	-0.00833194
-1198.52	-786.757	0.999966	-0.00822753
-1198.57	-781.145	0.999967	-0.00812309
-1198.61	-775.535	0.999968	-0.00801861
-1198.66	-769.926	0.999969	-0.00791424
-1198.7	-764.319	0.99997	-0.00781003
-1198.75	-758.712	0.99997	-0.00770578
-1198.79	-753.108	0.999971	-0.00760149
-1198.83	-747.504	0.999972	-0.00749731
-1198.87	-741.902	0.999973	-0.00739321
-1198.91	-736.301	0.999973	-0.00728907
-1198.95	-730.701	0.999974	-0.00718489
-1198.99	-725.103	0.999975	-0.00708068
-1199.03	-719.506	0.999976	-0.00697662
-1199.07	-713.911	0.999976	-0.00687267
-1199.11	-708.316	0.999977	-0.00676868
-1199.15	-702.723	0.999978	-0.00666466
-1199.19	-697.132	0.999978	-0.0065606
-1199.22	-691.542	0.999979	-0.00645669
-1199.26	-685.953	0.99998	-0.00635289
-1199.29	-680.365	0.99998	-0.00624906
-1199.33	-674.779	0.999981	-0.00614518
-1199.36	-669.194	0.999982	-0.00604139
-1199.4	-663.61	0.999982	-0.00593771
-1199.43	-658.028	0.999983	-0.00583399
-1199.46	-652.446	0.999984	-0.00573023
-1199.49	-646.867	0.999984	-0.00562643
-1199.52	-641.288	0.999985	-0.00552275
-1199.55	-635.711	0.999985	-0.00541922
-1199.58	-630.136	0.999986	-0.00531565
-1199.61	-624.561	0.999986	-0.00521205
-1199.64	-618.988	0.999987	-0.0051084
-1199.67	-613.416	0.999987	-0.00500487
-1199.7	-607.846	0.999988	-0.0049015
-1199.73	-602.276	0.999988	-0.00479808
-1199.75	-596.709	0.999989	-0.00469463
-1199.78	-591.142	0.999989	-0.00459129
-1199.8	-585.577	0.99999	-0.00448803
-1199.83	-580.013	0.99999	-0.00438473
-1199.85	-574.45	0.999991	-0.00428139
-1199.88	-568.889	0.999991	-0.00417801
-1199.9	-563.329	0.999992	-0.00407478
-1199.92	-557.77	0.999992	-0.00397167
-1199.94	-552.213	0.999993	-0.00386853
-1199.96	-546.657	0.999993	-0.00376534
-1199.98	-541.102	0.999993	-0.00366211
-1200	-535.549	0.999994	-0.00355904
-1200.02	-529.997	0.999994	-0.00345608
-1200.04	-524.446	0.999994	-0.00335309
-1200.06	-518.896	0.999995	-0.00325005
-1200.08	-513.348	0.999995	-0.00314698
-1200.1	-507.801	0.999995	-0.00304406
-1200.11	-502.255	0.999996	-0.00294122
-1200.13	-496.704	0.999996	-0.00283826
-1200.14	-491.142	0.999996	-0.0027353
-1200.15	-485.564	0.99997	0.00774119
-1200.06	-479.966	0.999591	0.0286029
-1199.85	-474.348	0.998775	0.0494802
-1199.53	-468.71	0.997522	0.0703584
-1199.08	-463.057	0.99583	0.0912255
-1198.52	-457.389	0.994829	0.10156
-1197.94	-451.7	0.994848	0.101381
-1197.36	-445.99	0.994867	0.101194
-1196.78	-440.261	0.994893	0.100932
-1196.2	-434.512	0.994945	0.100424
-1195.62	-428.745	0.995162	0.0982466
-1195.05	-422.956	0.995537	0.0943703
-1194.51	-417.146	0.995944	0.0899706
-1194	-411.317	0.996393	0.084864
-1193.51	-405.479	0.996896	0.0787246
-1193.07	-399.64	0.997424	0.0717357
-1192.67	-393.798	0.99793	0.0643062
-1192.31	-387.955	0.998407	0.0564146
-1192	-382.111	0.998844	0.0480752
-1191.74	-376.266	0.999214	0.0396336
-1191.52	-370.42	0.999513	0.0312155
-1191.36	-364.575	0.999743	0.0226514
-1191.25	-358.729	0.999902	0.0139669
-1191.19	-352.884	0.999986	0.0052116
-1191.18	-347.04	0.999995	-0.00324799
-1191.22	-341.198	0.999935	-0.0114038
-1191.3	-335.357	0.999809	-0.0195568
-1191.43	-329.519	0.999616	-0.0277067
-1191.61	-323.684	0.999378	-0.0352654
-1191.84	-317.851	0.999108	-0.0422332
-1192.1	-312.022	0.99879	-0.0491819
-1192.4	-306.196	0.998431	-0.0560028
-1192.74	-300.373	0.99805	-0.0624164
-1193.12	-294.555	0.997709	-0.0676446
-1193.53	-288.739	0.997437	-0.0715477
-1193.95	-282.926	0.997209	-0.0746561
-1194.39	-277.116	0.997023	-0.0771043
-1194.85	-271.308	0.996876	-0.0789829
-1195.31	-265.503	0.996815	-0.0797447
-1195.77	-259.699	0.99684	-0.0794386
-1196.23	-253.896	0.996894	-0.0787504
-1196.69	-248.094	0.996968	-0.0778169
-1197.14	-242.293	0.997072	-0.0764625
-1197.58	-236.493	0.997202	-0.0747507
-1198.01	-230.694	0.99733	-0.073028
-1198.43	-224.895	0.997454	-0.0713127
-1198.84	-219.097	0.997576	-0.0695898
-1199.24	-213.299	0.997705	-0.067715
-1199.63	-207.502	0.99784	-0.0656959
-1200.01	-201.706	0.997971	-0.0636767
-1200.37	-195.911	0.998097	-0.0616573
-1200.73	-190.116	0.99822	-0.0596378
-1201.07	-184.322	0.998339	-0.0576194
-1201.4	-178.528	0.998453	-0.0555978
-1201.72	-172.736	0.998564	-0.0535651
-1202.02	-166.944	0.998672	-0.0515224
-1202.32	-161.153	0.998768	-0.0496223
-1202.6	-155.362	0.998854	-0.0478681
-1202.87	-149.573	0.998936	-0.0461139
-1203.14	-143.785	0.999016	-0.0443597
-1203.39	-137.997	0.999092	-0.0426054
-1203.63	-132.211	0.999165	-0.0408521
-1203.86	-126.425	0.999235	-0.0390998
-1204.09	-120.641	0.999302	-0.0373476
-1204.3	-114.857	0.999366	-0.0355953
-1204.5	-109.075	0.999427	-0.0338439
-1204.69	-103.294	0.999485	-0.0320933
-1204.87	-97.5133	0.99954	-0.0303428
-1205.04	-91.7341	0.999591	-0.0285922
-1205.21	-85.956	0.99964	-0.0268417
-1205.36	-80.179	0.999681	-0.0252369
-1205.5	-74.4032	0.999717	-0.0237778
-1205.63	-68.6287	0.999751	-0.0223189
-1205.76	-62.8553	0.999782	-0.02086
-1205.88	-57.0831	0.999812	-0.0194018
-1205.98	-51.3122	0.999839	-0.0179443
-1206.09	-45.5425	0.999864	-0.0164869
-1206.18	-39.7741	0.999887	-0.0150296
-1206.26	-34.0069	0.999908	-0.0135723
-1206.34	-28.2411	0.999927	-0.012116
-1206.4	-22.4765	0.999943	-0.0106606
-1206.46	-16.7132	0.999958	-0.00920524
-1206.51	-10.9512	0.99997	-0.00774995
-1206.55	-5.1906	0.999979	-0.00643975
-1206.59	0.568689	0.999986	-0.00527465
-1206.61	6.32662	0.999992	-0.00410961
-1206.63	12.0832	0.999996	-0.00294465
-1206.65	17.8384	0.999998	-0.00177976
-1206.66	23.5922	1	-0.000615628
-1206.66	29.3446	1	0.00054774
-1206.65	35.0957	0.999999	0.00171103
-1206.64	40.8453	0.999996	0.00287424
-1206.62	46.5935	0.999992	0.00403738
-1206.59	52.3403	0.999987	0.0050557
-1206.56	58.0857	0.999982	0.00592925
-1206.53	63.8297	0.999977	0.00680276
-1206.49	69.5723	0.999971	0.00767619
-1206.44	75.3134	0.999963	0.00854915
-1206.39	81.0531	0.999956	0.00942165
-1206.33	86.7914	0.999947	0.0102941
-1206.27	92.5282	0.999938	0.0111664
-1206.2	98.2636	0.999928	0.0120388
-1206.13	103.998	0.999919	0.0127668
-1206.06	109.73	0.999911	0.0133505
-1205.98	115.461	0.999903	0.0139342
-1205.9	121.191	0.999895	0.0145178
-1205.81	127.492	0.999885	0.0151594
-1205.73	132.646	0.999877	0.015684
-1205.64	138.371	0.999868	0.016267
-1205.54	144.095	0.999858	0.0168499
-1205.44	149.818	0.999848	0.0174327
-1205.34	155.539	0.99984	0.0178718
-1205.24	161.258	0.999835	0.0181671
-1205.14	166.976	0.99983	0.0184624
-1205.03	172.693	0.999824	0.0187577
-1204.92	178.409	0.999818	0.0190528
-1204.81	184.123	0.999813	0.0193477
-1204.7	189.835	0.999807	0.0196426
-1204.59	195.546	0.999801	0.0199375
-1204.47	201.256	0.999795	0.0202324
-1204.36	206.965	0.999789	0.0205271
-1204.24	212.671	0.999783	0.0208216
-1204.12	218.377	0.999777	0.0211161
-1204	224.081	0.999771	0.0214105
-1203.88	229.784	0.999768	0.0215619
-1203.75	235.485	0.999767	0.0215777
-1203.63	241.185	0.999766	0.0216408
-1203.51	246.884	0.999763	0.0217911
-1203.38	252.581	0.999758	0.0219919
-1203.26	258.277	0.999757	0.0220515
-1203.13	263.971	0.999763	0.021779
-1203.01	269.664	0.999774	0.0212787
-1202.89	275.356	0.999785	0.0207418
-1202.77	281.046	0.999796	0.0202081
-1202.66	286.736	0.999806	0.0196788
-1202.55	292.423	0.999815	0.0192116
-1202.44	298.11	0.999823	0.0188021
-1202.33	303.795	0.999831	0.0183928
-1202.23	309.479	0.999839	0.0179543
-1202.13	315.162	0.999848	0.0174394
-1202.03	320.843	0.999858	0.0168377
-1201.94	326.523	0.999869	0.0161828
-1201.85	332.202	0.99988	0.0155145
-1201.76	337.879	0.99989	0.0148463
-1201.68	343.555	0.999899	0.0141784
-1201.6	349.23	0.999909	0.0135107
-1201.52	354.903	0.999918	0.0128431
-1201.45	360.575	0.999926	0.0121757
-1201.38	366.246	0.999934	0.0115086
-1201.32	371.916	0.999941	0.0108416
-1201.26	377.584	0.999948	0.0101748
-1201.2	383.251	0.999955	0.00950824
-1201.15	388.916	0.999961	0.00884184
-1201.1	394.581	0.999967	0.00817563
-1201.06	400.243	0.999972	0.00750961
-1201.02	405.905	0.999977	0.00684377
-1200.98	412.131	0.999981	0.00611158
-1200.95	417.224	0.999985	0.00551271
-1200.92	422.882	0.999988	0.00484747
-1200.89	428.538	0.999991	0.00418242
-1200.87	434.193	0.999994	0.00351757
-1200.85	439.846	0.999996	0.0028529
-1200.84	445.499	0.999998	0.00218842
-1200.82	451.15	0.999999	0.00152416
-1200.82	456.799	1	0.000860103
-1200.81	462.447	1	0.000337413
-1200.81	468.094	1	-4.39043e-05
-1200.81	473.74	1	-0.000425069
-1200.82	479.384	1	-0.000806043
-1200.82	485.026	0.999999	-0.00118683
-1200.83	490.668	0.999999	-0.00156761
-1200.84	496.308	0.999998	-0.00194839
-1200.85	501.947	0.999997	-0.00232898
-1200.87	507.584	0.999996	-0.00270938
-1200.88	513.22	0.999995	-0.00308974
-1200.9	518.855	0.999994	-0.00347007
-1200.92	524.488	0.999993	-0.0038502
-1200.94	530.12	0.999991	-0.00423014
-1200.97	535.751	0.999989	-0.00460993
-1200.99	541.38	0.999988	-0.00484915
-1201.02	547.008	0.999988	-0.00494779
-1201.05	552.634	0.999987	-0.00504629
-1201.08	558.259	0.999987	-0.00514459
-1201.11	563.883	0.999986	-0.0052427
-1201.14	569.506	0.999986	-0.00534101
-1201.17	575.127	0.999985	-0.0054395
-1201.2	580.747	0.999985	-0.00553784
-1201.23	586.365	0.999984	-0.00563603
-1201.26	591.983	0.999984	-0.00573429
-1201.29	597.598	0.999983	-0.00583264
-1201.33	603.213	0.999982	-0.00593082
-1201.36	608.827	0.999982	-0.0060289
-1201.39	614.445	0.999981	-0.00612709
-1201.43	620.068	0.99998	-0.00636611
-1201.47	625.699	0.999977	-0.00674639
-1201.51	631.341	0.999975	-0.00712804
-1201.55	636.997	0.999972	-0.00751141
-1201.59	642.668	0.999969	-0.00789683
-1201.64	648.358	0.999966	-0.00827997
-1201.68	654.069	0.999963	-0.00865357
-1201.73	659.8	0.999959	-0.009015
-1201.79	665.553	0.999956	-0.00936113
-1201.84	671.329	0.999954	-0.00954102
-1201.9	677.129	0.999954	-0.00955327
-1201.95	682.951	0.999955	-0.00953332
-1202.01	688.796	0.999955	-0.00947434
-1202.06	694.663	0.999956	-0.00939122
-1202.12	700.553	0.999957	-0.00928556
-1202.17	706.467	0.999958	-0.00914946
-1202.23	712.403	0.99996	-0.00899959
-1202.28	718.363	0.999961	-0.00885131
-1202.33	724.345	0.999962	-0.00870464
-1202.39	730.351	0.999963	-0.00855374
-1202.44	736.379	0.999965	-0.0083986
-1202.49	742.431	0.999966	-0.00824507
-1202.54	748.506	0.999967	-0.00809313
-1202.59	754.599	0.999969	-0.00793487
-1202.63	760.697	0.99997	-0.00773002
-1202.68	766.794	0.999973	-0.00741143
-1202.72	772.89	0.999976	-0.00688112
-1202.76	778.984	0.999982	-0.00604328
-1202.8	785.076	0.999988	-0.00489702
-1202.82	791.167	0.999994	-0.003511
-1202.84	797.257	0.999998	-0.00194835
-1202.85	803.345	1	-0.000263974
-1202.85	809.431	0.999999	0.0015147
-1202.83	815.516	0.999994	0.00346588
-1202.81	821.6	0.999984	0.00571935
-1202.77	827.681	0.999965	0.00831518
-1202.71	833.762	0.999937	0.0112041
-1202.63	839.84	0.9999	0.0141571
-1202.54	845.916	0.999855	0.0170568
-1202.43	851.991	0.999801	0.0199669
-1202.3	858.064	0.999738	0.0228725
-1202.16	864.135	0.999668	0.0257771
-1201.99	870.204	0.999593	0.0285375
-1201.81	876.271	0.999513	0.0312129
-1201.62	882.336	0.999419	0.034087
-1201.4	888.399	0.999305	0.0372698
-1201.17	894.46	0.999167	0.04082
-1200.91	900.518	0.999006	0.0445673
-1200.63	906.573	0.998826	0.0484478
-1200.33	912.626	0.998619	0.0525336
-1200	918.676	0.998391	0.0566998
-1199.65	924.724	0.998146	0.0608715
-1199.27	930.768	0.997903	0.0647341
-1198.87	936.809	0.997665	0.0683022
-1198.4	943.451	0.997384	0.0722839
-1198	948.883	0.997138	0.0755973
-1197.54	954.915	0.996875	0.0789898
-1197.05	960.943	0.996626	0.0820791
-1196.55	966.969	0.996367	0.0851663
-1196.02	972.992	0.996098	0.0882514
-1195.48	979.012	0.99582	0.0913342
-1194.92	985.028	0.995518	0.0945683
-1194.34	991.041	0.995191	0.0979566
-1193.74	997.051	0.994851	0.101346
-1193.12	1003.06	0.9945	0.104733
-1192.48	1009.06	0.994139	0.108114
-1191.82	1015.06	0.993811	0.111088
-1191.15	1021.05	0.993552	0.113382
-1190.46	1027.05	0.993361	0.11504
-1189.76	1033.04	0.993247	0.11602
-1189.06	1039.02	0.9932	0.116416
-1188.29	1045.61	0.993252	0.115979
-1187.66	1051	0.993379	0.114882
-1186.97	1056.98	0.993552	0.11338
-1186.3	1062.96	0.993757	0.111569
-1185.56	1069.55	0.994054	0.108887
-1184.98	1074.93	0.994355	0.106102
-1184.35	1080.92	0.994693	0.102891
-1183.68	1087.5	0.99506	0.0992783
-1183.15	1092.89	0.995357	0.0962534
-1182.57	1098.88	0.995664	0.0930222
-1182.02	1104.87	0.995954	0.0898699
-1181.49	1110.85	0.996258	0.0864273
-1180.98	1116.84	0.99659	0.0825165
-1180.45	1123.43	0.996966	0.077838
-1179.99	1129.42	0.997297	0.0734751
-1179.56	1135.41	0.997606	0.0691523
-1179.19	1140.8	0.997864	0.0653242
-1178.78	1147.39	0.998156	0.0607089
-1178.47	1152.78	0.999051	0.0435614
-1178.28	1158.78	0.999921	0.0125756
-1178.29	1165.38	0.999768	-0.0215162
-1178.49	1171.38	0.998621	-0.0524899
-1178.88	1177.38	0.996515	-0.0834152
-1179.39	1182.76	0.995	-0.0998789
-1179.99	1188.74	0.994738	-0.10245
-1180.61	1194.71	0.99447	-0.105021
-1181.25	1200.68	0.994196	-0.107583
-1181.97	1207.24	0.993891	-0.110362
-1182.63	1213.2	0.993836	-0.11086
-1183.29	1219.16	0.994005	-0.109335
-1183.88	1224.53	0.994166	-0.107861
-1184.59	1231.08	0.994387	-0.105808
-1185.22	1237.04	0.994717	-0.102655
-1185.76	1242.41	0.995149	-0.0983834
-1186.39	1248.97	0.995724	-0.0923791
-1186.88	1254.34	0.99622	-0.0868705
-1187.43	1260.9	0.996823	-0.0796451
-1187.89	1266.87	0.997365	-0.0725531
-1188.27	1272.24	0.997832	-0.0658125
-1188.68	1278.81	0.998362	-0.0572066
-1189	1284.79	0.998793	-0.049123
-1189.28	1290.76	0.999162	-0.040934
-1189.5	1296.73	0.999462	-0.0328065
-1189.68	1302.71	0.999695	-0.0246913
-1189.81	1308.68	0.999865	-0.0164175
-1189.89	1314.66	0.999968	-0.00801715
-1189.91	1320.03	1	-0.000304952
-1189.89	1326.6	0.999961	0.00887904
-1189.83	1331.98	0.99987	0.0160948
-1189.71	1337.94	0.999708	0.0241807
-1189.53	1344.51	0.999452	0.0330887
-1189.34	1349.87	0.999202	0.0399383
-1189.08	1355.83	0.998885	0.047215
-1188.78	1361.79	0.998506	0.0546366
-1188.44	1367.74	0.998057	0.0623027
-1188.01	1374.28	0.997484	0.0708854
-1187.57	1380.22	0.996942	0.0781411
-1187.13	1385.57	0.996453	0.084149
-1186.62	1391.5	0.995867	0.0908228
-1186.06	1397.43	0.995236	0.0974949
-1185.4	1403.94	0.99449	0.104832
-1184.76	1409.86	0.993815	0.111046
-1184.09	1415.77	0.993155	0.116805
-1183.38	1421.68	0.992461	0.122558
-1182.64	1427.58	0.991735	0.128305
-1181.86	1433.47	0.991038	0.133584
-1181.06	1439.36	0.990397	0.138251
-1180.23	1445.24	0.989809	0.142403
-1179.37	1451.12	0.98933	0.14569
-1178.5	1457	0.988994	0.147957
-1177.62	1462.87	0.988867	0.148804
-1176.73	1468.74	0.988932	0.148373
-1175.86	1474.61	0.989103	0.147224
-1174.99	1480.48	0.989362	0.145472
-1174.13	1486.35	0.989811	0.142387
-1173.29	1492.22	0.990399	0.138236
-1172.48	1498.1	0.990971	0.134078
-1171.7	1503.97	0.991529	0.129888
-1170.94	1509.85	0.992079	0.125612
-1170.21	1515.73	0.992642	0.121089
-1169.5	1521.61	0.993208	0.11635
-1168.82	1527.49	0.993758	0.111562
-1168.17	1533.38	0.994287	0.106744
-1167.55	1539.27	0.994793	0.101914
-1166.96	1545.15	0.995277	0.0970802
-1166.4	1551.04	0.995736	0.0922443
-1165.86	1556.93	0.996172	0.0874099
-1165.36	1562.83	0.996583	0.0826002
-1164.88	1568.72	0.996944	0.0781252
-1164.43	1574.61	0.99726	0.0739777
-1164	1580.51	0.997558	0.0698489
-1163.64	1585.81	0.99781	0.0661392
-1163.22	1592.29	0.998101	0.0616043
-1162.87	1598.19	0.998338	0.0576299
-1162.54	1604.08	0.998552	0.053804
-1162.23	1609.98	0.99875	0.0499776
-1161.97	1615.28	0.998917	0.0465336
-1161.68	1621.76	0.999104	0.0423239
-1161.46	1627.07	0.999244	0.0388809
-1161.24	1632.96	0.999385	0.03506
-1161.02	1639.44	0.999524	0.0308611
-1160.87	1644.74	0.999624	0.0274256
-1160.7	1651.22	0.99973	0.0232266
-1160.57	1657.11	0.999806	0.0197055
-1160.46	1663	0.999864	0.0164806
-1160.37	1668.89	0.999912	0.0132557
-1160.3	1674.77	0.99995	0.0100305
-1160.25	1680.66	0.999976	0.00695358
-1160.22	1686.55	0.999992	0.00402504
-1160.2	1692.43	0.999999	0.00109654
-1160.2	1698.32	0.999998	-0.00183188
-1160.22	1704.2	0.999989	-0.00476022
-1160.25	1710.09	0.999977	-0.00679948
-1160.3	1715.97	0.999968	-0.00794973
-1160.35	1721.86	0.999959	-0.00909994
-1160.4	1727.74	0.999947	-0.0102501
-1160.47	1733.63	0.999935	-0.0114001
-1160.53	1739.51	0.999927	-0.0121046
-1160.61	1745.39	0.999924	-0.0123636
-1160.68	1751.27	0.99992	-0.0126225
-1160.75	1757.15	0.999917	-0.0128814
-1160.83	1763.04	0.999916	-0.0129919
-1160.91	1768.92	0.999916	-0.012954
-1160.98	1774.8	0.999917	-0.0129161
-1161.06	1780.68	0.999917	-0.0128782
-1161.13	1786.56	0.999918	-0.0128402
-1161.21	1792.44	0.999918	-0.0128023
-1161.29	1798.32	0.999919	-0.0127644
-1161.36	1804.19	0.999919	-0.0127265
-1161.43	1810.07	0.999919	-0.0126885
-1161.51	1815.95	0.99992	-0.0126505
-1161.58	1821.83	0.999922	-0.0124644
-1161.66	1827.71	0.999926	-0.0121301
-1161.73	1833.58	0.99993	-0.0117914
-1161.8	1839.46	0.999934	-0.0114483
-1161.86	1845.33	0.99994	-0.0109573
-1161.92	1851.21	0.999947	-0.0103182
-1161.98	1857.09	0.999953	-0.0096791
-1162.04	1862.96	0.999959	-0.00903997
-1162.09	1868.84	0.999965	-0.00840081
-1162.14	1874.71	0.99997	-0.00776183
-1162.18	1880.58	0.999975	-0.007123
-1162.22	1886.46	0.999979	-0.00648413
-1162.26	1892.33	0.999983	-0.00584525
-1162.29	1898.21	0.999987	-0.00505864
-1162.32	1904.08	0.999991	-0.00412428
-1162.34	1909.95	0.999995	-0.00318991
-1162.36	1915.82	0.999997	-0.00225554
-1162.37	1921.69	0.999999	-0.00132113
-1162.37	1927.57	1	-0.000386914
-1162.37	1933.44	1	0.000547076
-1162.37	1939.31	0.999999	0.00148107
-1162.36	1945.18	0.999997	0.00241509
-1162.34	1951.05	0.999994	0.00334916
-1162.32	1956.92	0.999991	0.00428299
-1162.29	1962.79	0.999986	0.00521659
-1162.26	1968.66	0.999981	0.00615022
-1162.22	1974.52	0.999975	0.00708388
-1162.18	1980.39	0.999967	0.0081649
-1162.13	1986.26	0.999956	0.00939326
-1162.07	1992.13	0.999944	0.0106216
-1162	1997.99	0.99993	0.0118532
-1161.93	2003.86	0.999914	0.0130881
-1161.85	2009.72	0.9999	0.0141752
-1161.77	2015.59	0.999886	0.0151146
-1161.68	2021.45	0.999871	0.0160541
-1161.58	2027.32	0.999856	0.0169935
-1161.48	2033.18	0.999839	0.0179328
-1161.37	2039.05	0.999822	0.0188719
-1161.26	2044.91	0.999804	0.019811
-1161.14	2050.77	0.999785	0.02075
-1161.01	2056.63	0.999765	0.0216891
-1160.89	2062.5	0.999744	0.0226279
-1160.75	2068.36	0.999722	0.0235664
-1160.61	2074.21	0.9997	0.0245049
-1160.46	2080.07	0.999676	0.0254434
-1160.31	2085.93	0.999652	0.0263813
-1160.16	2091.78	0.999627	0.0273186
-1159.99	2097.63	0.999601	0.0282559
-1159.83	2103.48	0.999574	0.0291933
-1159.65	2109.33	0.999546	0.0301308
-1159.48	2115.18	0.999517	0.0310675
-1159.29	2121.03	0.999488	0.0320034
-1159.1	2126.87	0.999457	0.0329393
-1158.91	2132.71	0.999426	0.0338752
-1158.71	2138.55	0.999414	0.0342224
-1158.51	2144.39	0.999422	0.0339809
-1158.31	2150.23	0.999431	0.0337396
-1158.11	2156.07	0.999439	0.0334984
-1157.92	2161.91	0.999447	0.0332574
-1157.73	2167.74	0.99946	0.032866
-1157.54	2173.57	0.999478	0.0323169
-1157.35	2179.41	0.999496	0.0317452
-1157.16	2185.24	0.999514	0.0311617
-1156.98	2191.07	0.999532	0.0305817
-1156.81	2196.89	0.99955	0.0300018
-1156.63	2202.72	0.999567	0.0294221
-1156.46	2208.55	0.999583	0.0288621
-1156.3	2214.37	0.999597	0.028381
-1156.13	2220.19	0.999612	0.027857
-1155.97	2226.01	0.999629	0.0272385
-1155.81	2231.83	0.999646	0.02662
-1155.66	2237.65	0.999662	0.0259941
-1155.51	2243.47	0.999678	0.0253684
-1155.36	2249.28	0.999694	0.024743
-1155.22	2255.1	0.999709	0.0241177
-1155.08	2260.91	0.999724	0.0234925
-1154.95	2266.72	0.999739	0.0228674
-1154.82	2272.54	0.999753	0.0222426
-1154.69	2278.34	0.999766	0.021618
-1154.56	2284.15	0.99978	0.0209936
-1154.44	2289.96	0.999793	0.0203694
-1154.33	2295.76	0.999802	0.0198914
-1154.21	2301.57	0.999809	0.0195597
-1154.1	2307.37	0.999815	0.019228
-1153.99	2313.17	0.999821	0.0188965
-1153.88	2318.97	0.999828	0.0185651
-1153.77	2324.77	0.999834	0.0182338
-1153.67	2330.57	0.99984	0.0179026
-1153.57	2336.36	0.999846	0.0175715
-1153.46	2342.16	0.999851	0.0172404
-1153.37	2347.95	0.999857	0.0169095
-1153.27	2353.74	0.999863	0.0165787
-1153.17	2359.53	0.999868	0.0162479
-1153.08	2365.32	0.999873	0.0159173
-1152.99	2371.11	0.999879	0.0155867
-1152.9	2376.89	0.999884	0.0152563
-1152.81	2382.68	0.999889	0.0149259
-1152.73	2388.46	0.999893	0.0145957
-1152.64	2394.24	0.999898	0.0142656
-1152.56	2400.02	0.999903	0.0139355
-1152.48	2405.8	0.999907	0.0136055
-1152.4	2411.58	0.999912	0.0132757
-1152.33	2417.36	0.999916	0.0129459
-1152.25	2423.13	0.99992	0.0126163
-1152.18	2428.91	0.999926	0.0121416
-1152.11	2434.68	0.999934	0.011522
-1152.05	2440.45	0.999941	0.0109026
-1151.99	2446.22	0.999947	0.0102832
-1151.93	2451.99	0.999953	0.00966413
-1151.87	2457.75	0.999959	0.0090453
-1151.82	2463.52	0.999964	0.00842658
-1151.78	2469.28	0.99997	0.00780797
-1151.73	2475.04	0.999974	0.00718947
-1151.69	2480.81	0.999977	0.00671593
-1151.65	2486.57	0.99998	0.00639477
-1151.62	2492.32	0.999981	0.00612588
-1151.58	2498.08	0.999983	0.00591562
-1151.55	2503.84	0.999984	0.00571928
-1151.52	2509.59	0.999985	0.00551237
-1151.49	2515.34	0.999986	0.00525767
-1151.46	2521.1	0.999988	0.00493712
-1151.43	2526.85	0.99999	0.00456245
-1151.4	2532.6	0.999991	0.00414005
-1151.38	2538.34	0.999993	0.00368805
-1151.36	2544.09	0.999995	0.00322876
-1151.34	2549.83	0.999996	0.00275899
-1151.33	2555.58	0.999997	0.00225324
-1151.32	2561.32	0.999999	0.00168504
-1151.31	2567.06	0.999999	0.00101415
-1151.3	2572.8	1	0.000197116
-1151.31	2578.54	1	-0.000747975
-1151.31	2584.27	0.999999	-0.00159976
-1151.32	2590.01	0.999997	-0.00231051
-1151.34	2595.74	0.999995	-0.00302096
-1151.36	2601.47	0.999993	-0.00372793
-1151.38	2607.2	0.99999	-0.00442724
-1151.41	2612.93	0.999987	-0.00512223
-1151.44	2618.66	0.999983	-0.0058171
-1151.47	2624.39	0.999979	-0.00651171
-1151.51	2630.11	0.999974	-0.00719971
-1151.55	2635.84	0.999968	-0.00801733
-1151.6	2641.56	0.99996	-0.00897089
-1151.66	2647.28	0.999951	-0.00991995
-1151.71	2653	0.999941	-0.0108571
-1151.78	2658.72	0.999931	-0.011776
-1151.85	2664.43	0.999922	-0.012526
-1151.92	2670.15	0.999914	-0.0130819
-1152	2675.86	0.999908	-0.0135352
-1152.07	2681.58	0.999904	-0.0138681
-1152.15	2687.29	0.999902	-0.0139925
-1152.23	2693	0.999903	-0.0139622
-1152.31	2698.7	0.999903	-0.0139318
-1152.39	2704.41	0.999903	-0.0139013
-1152.47	2710.12	0.999904	-0.0138706
-1152.55	2715.82	0.999904	-0.0138402
-1152.63	2721.52	0.999905	-0.01381
-1152.71	2727.22	0.999905	-0.0137796
-1152.79	2732.92	0.999905	-0.0137491
-1152.87	2738.62	0.999906	-0.0137188
-1152.94	2744.32	0.999906	-0.0136886
-1153.02	2750.02	0.999907	-0.0136584
-1153.1	2755.71	0.999907	-0.0136279
-1153.18	2761.4	0.999908	-0.0135973
-1153.25	2767.1	0.999908	-0.013567
-1153.33	2772.79	0.999908	-0.0135368
-1153.41	2778.47	0.999909	-0.0135065
-1153.49	2784.16	0.999909	-0.0134761
-1153.56	2789.85	0.99991	-0.0134459
-1153.64	2795.53	0.99991	-0.0134158
-1153.71	2801.22	0.99991	-0.0133856
-1153.79	2806.9	0.999911	-0.0133448
-1153.87	2812.58	0.999912	-0.0132755
-1153.94	2818.26	0.999915	-0.0130247
-1154.01	2823.94	0.99992	-0.01261
-1154.08	2829.61	0.999926	-0.0121953
-1154.15	2835.29	0.999931	-0.0117805
-1154.22	2840.96	0.999935	-0.0113587
-1154.28	2846.64	0.99994	-0.0109225
-1154.34	2852.31	0.999945	-0.010479
-1154.4	2857.98	0.99995	-0.0100355
-1154.46	2863.65	0.999954	-0.00959178
-1154.51	2869.32	0.999958	-0.00914857
-1154.56	2874.98	0.999962	-0.00870582
-1154.61	2880.65	0.999966	-0.00826299
-1154.66	2886.31	0.999969	-0.00782008
-1154.7	2891.97	0.999972	-0.00751903
-1154.74	2897.63	0.999973	-0.00735981
-1154.78	2903.29	0.999974	-0.00720047
-1154.82	2908.95	0.999975	-0.00704106
-1154.86	2914.61	0.999976	-0.00688157
-1154.9	2920.26	0.999977	-0.00672235
-1154.94	2925.92	0.999978	-0.00656336
-1154.98	2931.57	0.999979	-0.00640425
-1155.01	2937.22	0.99998	-0.00624507
-1155.05	2942.87	0.999981	-0.00608607
-1155.08	2948.52	0.999982	-0.00592727
-1155.11	2954.17	0.999983	-0.00576839
-1155.15	2959.81	0.999984	-0.00560943
-1155.18	2965.46	0.999985	-0.00545036
-1155.21	2971.1	0.999986	-0.00529152
-1155.24	2976.74	0.999987	-0.00513295
-1155.27	2982.38	0.999988	-0.0049743
-1155.29	2988.02	0.999988	-0.00481557
-1155.32	2993.66	0.999989	-0.00465703
-1155.35	2999.3	0.99999	-0.0045028
-1155.37	3004.93	0.99999	-0.004363
-1155.4	3010.57	0.999991	-0.00423345
-1155.42	3016.2	0.999992	-0.00410379
-1155.44	3021.83	0.999992	-0.0039744
-1155.46	3027.46	0.999993	-0.00384523
-1155.49	3033.09	0.999993	-0.00371595
-1155.51	3038.72	0.999994	-0.0035866
-1155.53	3044.34	0.999994	-0.00345743
-1155.54	3049.97	0.999994	-0.00332842
-1155.56	3055.59	0.999995	-0.00319929
-1155.58	3061.21	0.999995	-0.00307009
-1155.6	3066.83	0.999996	-0.00294379
-1155.61	3072.47	0.999996	-0.0028205
-1155.63	3078.12	0.999996	-0.00269774
-1155.64	3083.79	0.999997	-0.00257605
-1155.66	3089.48	0.999997	-0.00245585
-1155.67	3095.2	0.999997	-0.0023334
-1155.69	3100.94	0.999998	-0.0022087
-1155.7	3106.7	0.999998	-0.00208571
-1155.71	3112.48	0.999998	-0.00196448
-1155.72	3118.28	0.999998	-0.00184489
-1155.73	3124.08	0.999999	-0.00172171
-1155.74	3129.87	0.999999	-0.00159427
-1155.75	3135.67	0.999999	-0.00146682
-1155.76	3141.47	0.999999	-0.00133929
-1155.77	3147.27	0.999999	-0.00121184
-1155.77	3153.06	0.999999	-0.00108447
-1155.78	3158.85	1	-0.000956982
-1155.78	3164.64	1	-0.000829381
-1155.79	3170.43	1	-0.000701703
-1155.79	3176.22	1	-0.000574292
-1155.8	3182.01	1	-0.00044711
-1155.8	3187.79	1	-0.000319814
-1155.8	3193.58	1	-0.000192441
-1155.8	3199.36	1	-6.49538e-05
-1155.8	3205.14	1	6.23045e-05
-1155.8	3210.92	1	0.000189288
-1155.8	3216.7	1	0.000316394
-1155.8	3222.48	1	0.000443614
-1155.79	3228.25	1	0.000570643
-1155.79	3234.03	1	0.000697482
-1155.79	3239.8	1	0.000820163
-1155.78	3245.57	1	0.000928004
-1155.77	3251.34	0.999999	0.00102528
-1155.77	3257.11	0.999999	0.00112232
-1155.76	3262.88	0.999999	0.00121166
-1155.75	3268.64	0.999999	0.00127552
-1155.75	3274.41	0.999999	0.00132138
-1155.74	3280.17	0.999999	0.00136708
-1155.73	3285.93	0.999999	0.00141258
-1155.72	3291.69	0.999999	0.00145821
-1155.71	3297.45	0.999999	0.00150398
-1155.71	3303.21	0.999999	0.00154988
-1155.7	3308.96	0.999999	0.00158062
-1155.69	3314.72	0.999999	0.00157711
-1155.68	3320.47	0.999999	0.00155461
-1155.67	3326.22	0.999999	0.00153225
-1155.66	3331.97	0.999999	0.00150978
-1155.65	3337.72	0.999999	0.0014872
-1155.64	3343.47	0.999999	0.00146473
-1155.64	3349.22	0.999999	0.00146469
-1155.63	3354.96	0.999999	0.00154232
-1155.62	3360.71	0.999999	0.00172585
-1155.61	3366.45	0.999998	0.00199719
-1155.6	3372.19	0.999997	0.0023206
-1155.58	3377.93	0.999996	0.00265888
-1155.57	3383.67	0.999995	0.00301067
-1155.55	3389.4	0.999994	0.00337938
-1155.53	3395.14	0.999993	0.00375578
-1155.5	3400.87	0.999991	0.00415087
-1155.48	3406.6	0.999989	0.00459043
-1155.45	3412.34	0.999987	0.00510689
-1155.42	3418.07	0.999984	0.00566638
-1155.39	3423.79	0.999981	0.00623052
-1155.35	3429.52	0.999977	0.00678575
-1155.31	3435.25	0.999973	0.00734066
-1155.27	3440.97	0.999969	0.00789209
-1155.22	3446.69	0.999964	0.00843694
-1155.17	3452.41	0.99996	0.0089767
-1155.12	3458.13	0.999955	0.00951645
-1155.06	3463.85	0.999951	0.00991251
-1155.01	3469.57	0.999948	0.0101649
-1154.95	3475.28	0.999946	0.0104172
-1154.89	3481	0.999943	0.0106696
-1154.83	3486.71	0.99994	0.0109219
-1154.76	3492.42	0.999938	0.0111714
-1154.7	3498.13	0.999935	0.0114053
-1154.63	3503.84	0.999933	0.0116132
-1154.57	3509.55	0.99993	0.0118083
-1154.5	3515.26	0.99993	0.0118604
-1154.43	3520.96	0.999931	0.0117693
-1154.36	3526.66	0.999932	0.0116783
-1154.3	3532.37	0.999933	0.0115873
-1154.23	3538.07	0.999934	0.0114963
-1154.17	3543.76	0.999935	0.0114054
-1154.1	3549.46	0.999936	0.0113145
-1154.04	3555.16	0.999937	0.0112237
-1153.97	3560.85	0.999938	0.0111177
-1153.91	3566.55	0.99994	0.0109571
-1153.85	3572.24	0.999942	0.0107278
-1153.79	3577.93	0.999945	0.0104775
-1153.73	3583.62	0.999948	0.0102273
-1153.67	3589.31	0.99995	0.00997719
-1153.62	3595	0.999953	0.00972714
-1153.56	3600.68	0.999955	0.00947716
-1153.51	3606.37	0.999957	0.00922727
-1153.46	3612.05	0.99996	0.00897745
-1153.41	3617.73	0.999962	0.00872768
-1153.36	3623.41	0.999964	0.00847793
-1153.31	3629.09	0.999966	0.00822826
-1153.26	3634.77	0.999968	0.00798452
-1153.22	3640.44	0.99997	0.00776055
-1153.17	3646.12	0.999971	0.00755045
-1153.13	3651.79	0.999973	0.00733414
-1153.09	3657.46	0.999975	0.00711664
-1153.05	3663.7	0.999976	0.00688474
-1153.01	3668.8	0.999978	0.00670733
-1152.97	3674.47	0.999979	0.00652555
-1152.94	3680.14	0.99998	0.00634756
-1152.9	3685.8	0.999981	0.00617295
-1152.87	3691.47	0.999982	0.00600593
-1152.83	3697.13	0.999983	0.00586021
-1152.8	3702.79	0.999984	0.0057208
-1152.77	3708.45	0.999985	0.00547634
-1152.74	3714.11	0.999987	0.00511607
-1152.71	3720.33	0.999989	0.00471441
-1152.69	3725.42	0.99999	0.00438588
-1152.66	3731.08	0.999992	0.00402096
-1152.64	3737.29	0.999993	0.00361968
-1152.62	3742.38	0.999995	0.00330891
-1152.6	3748.03	0.999995	0.00301379
-1152.58	3754.24	0.999996	0.00276408
-1152.57	3759.33	0.999997	0.00261224
-1152.56	3764.97	0.999997	0.00248323
-1152.54	3770.62	0.999997	0.00248335
-1152.53	3776.83	0.999996	0.00266975
-1152.51	3782.47	0.999996	0.00283919
-1152.5	3787.55	0.999996	0.00299173
-1152.48	3793.75	0.999995	0.00322177
-1152.46	3798.82	0.999994	0.00349765
-1152.44	3804.46	0.999992	0.00389222
-1152.42	3810.1	0.999991	0.00432781
-1152.39	3815.73	0.999989	0.00476707
-1152.36	3821.36	0.999986	0.00520617
-1152.33	3827.56	0.999984	0.00568894
-1152.3	3832.63	0.999981	0.00608718
-1152.26	3838.25	0.999979	0.00654003
-1152.23	3843.88	0.999975	0.00700149
-1152.18	3850.07	0.999973	0.00736836
-1152.14	3855.13	0.999972	0.00753037
-1152.1	3860.76	0.99997	0.00771031
-1152.05	3866.94	0.999969	0.00790816
-1152.01	3872	0.999967	0.00807
-1151.97	3877.62	0.999966	0.00824402
-1151.92	3883.8	0.999965	0.00842584
-1151.87	3888.85	0.999963	0.00857453
-1151.82	3894.47	0.999962	0.0087397
-1151.77	3900.64	0.99996	0.00892135
-1151.72	3906.26	0.999959	0.0090864
-1151.67	3911.31	0.999957	0.00923492
-1151.62	3917.48	0.999956	0.0094164
-1151.57	3922.52	0.999954	0.00956481
-1151.51	3928.69	0.999953	0.00974616
-1151.46	3933.74	0.999951	0.00989451
-1151.4	3939.34	0.999949	0.0100593
-1151.35	3944.95	0.999948	0.0102241
-1151.29	3950.55	0.999947	0.0102769
-1151.23	3956.15	0.999948	0.0101736
-1151.17	3962.31	0.999949	0.0100861
-1151.11	3967.9	0.99995	0.010039
-1151.06	3972.94	0.99995	0.0100271
-1151.01	3978.54	0.99995	0.0100254
-1150.95	3984.13	0.99995	0.0100121
-1150.89	3989.72	0.99995	0.00997339
-1150.84	3995.31	0.999951	0.00992225
-1150.78	4001.46	0.999951	0.00986609
-1150.72	4007.05	0.999952	0.009808
-1150.67	4012.64	0.999953	0.00973956
-1150.62	4017.67	0.999953	0.00967516
-1150.57	4023.25	0.999954	0.00960369
-1150.51	4029.39	0.999955	0.00952519
-1150.46	4034.42	0.999955	0.00946089
-1150.41	4040	0.999956	0.00938941
-1150.35	4046.13	0.999957	0.00931074
-1150.3	4051.15	0.999957	0.00924645
-1150.25	4057.29	0.999958	0.00916803
-1150.2	4062.31	0.999959	0.00910384
-1150.15	4067.88	0.999959	0.00903247
-1150.09	4074.01	0.99996	0.00895404
-1150.05	4079.02	0.99996	0.00888995
-1150	4085.15	0.999961	0.00881156
-1149.95	4090.72	0.999962	0.00874027
-1149.9	4095.73	0.999962	0.00867281
-1149.85	4101.85	0.999963	0.00857834
-1149.8	4107.42	0.999964	0.00848477
-1149.76	4112.43	0.999965	0.00839808
-1149.71	4118.54	0.999966	0.00824247
-1149.67	4123.55	0.999968	0.00802834
-1149.62	4129.11	0.99997	0.00772678
-1149.58	4135.22	0.999973	0.00738972
-1149.54	4140.78	0.999975	0.00708776
-1149.5	4146.33	0.999977	0.0067787
-1149.46	4151.89	0.999979	0.0064556
-1149.43	4157.44	0.999981	0.00612556
-1149.39	4162.99	0.999983	0.00579552
-1149.36	4168.54	0.999985	0.00546551
-1149.33	4174.09	0.999987	0.00513555
-1149.3	4179.64	0.999988	0.00480882
-1149.28	4185.19	0.99999	0.00449247
-1149.26	4190.18	0.999991	0.00422556
-1149.23	4196.28	0.999992	0.00393324
-1149.21	4201.82	0.999993	0.00369685
-1149.19	4206.81	0.999994	0.00349102
-1149.17	4212.9	0.999995	0.00323447
-1149.15	4218.44	0.999995	0.00300124
-1149.14	4223.98	0.999996	0.00276801
-1149.12	4229.51	0.999997	0.00253494
-1149.11	4235.05	0.999997	0.00230201
-1149.1	4240.58	0.999998	0.00206909
-1149.09	4246.11	0.999998	0.0018362
-1149.08	4251.64	0.999998	0.00174106
-1149.07	4257.17	0.999998	0.00178363
-1149.06	4262.7	0.999998	0.00182617
-1149.05	4268.23	0.999998	0.00186866
-1149.04	4273.75	0.999998	0.00191116
-1149.03	4279.28	0.999998	0.00181625
-1149.02	4284.8	0.999999	0.00158393
-1149.01	4290.32	0.999999	0.00135162
-1149	4295.84	0.999999	0.0011193
-1149	4301.36	1	0.000887141
-1148.99	4306.88	1	0.000655131
-1148.99	4312.4	1	0.000423121
-1148.99	4317.91	1	0.000191112
-1148.99	4323.43	1	-4.08983e-05
-1148.99	4328.94	1	-0.000272756
-1148.99	4334.45	1	-0.00050446
-1148.99	4339.96	1	-0.000736165
-1149	4345.47	1	-0.00096787
-1149	4350.98	0.999999	-0.00119942
-1149.01	4356.48	0.999999	-0.00143082
-1149.02	4361.99	0.999999	-0.00166222
-1149.03	4367.49	0.999998	-0.00189362
-1149.04	4372.99	0.999998	-0.00212502
-1149.05	4378.5	0.999997	-0.00235626
-1149.06	4384	0.999997	-0.00258736
-1149.08	4389.49	0.999996	-0.00281845
-1149.09	4394.99	0.999995	-0.00304955
-1149.11	4400.49	0.999995	-0.00328049
-1149.13	4405.98	0.999994	-0.00351127
-1149.15	4411.47	0.999993	-0.00374206
-1149.17	4416.97	0.999992	-0.00397285
-1149.19	4422.46	0.999991	-0.00420364
-1149.22	4427.95	0.99999	-0.00443427
-1149.24	4433.44	0.999989	-0.00466475
-1149.27	4438.92	0.999988	-0.00489523
-1149.3	4444.41	0.999987	-0.00512571
-1149.32	4449.89	0.999986	-0.00521288
-1149.35	4455.37	0.999987	-0.00514971
-1149.38	4460.86	0.999987	-0.00507551
-1149.41	4466.34	0.999988	-0.00499735
-1149.44	4471.82	0.999988	-0.00491923
-1149.46	4477.29	0.999988	-0.0048281
-1149.49	4482.77	0.999989	-0.00469596
-1149.51	4488.25	0.99999	-0.00448081
-1149.54	4493.72	0.999991	-0.00414165
-1149.56	4499.19	0.999993	-0.00367153
-1149.58	4504.66	0.999995	-0.00310154
-1149.59	4510.13	0.999997	-0.00248673
-1149.61	4515.6	0.999998	-0.00186509
-1149.61	4521.07	0.999999	-0.00124363
-1149.62	4526.54	1	-0.000622373
-1149.62	4532	1	-1.26362e-06
-1149.62	4537.47	1	0.000619655
-1149.62	4542.93	0.999999	0.00124038
-1149.61	4548.39	0.999999	0.00172546
-1149.6	4553.85	0.999998	0.00207889
-1149.59	4559.31	0.999997	0.00246009
-1149.57	4564.77	0.999996	0.00287501
-1149.56	4570.22	0.999995	0.00329985
-1149.54	4575.69	0.999993	0.00372553
-1149.51	4581.17	0.999991	0.00415323
-1149.49	4586.67	0.999989	0.00458376
-1149.46	4592.19	0.999987	0.00501756
-1149.44	4597.73	0.999984	0.00558754
-1149.4	4603.28	0.99998	0.00628478
-1149.37	4608.83	0.999976	0.00696451
-1149.33	4614.38	0.999971	0.00763386
-1149.28	4619.93	0.999966	0.00830335
-1149.24	4625.49	0.999961	0.00883846
-1149.19	4631.06	0.999957	0.00927473
-1149.13	4636.65	0.999952	0.0097988
-1149.08	4642.26	0.999946	0.0103914
-1149.02	4647.89	0.999939	0.0110026
-1148.95	4653.55	0.999932	0.0116188
-1148.88	4659.23	0.999925	0.0122473
-1148.81	4664.93	0.999917	0.0128906
-1148.74	4670.66	0.999908	0.0135415
-1148.66	4676.41	0.999901	0.0140497
-1148.58	4682.18	0.999896	0.0144152
-1148.49	4687.98	0.999891	0.0147847
-1148.41	4693.8	0.999885	0.0151584
-1148.32	4699.64	0.999879	0.0155363
-1148.22	4705.5	0.999873	0.0159124
-1148.13	4711.39	0.999867	0.0162864
-1148.03	4717.28	0.999861	0.0166627
-1147.93	4723.17	0.999855	0.0170395
-1147.83	4729.06	0.999848	0.0174144
-1147.73	4734.94	0.999842	0.017784
-1147.62	4740.83	0.999835	0.0181468
-1147.52	4746.71	0.999829	0.0185017
-1147.41	4752.6	0.999822	0.0188442
-1147.29	4758.48	0.999816	0.0191684
-1147.18	4764.36	0.99981	0.0194697
-1147.07	4770.23	0.999805	0.0197587
-1146.95	4776.11	0.999799	0.0200476
-1146.83	4781.99	0.999796	0.0201883
-1146.71	4787.86	0.999796	0.0201778
-1146.59	4793.73	0.999797	0.0201637
-1146.48	4799.6	0.999797	0.0201461
-1146.36	4805.47	0.999798	0.0200946
-1146.24	4811.34	0.999804	0.0198161
-1146.12	4817.21	0.999814	0.019292
-1146.01	4823.07	0.999825	0.0187111
-1145.9	4828.93	0.999836	0.0181226
-1145.8	4834.8	0.999846	0.0175344
-1145.7	4840.66	0.999856	0.0169511
-1145.6	4846.52	0.999866	0.0163721
-1145.51	4852.38	0.999875	0.0157929
-1145.41	4858.23	0.999884	0.0152136
-1145.33	4864.09	0.999893	0.0146349
-1145.24	4869.94	0.999901	0.0140568
-1145.16	4875.8	0.999909	0.0135046
-1145.08	4881.65	0.999915	0.0130609
-1145.01	4887.5	0.999919	0.0127295
-1144.93	4893.35	0.999923	0.0124321
-1144.86	4899.19	0.999926	0.0121346
-1144.79	4905.04	0.99993	0.0118325
-1144.72	4910.88	0.999934	0.0115302
-1144.66	4916.73	0.999935	0.0113754
-1144.59	4922.57	0.999935	0.0113681
-1144.52	4928.41	0.999935	0.0113607
-1144.46	4934.25	0.999936	0.0113498
-1144.39	4940.08	0.999936	0.0113354
-1144.33	4945.92	0.999933	0.0116152
-1144.26	4951.75	0.999926	0.0121999
-1144.18	4957.59	0.999918	0.0127952
-1144.11	4963.42	0.999911	0.0133611
-1144.03	4969.25	0.999903	0.0139245
-1143.95	4975.08	0.999899	0.0142207
-1143.86	4980.9	0.999904	0.0138693
-1143.78	4986.73	0.999917	0.0128469
-1143.71	4992.55	0.999939	0.0110786
-1143.65	4998.38	0.999965	0.00840158
-1143.61	5004.2	0.999989	0.00478277
-1143.6	5010.02	1	0.000405345
-1143.6	5015.84	0.99999	-0.00436992
-1143.64	5021.65	0.999955	-0.00944231
-1143.71	5027.47	0.999887	-0.0150413
-1143.81	5033.28	0.999773	-0.0212925
-1143.95	5039.1	0.999604	-0.0281505
-1144.13	5044.9	0.999366	-0.035596
-1144.36	5050.71	0.99875	-0.0499824
-1144.7	5056.51	0.997474	-0.071037
-1145.16	5062.3	0.995749	-0.0921135
-1145.75	5068.08	0.993562	-0.113287
-1146.45	5073.84	0.990856	-0.134925
-1147.29	5079.59	0.987511	-0.157551
-1148.26	5085.31	0.983512	-0.180845
-1149.36	5091.01	0.97896	-0.204054
-1150.6	5096.67	0.973898	-0.226984
-1151.97	5102.31	0.968577	-0.248714
-1153.46	5107.92	0.963067	-0.269262
-1155.06	5113.49	0.957187	-0.289472
-1156.79	5119.02	0.950985	-0.309237
-1158.63	5124.52	0.944518	-0.32846
-1160.57	5129.98	0.940283	-0.340394
-1162.55	5135.42	0.938618	-0.344957
-1164.56	5140.86	0.937284	-0.348568
-1166.58	5146.28	0.93635	-0.351068
-1168.62	5151.7	0.935745	-0.352678
-1170.66	5157.12	0.935594	-0.353077
-1172.71	5162.53	0.935818	-0.352484
-1174.74	5167.95	0.936099	-0.351737
-1176.78	5173.36	0.936366	-0.351024
-1178.81	5178.78	0.936512	-0.350636
-1180.83	5184.19	0.936412	-0.350901
-1182.86	5189.61	0.936019	-0.35195
-1184.9	5195.01	0.935332	-0.353772
-1186.95	5200.42	0.934326	-0.356419
-1189.02	5205.81	0.93296	-0.35998
-1191.1	5211.19	0.931182	-0.364554
-1193.22	5216.57	0.928988	-0.37011
-1195.37	5221.92	0.92648	-0.376343
-1197.56	5227.26	0.923792	-0.382894
-1199.78	5232.59	0.920868	-0.389875
-1202.05	5237.89	0.917603	-0.397497
-1204.36	5243.17	0.914016	-0.405677
-1206.72	5248.43	0.910177	-0.414221
-1209.13	5253.67	0.90459	-0.426282
-1211.62	5258.87	0.897042	-0.441945
-1214.2	5264.02	0.888876	-0.458148
-1216.88	5269.12	0.879956	-0.475055
-1219.66	5274.16	0.870218	-0.492666
-1222.53	5279.15	0.859954	-0.510372
-1225.51	5284.07	0.849408	-0.527737
-1228.59	5288.93	0.838514	-0.54488
-1231.76	5293.73	0.82729	-0.561776
-1235.03	5298.46	0.81573	-0.578433
-1238.39	5303.13	0.803996	-0.594634
-1241.85	5307.72	0.792118	-0.610368
-1245.39	5312.25	0.779935	-0.625861
-1249.02	5316.7	0.767452	-0.641106
-1252.74	5321.08	0.754302	-0.656528
-1256.55	5325.38	0.740462	-0.672098
-1260.44	5329.6	0.726305	-0.687373
-1264.42	5333.74	0.711836	-0.702345
-1268.49	5337.79	0.697063	-0.71701
-1272.63	5341.75	0.682724	-0.730677
-1276.86	5345.64	0.668865	-0.743384
-1281.15	5349.44	0.654774	-0.755824
-1285.51	5353.16	0.640456	-0.767995
-1289.94	5356.8	0.625916	-0.779891
-1294.43	5360.35	0.612069	-0.790805
-1298.99	5363.83	0.598957	-0.800781
-1303.6	5367.23	0.585687	-0.810538
-1308.26	5370.56	0.572262	-0.820071
-1312.98	5373.8	0.559867	-0.828583
-1317.74	5376.98	0.54854	-0.836124
-1322.54	5380.09	0.537116	-0.843508
-1327.38	5383.14	0.525597	-0.850733
-1332.26	5386.12	0.513985	-0.857799
-1337.19	5389.03	0.50105	-0.865418
-1342.15	5391.86	0.486762	-0.873535
-1347.16	5394.61	0.472347	-0.881413
-1352.22	5397.28	0.457809	-0.88905
-1357.31	5399.86	0.44187	-0.897079
-1362.46	5402.34	0.424499	-0.905428
-1367.65	5404.73	0.406975	-0.913439
-1372.88	5407.01	0.389305	-0.921109
-1378.15	5409.19	0.371496	-0.928435
-1383.47	5411.27	0.35529	-0.934756
-1388.81	5413.27	0.340729	-0.940162
-1394.19	5415.18	0.326089	-0.945339
-1399.59	5417	0.311376	-0.950287
-1405.02	5418.74	0.290833	-0.956774
-1406.11	5419.07	0.288194	-0.957572
-1406.11	5419.07	0.288194	-0.957572
-1406.11	5419.07	0.288194	-0.957572
-1406.11	5419.07	0.288194	-0.957572
-1406.11	5419.07	0.288194	-0.957572
-1406.11	5419.07	0.288194	-0.957572
-1406.11	5419.07	0.288194	-0.957572
-1406.11	5419.07	0.288194	-0.957572
-1406.11	5419.07	0.288194	-0.957572
-1406.11	5419.07	0.288194	-0.957572
-1406.11	5419.07	0.288194	-0.957572
-1406.11	5419.07	0.288194	-0.957572
-1406.11	5419.07	0.288194	-0.957572
-1406.11	5419.07	0.288194	-0.957572
-1406.11	5419.07	0.288194	-0.957572
-1406.11	5419.07	0.288194	-0.957572
-1406.11	5419.07	0.288194	-0.957572
-1406.11	5419.07	0.288194	-0.957572
-1406.11	5419.07	0.288194	-0.957572
-1406.11	5419.07	0.288194	-0.957572
-1406.11	5419.07	0.288194	-0.957572
-1406.11	5419.07	0.288194	-0.957572
-1406.11	5419.07	0.288194	-0.957572
-1406.11	5419.07	0.288194	-0.957572
-1406.11	5419.07	0.288194	-0.957572
-1406.11	5419.07	0.288194	-0.957572
-1406.11	5419.07	0.288194	-0.957572
-1406.11	5419.07	0.288194	-0.957572
-1406.11	5419.07	0.288194	-0.957572
-1406.11	5419.07	0.288194	-0.957572
-1406.11	5419.07	0.288194	-0.957572
-1406.11	5419.07	0.288194	-0.957572
-1406.11	5419.07	0.288194	-0.957572
-1406.11	5419.07	0.288194	-0.957572
-1406.11	5419.07	0.288194	-0.957572
-1406.11	5419.07	0.288194	-0.957572
-1406.11	5419.07	0.288194	-0.957572
-1406.11	5419.07	0.288194	-0.957572
-1406.11	5419.07	0.288194	-0.957572
-1406.11	5419.07	0.288194	-0.957572
-1406.11	5419.07	0.288194	-0.957572
-1406.11	5419.07	0.288194	-0.957572
-1406.11	5419.07	0.288194	-0.957572
-1406.11	5419.07	0.288194	-0.957572
-1406.11	5419.07	0.288194	-0.957572
-1406.11	5419.07	0.288194	-0.957572
-1406.11	5419.07	0.288194	-0.957572
-1406.11	5419.07	0.288194	-0.957572
-1406.11	5419.07	0.288194	-0.957572
-1406.11	5419.07	0.288194	-0.957572
-1406.11	5419.07	0.288194	-0.957572
-1406.11	5419.07	0.288194	-0.957572
-1406.11	5419.07	0.288194	-0.957572
-1406.11	5419.07	0.288194	-0.957572
-1406.11	5419.07	0.288194	-0.957572
-1406.11	5419.07	0.288194	-0.957572
-1406.11	5419.07	0.288194	-0.957572
-1406.11	5419.07	0.288194	-0.957572
-1406.11	5419.07	0.288194	-0.957572
-1406.11	5419.07	0.288194	-0.957572
-1406.11	5419.07	0.288194	-0.957572
-1406.11	5419.07	0.288194	-0.957572
-1406.11	5419.07	0.288194	-0.957572
-1406.11	5419.07	0.288194	-0.957572
-1406.11	5419.07	0.288194	-0.957572
-1406.11	5419.07	0.288194	-0.957572
-1406.11	5419.07	0.288194	-0.957572
-1406.11	5419.07	0.288194	-0.957572
-1406.11	5419.07	0.288194	-0.957572
-1406.11	5419.07	0.288194	-0.957572
-1406.11	5419.07	0.288194	-0.957572
-1406.11	5419.07	0.288194	-0.957572
-1406.11	5419.07	0.288194	-0.957572
-1406.11	5419.07	0.288194	-0.957572
-1406.11	5419.07	0.288194	-0.957572
-1406.11	5419.07	0.288194	-0.957572
-1406.11	5419.07	0.288194	-0.957572
-1406.11	5419.07	0.288194	-0.957572
-1406.11	5419.07	0.288194	-0.957572
-1406.11	5419.07	0.288194	-0.957572
-1406.11	5419.07	0.288194	-0.957572
-1406.11	5419.07	0.288194	-0.957572
-1406.11	5419.07	0.288194	-0.957572
-1406.11	5419.07	0.288194	-0.957572
-1406.11	5419.07	0.288194	-0.957572
-1406.11	5419.07	0.288194	-0.957572
-1406.11	5419.07	0.288194	-0.957572
-1406.11	5419.07	0.288194	-0.957572
-1406.11	5419.07	0.288194	-0.957572
-1406.11	5419.07	0.288194	-0.957572
-1406.11	5419.07	0.288194	-0.957572
-1406.11	5419.07	0.288194	-0.957572
-1406.11	5419.07	0.288194	-0.957572
-1406.11	5419.07	0.288194	-0.957572
-1406.11	5419.07	0.288194	-0.957572
-1406.11	5419.07	0.288194	-0.957572
-1406.11	5419.07	0.288194	-0.957572
-1406.11	5419.07	0.288194	-0.957572
-1406.11	5419.07	0.288194	-0.957572
-1406.11	5419.07	0.288194	-0.957572
-1406.11	5419.07	0.288194	-0.957572
-1406.11	5419.07	0.288194	-0.957572
-1406.11	5419.07	0.288194	-0.957572
-1406.11	5419.07	0.288194	-0.957572
-1406.11	5419.07	0.288194	-0.957572
-1406.11	5419.07	0.288194	-0.957572
-1406.11	5419.07	0.288194	-0.957572
-1406.11	5419.07	0.288194	-0.957572
-1406.11	5419.07	0.288194	-0.957572
-1406.11	5419.07	0.288194	-0.957572
-1406.11	5419.07	0.288194	-0.957572
-1406.11	5419.07	0.288194	-0.957572
-1406.11	5419.07	0.288194	-0.957572
-1406.11	5419.07	0.288194	-0.957572
-1406.11	5419.07	0.288194	-0.957572
-1406.11	5419.07	0.288194	-0.957572
-1406.11	5419.07	0.288194	-0.957572
-1406.11	5419.07	0.288194	-0.957572
-1406.11	5419.07	0.288194	-0.957572
-1406.11	5419.07	0.288194	-0.957572
-1406.11	5419.07	0.288194	-0.957572
-1406.11	5419.07	0.288194	-0.957572
-1406.11	5419.07	0.288194	-0.957572
-1406.11	5419.07	0.288194	-0.957572
-1406.11	5419.07	0.288194	-0.957572
-1406.11	5419.07	0.288194	-0.957572
-1406.11	5419.07	0.288194	-0.957572
