1300	-5000	1	0
1300	-5000	1	0
1300	-5000	1	0
1300	-5000	1	0
1300	-5000	1	0
1300	-5000	1	0
1300	-5000	1	0
1300	-5000	1	0
1300	-5000	1	0
1300	-5000	1	0
1300	-5000	1	0
1300	-5000	1	-1.80645e-05
1300	-5000	1	-7.22586e-05
1300	-5000	1	-0.000162583
1300	-5000	1	-0.00028904
1300	-5000	1	-0.000451631
1300	-4999.99	1	-0.000650355
1300	-4999.99	1	-0.000885215
1300	-4999.99	0.999999	-0.00115621
1300	-4999.99	0.999999	-0.00146335
1300	-4999.98	0.999998	-0.00180662
1300	-4999.98	0.999998	-0.00218604
1300	-4999.98	0.999997	-0.00260159
1300	-4999.97	0.999995	-0.00305329
1300	-4999.97	0.999994	-0.00354113
1300	-4999.96	0.999992	-0.00406512
1300	-4999.96	0.999989	-0.00462525
1300	-4999.95	0.999986	-0.00522152
1300	-4999.95	0.999983	-0.00585395
1300	-4999.94	0.999979	-0.00652252
1300	-4999.94	0.999974	-0.00722723
1300	-4999.93	0.999968	-0.0079681
1300	-4999.92	0.999962	-0.00874511
1300	-4999.92	0.999954	-0.00955828
1300	-4999.91	0.999946	-0.0104076
1300	-4999.9	0.999936	-0.011293
1300	-4999.89	0.999925	-0.0122146
1300	-4999.89	0.999913	-0.0131724
1300	-4999.88	0.999899	-0.0141811
1300	-4999.87	0.999882	-0.0153744
1300	-4999.85	0.999855	-0.0170454
1300	-4999.83	0.999809	-0.019565
1300	-4999.8	0.999728	-0.0233352
1300	-4999.75	0.999588	-0.0287052
1299.99	-4999.69	0.999355	-0.0359039
1299.99	-4999.61	0.998986	-0.0450171
1299.99	-4999.52	0.998428	-0.0560454
1299.98	-4999.41	0.997618	-0.0689875
1299.97	-4999.28	0.996479	-0.0838397
1299.96	-4999.14	0.994927	-0.100596
1299.94	-4998.97	0.992865	-0.119245
1299.92	-4998.8	0.990184	-0.139771
1299.89	-4998.6	0.986765	-0.162155
1299.85	-4998.4	0.98469	-0.174317
1299.81	-4998.17	0.984504	-0.175361
1299.77	-4997.93	0.98429	-0.176561
1299.72	-4997.67	0.984046	-0.177916
1299.67	-4997.4	0.9838	-0.179268
1299.62	-4997.11	0.983554	-0.180617
1299.56	-4996.8	0.983306	-0.181962
1299.5	-4996.47	0.983018	-0.18351
1299.44	-4996.13	0.98269	-0.18526
1299.37	-4995.78	0.982359	-0.187007
1299.3	-4995.41	0.982025	-0.188752
1299.23	-4995.02	0.981653	-0.190674
1299.15	-4994.61	0.981243	-0.192774
1299.06	-4994.19	0.980829	-0.194872
1298.98	-4993.75	0.98041	-0.196969
1298.88	-4993.3	0.979957	-0.199211
1298.79	-4992.83	0.979468	-0.2016
1298.69	-4992.34	0.978974	-0.203987
1298.58	-4991.84	0.978473	-0.206373
1298.47	-4991.32	0.97793	-0.208932
1298.36	-4990.79	0.977343	-0.211662
1298.24	-4990.24	0.976748	-0.214392
1298.11	-4989.67	0.976145	-0.21712
1297.98	-4989.09	0.975491	-0.220039
1297.85	-4988.49	0.974784	-0.223148
1297.71	-4987.88	0.974067	-0.226262
1297.56	-4987.25	0.973332	-0.2294
1297.41	-4986.6	0.972534	-0.23276
1297.25	-4985.94	0.971658	-0.236391
1297.08	-4985.26	0.970727	-0.240186
1296.91	-4984.57	0.969732	-0.244171
1296.73	-4983.86	0.96867	-0.248353
1296.52	-4983.06	0.967355	-0.253426
1296.33	-4982.32	0.966048	-0.258364
1296.12	-4981.57	0.9647	-0.263351
1295.93	-4980.88	0.963459	-0.267857
1295.71	-4980.09	0.961993	-0.273076
1295.48	-4979.29	0.960405	-0.278607
1295.25	-4978.48	0.958777	-0.284159
1295	-4977.65	0.957109	-0.289726
1294.74	-4976.81	0.955362	-0.295438
1294.45	-4975.87	0.953325	-0.301948
1294.2	-4975.09	0.951616	-0.307289
1293.91	-4974.2	0.949674	-0.313241
1293.61	-4973.3	0.947638	-0.319347
1293.3	-4972.39	0.945481	-0.325676
1292.98	-4971.47	0.943272	-0.33202
1292.65	-4970.53	0.94101	-0.338379
1292.3	-4969.57	0.93865	-0.344871
1291.91	-4968.51	0.935916	-0.352222
1291.53	-4967.53	0.933369	-0.358917
1291.19	-4966.64	0.931026	-0.364952
1290.79	-4965.63	0.928234	-0.371996
1290.38	-4964.62	0.925176	-0.379538
1289.95	-4963.59	0.922044	-0.387086
1289.51	-4962.55	0.918837	-0.394637
1289.06	-4961.5	0.915524	-0.402263
1288.54	-4960.33	0.911738	-0.410773
1288.1	-4959.36	0.908569	-0.417736
1287.6	-4958.28	0.904972	-0.425472
1287.08	-4957.18	0.901294	-0.433207
1286.54	-4956.08	0.897491	-0.441033
1285.99	-4954.96	0.893535	-0.448993
1285.42	-4953.83	0.889494	-0.456947
1284.83	-4952.7	0.885366	-0.464895
1284.22	-4951.55	0.881103	-0.472924
1283.53	-4950.29	0.876232	-0.481889
1282.95	-4949.24	0.872164	-0.489214
1282.29	-4948.07	0.867555	-0.497341
1281.61	-4946.89	0.862806	-0.505535
1280.91	-4945.7	0.857889	-0.513836
1280.19	-4944.51	0.852874	-0.522118
1279.45	-4943.31	0.84776	-0.53038
1278.61	-4941.98	0.842	-0.539478
1277.82	-4940.77	0.836634	-0.547762
1277.1	-4939.67	0.831719	-0.555197
1276.27	-4938.44	0.826161	-0.563434
1275.42	-4937.21	0.820502	-0.571643
1274.56	-4935.98	0.81464	-0.579966
1273.67	-4934.74	0.80852	-0.588469
1272.75	-4933.49	0.802289	-0.596935
1271.72	-4932.12	0.795308	-0.606205
1270.76	-4930.87	0.788739	-0.614728
1269.87	-4929.74	0.782632	-0.622485
1268.86	-4928.48	0.775735	-0.631059
1267.83	-4927.23	0.768721	-0.639584
1266.78	-4925.97	0.76242	-0.647083
1265.7	-4924.71	0.757278	-0.653093
1264.6	-4923.44	0.752066	-0.659087
1263.48	-4922.17	0.746785	-0.665066
1262.22	-4920.77	0.741071	-0.671427
1261.18	-4919.62	0.736509	-0.676427
1259.99	-4918.34	0.73138	-0.68197
1258.67	-4916.93	0.725662	-0.688051
1257.44	-4915.64	0.72047	-0.693486
1256.19	-4914.35	0.715289	-0.698829
1254.92	-4913.06	0.710045	-0.704157
1253.63	-4911.77	0.704736	-0.709469
1252.32	-4910.47	0.699404	-0.714726
1250.99	-4909.18	0.694049	-0.719928
1249.63	-4907.88	0.688631	-0.725112
1248.26	-4906.58	0.683149	-0.730279
1246.86	-4905.28	0.677603	-0.735428
1245.44	-4903.98	0.671976	-0.740573
1243.99	-4902.67	0.666267	-0.745714
1242.53	-4901.37	0.660492	-0.750833
1241.04	-4900.07	0.654652	-0.75593
1239.53	-4898.77	0.64869	-0.761053
1238	-4897.47	0.642603	-0.766199
1236.44	-4896.18	0.636449	-0.771319
1234.86	-4894.88	0.630228	-0.77641
1233.26	-4893.59	0.624066	-0.781372
1231.63	-4892.3	0.617967	-0.786204
1229.98	-4891.01	0.611803	-0.79101
1228.31	-4889.73	0.605575	-0.795788
1226.61	-4888.44	0.599428	-0.800429
1224.89	-4887.17	0.593366	-0.804933
1223.15	-4885.89	0.587271	-0.80939
1221.39	-4884.62	0.58116	-0.813789
1219.6	-4883.35	0.575107	-0.818078
1217.79	-4882.08	0.569162	-0.822225
1215.96	-4880.82	0.563353	-0.826216
1214.1	-4879.57	0.557782	-0.829987
1212.23	-4878.31	0.552504	-0.83351
1210.33	-4877.06	0.546823	-0.837248
1208.4	-4875.81	0.540873	-0.841104
1206.46	-4874.57	0.535456	-0.844563
1204.5	-4873.34	0.530465	-0.847707
1202.53	-4872.11	0.525216	-0.850969
1200.54	-4870.88	0.519464	-0.854492
1198.53	-4869.67	0.513645	-0.858003
1196.51	-4868.47	0.507847	-0.861447
1194.47	-4867.28	0.502256	-0.864719
1192.42	-4866.09	0.496835	-0.867845
1190.36	-4864.92	0.49141	-0.870928
1188.28	-4863.75	0.486016	-0.87395
1186.19	-4862.6	0.48069	-0.876891
1184.1	-4861.46	0.475402	-0.879769
1182	-4860.33	0.470099	-0.882614
1179.89	-4859.21	0.464779	-0.885427
1177.77	-4858.1	0.462816	-0.886454
1175.65	-4857	0.464223	-0.885719
1173.54	-4855.89	0.465628	-0.884981
1171.43	-4854.77	0.467032	-0.88424
1169.32	-4853.66	0.468962	-0.883218
1167.21	-4852.53	0.471416	-0.881911
1165.1	-4851.41	0.47386	-0.8806
1163	-4850.27	0.476293	-0.879287
1160.9	-4849.13	0.478723	-0.877966
1158.81	-4847.99	0.48123	-0.876594
1156.73	-4846.84	0.483808	-0.875174
1154.67	-4845.7	0.486372	-0.873752
1152.63	-4844.56	0.488926	-0.872325
1150.62	-4843.43	0.491435	-0.870914
1148.63	-4842.31	0.493903	-0.869517
1146.66	-4841.18	0.496363	-0.868115
1144.7	-4840.06	0.498816	-0.866708
1142.77	-4838.95	0.501261	-0.865296
1140.86	-4837.84	0.502852	-0.864373
1138.97	-4836.74	0.503591	-0.863942
1137.1	-4835.65	0.504328	-0.863512
1135.24	-4834.56	0.505064	-0.863082
1133.41	-4833.49	0.505785	-0.862659
1131.59	-4832.42	0.506493	-0.862244
1129.79	-4831.36	0.507199	-0.861829
1128.01	-4830.31	0.507902	-0.861415
1126.25	-4829.27	0.508519	-0.86105
1124.51	-4828.24	0.509051	-0.860737
1122.78	-4827.23	0.50958	-0.860423
1121.08	-4826.22	0.510107	-0.860111
1119.39	-4825.22	0.509123	-0.860694
1117.72	-4824.23	0.506624	-0.862167
1116.07	-4823.26	0.504123	-0.863632
1114.43	-4822.31	0.50162	-0.865088
1112.81	-4821.37	0.499108	-0.86654
1111.21	-4820.45	0.496585	-0.867988
1109.62	-4819.54	0.494068	-0.869423
1108.04	-4818.65	0.491586	-0.870829
1106.48	-4817.77	0.489179	-0.872184
1104.94	-4816.91	0.486773	-0.873528
1103.41	-4816.06	0.484399	-0.874847
1101.9	-4815.23	0.482158	-0.876084
1100.41	-4814.41	0.479981	-0.877279
1098.94	-4813.6	0.47793	-0.878398
1097.33	-4812.73	0.4758	-0.879553
1096.03	-4812.03	0.474051	-0.880497
1094.61	-4811.26	0.472099	-0.881545
1093.2	-4810.51	0.470098	-0.882614
1091.81	-4809.77	0.468046	-0.883704
1090.3	-4808.98	0.465799	-0.884891
1089.08	-4808.34	0.464	-0.885835
1087.75	-4807.64	0.464805	-0.885413
1086.43	-4806.94	0.468433	-0.883499
1085.14	-4806.25	0.472171	-0.881507
1083.87	-4805.57	0.476034	-0.879427
1082.62	-4804.89	0.480125	-0.8772
1081.39	-4804.22	0.484449	-0.87482
1080.19	-4803.55	0.488889	-0.872346
1079.01	-4802.88	0.493318	-0.869849
1077.85	-4802.22	0.497704	-0.867347
1076.71	-4801.57	0.501959	-0.864892
1075.59	-4800.92	0.506041	-0.862509
1074.5	-4800.27	0.510082	-0.860126
1073.43	-4799.63	0.514082	-0.857741
1072.38	-4799	0.517881	-0.855453
1071.35	-4798.38	0.521402	-0.853311
1070.34	-4797.76	0.524878	-0.851178
1069.36	-4797.15	0.528304	-0.849055
1068.39	-4796.55	0.531405	-0.847118
1067.45	-4795.95	0.534039	-0.84546
1066.53	-4795.37	0.53664	-0.843811
1065.62	-4794.79	0.53921	-0.842171
1064.74	-4794.22	0.541574	-0.840653
1063.88	-4793.67	0.543644	-0.839316
1063.03	-4793.12	0.545683	-0.837991
1062.21	-4792.58	0.547693	-0.836679
1061.4	-4792.05	0.549674	-0.835379
1060.62	-4791.54	0.551588	-0.834117
1059.85	-4791.03	0.553419	-0.832903
1059.1	-4790.53	0.555227	-0.831699
1058.38	-4790.05	0.557009	-0.830506
1057.67	-4789.57	0.558711	-0.829363
1056.98	-4789.1	0.560306	-0.828286
1056.24	-4788.61	0.562029	-0.827118
1055.59	-4788.16	0.563566	-0.826071
1054.96	-4787.73	0.565064	-0.825047
1054.35	-4787.31	0.566523	-0.824046
1053.76	-4786.9	0.567955	-0.823059
1053.18	-4786.51	0.56936	-0.822088
1052.63	-4786.12	0.5707	-0.821158
1052.09	-4785.75	0.571984	-0.820265
1051.56	-4785.38	0.573268	-0.819368
1051.02	-4785	0.574557	-0.818464
1050.49	-4784.63	0.575279	-0.817957
1049.96	-4784.26	0.575435	-0.817848
1049.43	-4783.88	0.57559	-0.817738
1048.9	-4783.51	0.575747	-0.817628
1048.36	-4783.13	0.575907	-0.817515
1047.81	-4782.74	0.576197	-0.817311
1047.25	-4782.35	0.576622	-0.817011
1046.68	-4781.94	0.577065	-0.816698
1046.09	-4781.53	0.577526	-0.816372
1045.49	-4781.1	0.57785	-0.816143
1044.88	-4780.67	0.578037	-0.81601
1044.25	-4780.22	0.578243	-0.815865
1043.61	-4779.77	0.578467	-0.815706
1042.95	-4779.3	0.578706	-0.815536
1042.29	-4778.83	0.578961	-0.815355
1041.61	-4778.35	0.579234	-0.815161
1040.91	-4777.85	0.579525	-0.814954
1040.2	-4777.35	0.579781	-0.814772
1039.48	-4776.83	0.580002	-0.814615
1038.75	-4776.31	0.58024	-0.814445
1038	-4775.78	0.580497	-0.814262
1037.23	-4775.23	0.580773	-0.814066
1036.46	-4774.68	0.581031	-0.813881
1035.67	-4774.12	0.581273	-0.813709
1034.87	-4773.54	0.581532	-0.813523
1034.05	-4772.96	0.58181	-0.813325
1033.22	-4772.37	0.581918	-0.813248
1032.38	-4771.76	0.581856	-0.813292
1031.52	-4771.15	0.581838	-0.813305
1030.65	-4770.53	0.581924	-0.813243
1029.77	-4769.9	0.581972	-0.813209
1028.87	-4769.26	0.581924	-0.813243
1027.96	-4768.6	0.581899	-0.813261
1027.04	-4767.94	0.581896	-0.813263
1026.1	-4767.27	0.581869	-0.813282
1025.15	-4766.59	0.581818	-0.813319
1024.19	-4765.9	0.581789	-0.81334
1023.21	-4765.2	0.581782	-0.813345
1022.22	-4764.49	0.581714	-0.813394
1021.21	-4763.78	0.581583	-0.813487
1020.2	-4763.05	0.581475	-0.813564
1019.16	-4762.31	0.581389	-0.813626
1018.12	-4761.56	0.581326	-0.813671
1017.06	-4760.81	0.581144	-0.813801
1015.99	-4760.04	0.580842	-0.814016
1014.9	-4759.27	0.580563	-0.814215
1013.8	-4758.48	0.580307	-0.814398
1012.69	-4757.69	0.580019	-0.814603
1011.56	-4756.89	0.5797	-0.81483
1010.42	-4756.07	0.579404	-0.815041
1009.26	-4755.25	0.57913	-0.815235
1008.09	-4754.42	0.578825	-0.815452
1006.91	-4753.58	0.578489	-0.81569
1005.71	-4752.73	0.578176	-0.815912
1004.5	-4751.88	0.577885	-0.816118
1003.28	-4751.01	0.577562	-0.816347
1002.04	-4750.13	0.577209	-0.816597
1000.79	-4749.25	0.576878	-0.816831
999.52	-4748.36	0.576569	-0.817048
998.24	-4747.45	0.57623	-0.817288
996.946	-4746.54	0.575858	-0.817549
995.638	-4745.62	0.57551	-0.817795
994.316	-4744.69	0.575184	-0.818024
992.98	-4743.75	0.574881	-0.818237
991.631	-4742.8	0.574533	-0.818482
990.267	-4741.85	0.574139	-0.818758
988.889	-4740.88	0.573768	-0.819018
987.497	-4739.9	0.57342	-0.819261
986.091	-4738.92	0.573041	-0.819527
984.671	-4737.93	0.572629	-0.819815
983.237	-4736.93	0.57224	-0.820086
981.789	-4735.92	0.571874	-0.820341
980.327	-4734.9	0.571476	-0.820618
978.851	-4733.87	0.571047	-0.820918
977.361	-4732.83	0.57064	-0.821201
975.856	-4731.79	0.570256	-0.821467
974.338	-4730.74	0.56984	-0.821756
972.805	-4729.67	0.569391	-0.822067
971.258	-4728.6	0.568966	-0.822361
969.697	-4727.52	0.568564	-0.822639
968.122	-4726.43	0.568185	-0.822901
966.532	-4725.34	0.56776	-0.823194
964.928	-4724.23	0.567288	-0.823519
963.311	-4723.12	0.56684	-0.823828
961.678	-4722	0.566415	-0.82412
960.032	-4720.86	0.566347	-0.824167
958.372	-4719.72	0.566637	-0.823968
956.699	-4718.57	0.56695	-0.823752
955.013	-4717.41	0.567288	-0.823519
953.314	-4716.24	0.568651	-0.822579
951.604	-4715.06	0.571037	-0.820924
949.884	-4713.86	0.573444	-0.819245
948.154	-4712.64	0.575871	-0.81754
946.414	-4711.41	0.579179	-0.8152
944.667	-4710.17	0.583361	-0.812213
942.912	-4708.9	0.587555	-0.809185
941.151	-4707.62	0.591758	-0.806115
939.383	-4706.31	0.595252	-0.803539
937.607	-4704.99	0.598042	-0.801465
935.822	-4703.66	0.600849	-0.799362
934.028	-4702.31	0.603674	-0.797231
932.226	-4700.94	0.60674	-0.7949
930.417	-4699.55	0.610043	-0.792368
928.6	-4698.15	0.613362	-0.789802
926.776	-4696.73	0.616694	-0.787203
924.945	-4695.29	0.620041	-0.784569
923.107	-4693.83	0.622864	-0.78233
921.261	-4692.36	0.625165	-0.780492
919.406	-4690.87	0.627486	-0.778628
917.543	-4689.36	0.629826	-0.776737
915.671	-4687.84	0.63225	-0.774765
913.792	-4686.3	0.634757	-0.772712
911.905	-4684.75	0.637283	-0.77063
910.01	-4683.18	0.639826	-0.76852
908.107	-4681.59	0.642375	-0.76639
906.198	-4679.98	0.644931	-0.764241
904.281	-4678.36	0.647504	-0.762062
902.358	-4676.72	0.650092	-0.759856
900.428	-4675.07	0.652753	-0.757571
898.491	-4673.39	0.655464	-0.755227
896.548	-4671.7	0.658106	-0.752926
894.599	-4669.99	0.660751	-0.750605
892.643	-4668.27	0.663814	-0.747898
890.683	-4666.52	0.667334	-0.744758
888.718	-4664.75	0.670402	-0.741998
886.748	-4662.97	0.672873	-0.739758
884.77	-4661.16	0.675267	-0.737574
882.589	-4659.16	0.678086	-0.734982
880.799	-4657.51	0.679943	-0.733265
878.802	-4655.65	0.681881	-0.731463
876.799	-4653.78	0.685066	-0.728481
874.795	-4651.88	0.690007	-0.723803
872.792	-4649.96	0.694901	-0.719106
870.79	-4648.02	0.699759	-0.714379
868.589	-4645.85	0.705065	-0.709143
866.79	-4644.05	0.70885	-0.705359
864.59	-4641.83	0.712603	-0.701567
862.788	-4640	0.715567	-0.698545
860.784	-4637.94	0.718711	-0.695309
858.778	-4635.85	0.721312	-0.692611
856.766	-4633.75	0.723035	-0.690811
854.748	-4631.64	0.724121	-0.689673
852.721	-4629.51	0.724444	-0.689334
850.477	-4627.15	0.723758	-0.690054
848.629	-4625.22	0.722639	-0.691226
846.56	-4623.06	0.721318	-0.692604
844.476	-4620.89	0.719981	-0.693994
842.165	-4618.5	0.718695	-0.695325
840.261	-4616.53	0.717843	-0.696205
838.132	-4614.34	0.716911	-0.697164
835.989	-4612.14	0.716006	-0.698094
833.614	-4609.7	0.715035	-0.699088
831.658	-4607.7	0.714463	-0.699673
829.473	-4605.47	0.7142	-0.699942
827.275	-4603.23	0.71418	-0.699962
825.066	-4600.98	0.714498	-0.699638
822.848	-4598.71	0.716082	-0.698016
820.626	-4596.42	0.719609	-0.694379
818.406	-4594.11	0.724148	-0.689645
815.969	-4591.53	0.729835	-0.683624
813.983	-4589.4	0.737199	-0.675676
811.8	-4586.98	0.749168	-0.66238
809.651	-4584.52	0.761053	-0.648689
807.536	-4582	0.77262	-0.634869
805.456	-4579.43	0.784548	-0.620068
803.418	-4576.81	0.797084	-0.603868
801.227	-4573.86	0.810498	-0.585742
799.476	-4571.4	0.821174	-0.570678
797.387	-4568.33	0.833873	-0.551956
795.54	-4565.49	0.844846	-0.535009
793.74	-4562.6	0.854836	-0.518898
791.985	-4559.66	0.863566	-0.504236
790.269	-4556.68	0.871038	-0.491215
788.588	-4553.66	0.877592	-0.479408
786.939	-4550.6	0.883724	-0.468009
785.322	-4547.51	0.889698	-0.45655
783.738	-4544.39	0.895514	-0.445034
782.186	-4541.22	0.900943	-0.433938
780.666	-4538.03	0.906003	-0.423272
779.176	-4534.8	0.910927	-0.412567
777.718	-4531.54	0.915716	-0.401826
776.291	-4528.25	0.920221	-0.391398
774.895	-4524.92	0.924455	-0.38129
773.529	-4521.57	0.92857	-0.371158
772.193	-4518.18	0.932565	-0.361003
770.889	-4514.77	0.936441	-0.350826
769.615	-4511.33	0.940188	-0.340657
768.374	-4507.85	0.943807	-0.330498
767.165	-4504.35	0.947308	-0.320323
765.988	-4500.82	0.950693	-0.310133
764.844	-4497.26	0.953936	-0.300009
763.733	-4493.68	0.957041	-0.289954
762.655	-4490.06	0.960032	-0.279889
761.61	-4486.42	0.962912	-0.269816
760.599	-4482.76	0.965687	-0.259708
759.622	-4479.06	0.968358	-0.249564
758.68	-4475.34	0.970917	-0.239417
757.773	-4471.6	0.973364	-0.229266
756.902	-4467.83	0.975647	-0.219346
756.064	-4464.03	0.977774	-0.209661
755.261	-4460.21	0.9798	-0.199978
754.492	-4456.37	0.981726	-0.1903
753.758	-4452.5	0.983529	-0.18075
753.059	-4448.61	0.985213	-0.171331
752.393	-4444.7	0.986804	-0.161921
751.763	-4440.76	0.9883	-0.15252
751.156	-4436.8	0.987031	-0.160529
750.47	-4432.84	0.98257	-0.185891
749.679	-4428.89	0.977448	-0.211176
748.784	-4424.94	0.972139	-0.234405
747.799	-4421	0.967308	-0.253605
746.738	-4417.06	0.962391	-0.271667
745.597	-4413.14	0.956664	-0.291194
744.372	-4409.24	0.950308	-0.311312
743.062	-4405.35	0.94351	-0.331344
741.666	-4401.48	0.936595	-0.350412
740.189	-4397.62	0.929342	-0.369221
738.627	-4393.79	0.920929	-0.389731
736.97	-4389.97	0.91094	-0.412538
735.209	-4386.19	0.900132	-0.435617
733.347	-4382.44	0.889121	-0.457673
731.386	-4378.72	0.877545	-0.479494
729.325	-4375.04	0.86541	-0.501065
727.166	-4371.39	0.853239	-0.52152
724.913	-4367.78	0.841098	-0.540883
722.57	-4364.21	0.828491	-0.560002
720.136	-4360.68	0.815422	-0.578867
717.613	-4357.19	0.802762	-0.5963
715.008	-4353.74	0.79059	-0.612345
712.324	-4350.33	0.77807	-0.628178
709.561	-4346.97	0.765203	-0.64379
706.72	-4343.64	0.751992	-0.659173
703.802	-4340.37	0.739634	-0.673009
700.816	-4337.13	0.728208	-0.685357
697.765	-4333.93	0.716544	-0.697542
694.648	-4330.77	0.704646	-0.709559
691.467	-4327.66	0.693621	-0.72034
688.23	-4324.57	0.683673	-0.729789
684.939	-4321.52	0.673933	-0.738792
681.596	-4318.5	0.664539	-0.747254
678.204	-4315.52	0.657144	-0.753765
674.776	-4312.54	0.652378	-0.757894
671.32	-4309.58	0.649359	-0.760482
667.843	-4306.62	0.647784	-0.761824
664.351	-4303.65	0.647588	-0.76199
660.85	-4300.67	0.648459	-0.76125
657.343	-4297.68	0.649538	-0.760329
653.831	-4294.68	0.650603	-0.759418
650.315	-4291.66	0.651656	-0.758515
646.796	-4288.63	0.65353	-0.7569
643.279	-4285.59	0.656223	-0.754567
639.765	-4282.52	0.658909	-0.752223
636.254	-4279.44	0.661587	-0.749868
632.747	-4276.34	0.66427	-0.747493
629.243	-4273.21	0.666944	-0.745108
625.743	-4270.07	0.669458	-0.74285
622.246	-4266.91	0.671801	-0.740732
618.752	-4263.74	0.673947	-0.73878
615.258	-4260.54	0.675938	-0.736959
611.418	-4257.01	0.678122	-0.73495
608.278	-4254.11	0.679904	-0.733301
604.442	-4250.54	0.681109	-0.732182
600.951	-4247.3	0.681134	-0.732159
597.455	-4244.05	0.681114	-0.732177
593.958	-4240.79	0.681055	-0.732232
590.458	-4237.54	0.680322	-0.732914
586.952	-4234.29	0.678836	-0.73429
583.438	-4231.05	0.677019	-0.735966
579.913	-4227.81	0.674552	-0.738227
576.375	-4224.59	0.671157	-0.741315
572.818	-4221.38	0.666171	-0.745799
569.234	-4218.2	0.659616	-0.751603
565.621	-4215.06	0.652198	-0.758049
561.974	-4211.95	0.644246	-0.764819
558.293	-4208.87	0.636894	-0.770952
554.583	-4205.83	0.630282	-0.776366
550.846	-4202.81	0.623608	-0.781737
547.082	-4199.83	0.616885	-0.787054
543.291	-4196.88	0.611891	-0.790942
539.485	-4193.95	0.608654	-0.793436
535.665	-4191.02	0.605403	-0.795919
531.831	-4188.12	0.602104	-0.798417
527.983	-4185.23	0.597063	-0.802195
524.111	-4182.37	0.59008	-0.807345
520.212	-4179.54	0.582837	-0.812589
516.286	-4176.74	0.575544	-0.817771
512.333	-4173.99	0.566714	-0.823915
508.345	-4171.27	0.556314	-0.830972
504.322	-4168.61	0.545821	-0.837902
500.265	-4165.99	0.535238	-0.844702
496.172	-4163.43	0.524563	-0.851372
492.046	-4160.92	0.513798	-0.857911
487.887	-4158.45	0.502948	-0.864317
483.696	-4156.04	0.492013	-0.870588
479.472	-4153.68	0.480995	-0.876723
475.218	-4151.38	0.471094	-0.882083
470.938	-4149.11	0.462333	-0.886706
466.634	-4146.89	0.453522	-0.891245
462.307	-4144.71	0.444662	-0.895698
457.955	-4142.57	0.434118	-0.900856
453.574	-4140.49	0.421863	-0.90666
449.164	-4138.47	0.409525	-0.912299
444.724	-4136.5	0.397107	-0.917772
440.257	-4134.6	0.385656	-0.922643
435.765	-4132.74	0.37519	-0.926948
431.251	-4130.94	0.364671	-0.931136
426.715	-4129.19	0.354101	-0.935207
422.158	-4127.48	0.345409	-0.938452
417.585	-4125.82	0.338618	-0.940924
412.998	-4124.18	0.331804	-0.943348
408.397	-4122.58	0.32515	-0.945662
403.784	-4121	0.320258	-0.94733
399.163	-4119.45	0.317507	-0.948256
394.535	-4117.9	0.316065	-0.948738
389.905	-4116.36	0.31648	-0.948599
385.274	-4114.81	0.319312	-0.94765
380.648	-4113.24	0.324223	-0.945981
376.029	-4111.65	0.329155	-0.944276
371.415	-4110.03	0.333733	-0.942668
366.807	-4108.39	0.3387	-0.940895
362.207	-4106.72	0.34385	-0.939025
357.613	-4105.03	0.349165	-0.937061
353.028	-4103.31	0.35447	-0.935067
348.45	-4101.56	0.359764	-0.933043
343.88	-4099.78	0.365683	-0.93074
339.321	-4097.98	0.372222	-0.928144
334.773	-4096.14	0.37871	-0.925515
330.236	-4094.27	0.385147	-0.922855
325.71	-4092.36	0.391565	-0.92015
321.195	-4090.43	0.39859	-0.917129
316.695	-4088.45	0.406216	-0.913777
312.209	-4086.44	0.413813	-0.910362
307.738	-4084.39	0.421383	-0.906883
303.283	-4082.3	0.428524	-0.90353
298.841	-4080.18	0.435241	-0.900314
294.414	-4078.02	0.441854	-0.897087
290	-4075.83	0.448218	-0.893924
285.6	-4073.61	0.45356	-0.891225
281.209	-4071.37	0.458012	-0.888946
276.828	-4069.1	0.462316	-0.886715
272.455	-4066.81	0.466223	-0.884667
268.09	-4064.5	0.468934	-0.883233
263.728	-4062.18	0.469982	-0.882676
259.365	-4059.86	0.469496	-0.882935
254.997	-4057.54	0.467625	-0.883927
250.622	-4055.23	0.465275	-0.885166
246.238	-4052.93	0.463024	-0.886346
241.846	-4050.64	0.46075	-0.88753
237.447	-4048.37	0.458469	-0.88871
233.039	-4046.1	0.456182	-0.889887
228.625	-4043.84	0.455715	-0.890126
224.21	-4041.58	0.457069	-0.889431
219.797	-4039.3	0.45842	-0.888736
215.384	-4037.02	0.459766	-0.88804
210.974	-4034.74	0.461707	-0.887033
206.568	-4032.44	0.464242	-0.885708
202.166	-4030.12	0.46677	-0.884379
197.769	-4027.8	0.469299	-0.883039
193.376	-4025.45	0.472228	-0.881477
188.99	-4023.1	0.475544	-0.879692
184.611	-4020.72	0.478851	-0.877896
180.239	-4018.33	0.482148	-0.87609
175.874	-4015.92	0.485826	-0.874056
171.518	-4013.48	0.489891	-0.871784
167.171	-4011.03	0.494031	-0.869444
162.834	-4008.56	0.498476	-0.866904
158.509	-4006.06	0.50343	-0.864036
154.197	-4003.53	0.510078	-0.860128
149.905	-4000.96	0.518435	-0.855117
145.638	-3998.35	0.527392	-0.849622
141.397	-3995.69	0.536952	-0.843613
137.186	-3992.98	0.548153	-0.836378
133.013	-3990.21	0.560968	-0.827838
128.882	-3987.37	0.574368	-0.818597
124.797	-3984.46	0.588424	-0.808552
120.762	-3981.48	0.602682	-0.797982
116.779	-3978.43	0.616567	-0.787302
112.847	-3975.31	0.630129	-0.776491
108.968	-3972.11	0.643494	-0.765451
105.143	-3968.86	0.655736	-0.75499
101.367	-3965.54	0.666889	-0.745157
97.2681	-3961.82	0.678987	-0.73415
93.5935	-3958.38	0.68983	-0.723972
90.3291	-3955.24	0.699525	-0.714608
86.7499	-3951.69	0.709346	-0.70486
83.2157	-3948.1	0.718183	-0.695854
79.7255	-3944.46	0.726907	-0.686736
76.2802	-3940.77	0.735515	-0.677509
72.8797	-3937.05	0.743413	-0.668833
69.5186	-3933.28	0.750329	-0.661064
66.1953	-3929.48	0.757165	-0.653224
62.9103	-3925.64	0.763919	-0.645312
59.6632	-3921.76	0.769864	-0.638208
56.4477	-3917.86	0.775023	-0.631933
53.2627	-3913.92	0.780131	-0.625616
50.1082	-3909.96	0.785188	-0.619257
46.9843	-3905.98	0.789618	-0.613599
43.8844	-3901.97	0.793144	-0.609034
40.8062	-3897.94	0.796638	-0.604457
37.7499	-3893.89	0.800105	-0.59986
34.7153	-3889.83	0.803096	-0.59585
31.6969	-3885.75	0.805393	-0.592741
28.6929	-3881.65	0.807625	-0.589696
25.7025	-3877.54	0.809609	-0.58697
22.7234	-3873.42	0.811147	-0.584842
19.7519	-3869.3	0.811591	-0.584227
16.7765	-3865.17	0.81032	-0.585988
13.786	-3861.05	0.807654	-0.589657
10.7676	-3856.93	0.803576	-0.595202
7.70994	-3852.83	0.798247	-0.602331
4.60371	-3848.75	0.792101	-0.61039
1.4461	-3844.69	0.785854	-0.618413
-1.76302	-3840.65	0.779497	-0.626405
-5.01924	-3836.62	0.779354	-0.626584
-8.25072	-3832.55	0.788531	-0.614995
-11.4319	-3828.42	0.797521	-0.603291
-14.5617	-3824.23	0.806324	-0.591474
-17.6441	-3819.99	0.808952	-0.587875
-20.7561	-3815.74	0.80246	-0.596705
-23.9245	-3811.52	0.795848	-0.605496
-27.1493	-3807.32	0.789115	-0.614246
-30.4311	-3803.15	0.781496	-0.62391
-33.779	-3799	0.772569	-0.634931
-37.196	-3794.89	0.763459	-0.645856
-40.682	-3790.82	0.754166	-0.656684
-44.2368	-3786.78	0.744691	-0.667409
-48.213	-3782.38	0.748058	-0.663633
-51.41	-3778.7	0.764146	-0.645044
-54.8654	-3774.52	0.78147	-0.623943
-58.2154	-3770.23	0.798203	-0.602389
-61.4556	-3765.83	0.81599	-0.578066
-64.5597	-3761.32	0.835396	-0.549649
-67.5156	-3756.69	0.853808	-0.520589
-70.319	-3751.94	0.871204	-0.490921
-72.9775	-3747.1	0.877409	-0.479743
-75.6751	-3742.26	0.86782	-0.496878
-78.475	-3737.45	0.857878	-0.513854
-81.3735	-3732.7	0.847633	-0.530583
-84.3685	-3728	0.834335	-0.551257
-87.4987	-3723.4	0.816223	-0.577737
-90.7748	-3718.89	0.797425	-0.603418
-94.1923	-3714.49	0.777885	-0.628407
-97.7476	-3710.2	0.757803	-0.652483
-101.81	-3705.61	0.735322	-0.677718
-105.636	-3701.56	0.714155	-0.699988
-109.584	-3697.63	0.692313	-0.721598
-113.65	-3693.82	0.672537	-0.740063
-117.808	-3690.11	0.655047	-0.755589
-122.052	-3686.5	0.637197	-0.770701
-126.38	-3682.99	0.618999	-0.785392
-130.788	-3679.59	0.600462	-0.799653
-135.274	-3676.28	0.583282	-0.81227
-139.826	-3673.06	0.567547	-0.823341
-144.439	-3669.94	0.551601	-0.834108
-149.111	-3666.9	0.53545	-0.844567
-153.84	-3663.95	0.520006	-0.854163
-158.62	-3661.08	0.505304	-0.862942
-163.449	-3658.3	0.490631	-0.871367
-168.324	-3655.6	0.476081	-0.879401
-173.242	-3652.98	0.463863	-0.885907
-178.192	-3650.41	0.45395	-0.891027
-183.17	-3647.9	0.44399	-0.896032
-188.176	-3645.45	0.434012	-0.900907
-193.208	-3643.05	0.42586	-0.904789
-198.259	-3640.69	0.41992	-0.907561
-203.324	-3638.36	0.414881	-0.909876
-208.401	-3636.06	0.411077	-0.911601
-213.486	-3633.77	0.40987	-0.912144
-218.571	-3631.48	0.411111	-0.911585
-223.651	-3629.19	0.413522	-0.910494
-228.725	-3626.87	0.417315	-0.908762
-233.787	-3624.54	0.422295	-0.906459
-238.836	-3622.17	0.428828	-0.903386
-243.865	-3619.76	0.436351	-0.899776
-248.875	-3617.31	0.443702	-0.896174
-253.864	-3614.82	0.451024	-0.892512
-258.833	-3612.29	0.459691	-0.888079
-263.774	-3609.7	0.469636	-0.88286
-268.686	-3607.06	0.479411	-0.877591
-273.57	-3604.36	0.489064	-0.872248
-278.424	-3601.61	0.49954	-0.866291
-283.243	-3598.8	0.510819	-0.859688
-288.026	-3595.93	0.521984	-0.852955
-292.77	-3592.99	0.532909	-0.846172
-297.477	-3589.99	0.543543	-0.839382
-302.146	-3586.93	0.553563	-0.832807
-306.78	-3583.82	0.562424	-0.826849
-311.382	-3580.67	0.569776	-0.8218
-315.96	-3577.48	0.574801	-0.818293
-320.522	-3574.26	0.577504	-0.816388
-325.076	-3571.03	0.579038	-0.815301
-329.624	-3567.8	0.580239	-0.814446
-334.168	-3564.56	0.581438	-0.81359
-338.709	-3561.31	0.581591	-0.813481
-343.251	-3558.06	0.580698	-0.814119
-347.797	-3554.83	0.579803	-0.814757
-352.347	-3551.59	0.578908	-0.815393
-356.9	-3548.36	0.578434	-0.815729
-361.454	-3545.13	0.578384	-0.815765
-366.008	-3541.9	0.578333	-0.815801
-370.563	-3538.67	0.578282	-0.815837
-375.119	-3535.45	0.576303	-0.817236
-379.688	-3532.24	0.572385	-0.819985
-384.272	-3529.05	0.568455	-0.822714
-388.872	-3525.89	0.564511	-0.825425
-393.484	-3522.74	0.566353	-0.824163
-398.074	-3519.56	0.573954	-0.818888
-402.635	-3516.34	0.581505	-0.813543
-407.166	-3513.07	0.589006	-0.808128
-411.666	-3509.77	0.597365	-0.80197
-416.129	-3506.41	0.606559	-0.795039
-420.553	-3503	0.615672	-0.788003
-424.939	-3499.54	0.624705	-0.780861
-429.286	-3496.03	0.633657	-0.773614
-433.6	-3492.47	0.635426	-0.772162
-437.931	-3488.93	0.630048	-0.776556
-442.289	-3485.41	0.624631	-0.78092
-446.677	-3481.93	0.619175	-0.785253
-451.087	-3478.46	0.622177	-0.782877
-455.466	-3474.93	0.633563	-0.773691
-459.802	-3471.34	0.644812	-0.764341
-464.096	-3467.67	0.655918	-0.754832
-468.354	-3463.94	0.659585	-0.75163
-472.63	-3460.2	0.655896	-0.754851
-476.936	-3456.48	0.652164	-0.758078
-481.274	-3452.76	0.648387	-0.761311
-485.642	-3449.06	0.642206	-0.766532
-490.065	-3445.39	0.63237	-0.774667
-494.547	-3441.77	0.622397	-0.782702
-499.088	-3438.2	0.612289	-0.790634
-503.688	-3434.67	0.602047	-0.798461
-508.344	-3431.2	0.593316	-0.80497
-513.045	-3427.76	0.586962	-0.809614
-517.787	-3424.34	0.58054	-0.814232
-522.568	-3420.95	0.574049	-0.818821
-527.389	-3417.59	0.570464	-0.821322
-532.228	-3414.23	0.5713	-0.820742
-537.076	-3410.85	0.572107	-0.820179
-541.935	-3407.46	0.572887	-0.819635
-546.805	-3404.05	0.574048	-0.818822
-551.681	-3400.63	0.575793	-0.817595
-556.564	-3397.19	0.57751	-0.816384
-561.453	-3393.72	0.579197	-0.815187
-566.349	-3390.24	0.579245	-0.815154
-571.265	-3386.75	0.576844	-0.816854
-576.204	-3383.27	0.574408	-0.818569
-581.168	-3379.8	0.571938	-0.820297
-586.656	-3375.98	0.568983	-0.82235
-591.671	-3372.52	0.566041	-0.824377
-596.713	-3369.07	0.563062	-0.826415
-601.781	-3365.63	0.560046	-0.828462
-606.871	-3362.19	0.563272	-0.826271
-611.945	-3358.7	0.572696	-0.819768
-616.991	-3355.14	0.582022	-0.813173
-622.011	-3351.51	0.591251	-0.806487
-627.001	-3347.82	0.600382	-0.799713
-631.961	-3344.06	0.6119	-0.790935
-636.872	-3340.2	0.625721	-0.780047
-641.726	-3336.25	0.63933	-0.768932
-646.523	-3332.2	0.652725	-0.757595
-651.259	-3328.06	0.667884	-0.744266
-655.916	-3323.81	0.684695	-0.728829
-660.486	-3319.43	0.701136	-0.713027
-664.967	-3314.95	0.717199	-0.696868
-669.364	-3310.35	0.725686	-0.688026
-673.747	-3305.72	0.726868	-0.686777
-678.133	-3301.08	0.728025	-0.68555
-682.523	-3296.41	0.729157	-0.684346
-686.916	-3291.72	0.730525	-0.682886
-691.311	-3287.01	0.732126	-0.681169
-695.705	-3282.28	0.733701	-0.679472
-700.1	-3277.52	0.73525	-0.677796
-704.496	-3272.75	0.736412	-0.676533
-708.896	-3267.95	0.737189	-0.675687
-713.302	-3263.14	0.737942	-0.674864
-717.714	-3258.31	0.738671	-0.674066
-722.132	-3253.47	0.739377	-0.673292
-726.563	-3248.61	0.734164	-0.678972
-731.07	-3243.8	0.722882	-0.690971
-735.666	-3239.06	0.711372	-0.702816
-740.353	-3234.38	0.699635	-0.7145
-745.125	-3229.76	0.690097	-0.723717
-749.961	-3225.18	0.682851	-0.730557
-754.854	-3220.65	0.675508	-0.737353
-759.805	-3216.15	0.668066	-0.744102
-764.814	-3211.69	0.660286	-0.751014
-769.882	-3207.27	0.652161	-0.758081
-775.01	-3202.9	0.643928	-0.765086
-780.198	-3198.57	0.635588	-0.772028
-785.442	-3194.28	0.631351	-0.775497
-790.707	-3190	0.631276	-0.775558
-795.986	-3185.7	0.631174	-0.775641
-801.278	-3181.39	0.631045	-0.775747
-806.583	-3177.08	0.630888	-0.775874
-811.902	-3172.75	0.632303	-0.774722
-817.219	-3168.4	0.635283	-0.772279
-822.532	-3164.01	0.638229	-0.769847
-827.842	-3159.6	0.64114	-0.767424
-833.146	-3155.15	0.645078	-0.764117
-838.436	-3150.66	0.650029	-0.759909
-843.71	-3146.13	0.654929	-0.75569
-848.966	-3141.55	0.659778	-0.75146
-854.206	-3136.92	0.664165	-0.747586
-859.433	-3132.26	0.668095	-0.744076
-864.648	-3127.56	0.671984	-0.740566
-869.85	-3122.82	0.67583	-0.737058
-875.038	-3118.04	0.681139	-0.732154
-880.197	-3113.2	0.687884	-0.725821
-885.324	-3108.31	0.694548	-0.719446
-890.416	-3103.36	0.701132	-0.713032
-895.476	-3098.34	0.707487	-0.706726
-900.502	-3093.28	0.713617	-0.700536
-905.496	-3088.15	0.719672	-0.694314
-910.457	-3082.98	0.725652	-0.688061
-915.384	-3077.74	0.731558	-0.68178
-920.278	-3072.46	0.736805	-0.676105
-925.145	-3067.13	0.74141	-0.671053
-929.986	-3061.75	0.745959	-0.665992
-934.802	-3056.32	0.750452	-0.660925
-939.591	-3050.85	0.755842	-0.654754
-944.341	-3045.33	0.762101	-0.647458
-949.048	-3039.74	0.768271	-0.640125
-953.712	-3034.1	0.774352	-0.632756
-958.331	-3028.4	0.780833	-0.62474
-962.9	-3022.64	0.787697	-0.616063
-967.414	-3016.82	0.794447	-0.607334
-971.874	-3010.93	0.801082	-0.598554
-976.279	-3004.98	0.807477	-0.589899
-980.63	-2998.97	0.813636	-0.581374
-984.927	-2992.9	0.819689	-0.572809
-989.17	-2986.78	0.825635	-0.564205
-993.358	-2980.59	0.831917	-0.5549
-997.481	-2974.34	0.838514	-0.544879
-1001.54	-2968.03	0.844976	-0.534805
-1005.53	-2961.66	0.851301	-0.524678
-1009.45	-2955.23	0.85773	-0.514101
-1013.3	-2948.73	0.864247	-0.503068
-1017.07	-2942.17	0.870608	-0.491977
-1020.77	-2935.55	0.876814	-0.48083
-1024.39	-2928.87	0.882864	-0.46963
-1027.94	-2922.12	0.888514	-0.45885
-1031.41	-2915.32	0.893782	-0.448502
-1034.81	-2908.47	0.898916	-0.43812
-1038.14	-2901.56	0.903918	-0.427706
-1041.39	-2894.6	0.908691	-0.41747
-1044.57	-2887.59	0.913242	-0.407417
-1047.69	-2880.53	0.91767	-0.397342
-1050.73	-2873.41	0.921976	-0.387247
-1053.7	-2866.26	0.926738	-0.375709
-1056.58	-2859.04	0.931902	-0.36271
-1059.36	-2851.77	0.936875	-0.349665
-1062.04	-2844.45	0.941656	-0.336578
-1064.63	-2837.07	0.946356	-0.323125
-1067.12	-2829.65	0.95086	-0.30962
-1069.51	-2822.17	0.955137	-0.296166
-1071.8	-2814.64	0.959472	-0.281803
-1073.97	-2807.06	0.964029	-0.265798
-1076.01	-2799.43	0.968733	-0.248105
-1077.92	-2791.75	0.973633	-0.228122
-1079.66	-2784.01	0.978696	-0.205317
-1081.21	-2776.21	0.98375	-0.179546
-1082.55	-2768.36	0.988496	-0.151248
-1083.67	-2760.46	0.99242	-0.122896
-1084.56	-2752.51	0.995493	-0.0948376
-1085.23	-2744.52	0.997798	-0.0663227
-1085.68	-2736.5	0.999104	-0.042318
-1085.96	-2728.46	0.999729	-0.0232951
-1086.09	-2720.39	0.999985	-0.0054629
-1086.08	-2712.31	0.99995	0.0100208
-1085.96	-2704.22	0.999836	0.0180844
-1085.81	-2696.1	0.999853	0.0171341
-1085.68	-2687.97	0.999917	0.0128773
-1085.59	-2679.82	0.999964	0.00850449
-1085.54	-2671.66	0.999992	0.00409189
-1085.52	-2663.48	0.999999	-0.00157697
-1085.55	-2655.28	0.999964	-0.00850268
-1085.65	-2647.06	0.99988	-0.0154692
-1085.8	-2638.83	0.999747	-0.0224763
-1086.01	-2630.59	0.999498	-0.0316673
-1086.31	-2622.33	0.999073	-0.0430409
-1086.7	-2614.06	0.998517	-0.0544486
-1087.19	-2605.78	0.997826	-0.0658976
-1087.78	-2597.49	0.997218	-0.0745404
-1088.41	-2589.18	0.996877	-0.078966
-1089.08	-2580.86	0.996514	-0.0834299
-1089.8	-2572.53	0.996126	-0.0879318
-1090.55	-2564.19	0.99582	-0.0913405
-1091.32	-2555.83	0.995748	-0.0921168
-1092.09	-2547.45	0.995874	-0.090746
-1092.85	-2539.05	0.996156	-0.0875979
-1093.57	-2530.64	0.99664	-0.0819102
-1094.24	-2522.21	0.997318	-0.0731918
-1094.82	-2513.75	0.998056	-0.0623208
-1095.31	-2505.27	0.99879	-0.0491698
-1095.68	-2496.76	0.999419	-0.0340878
-1095.93	-2487.39	0.999872	-0.0159905
-1096.01	-2479.7	1	-0.00083945
-1095.96	-2471.13	0.999883	0.0152818
-1095.78	-2462.56	0.999551	0.0299741
-1095.47	-2453.97	0.999079	0.0429079
-1095.06	-2445.37	0.998524	0.0543166
-1094.56	-2436.76	0.997966	0.0637481
-1093.98	-2428.13	0.997514	0.070469
-1093.36	-2419.49	0.997574	0.0696116
-1092.79	-2410.84	0.998218	0.059669
-1092.31	-2402.16	0.998814	0.0486946
-1091.92	-2393.45	0.999293	0.0375863
-1091.64	-2384.73	0.999735	0.0230176
-1091.5	-2375.11	0.999999	0.00129918
-1091.54	-2367.23	0.999864	-0.0165104
-1091.76	-2358.46	0.99934	-0.0363344
-1092.15	-2349.67	0.998507	-0.0546253
-1092.75	-2340	0.997398	-0.0720857
-1093.36	-2332.08	0.996279	-0.0861911
-1094.18	-2323.27	0.994826	-0.101591
-1095.23	-2313.58	0.993457	-0.114206
-1096.27	-2304.77	0.992653	-0.120996
-1097.37	-2295.94	0.991881	-0.12717
-1098.52	-2287.11	0.991188	-0.132459
-1099.72	-2278.26	0.990593	-0.13684
-1100.96	-2269.4	0.990173	-0.13985
-1102.22	-2260.53	0.989994	-0.141109
-1103.48	-2251.64	0.989978	-0.141219
-1104.75	-2242.74	0.99002	-0.140924
-1106.05	-2233.82	0.987453	-0.157915
-1107.6	-2224.93	0.981377	-0.192094
-1109.46	-2216.08	0.97414	-0.225943
-1111.62	-2207.29	0.965845	-0.259121
-1114.07	-2198.55	0.96063	-0.277831
-1116.62	-2189.82	0.959337	-0.282262
-1119.2	-2181.08	0.958297	-0.285775
-1121.82	-2172.34	0.957787	-0.28748
-1124.42	-2163.57	0.964006	-0.265879
-1126.69	-2154.7	0.975286	-0.220948
-1128.55	-2145.72	0.984842	-0.173455
-1129.95	-2136.64	0.992625	-0.121224
-1130.86	-2127.47	0.99812	-0.061296
-1131.19	-2118.26	0.999995	0.00317554
-1130.92	-2109.02	0.997705	0.0677109
-1130.05	-2099.81	0.991244	0.132039
-1128.59	-2090.65	0.980626	0.195891
-1126.57	-2081.58	0.971133	0.238537
-1124.27	-2072.57	0.965486	0.260454
-1121.76	-2063.58	0.960248	0.279148
-1119.1	-2054.63	0.956601	0.291402
-1116.33	-2045.69	0.951193	0.308597
-1113.34	-2036.8	0.943344	0.331815
-1110.15	-2027.97	0.935641	0.352953
-1106.74	-2019.2	0.927069	0.374891
-1103.15	-2010.49	0.924072	0.382218
-1099.57	-2001.75	0.927337	0.374227
-1096.06	-1992.97	0.930527	0.366224
-1092.62	-1984.14	0.933671	0.358133
-1089.25	-1975.27	0.93452	0.355912
-1085.85	-1966.4	0.933137	0.359521
-1082.41	-1957.51	0.931785	0.363011
-1078.93	-1948.63	0.93042	0.366496
-1075.42	-1939.74	0.930446	0.366429
-1071.93	-1930.83	0.931864	0.362808
-1068.46	-1921.88	0.933209	0.359335
-1065.02	-1912.91	0.934294	0.356504
-1061.63	-1903.91	0.941593	0.336753
-1058.53	-1894.78	0.955212	0.295923
-1055.85	-1885.51	0.969159	0.246436
-1053.69	-1876.08	0.981966	0.189059
-1052.09	-1866.53	0.991699	0.128578
-1051.12	-1856.88	0.999137	0.0415357
-1051.16	-1847.16	0.99741	-0.0719291
-1052.3	-1837.5	0.982816	-0.184588
-1054.53	-1828.02	0.955508	-0.294965
-1057.76	-1818.8	0.932958	-0.359986
-1061.37	-1809.7	0.924867	-0.380291
-1065.17	-1800.66	0.918942	-0.394392
-1069.07	-1791.65	0.916965	-0.398968
-1072.97	-1782.61	0.924616	-0.3809
-1076.57	-1773.44	0.939843	-0.341607
-1079.77	-1764.1	0.955086	-0.29633
-1082.51	-1754.61	0.968651	-0.248424
-1084.83	-1744.98	0.972781	-0.231727
-1087.19	-1735.34	0.969095	-0.246689
-1089.7	-1725.72	0.965187	-0.261562
-1092.36	-1716.13	0.961059	-0.276344
-1095.12	-1706.55	0.967496	-0.252888
-1097.39	-1696.83	0.981692	-0.190473
-1099.05	-1686.96	0.991877	-0.127199
-1100.07	-1677	0.99799	-0.063375
-1100.44	-1666.99	0.999996	0.00276455
-1100.14	-1656.98	0.99748	0.0709541
-1099.16	-1647.01	0.990318	0.138815
-1097.5	-1637.14	0.978546	0.206029
-1095.18	-1627.39	0.964273	0.264909
-1092.32	-1617.79	0.948923	0.315509
-1088.97	-1608.38	0.930985	0.365058
-1085.15	-1599.2	0.911932	0.410342
-1080.93	-1590.24	0.893534	0.448996
-1076.4	-1581.52	0.884866	0.465846
-1071.88	-1572.89	0.886895	0.46197
-1067.45	-1564.33	0.890375	0.455228
-1063.14	-1555.83	0.894154	0.447759
-1058.98	-1547.39	0.906225	0.422796
-1055.21	-1538.9	0.925697	0.378265
-1051.92	-1530.35	0.943902	0.330225
-1049.11	-1521.75	0.960287	0.279013
-1046.81	-1513.13	0.974825	0.222971
-1045.06	-1504.5	0.986612	0.163087
-1043.85	-1495.9	0.994683	0.102989
-1043.17	-1487.36	0.999044	0.0437168
-1042.99	-1478.9	0.999974	-0.00723699
-1043.19	-1470.55	0.998756	-0.0498621
-1043.74	-1462.34	0.995895	-0.0905127
-1044.6	-1454.26	0.991671	-0.1288
-1045.75	-1446.33	0.986251	-0.165257
-1047.16	-1438.55	0.981591	-0.190997
-1048.69	-1430.91	0.978583	-0.205855
-1050.32	-1423.4	0.975506	-0.219971
-1052.03	-1416.02	0.972177	-0.234246
-1053.81	-1408.77	0.971539	-0.236878
-1055.52	-1401.61	0.973691	-0.22787
-1057.15	-1394.54	0.975782	-0.218746
-1058.69	-1387.54	0.97778	-0.209635
-1060.15	-1380.6	0.980346	-0.197288
-1061.5	-1373.69	0.983384	-0.181535
-1062.72	-1366.78	0.986224	-0.165415
-1063.83	-1359.88	0.988819	-0.149122
-1064.83	-1352.97	0.990946	-0.134261
-1065.73	-1346.04	0.99267	-0.120858
-1066.54	-1339.11	0.994211	-0.107445
-1067.25	-1332.16	0.995533	-0.0944182
-1067.88	-1325.21	0.99667	-0.08154
-1068.41	-1318.24	0.997684	-0.0680214
-1068.84	-1311.27	0.998514	-0.0544903
-1069.19	-1304.3	0.999161	-0.040949
-1069.44	-1297.32	0.999625	-0.0274001
-1069.59	-1290.34	0.999888	-0.0149545
-1069.67	-1282.65	0.999995	-0.00309064
-1069.66	-1276.37	0.999978	0.00661656
-1069.59	-1269.38	0.999849	0.0174016
-1069.44	-1262.4	0.999649	0.0264965
-1069.23	-1255.42	0.999453	0.0330575
-1068.96	-1247.74	0.999189	0.0402729
-1068.69	-1241.46	0.998933	0.0461748
-1068.35	-1234.48	0.998697	0.0510241
-1067.95	-1226.81	0.998566	0.0535415
-1067.57	-1219.83	0.99844	0.0558298
-1067.17	-1212.86	0.99831	0.058118
-1066.76	-1205.88	0.998174	0.0604066
-1066.33	-1198.91	0.998121	0.0612669
-1065.91	-1191.92	0.998157	0.0606853
-1065.48	-1184.93	0.998205	0.0598949
-1065.07	-1177.93	0.998264	0.0588943
-1064.66	-1170.92	0.998386	0.0567976
-1064.26	-1163.89	0.998561	0.0536184
-1063.9	-1156.86	0.998727	0.0504366
-1063.55	-1149.81	0.998883	0.0472523
-1063.23	-1142.74	0.999107	0.0422485
-1062.95	-1135.67	0.999372	0.0354239
-1062.71	-1128.58	0.999591	0.0285954
-1062.53	-1121.48	0.999763	0.0217638
-1062.39	-1114.37	0.999814	0.019292
-1062.25	-1107.26	0.999776	0.0211815
-1062.09	-1100.13	0.999734	0.0230711
-1061.92	-1093	0.999688	0.0249609
-1061.74	-1085.87	0.999639	0.0268508
-1061.54	-1078.72	0.999676	0.0254354
-1061.38	-1071.57	0.999785	0.0207132
-1061.24	-1064.41	0.999872	0.0159888
-1061.14	-1057.24	0.999937	0.0112623
-1061.08	-1050.06	0.999991	0.00432176
-1061.07	-1042.88	0.999988	-0.00483348
-1061.13	-1035.68	0.999902	-0.0139913
-1061.26	-1028.48	0.999732	-0.0231509
-1061.45	-1021.28	0.999453	-0.0330616
-1061.72	-1014.07	0.999044	-0.0437219
-1062.07	-1006.85	0.99852	-0.0543808
-1062.49	-999.634	0.997883	-0.065037
-1062.98	-992.411	0.997981	-0.0635101
-1063.4	-985.177	0.99876	-0.0497932
-1063.72	-977.929	0.99935	-0.0360632
-1063.94	-970.671	0.999751	-0.0223227
-1064.08	-963.402	0.999866	-0.0163596
-1064.2	-956.125	0.999835	-0.0181642
-1064.34	-948.841	0.999801	-0.0199399
-1064.49	-941.55	0.999764	-0.021702
-1064.65	-934.251	0.999725	-0.0234648
-1064.83	-926.944	0.999611	-0.0278753
-1065.06	-919.631	0.99939	-0.034933
-1065.33	-912.313	0.999118	-0.0419914
-1065.66	-904.988	0.998796	-0.0490501
-1066.05	-897.659	0.997898	-0.0648029
-1066.6	-890.332	0.996012	-0.0892241
-1067.33	-883.012	0.993526	-0.113604
-1068.24	-875.7	0.990441	-0.137936
-1069.31	-868.395	0.989443	-0.144922
-1070.35	-861.07	0.990901	-0.134594
-1071.32	-853.717	0.992252	-0.124245
-1072.21	-846.338	0.993495	-0.113877
-1073.03	-838.934	0.994643	-0.10337
-1073.77	-831.506	0.995	-0.0998779
-1074.53	-824.062	0.994626	-0.103534
-1075.32	-816.605	0.994239	-0.10719
-1076.14	-809.134	0.993838	-0.110846
-1076.99	-801.65	0.99283	-0.119533
-1077.93	-794.161	0.991084	-0.133236
-1078.98	-786.669	0.989148	-0.146922
-1080.14	-779.176	0.987022	-0.160588
-1081.4	-771.683	0.984829	-0.17353
-1082.76	-764.19	0.982597	-0.185751
-1084.21	-756.699	0.980212	-0.197951
-1085.76	-749.21	0.977674	-0.210127
-1087.41	-741.725	0.974984	-0.222277
-1089.16	-734.245	0.971574	-0.236736
-1091.03	-726.779	0.967341	-0.253478
-1093.04	-719.33	0.962817	-0.270153
-1095.18	-711.902	0.958003	-0.286758
-1097.45	-704.496	0.952641	-0.304096
-1099.87	-697.118	0.946689	-0.322148
-1102.43	-689.771	0.940473	-0.339869
-1105.14	-682.458	0.93422	-0.356699
-1107.97	-675.176	0.929364	-0.369165
-1110.89	-667.909	0.926337	-0.376695
-1113.86	-660.648	0.924368	-0.381503
-1116.87	-653.382	0.923683	-0.383158
-1119.89	-646.105	0.922914	-0.385007
-1122.94	-638.821	0.921559	-0.388239
-1126.02	-631.533	0.920385	-0.391014
-1129.13	-624.238	0.919216	-0.393754
-1132.27	-616.937	0.918052	-0.396459
-1135.43	-609.629	0.918138	-0.39626
-1138.58	-602.298	0.919472	-0.393156
-1141.72	-594.942	0.92081	-0.390012
-1144.83	-587.559	0.922152	-0.386828
-1147.92	-580.147	0.926377	-0.376596
-1150.89	-572.671	0.933253	-0.359219
-1153.73	-565.126	0.939819	-0.341672
-1156.43	-557.513	0.946071	-0.323959
-1158.99	-549.833	0.953444	-0.30157
-1161.35	-542.072	0.961612	-0.274412
-1163.49	-534.231	0.969021	-0.246979
-1165.41	-526.316	0.975659	-0.219295
-1167.11	-518.332	0.982327	-0.187175
-1168.52	-510.278	0.9886	-0.150566
-1169.63	-502.16	0.993516	-0.11369
-1170.44	-493.989	0.997062	-0.0765963
-1170.96	-485.778	0.998851	-0.0479305
-1171.29	-477.541	0.999614	-0.0277699
-1171.45	-469.281	0.999972	-0.00754873
-1171.45	-461.004	0.999919	0.0127249
-1171.28	-452.711	0.999454	0.0330427
-1170.93	-444.408	0.998426	0.0560808
-1170.38	-436.099	0.996647	0.08182
-1169.61	-427.791	0.994199	0.107557
-1168.63	-419.489	0.991277	0.131793
-1167.45	-411.195	0.988143	0.153536
-1166.09	-402.912	0.98497	0.172728
-1164.58	-394.638	0.982071	0.188513
-1162.95	-386.371	0.979776	0.200098
-1161.25	-378.1	0.981454	0.191699
-1159.72	-369.78	0.986065	0.166363
-1158.39	-361.409	0.989994	0.141111
-1157.28	-352.989	0.993348	0.115147
-1156.32	-344.535	0.989953	0.141394
-1154.85	-336.141	0.975689	0.219159
-1152.71	-327.874	0.955341	0.295505
-1149.93	-319.785	0.929026	0.370015
-1146.53	-311.916	0.904234	0.427036
-1142.72	-304.215	0.88396	0.467563
-1138.56	-296.68	0.861859	0.507148
-1134.05	-289.328	0.838193	0.545374
-1129.21	-282.17	0.813502	0.581562
-1124.03	-275.23	0.776322	0.630336
-1118.36	-268.675	0.725083	0.688661
-1112.19	-262.556	0.673081	0.739568
-1105.59	-256.877	0.621631	0.78331
-1098.62	-251.637	0.568336	0.822797
-1091.3	-246.866	0.511557	0.859249
-1083.66	-242.593	0.452461	0.891784
-1075.74	-238.839	0.391329	0.920251
-1067.57	-235.618	0.334414	0.942426
-1059.23	-232.851	0.285028	0.958519
-1050.75	-230.522	0.234436	0.972132
-1042.16	-228.64	0.182893	0.983133
-1033.48	-227.207	0.13547	0.990781
-1024.74	-226.167	0.0919662	0.995762
-1015.96	-225.514	0.0469168	0.998899
-1007.17	-225.264	0.000266896	1
-998.368	-225.421	-0.0392746	0.999228
-989.578	-225.864	-0.0671818	0.997741
-980.803	-226.555	-0.0954466	0.995435
-972.052	-227.494	-0.12368	0.992322
-963.33	-228.678	-0.147845	0.989011
-954.634	-230.043	-0.165809	0.986158
-945.964	-231.565	-0.183067	0.9831
-937.321	-233.234	-0.199266	0.979945
-928.705	-235.041	-0.212596	0.97714
-920.111	-236.947	-0.221941	0.97506
-911.533	-238.929	-0.229267	0.973364
-902.969	-240.968	-0.234862	0.972029
-894.416	-243.054	-0.240043	0.970762
-885.872	-245.178	-0.237606	0.971362
-877.309	-247.221	-0.223717	0.974654
-868.717	-249.142	-0.209782	0.977748
-860.098	-250.939	-0.195804	0.980643
-851.454	-252.614	-0.181785	0.983338
-842.789	-254.165	-0.167734	0.985832
-834.112	-255.59	-0.153675	0.988121
-825.441	-256.888	-0.139647	0.990201
-816.787	-258.057	-0.123032	0.992403
-808.157	-259.054	-0.102526	0.99473
-799.566	-259.869	-0.0821499	0.99662
-791.021	-260.503	-0.0619247	0.998081
-782.525	-260.966	-0.0462408	0.99893
-774.074	-261.327	-0.0372778	0.999305
-765.654	-261.611	-0.0284143	0.999596
-757.262	-261.82	-0.0196278	0.999807
-748.891	-261.955	-0.0109059	0.999941
-740.536	-262.021	-0.0066751	0.999978
-732.186	-262.085	-0.0091395	0.999958
-723.836	-262.17	-0.0118193	0.99993
-715.486	-262.279	-0.0148599	0.99989
-707.136	-262.411	-0.0162635	0.999868
-698.787	-262.544	-0.015884	0.999874
-689.602	-262.696	-0.0185574	0.999828
-682.087	-262.848	-0.0239165	0.999714
-672.905	-263.105	-0.0361417	0.999347
-665.395	-263.417	-0.0505738	0.99872
-657.057	-263.898	-0.0688239	0.997629
-647.901	-264.612	-0.0906608	0.995882
-639.595	-265.438	-0.112303	0.993674
-631.313	-266.452	-0.135433	0.990787
-623.061	-267.659	-0.15853	0.987354
-614.847	-269.055	-0.180595	0.983557
-606.69	-270.623	-0.200215	0.979752
-598.61	-272.328	-0.212395	0.977184
-590.601	-274.089	-0.217326	0.976099
-582.666	-275.866	-0.21943	0.975628
-574.805	-277.634	-0.218951	0.975736
-567.013	-279.37	-0.212038	0.977261
-559.277	-281.009	-0.199936	0.979809
-551.594	-282.537	-0.187997	0.98217
-543.966	-283.96	-0.176222	0.98435
-536.393	-285.277	-0.163336	0.986571
-528.873	-286.478	-0.149332	0.988787
-521.408	-287.563	-0.135488	0.990779
-513.997	-288.534	-0.121806	0.992554
-506.643	-289.397	-0.108619	0.994083
-499.342	-290.157	-0.0959243	0.995389
-492.099	-290.818	-0.0833862	0.996517
-484.912	-291.383	-0.0710065	0.997476
-477.785	-291.855	-0.0587849	0.998271
-470.715	-292.238	-0.047374	0.998877
-463.705	-292.541	-0.0367727	0.999324
-456.754	-292.767	-0.0263254	0.999653
-447.789	-292.952	-0.0129198	0.999917
-440.959	-293.015	-0.00479308	0.999989
-434.19	-293.031	0.00117072	0.999999
-427.483	-293.008	0.00699098	0.999976
-420.838	-292.946	0.0126681	0.99992
-414.254	-292.85	0.0161081	0.99987
-407.731	-292.742	0.0172174	0.999852
-401.266	-292.629	0.0179624	0.999839
-394.86	-292.512	0.0183134	0.999832
-388.513	-292.397	0.0172836	0.999851
-382.222	-292.294	0.0147735	0.999891
-375.989	-292.209	0.0114882	0.999934
-369.812	-292.148	0.00726452	0.999974
-363.693	-292.114	0.00329004	0.999995
-357.63	-292.103	-0.00115823	0.999999
-351.625	-292.125	-0.00759679	0.999971
-345.677	-292.187	-0.0149794	0.999888
-339.787	-292.293	-0.0228015	0.99974
-333.955	-292.445	-0.0306707	0.99953
-328.184	-292.639	-0.0377973	0.999285
-322.48	-292.87	-0.0438104	0.99904
-316.846	-293.126	-0.045979	0.998942
-311.28	-293.379	-0.0443868	0.999014
-305.783	-293.618	-0.0417616	0.999128
-300.354	-293.838	-0.0382181	0.999269
-294.993	-294.035	-0.0341308	0.999417
-289.7	-294.208	-0.0322409	0.99948
-284.476	-294.378	-0.0327277	0.999464
-279.321	-294.548	-0.0333475	0.999444
-274.234	-294.719	-0.0340992	0.999418
-269.217	-294.89	-0.0328899	0.999459
-264.268	-295.047	-0.029729	0.999558
-259.388	-295.186	-0.026759	0.999642
-254.576	-295.309	-0.0239739	0.999713
-249.832	-295.417	-0.0200696	0.999799
-245.156	-295.502	-0.0150398	0.999887
-240.547	-295.562	-0.0101073	0.999949
-236.006	-295.599	-0.00528033	0.999986
-231.532	-295.616	-0.00287919	0.999996
-227.125	-295.628	-0.00289605	0.999996
-222.786	-295.641	-0.00303994	0.999995
-218.515	-295.654	-0.00331009	0.999995
-214.31	-295.669	-0.0030909	0.999995
-210.173	-295.68	-0.0023829	0.999997
-206.102	-295.689	-0.00180123	0.999998
-202.095	-295.695	-0.00136014	0.999999
-198.15	-295.7	-0.00111066	0.999999
-194.263	-295.707	-0.00473026	0.999989
-190.432	-295.736	-0.0122767	0.999925
-186.651	-295.794	-0.020309	0.999794
-182.906	-295.883	-0.0290817	0.999577
-179.175	-296.006	-0.0391964	0.999232
-175.446	-296.169	-0.0507772	0.99871
-171.719	-296.377	-0.0633463	0.997992
-167.994	-296.633	-0.0766916	0.997055
-164.273	-296.936	-0.0839729	0.996468
-160.552	-297.251	-0.084863	0.996393
-156.827	-297.57	-0.0857604	0.996316
-153.093	-297.892	-0.086658	0.996238
-149.344	-298.223	-0.0923528	0.995726
-145.583	-298.588	-0.102839	0.994698
-141.809	-298.994	-0.113309	0.99356
-138.023	-299.442	-0.123755	0.992313
-134.226	-299.932	-0.134184	0.990956
-130.417	-300.464	-0.145585	0.989346
-126.599	-301.045	-0.157778	0.987475
-122.772	-301.676	-0.169533	0.985525
-118.937	-302.354	-0.180853	0.98351
-115.092	-303.076	-0.186702	0.982417
-111.233	-303.81	-0.187211	0.98232
-107.358	-304.549	-0.187655	0.982235
-103.467	-305.293	-0.188081	0.982154
-99.5599	-306.042	-0.187464	0.982272
-95.6356	-306.788	-0.185801	0.982587
-91.6937	-307.53	-0.184126	0.982903
-87.7342	-308.269	-0.182437	0.983217
-83.7578	-309.007	-0.185131	0.982714
-79.7692	-309.77	-0.192204	0.981355
-75.77	-310.566	-0.19926	0.979947
-71.7604	-311.393	-0.206299	0.978489
-67.7405	-312.252	-0.212372	0.977189
-63.7093	-313.137	-0.217482	0.976064
-59.6666	-314.047	-0.222557	0.97492
-55.6125	-314.981	-0.22756	0.973764
-51.547	-315.94	-0.232513	0.972593
-47.4689	-316.917	-0.227723	0.973726
-43.3638	-317.851	-0.21315	0.977019
-39.2291	-318.727	-0.198507	0.980099
-35.0654	-319.544	-0.183798	0.982964
-30.8747	-320.309	-0.178681	0.983907
-26.6686	-321.08	-0.183193	0.983077
-22.4497	-321.875	-0.187692	0.982228
-18.2183	-322.691	-0.192179	0.98136
-13.9743	-323.53	-0.196652	0.980473
-9.71667	-324.386	-0.191611	0.981471
-5.43338	-325.195	-0.177021	0.984207
-1.12222	-325.944	-0.162369	0.98673
3.21599	-326.632	-0.147658	0.989038
7.58013	-327.258	-0.135279	0.990808
11.9674	-327.839	-0.125246	0.992126
16.3767	-328.378	-0.115181	0.993344
20.8077	-328.873	-0.105086	0.994463
25.2597	-329.329	-0.0996184	0.995026
29.7294	-329.775	-0.0987912	0.995108
34.2159	-330.219	-0.0979512	0.995191
38.7193	-330.66	-0.0970982	0.995275
43.2396	-331.1	-0.0962654	0.995356
47.7771	-331.533	-0.0904714	0.995899
52.3347	-331.927	-0.0796721	0.996821
56.9129	-332.273	-0.068844	0.997627
61.5111	-332.571	-0.0579884	0.998317
66.1289	-332.818	-0.0459709	0.998943
70.766	-333.007	-0.032765	0.999463
75.4217	-333.135	-0.0195064	0.99981
80.0954	-333.201	-0.00622266	0.999981
84.786	-333.206	0.00567962	0.999984
89.4931	-333.16	0.0161978	0.999869
94.2159	-333.063	0.0267339	0.999643
98.954	-332.916	0.037287	0.999305
103.707	-332.719	0.0478473	0.998855
108.474	-332.469	0.0603992	0.998174
113.253	-332.152	0.0748935	0.997192
118.044	-331.764	0.089254	0.996009
122.846	-331.306	0.103469	0.994633
127.657	-330.778	0.117592	0.993062
132.476	-330.179	0.131495	0.991317
137.303	-329.512	0.144862	0.989452
142.137	-328.779	0.157572	0.987508
146.978	-327.98	0.171072	0.985258
151.823	-327.109	0.185655	0.982615
156.671	-326.164	0.200121	0.979771
161.521	-325.144	0.214193	0.976791
166.372	-324.051	0.227742	0.973721
171.223	-322.889	0.240586	0.970628
176.076	-321.66	0.252957	0.967477
180.928	-320.365	0.265315	0.964162
185.779	-319.003	0.277638	0.960686
190.629	-317.575	0.289144	0.957286
195.476	-316.087	0.299838	0.95399
200.323	-314.54	0.310503	0.950572
205.167	-312.933	0.321137	0.947033
210.01	-311.268	0.330929	0.943656
214.851	-309.549	0.339877	0.94047
219.69	-307.78	0.348791	0.937201
224.528	-305.958	0.357645	0.933858
229.365	-304.085	0.366419	0.93045
234.198	-302.161	0.374867	0.927079
239.03	-300.187	0.38284	0.923815
243.861	-298.166	0.390791	0.92048
248.688	-296.097	0.398718	0.917073
253.514	-293.981	0.404293	0.91463
258.346	-291.839	0.406367	0.91371
263.189	-289.68	0.408441	0.912785
268.042	-287.503	0.410515	0.911854
272.907	-285.312	0.406239	0.913767
277.81	-283.168	0.392371	0.919807
282.761	-281.091	0.378404	0.92564
287.758	-279.084	0.364342	0.931265
292.8	-277.146	0.35015	0.936694
297.887	-275.281	0.33461	0.942357
303.022	-273.5	0.317132	0.948381
308.204	-271.81	0.299499	0.954097
313.433	-270.211	0.28175	0.959488
318.708	-268.709	0.257256	0.966343
324.043	-267.37	0.22253	0.974926
329.439	-266.22	0.187424	0.982279
334.889	-265.261	0.151967	0.988386
340.385	-264.492	0.124479	0.992222
345.914	-263.833	0.109188	0.994021
351.468	-263.257	0.0938602	0.995585
357.047	-262.766	0.0784994	0.996914
362.649	-262.357	0.0672695	0.997735
368.271	-261.989	0.0622747	0.998059
373.911	-261.649	0.0572871	0.998358
380.136	-261.306	0.051795	0.998658
385.245	-261.049	0.0490387	0.998797
390.939	-260.77	0.0483925	0.998828
396.649	-260.495	0.0477455	0.99886
402.375	-260.223	0.0470979	0.99889
408.119	-259.954	0.0464495	0.998921
414.456	-259.661	0.0457206	0.998954
419.656	-259.424	0.0450562	0.998984
425.45	-259.165	0.0442438	0.999021
431.26	-258.909	0.0434301	0.999056
437.087	-258.66	0.0401124	0.999195
442.933	-258.442	0.0330362	0.999454
448.796	-258.264	0.0259529	0.999663
454.676	-258.128	0.0188629	0.999822
460.575	-258.046	-0.00572527	0.999984
467.078	-258.232	-0.061621	0.9981
472.991	-258.718	-0.112312	0.993673
478.887	-259.506	-0.162746	0.986668
484.752	-260.597	-0.212735	0.97711
490.57	-261.988	-0.26215	0.965027
496.325	-263.678	-0.31092	0.950436
502.003	-265.665	-0.358915	0.93337
507.588	-267.943	-0.405148	0.914251
513.068	-270.502	-0.449554	0.893253
518.431	-273.334	-0.492903	0.870084
523.662	-276.436	-0.53509	0.844795
528.748	-279.799	-0.576009	0.817444
533.676	-283.42	-0.615824	0.787884
538.43	-287.291	-0.654405	0.756144
542.997	-291.406	-0.691377	0.722494
547.365	-295.757	-0.726645	0.687014
551.518	-300.334	-0.762127	0.647428
555.423	-305.146	-0.797352	0.603514
559.06	-310.184	-0.830073	0.557655
562.417	-315.432	-0.860178	0.509994
565.48	-320.876	-0.887607	0.460602
568.238	-326.5	-0.912253	0.409627
570.68	-332.285	-0.933989	0.357302
572.796	-338.216	-0.952737	0.303796
574.579	-344.272	-0.967834	0.25159
576.044	-350.43	-0.979602	0.20095
577.189	-356.672	-0.988727	0.149733
578.011	-362.982	-0.995179	0.0980761
578.521	-369.341	-0.998048	0.062452
578.871	-375.729	-0.999069	0.0431479
579.098	-382.139	-0.999712	0.0239785
579.203	-388.569	-0.999988	0.00494993
579.186	-395.017	-0.999902	-0.0139791
579.05	-401.479	-0.999541	-0.0302889
578.818	-407.956	-0.999031	-0.0440138
578.496	-414.445	-0.998336	-0.0576621
578.085	-420.945	-0.997462	-0.0712056
577.583	-427.456	-0.99624	-0.0866315
576.97	-433.974	-0.994582	-0.103956
576.243	-440.497	-0.992619	-0.121271
575.399	-447.023	-0.99035	-0.138586
574.428	-453.547	-0.986012	-0.166676
573.223	-460.049	-0.978701	-0.20529
571.761	-466.515	-0.969927	-0.243397
570.043	-472.934	-0.959759	-0.280826
568.066	-479.296	-0.945904	-0.324446
565.767	-485.565	-0.927766	-0.373163
563.144	-491.725	-0.908048	-0.418866
560.216	-497.764	-0.887263	-0.461264
557.005	-503.676	-0.865723	-0.500523
553.553	-509.471	-0.857783	-0.514013
550.106	-515.289	-0.864205	-0.50314
546.726	-521.165	-0.870616	-0.491964
543.413	-527.098	-0.876861	-0.480744
540.165	-533.086	-0.881206	-0.472732
536.95	-539.111	-0.883767	-0.467927
533.761	-545.167	-0.886336	-0.463043
530.597	-551.256	-0.888895	-0.45811
527.458	-557.377	-0.890803	-0.454391
524.332	-563.522	-0.892073	-0.451892
521.215	-569.691	-0.893353	-0.449357
518.109	-575.884	-0.894642	-0.446784
515.014	-582.101	-0.89594	-0.444175
511.904	-588.329	-0.886043	-0.463603
508.556	-594.449	-0.863516	-0.504322
504.917	-600.421	-0.839119	-0.543947
500.995	-606.231	-0.812909	-0.58239
496.799	-611.866	-0.785683	-0.61863
492.345	-617.322	-0.757626	-0.652688
487.643	-622.588	-0.7281	-0.685471
482.703	-627.654	-0.697162	-0.716913
477.531	-632.507	-0.664664	-0.747142
472.136	-637.137	-0.630645	-0.776072
466.526	-641.531	-0.595374	-0.803449
460.713	-645.68	-0.558922	-0.829221
454.706	-649.575	-0.521123	-0.853482
448.515	-653.202	-0.482033	-0.876153
442.152	-656.555	-0.441965	-0.897032
435.629	-659.623	-0.401002	-0.916077
428.959	-662.4	-0.358965	-0.933351
422.154	-664.875	-0.315925	-0.948784
415.226	-667.042	-0.272141	-0.962257
408.191	-668.893	-0.227672	-0.973738
401.062	-670.421	-0.182363	-0.983231
393.853	-671.619	-0.136097	-0.990696
386.579	-672.479	-0.088828	-0.996047
378.523	-673.021	-0.0353998	-0.999373
371.903	-673.14	0.00968073	-0.999953
364.538	-672.919	0.0609821	-0.998139
357.182	-672.315	0.112834	-0.993614
349.853	-671.328	0.164157	-0.986434
342.571	-669.962	0.21421	-0.976788
335.352	-668.226	0.262633	-0.964896
328.209	-666.131	0.308848	-0.951111
321.159	-663.693	0.353526	-0.935425
314.219	-660.919	0.397405	-0.917643
307.402	-657.812	0.440593	-0.897707
300.727	-654.376	0.483077	-0.875578
294.21	-650.615	0.524447	-0.851443
287.866	-646.538	0.564609	-0.825359
281.713	-642.15	0.606148	-0.795352
275.795	-637.425	0.649932	-0.759992
270.139	-632.363	0.691658	-0.722225
264.765	-626.98	0.731193	-0.682171
259.691	-621.291	0.767468	-0.641087
254.918	-615.326	0.800115	-0.599846
250.455	-609.104	0.830546	-0.55695
246.317	-602.643	0.858678	-0.512516
242.515	-595.958	0.884433	-0.466668
239.065	-589.068	0.908462	-0.417968
235.997	-581.981	0.93076	-0.365632
233.333	-574.715	0.950045	-0.312113
230.878	-566.543	0.967705	-0.252084
229.078	-558.98	0.978443	-0.206517
227.581	-551.334	0.985368	-0.170439
226.363	-543.621	0.990961	-0.134148
225.428	-535.852	0.995217	-0.0976896
224.776	-528.038	0.998131	-0.0611136
224.396	-520.189	0.999338	-0.0363876
224.15	-512.317	0.999722	-0.0235835
224.005	-504.426	0.999942	-0.0108052
223.959	-496.518	0.999998	0.00194612
224.007	-488.593	0.999966	0.00826637
224.072	-480.651	0.999967	0.00815148
224.137	-472.693	0.999968	0.00799973
224.2	-464.718	0.999969	0.00781122
224.255	-456.727	0.999997	0.00225618
224.238	-448.719	0.999962	-0.0086687
224.133	-440.695	0.999807	-0.0196359
223.94	-432.656	0.99953	-0.0306443
223.658	-424.603	0.99913	-0.0416925
223.292	-416.537	0.998882	-0.047275
222.909	-408.455	0.998876	-0.0473922
222.525	-400.356	0.998869	-0.0475464
222.138	-392.241	0.99886	-0.0477375
221.767	-384.109	0.999437	-0.0335366
221.587	-375.954	0.999988	-0.00491627
221.641	-367.781	0.999719	0.0236894
221.928	-359.596	0.998634	0.052256
222.456	-351.407	0.996397	0.0848093
223.274	-343.225	0.992617	0.12129
224.393	-335.062	0.987504	0.157593
225.814	-326.93	0.981067	0.19367
227.534	-318.838	0.973315	0.229472
229.568	-310.803	0.961338	0.275372
232.041	-302.876	0.943673	0.330879
234.976	-295.09	0.922806	0.385265
238.367	-287.474	0.898808	0.438342
242.201	-280.052	0.87252	0.488578
246.45	-272.84	0.844261	0.535932
251.101	-265.86	0.813437	0.581653
256.138	-259.134	0.780142	0.625602
261.55	-252.683	0.744282	0.667866
267.323	-246.531	0.705929	0.708283
273.442	-240.699	0.665387	0.746499
279.889	-235.205	0.622783	0.782395
286.645	-230.07	0.578008	0.816031
293.693	-225.312	0.531174	0.847263
301.011	-220.951	0.48266	0.875808
308.578	-217	0.43262	0.901576
316.373	-213.481	0.376829	0.926283
324.392	-210.462	0.315142	0.949045
332.608	-207.972	0.252088	0.967704
340.986	-206.023	0.187942	0.98218
349.49	-204.63	0.120604	0.992701
358.087	-203.832	0.0503088	0.998734
366.736	-203.64	-0.020243	0.999795
375.393	-204.061	-0.0906984	0.995878
384.016	-205.092	-0.160707	0.987002
392.564	-206.715	-0.217084	0.976153
401.041	-208.758	-0.260045	0.965597
409.435	-211.179	-0.302482	0.953155
417.729	-213.973	-0.344317	0.938853
425.907	-217.138	-0.385699	0.922625
433.951	-220.671	-0.426533	0.904472
441.844	-224.567	-0.466506	0.884518
449.569	-228.82	-0.505538	0.862804
457.106	-233.43	-0.549172	0.835709
464.388	-238.461	-0.596751	0.802426
471.379	-243.917	-0.642318	0.766439
478.053	-249.78	-0.685716	0.727869
484.388	-256.032	-0.7268	0.686849
490.395	-262.624	-0.744496	0.667627
496.377	-269.263	-0.740591	0.671956
502.408	-275.879	-0.736633	0.676293
508.49	-282.472	-0.73262	0.680638
514.629	-289.033	-0.723514	0.69031
520.897	-295.495	-0.709099	0.705108
527.309	-301.838	-0.694346	0.719641
533.863	-308.057	-0.679258	0.7339
540.525	-314.185	-0.688027	0.725685
546.992	-320.541	-0.719846	0.694134
553.179	-327.192	-0.750213	0.661196
559.073	-334.126	-0.779067	0.626941
564.645	-341.341	-0.813889	0.581021
569.739	-348.919	-0.852794	0.522247
574.294	-356.852	-0.887467	0.460871
578.287	-365.101	-0.917732	0.397201
581.694	-373.626	-0.943545	0.331246
584.492	-382.388	-0.964711	0.263309
586.664	-391.342	-0.980994	0.194036
588.197	-400.445	-0.99231	0.123777
589.079	-409.65	-0.9986	0.0528885
589.316	-418.911	-0.999935	-0.011426
588.996	-428.187	-0.997626	-0.0688611
588.143	-437.446	-0.992023	-0.126061
586.756	-446.657	-0.983143	-0.182839
584.868	-455.797	-0.975463	-0.220165
582.741	-464.902	-0.971168	-0.238396
580.439	-473.982	-0.96654	-0.256514
577.965	-483.033	-0.961583	-0.274516
575.294	-492.045	-0.951469	-0.307744
572.215	-500.942	-0.934611	-0.355671
568.682	-509.687	-0.915343	-0.402675
564.702	-518.256	-0.893717	-0.448632
560.318	-526.645	-0.881826	-0.471575
555.843	-535.006	-0.881415	-0.472342
551.353	-543.378	-0.881023	-0.473074
546.849	-551.76	-0.880647	-0.473772
542.33	-560.154	-0.88029	-0.474437
537.806	-568.564	-0.883115	-0.469156
533.361	-577.034	-0.889019	-0.457871
529.017	-585.576	-0.894799	-0.44647
524.775	-594.187	-0.900453	-0.434954
520.58	-602.838	-0.887461	-0.460883
515.902	-611.253	-0.8526	-0.522565
510.63	-619.33	-0.813451	-0.581634
504.79	-627.027	-0.770216	-0.637783
498.411	-634.305	-0.724451	-0.689327
491.542	-641.147	-0.676673	-0.736284
484.218	-647.524	-0.625859	-0.779936
476.47	-653.407	-0.572238	-0.820088
468.332	-658.767	-0.515784	-0.856719
459.836	-663.573	-0.456719	-0.889611
451.02	-667.802	-0.395566	-0.918437
441.923	-671.432	-0.332606	-0.943066
432.586	-674.443	-0.267829	-0.963466
423.049	-676.815	-0.201514	-0.979486
413.356	-678.535	-0.13426	-0.990946
403.553	-679.592	-0.0663822	-0.997794
393.683	-679.978	0.00180445	-0.999998
383.794	-679.689	0.070369	-0.997521
373.931	-678.719	0.138986	-0.990294
364.143	-677.069	0.206942	-0.978353
354.475	-674.743	0.273912	-0.961755
344.975	-671.751	0.339871	-0.940472
335.691	-668.1	0.404481	-0.914546
326.668	-663.805	0.467132	-0.884188
317.952	-658.885	0.527518	-0.849544
309.59	-653.353	0.590194	-0.807261
301.682	-647.165	0.654045	-0.756456
294.293	-640.342	0.713548	-0.700606
287.474	-632.927	0.768304	-0.640085
281.27	-624.968	0.81734	-0.576155
275.712	-616.525	0.860538	-0.509386
270.835	-607.653	0.898295	-0.439392
266.672	-598.407	0.930373	-0.366613
263.25	-588.843	0.956568	-0.291511
260.58	-579.026	0.973506	-0.228661
258.422	-569.065	0.982511	-0.186207
256.696	-559.002	0.989661	-0.143424
255.405	-548.858	0.994948	-0.100387
254.547	-538.652	0.998043	-0.0625305
254.028	-528.405	0.999467	-0.0326455
253.816	-518.131	0.999996	-0.00275551
253.911	-507.839	0.999632	0.027114
254.291	-497.536	0.999297	0.0374876
254.6	-487.214	0.999826	0.018634
254.714	-476.871	1	-0.000276875
254.633	-466.512	0.999815	-0.0192382
254.347	-456.14	0.999011	-0.0444693
253.741	-445.766	0.996871	-0.0790474
252.775	-435.402	0.993528	-0.11359
251.446	-425.062	0.988979	-0.148055
249.757	-414.757	0.983225	-0.182399
247.716	-404.5	0.978112	-0.208077
245.482	-394.265	0.975284	-0.220957
243.11	-384.044	0.972274	-0.233844
240.598	-373.84	0.969083	-0.246736
237.99	-363.644	0.974732	-0.223378
235.966	-353.303	0.989474	-0.144711
234.774	-342.817	0.997879	-0.0650957
234.425	-332.253	0.999888	0.0149413
234.901	-321.676	0.997004	0.0773475
235.874	-311.115	0.993568	0.113239
237.228	-300.583	0.988846	0.148942
238.962	-290.101	0.982848	0.184415
241.072	-279.685	0.975586	0.219619
243.573	-269.358	0.962874	0.26995
246.75	-259.221	0.939636	0.342176
250.686	-249.353	0.910984	0.412442
255.359	-239.813	0.877086	0.480332
260.743	-230.654	0.838141	0.545453
266.805	-221.93	0.794374	0.607429
273.512	-213.69	0.746029	0.665914
280.826	-205.98	0.693382	0.72057
288.706	-198.846	0.63672	0.771095
297.107	-192.328	0.576357	0.817198
305.985	-186.462	0.512639	0.858604
315.293	-181.282	0.445912	0.895077
324.983	-176.818	0.376579	0.926385
335	-173.097	0.304868	0.952394
345.287	-170.149	0.231092	0.972932
356.846	-167.821	0.148387	0.988929
367.507	-166.554	0.0722683	0.997385
378.251	-166.107	-0.00459512	0.999989
389.014	-166.489	-0.0817519	0.996653
399.731	-167.702	-0.158424	0.987371
410.34	-169.743	-0.234152	0.9722
420.771	-172.609	-0.313952	0.949439
430.931	-176.374	-0.396884	0.917869
440.731	-181.032	-0.476702	0.879065
450.094	-186.548	-0.552772	0.833333
458.953	-192.871	-0.617939	0.786226
467.328	-199.853	-0.672947	0.739691
475.189	-207.431	-0.724456	0.689321
482.496	-215.568	-0.772205	0.635373
489.208	-224.222	-0.815946	0.578129
495.323	-233.331	-0.843739	0.536753
501.118	-242.668	-0.858243	0.513244
506.663	-252.176	-0.872076	0.48937
511.95	-261.848	-0.885234	0.465146
517.02	-271.654	-0.885314	0.464994
522.268	-281.386	-0.87232	0.488935
527.786	-290.985	-0.858651	0.51256
533.574	-300.444	-0.844313	0.535851
539.583	-309.784	-0.845644	0.533748
545.397	-319.265	-0.862463	0.50612
550.91	-328.943	-0.878369	0.477983
556.114	-338.81	-0.893347	0.449367
561.005	-348.854	-0.907383	0.420304
565.548	-359.077	-0.927029	0.37499
569.47	-369.57	-0.949907	0.312532
572.692	-380.316	-0.968583	0.24869
575.195	-391.268	-0.982973	0.183753
576.96	-402.38	-0.993489	0.113924
577.908	-413.607	-0.999223	0.0394203
578.016	-424.89	-0.999377	-0.0353055
577.279	-436.166	-0.99395	-0.109834
575.727	-447.377	-0.98564	-0.168861
573.614	-458.515	-0.977156	-0.212521
571.005	-469.564	-0.966746	-0.25574
567.902	-480.502	-0.954429	-0.298437
564.376	-491.33	-0.952423	-0.30478
561.036	-502.233	-0.961455	-0.274963
558.033	-513.252	-0.969568	-0.244823
555.372	-524.375	-0.976749	-0.214387
553.057	-535.592	-0.982985	-0.183685
551.08	-546.89	-0.987192	-0.159535
549.327	-558.243	-0.98986	-0.142043
547.774	-569.642	-0.992225	-0.124456
546.422	-581.082	-0.994283	-0.106779
545.172	-592.55	-0.989731	-0.142944
543.108	-603.91	-0.972704	-0.23205
540.018	-615.052	-0.947664	-0.31927
535.925	-625.884	-0.914817	-0.403868
530.882	-636.327	-0.880968	-0.473175
525.127	-646.418	-0.849164	-0.528129
518.734	-656.137	-0.813945	-0.580942
511.728	-665.444	-0.775451	-0.631408
504.119	-674.286	-0.726015	-0.687679
495.799	-682.482	-0.663987	-0.747744
486.79	-689.942	-0.596999	-0.802242
477.158	-696.605	-0.525555	-0.85076
466.972	-702.42	-0.449899	-0.893079
456.304	-707.336	-0.370559	-0.928809
445.234	-711.311	-0.288408	-0.957508
433.845	-714.314	-0.204068	-0.978957
422.221	-716.317	-0.118177	-0.992993
410.45	-717.303	-0.0309743	-0.99952
398.622	-717.253	0.0568821	-0.998381
386.828	-716.164	0.144297	-0.989534
375.161	-714.041	0.230596	-0.97305
363.71	-710.898	0.315417	-0.948953
352.568	-706.751	0.398079	-0.917351
341.823	-701.628	0.477628	-0.878562
331.559	-695.568	0.553442	-0.832888
321.869	-688.604	0.630767	-0.775972
312.918	-680.691	0.707614	-0.706599
304.824	-671.883	0.77689	-0.629637
297.675	-662.273	0.837842	-0.545913
291.55	-651.963	0.889855	-0.456243
286.52	-641.059	0.932343	-0.361574
282.642	-629.678	0.964796	-0.263
279.961	-617.941	0.98686	-0.16158
278.509	-605.974	0.998293	-0.058406
278.222	-593.903	0.999997	0.00229862
278.335	-581.807	0.999802	0.0198894
278.661	-569.699	0.999299	0.0374332
279.2	-557.581	0.99849	0.054933
279.892	-545.455	0.999139	0.0414789
280.18	-533.298	0.999996	-0.00298473
279.927	-521.123	0.998871	-0.0475089
279.13	-508.955	0.995759	-0.0920046
277.766	-496.822	0.988891	-0.148645
275.613	-484.789	0.976175	-0.216984
272.625	-472.918	0.95872	-0.284353
268.814	-461.269	0.936593	-0.350419
264.193	-449.897	0.909887	-0.414857
258.811	-438.847	0.885945	-0.463791
252.931	-428.031	0.867092	-0.498148
246.623	-417.44	0.846874	-0.531793
239.896	-407.091	0.825316	-0.564671
232.87	-396.924	0.842013	-0.539457
226.619	-386.251	0.8916	-0.452824
221.457	-374.993	0.932313	-0.361651
217.437	-363.261	0.963734	-0.266863
214.599	-351.171	0.985062	-0.172198
212.921	-338.849	0.996896	-0.0787316
212.409	-326.407	0.999881	0.0154378
213.072	-313.956	0.993989	0.109477
214.905	-301.606	0.979272	0.202551
217.898	-289.467	0.955732	0.294238
222.035	-277.652	0.923462	0.383689
227.281	-266.268	0.882839	0.469676
233.593	-255.42	0.834227	0.551421
240.918	-245.207	0.777852	0.628448
249.195	-235.73	0.714148	0.699995
258.353	-227.077	0.643885	0.765122
268.311	-219.33	0.567706	0.823232
278.978	-212.562	0.486072	0.873919
290.261	-206.846	0.39957	0.916703
302.059	-202.237	0.309339	0.950952
314.261	-198.783	0.21622	0.976345
326.757	-196.518	0.12108	0.992643
339.428	-195.475	0.0190314	0.999819
352.153	-195.798	-0.0918609	0.995772
364.78	-197.532	-0.201645	0.979459
377.154	-200.658	-0.30896	0.951075
389.122	-205.137	-0.408993	0.912537
401.691	-211.475	-0.508141	0.861274
412.455	-218.43	-0.592817	0.805337
422.472	-226.451	-0.671394	0.7411
431.662	-235.433	-0.731497	0.681845
440.181	-245.081	-0.775692	0.631112
448.043	-255.293	-0.816365	0.577537
455.209	-266.025	-0.853339	0.521356
461.767	-277.159	-0.853269	0.521472
468.81	-288.011	-0.816109	0.577898
476.579	-298.376	-0.775174	0.631747
485.042	-308.205	-0.730639	0.682764
494.163	-317.45	-0.682696	0.730702
503.906	-326.06	-0.629056	0.77736
514.266	-333.945	-0.569529	0.821971
525.197	-341.047	-0.506779	0.862076
536.642	-347.323	-0.441145	0.897436
548.469	-352.886	-0.444722	0.895669
559.99	-359.088	-0.517098	0.855926
570.973	-366.229	-0.585949	0.810348
581.342	-374.262	-0.650805	0.759245
591.012	-383.149	-0.717981	0.696063
599.77	-392.953	-0.785079	0.619396
607.495	-403.611	-0.844037	0.536285
614.103	-415.014	-0.894233	0.447603
619.523	-427.045	-0.935262	0.353957
623.688	-439.583	-0.966603	0.256277
626.55	-452.497	-0.987775	0.155887
628.076	-465.653	-0.998549	0.0538467
628.245	-478.913	-0.99881	-0.0487688
627.053	-492.137	-0.988487	-0.151303
624.499	-505.183	-0.967557	-0.252655
620.605	-517.911	-0.93626	-0.351309
615.411	-530.184	-0.894929	-0.446208
608.974	-541.873	-0.846118	-0.532995
601.425	-552.898	-0.791338	-0.611379
592.847	-563.164	-0.72932	-0.684173
583.315	-572.575	-0.660629	-0.750713
572.904	-581.027	-0.578428	-0.815733
561.611	-588.284	-0.481835	-0.876262
549.55	-594.216	-0.378958	-0.925414
536.877	-598.742	-0.271142	-0.962539
523.759	-601.829	-0.173499	-0.984834
510.395	-603.711	-0.0879837	-0.996122
496.902	-604.434	-0.00182518	-0.999998
483.38	-603.992	0.0843465	-0.996436
469.93	-602.384	0.16989	-0.985463
456.628	-599.722	0.207188	-0.978301
443.325	-596.962	0.197065	-0.980391
429.978	-594.337	0.186868	-0.982385
416.588	-591.848	0.176603	-0.984282
403.172	-589.415	0.203399	-0.979096
389.885	-586.292	0.266619	-0.963802
376.814	-582.307	0.328706	-0.944432
364.014	-577.475	0.389392	-0.921072
351.541	-571.815	0.448422	-0.893822
339.477	-565.298	0.528359	-0.849021
328.184	-557.505	0.624907	-0.780699
317.877	-548.422	0.712742	-0.701427
308.705	-538.173	0.790608	-0.612323
300.708	-526.954	0.831832	-0.555028
293.153	-515.405	0.844246	-0.535955
285.853	-503.672	0.8562	-0.516645
278.814	-491.763	0.867695	-0.497097
272.125	-479.638	0.898863	-0.438231
266.61	-466.928	0.941745	-0.336327
262.527	-453.67	0.973126	-0.230274
259.93	-440.026	0.992604	-0.121394
258.872	-426.163	0.999994	-0.00337239
259.526	-412.26	0.992492	0.122312
261.926	-398.534	0.969248	0.246085
266.036	-385.202	0.930626	0.365971
271.673	-372.414	0.905405	0.424548
277.624	-359.741	0.904771	0.425899
283.602	-347.062	0.904157	0.4272
289.604	-334.377	0.903561	0.42846
295.631	-321.684	0.902981	0.42968
301.587	-308.943	0.921443	0.388513
306.576	-295.782	0.953125	0.302578
310.344	-282.204	0.976832	0.214008
312.855	-268.321	0.992339	0.123549
314.323	-254.271	0.99046	0.137798
316.944	-240.381	0.966681	0.255983
321.223	-226.893	0.928842	0.370476
327.101	-214.002	0.87749	0.479595
334.463	-201.874	0.82381	0.566867
342.907	-190.447	0.773147	0.634227
352.295	-179.759	0.717003	0.69707
362.561	-169.888	0.655771	0.75496
373.637	-160.909	0.588747	0.808317
385.461	-152.912	0.516197	0.85647
397.951	-145.966	0.439735	0.898128
411.012	-140.126	0.35994	0.932976
424.548	-135.439	0.277418	0.960749
438.462	-131.975	0.178853	0.983876
452.685	-130.063	0.0642821	0.997932
467.051	-129.803	-0.0511709	0.99869
481.367	-131.202	-0.165953	0.986134
495.442	-134.247	-0.278865	0.96033
509.086	-138.907	-0.388365	0.921506
522.111	-145.125	-0.492633	0.870237
534.342	-152.821	-0.59026	0.807213
545.609	-161.894	-0.680189	0.733037
555.754	-172.232	-0.761115	0.648617
564.632	-183.696	-0.831639	0.555317
572.119	-196.133	-0.890793	0.454409
578.103	-209.376	-0.938727	0.344661
582.442	-223.262	-0.973838	0.227243
585.052	-237.591	-0.994324	0.106394
585.89	-252.148	-0.999871	-0.0160685
584.939	-266.715	-0.99039	-0.138304
582.295	-281.094	-0.975038	-0.222036
578.772	-295.308	-0.963371	-0.268171
574.573	-309.355	-0.949535	-0.313661
569.705	-323.202	-0.93356	-0.35842
564.295	-336.865	-0.9358	-0.35253
559.442	-350.751	-0.955303	-0.29563
555.429	-364.92	-0.971367	-0.237586
552.273	-379.32	-0.983921	-0.178606
550.024	-393.906	-0.994601	-0.103773
549.026	-408.643	-0.999915	-0.0130404
549.372	-423.426	-0.996962	0.0778939
551.062	-438.133	-0.98574	0.168273
554.087	-452.641	-0.96632	0.257343
558.33	-466.863	-0.95268	0.303976
562.882	-481.011	-0.950848	0.309658
567.523	-495.148	-0.948965	0.31538
572.255	-509.272	-0.947033	0.321138
577.057	-523.39	-0.948117	0.317921
581.73	-537.568	-0.952129	0.305696
586.226	-551.821	-0.955972	0.293459
590.543	-566.146	-0.959646	0.281211
594.554	-580.573	-0.976491	0.215558
597.059	-595.336	-0.995542	0.0943153
597.705	-611.798	-0.999177	-0.040564
596.58	-625.234	-0.988617	-0.150451
593.695	-639.939	-0.972796	-0.231665
589.973	-654.463	-0.961996	-0.273064
585.634	-668.81	-0.949448	-0.313923
580.696	-682.93	-0.935206	-0.354104
575.188	-696.763	-0.919301	-0.393554
569.178	-710.286	-0.910386	-0.41376
563.09	-723.658	-0.909648	-0.41538
557.022	-736.919	-0.908789	-0.417257
550.963	-750.084	-0.907813	-0.419374
545.001	-763.217	-0.925839	-0.377918
540.063	-776.727	-0.95688	-0.290484
536.405	-790.61	-0.979666	-0.200635
534.049	-804.768	-0.99404	-0.109014
533.033	-819.082	-0.999985	-0.00541798
533.645	-833.415	-0.993402	0.114682
535.975	-847.571	-0.972445	0.233133
539.987	-861.345	-0.937416	0.348212
545.597	-874.552	-0.897361	0.441297
552.305	-887.244	-0.862835	0.505485
559.92	-899.415	-0.823729	0.566984
568.402	-910.999	-0.780246	0.625473
577.704	-921.934	-0.732619	0.680639
587.731	-932.213	-0.711758	0.702424
597.679	-942.571	-0.73518	0.677872
607.27	-953.26	-0.757751	0.652544
616.493	-964.269	-0.77945	0.626465
625.304	-975.609	-0.815668	0.57852
633.12	-987.645	-0.874375	0.485251
639.425	-1000.53	-0.931671	0.363304
643.838	-1014.18	-0.975115	0.2217
646.174	-1028.32	-0.997258	0.0740034
646.379	-1042.66	-0.997012	-0.0772472
644.385	-1056.86	-0.972937	-0.23107
640.206	-1070.58	-0.92551	-0.378723
634.069	-1083.55	-0.889904	-0.456149
627.604	-1096.37	-0.898297	-0.43939
621.412	-1109.34	-0.908954	-0.416897
615.575	-1122.46	-0.92077	-0.390107
610.097	-1135.71	-0.920642	-0.390409
604.27	-1148.76	-0.901314	-0.433165
597.859	-1161.49	-0.880145	-0.474706
590.892	-1173.85	-0.857276	-0.514857
583.397	-1185.83	-0.832817	-0.553548
575.44	-1197.41	-0.82189	-0.569646
567.565	-1208.97	-0.832805	-0.553567
559.96	-1220.61	-0.84373	-0.536768
552.634	-1232.33	-0.854603	-0.519283
545.629	-1244.15	-0.877335	-0.479878
539.476	-1256.34	-0.914139	-0.405401
534.396	-1268.92	-0.94528	-0.326261
530.444	-1281.81	-0.970336	-0.24176
527.689	-1294.91	-0.989351	-0.145551
526.333	-1308.15	-0.999391	-0.0348826
526.473	-1321.36	-0.996831	0.0795521
528.122	-1334.38	-0.98094	0.194309
531.636	-1348.29	-0.948376	0.317148
536.27	-1360.4	-0.914	0.405714
541.852	-1372.03	-0.881677	0.471853
548.241	-1383.18	-0.845976	0.533221
555.373	-1393.84	-0.808281	0.588796
563.094	-1404.03	-0.796501	0.604637
570.687	-1414.26	-0.813389	0.58172
577.928	-1424.66	-0.832231	0.554429
584.774	-1435.25	-0.850987	0.525187
591.161	-1446.05	-0.88347	0.468488
596.576	-1457.29	-0.924577	0.380994
600.851	-1468.94	-0.957646	0.287948
603.926	-1480.89	-0.982085	0.188436
605.714	-1493.04	-0.997177	0.0750878
606.027	-1505.24	-0.998802	-0.0489246
604.835	-1517.33	-0.985331	-0.170654
602.203	-1529.13	-0.958151	-0.286262
598.229	-1540.48	-0.918851	-0.394605
593.029	-1551.26	-0.872658	-0.488332
586.831	-1561.41	-0.822972	-0.568083
579.76	-1570.89	-0.767467	-0.641088
571.91	-1579.62	-0.706318	-0.707894
563.408	-1587.61	-0.667746	-0.744389
554.734	-1595.29	-0.655949	-0.754805
546.002	-1602.78	-0.644027	-0.765003
537.218	-1610.09	-0.63225	-0.774764
528.445	-1617.27	-0.655845	-0.754896
520.187	-1624.9	-0.711733	-0.702451
512.599	-1633.07	-0.763382	-0.645948
505.716	-1641.72	-0.810392	-0.585888
499.533	-1650.78	-0.840535	-0.541757
493.758	-1659.98	-0.856768	-0.515701
488.32	-1669.27	-0.872133	-0.48927
483.215	-1678.64	-0.886625	-0.462489
478.443	-1688.06	-0.900242	-0.435389
474.008	-1697.54	-0.914755	-0.404009
469.968	-1707.08	-0.929741	-0.368214
466.336	-1716.69	-0.94328	-0.331999
463.107	-1726.33	-0.955372	-0.295404
460.276	-1736.02	-0.966249	-0.25761
457.848	-1745.75	-0.975817	-0.218591
455.822	-1755.52	-0.983809	-0.179221
454.197	-1765.34	-0.990212	-0.139573
452.934	-1775.18	-0.992566	-0.121705
451.713	-1785.01	-0.99204	-0.12592
450.452	-1794.8	-0.991446	-0.130521
449.147	-1804.56	-0.990785	-0.135442
447.797	-1814.3	-0.990092	-0.140422
446.414	-1824	-0.990476	-0.137686
445.109	-1833.68	-0.991873	-0.127232
443.91	-1843.36	-0.993158	-0.116774
442.815	-1853.02	-0.994335	-0.106294
441.822	-1862.66	-0.995243	-0.0974239
440.908	-1872.29	-0.995925	-0.0901892
440.066	-1881.9	-0.996553	-0.0829581
439.295	-1891.5	-0.997128	-0.0757309
438.631	-1901.07	-0.998937	-0.0460912
438.389	-1910.63	-0.999982	0.00601962
438.645	-1920.18	-0.998312	0.0580717
439.395	-1929.67	-0.993941	0.109919
440.635	-1939.08	-0.986885	0.161428
442.299	-1948.41	-0.984898	0.173136
443.83	-1957.74	-0.98939	0.145287
445.094	-1967.08	-0.993096	0.117304
446.092	-1976.43	-0.996028	0.0890427
446.878	-1985.77	-0.995088	0.0989894
447.984	-1995.06	-0.989115	0.147146
449.536	-2004.27	-0.98082	0.194917
451.527	-2013.36	-0.970229	0.24219
453.952	-2022.32	-0.956979	0.290156
456.82	-2031.13	-0.940916	0.338641
460.125	-2039.76	-0.922413	0.386204
463.857	-2048.19	-0.901528	0.432722
467.997	-2056.39	-0.880365	0.474296
472.483	-2064.39	-0.859514	0.511113
477.29	-2072.17	-0.837143	0.546984
482.408	-2079.72	-0.813296	0.58185
487.817	-2087.04	-0.79361	0.608427
493.41	-2094.2	-0.778834	0.62723
499.16	-2101.2	-0.763622	0.645664
505.064	-2108.05	-0.747976	0.663726
511.122	-2114.75	-0.732929	0.680305
517.32	-2121.31	-0.71856	0.695465
523.654	-2127.75	-0.703873	0.710326
530.121	-2134.05	-0.688879	0.724876
536.718	-2140.22	-0.674029	0.738705
543.433	-2146.26	-0.662198	0.749329
550.226	-2152.21	-0.655413	0.75527
557.057	-2158.12	-0.654212	0.756312
563.88	-2164.03	-0.657108	0.753796
570.628	-2170.03	-0.696636	0.717425
576.838	-2176.58	-0.766411	0.64235
582.346	-2183.73	-0.828147	0.560511
587.093	-2191.4	-0.881183	0.472776
591.043	-2199.52	-0.921335	0.388769
594.273	-2207.95	-0.950613	0.310378
596.787	-2216.62	-0.973231	0.229828
598.567	-2225.47	-0.989037	0.147668
599.594	-2234.45	-0.998208	0.0598392
599.799	-2243.47	-0.999452	-0.0331017
599.165	-2252.48	-0.992061	-0.12576
597.697	-2261.39	-0.976098	-0.217333
595.424	-2270.13	-0.955296	-0.295652
592.516	-2278.68	-0.932595	-0.360926
589.024	-2287.01	-0.905441	-0.424472
584.965	-2295.08	-0.873963	-0.485993
580.358	-2302.85	-0.838311	-0.545193
575.235	-2310.3	-0.80573	-0.592283
569.77	-2317.49	-0.7829	-0.622147
564.051	-2324.49	-0.761635	-0.648006
557.504	-2331.97	-0.739778	-0.672851
551.987	-2337.95	-0.735853	-0.677141
545.923	-2344.65	-0.750455	-0.660922
540.014	-2351.49	-0.766328	-0.64245
534.28	-2358.47	-0.782944	-0.622092
528.744	-2365.62	-0.806845	-0.590763
523.578	-2373.03	-0.840048	-0.542512
518.857	-2380.73	-0.870697	-0.491821
514.601	-2388.71	-0.898451	-0.439073
510.829	-2396.92	-0.923434	-0.383758
507.57	-2405.35	-0.945791	-0.324775
504.859	-2413.97	-0.964911	-0.262576
502.531	-2423.63	-0.981179	-0.1931
501.015	-2432.54	-0.991551	-0.129719
500.061	-2441.52	-0.997259	-0.0739886
499.565	-2450.55	-0.99966	-0.0260755
499.502	-2459.59	-0.999767	0.0215843
499.868	-2468.62	-0.997641	0.0686513
500.636	-2477.63	-0.994977	0.100107
501.599	-2486.62	-0.993255	0.115954
502.703	-2495.59	-0.991349	0.131252
503.945	-2504.54	-0.989188	0.146652
505.317	-2513.48	-0.987891	0.155147
506.725	-2522.41	-0.987654	0.156649
508.147	-2531.34	-0.987409	0.158188
509.583	-2540.27	-0.987161	0.159728
511.025	-2549.19	-0.987703	0.156343
512.409	-2558.13	-0.988983	0.148027
513.717	-2567.08	-0.990194	0.1397
514.95	-2576.03	-0.991334	0.131363
516.108	-2585	-0.9924	0.123055
517.193	-2593.98	-0.993215	0.116296
518.226	-2602.96	-0.993814	0.111054
519.211	-2611.95	-0.994387	0.105808
520.149	-2620.95	-0.994931	0.10056
521.041	-2629.95	-0.995352	0.0963017
521.9	-2638.95	-0.995663	0.0930349
522.73	-2647.96	-0.995963	0.0897671
523.53	-2656.96	-0.996252	0.0864983
524.305	-2665.98	-0.996233	0.0867126
525.103	-2674.98	-0.995896	0.0905072
525.936	-2683.99	-0.995483	0.0949397
526.814	-2692.99	-0.994955	0.10032
527.742	-2701.99	-0.99433	0.106336
528.735	-2710.98	-0.993009	0.118042
529.864	-2719.95	-0.990821	0.135182
531.149	-2728.91	-0.988325	0.152359
532.59	-2737.84	-0.985469	0.169855
534.194	-2746.74	-0.981732	0.190267
535.999	-2755.6	-0.976953	0.213456
538.014	-2764.42	-0.97157	0.236753
540.24	-2773.19	-0.96557	0.260142
542.68	-2781.9	-0.958587	0.284799
545.349	-2790.54	-0.950545	0.310586
548.252	-2799.11	-0.941777	0.336238
551.386	-2807.59	-0.932289	0.361715
554.749	-2815.99	-0.922352	0.386351
558.33	-2824.3	-0.912003	0.410183
562.127	-2832.51	-0.900963	0.433896
566.138	-2840.62	-0.889244	0.457434
570.361	-2848.62	-0.876825	0.48081
574.788	-2856.51	-0.866428	0.499302
579.355	-2864.32	-0.858478	0.51285
584.043	-2872.06	-0.850573	0.525857
588.846	-2879.73	-0.842828	0.538184
593.755	-2887.33	-0.837138	0.546992
598.724	-2894.89	-0.833548	0.552448
603.742	-2902.42	-0.830041	0.557702
608.807	-2909.92	-0.826502	0.562934
613.917	-2917.38	-0.824304	0.566148
619.045	-2924.84	-0.823447	0.567393
624.184	-2932.29	-0.822567	0.568669
629.335	-2939.73	-0.821684	0.569944
634.496	-2947.16	-0.821084	0.570807
639.664	-2954.59	-0.820747	0.571292
644.836	-2962.02	-0.820297	0.571937
650.015	-2969.44	-0.819635	0.572886
655.205	-2976.85	-0.818226	0.574897
660.419	-2984.25	-0.815667	0.578521
665.672	-2991.62	-0.811864	0.583847
670.981	-2998.95	-0.806528	0.591195
676.346	-3006.24	-0.808561	0.588413
681.622	-3013.59	-0.818146	0.57501
686.781	-3021.03	-0.826468	0.562984
691.837	-3028.54	-0.833574	0.552408
696.801	-3036.11	-0.840085	0.542455
701.669	-3043.74	-0.848756	0.528785
706.392	-3051.46	-0.859408	0.511291
710.956	-3059.27	-0.869791	0.493421
715.356	-3067.19	-0.880038	0.474903
719.589	-3075.19	-0.88916	0.457597
723.672	-3083.27	-0.897751	0.440503
727.59	-3091.43	-0.907306	0.420471
731.317	-3099.68	-0.917489	0.397761
734.824	-3108.02	-0.929534	0.368737
738.036	-3116.48	-0.942834	0.333262
740.917	-3125.06	-0.955516	0.29494
743.44	-3133.76	-0.967307	0.253609
745.583	-3142.55	-0.977184	0.212397
747.362	-3151.43	-0.985001	0.172549
748.779	-3160.37	-0.991194	0.132417
749.832	-3169.36	-0.995753	0.0920664
750.519	-3178.39	-0.998665	0.0516615
750.848	-3187.43	-0.999859	0.0167886
750.896	-3196.49	-0.999937	-0.011199
750.701	-3205.54	-0.999345	-0.0361921
750.291	-3214.58	-0.998317	-0.0579862
749.706	-3223.62	-0.997629	-0.0688239
749.079	-3232.65	-0.997607	-0.069133
748.458	-3241.69	-0.997743	-0.0671434
747.862	-3250.72	-0.998006	-0.0631179
747.324	-3259.76	-0.998859	-0.0477622
746.985	-3268.81	-0.999759	-0.021961
746.879	-3277.87	-0.999993	0.00385528
747.008	-3286.92	-0.99956	0.0296696
747.387	-3295.97	-0.99775	0.0670446
748.171	-3304.99	-0.993266	0.115859
749.396	-3313.96	-0.986394	0.164396
751.059	-3322.86	-0.977153	0.212539
753.155	-3331.67	-0.965923	0.25883
755.66	-3340.37	-0.952923	0.303212
758.565	-3348.95	-0.937885	0.346946
761.864	-3357.38	-0.920841	0.389938
765.548	-3365.65	-0.901827	0.432097
769.597	-3373.75	-0.886368	0.462981
773.863	-3381.74	-0.875571	0.48309
778.311	-3389.63	-0.864317	0.502947
782.938	-3397.42	-0.852613	0.522543
787.731	-3405.11	-0.845015	0.534742
792.593	-3412.75	-0.841835	0.539735
797.5	-3420.36	-0.838625	0.544709
802.453	-3427.95	-0.835386	0.549664
807.443	-3435.51	-0.835282	0.549822
812.407	-3443.09	-0.838315	0.545186
817.329	-3450.69	-0.841323	0.540533
822.209	-3458.33	-0.844304	0.535864
827.042	-3465.99	-0.849414	0.527726
831.781	-3473.71	-0.856553	0.516059
836.413	-3481.5	-0.863531	0.504295
840.939	-3489.34	-0.87066	0.491885
845.347	-3497.26	-0.878111	0.478457
849.622	-3505.25	-0.888904	0.458094
853.673	-3513.35	-0.902984	0.429675
857.454	-3521.58	-0.917528	0.397671
860.929	-3529.95	-0.932648	0.360786
864.049	-3538.46	-0.946628	0.322328
