0	0
0	0
0	0
0	0
0	0
0	0
0	0
0	0
0	0
0	0
0	0
0	0
0	0
0	0
0	0
0	0
0	0
0	0
0	0
0	0
0	0
0	0
0.0121996	0.00335144
0.0335989	0.00922793
0.0647118	0.0177668
0.117301	0.0321861
0.196308	0.0538163
0.306073	0.0838027
0.421944	0.115376
0.548976	0.149894
0.680628	0.185562
0.812364	0.221145
0.944182	0.256642
1.07608	0.292054
1.20807	0.327379
1.34014	0.362619
1.47228	0.397773
1.60452	0.43284
1.13413	1.07066
1.21768	1.15444
1.30125	1.23819
1.38484	1.32192
1.47565	1.39843
1.55926	1.48215
1.64288	1.56585
1.72651	1.64955
1.81015	1.73323
1.90542	1.80528
1.98906	1.88896
2.07271	1.97263
2.15656	2.05611
2.24997	2.13002
2.33521	2.21211
2.42064	2.294
2.50646	2.37551
2.602	2.44729
2.68854	2.52807
2.77477	2.60916
2.86065	2.69061
2.95372	2.76486
3.03915	2.84676
3.12419	2.92904
3.20857	3.01198
3.29291	3.09496
3.38844	3.16676
3.47279	3.24973
3.55715	3.3327
3.64225	3.41492
3.74049	3.484
3.82488	3.56693
3.90928	3.64986
3.99367	3.73278
4.08045	3.81333
4.16486	3.89625
4.24926	3.97916
4.33368	4.06207
4.42791	4.13516
4.51233	4.21807
4.59675	4.30096
4.68118	4.38386
4.77664	4.45572
4.86108	4.5386
4.94552	4.62148
5.02996	4.70436
5.1235	4.77815
5.20795	4.86102
5.2924	4.94388
5.37686	5.02675
5.46132	5.10961
5.55512	5.18154
5.63879	5.26361
5.72246	5.34567
5.80613	5.42773
5.89745	5.50214
5.98113	5.5842
6.06482	5.66625
6.1485	5.7483
6.24934	5.81317
6.33304	5.89521
6.41674	5.97724
6.50045	6.05927
6.5878	6.13765
6.67151	6.21968
6.75522	6.3017
6.83893	6.38372
6.93021	6.45817
7.01393	6.54019
7.09765	6.6222
7.18138	6.70421
7.26915	6.78217
7.35288	6.86417
7.43661	6.94617
7.52035	7.02817
7.60408	7.11017
7.69401	7.18597
7.77762	7.26809
7.86051	7.35093
7.94181	7.43537
8.02981	7.5131
8.10527	7.60338
8.17742	7.69698
8.24678	7.79337
8.2364	7.96956
8.30546	8.06624
8.39569	8.14174
8.47603	8.22714
8.55501	8.3139
8.63795	8.39669
8.7209	8.47948
8.80384	8.56227
8.88849	8.64336
8.972	8.72559
9.05779	8.80553
9.14452	8.88453
9.23175	8.96304
9.32273	9.03778
9.41907	9.10717
9.51507	9.1769
9.61055	9.24713
9.70544	9.31797
9.79537	9.39377
9.882	9.47287
9.96791	9.5527
10.049	9.63731
10.1315	9.7206
10.2149	9.80294
10.2975	9.88609
10.3694	9.9799
10.4529	10.0621
10.5358	10.145
10.619	10.2275
10.6982	10.3141
10.7819	10.3961
10.8643	10.4794
10.9431	10.5663
11.0222	10.653
11.1017	10.7392
11.1774	10.8293
11.2493	10.9231
11.322	11.0161
11.4007	11.1032
11.4753	11.1943
11.5452	11.2901
11.6114	11.3897
11.7285	11.4383
11.814	11.5186
11.8968	11.6016
11.9797	11.6843
12.0669	11.7628
12.1499	11.8456
12.2329	11.9283
12.3159	12.0111
12.444	12.0486
12.5271	12.1314
12.6101	12.2141
12.6931	12.2968
12.6116	12.5441
12.6945	12.627
12.7774	12.7098
12.8603	12.7926
12.9426	12.8761
12.9681	13.0163
13.0501	13.1
13.1329	13.183
13.2162	13.2654
13.2987	13.3487
13.3815	13.4316
13.4644	13.5145
13.5472	13.5974
13.612	13.6983
13.6948	13.7812
13.7776	13.8641
13.8605	13.947
14.0202	13.9531
14.1035	14.0354
14.1869	14.1178
14.2697	14.2007
14.3526	14.2835
14.4242	14.3777
14.5071	14.4606
14.59	14.5434
14.6736	14.6255
14.7571	14.7078
14.8399	14.7906
14.9228	14.8735
15.0057	14.9564
15.2227	14.9051
15.3056	14.9878
15.3886	15.0706
15.4716	15.1533
15.5455	15.2451
15.624	15.3324
15.7025	15.4197
15.7836	15.5043
15.8469	15.6067
15.9239	15.6955
15.9995	15.7857
16.0763	15.8746
16.1552	15.9614
15.9518	16.3304
16.0265	16.4214
16.1001	16.5136
16.1727	16.6067
16.2069	16.7382
16.2812	16.8296
16.3642	16.9123
16.4528	16.9895
16.6008	17.0073
16.7067	17.0672
16.8193	17.1204
16.9277	17.1777
17.0055	17.2656
17.0877	17.3492
17.1705	17.4321
17.2532	17.5151
17.5419	17.3922
17.6248	17.475
17.7078	17.5578
17.7907	17.6407
17.9747	17.6223
18.057	17.7044
18.1257	17.7732
18.1842	17.8317
18.2327	17.8803
18.2846	17.8952
18.2956	17.9066
18.2963	17.9075
18.2971	17.9083
18.2984	17.9086
18.2992	17.9094
18.2999	17.9102
18.3007	17.911
18.294	17.9193
18.2948	17.9201
18.2956	17.9209
18.2964	17.9217
18.2896	17.9301
18.2608	17.9019
18.201	17.846
17.9677	17.6314
17.5923	17.2985
16.9937	16.9882
16.4638	16.513
15.9221	16.0176
15.3826	15.507
14.5517	15.2875
14.0335	14.7558
13.5153	14.2241
12.997	13.6924
12.5435	13.0961
12.031	12.5714
11.5248	12.0533
11.028	11.545
10.5924	10.982
10.1051	10.4834
9.6301	9.99827
9.16773	9.52609
8.72938	9.0299
8.26693	8.55779
7.80446	8.08571
7.32941	7.60055
6.84795	7.10898
6.39019	6.57448
5.89882	6.07359
5.40744	5.5727
4.91607	5.0718
4.43419	4.563
3.93088	4.04998
3.42754	3.53699
2.93058	3.03044
2.53278	2.60427
2.31381	2.38348
2.16994	2.23739
2.14281	2.20906
2.15078	2.20427
2.15434	2.20388
2.15777	2.20363
2.16069	2.20389
2.16104	2.20671
2.16334	2.20758
2.17986	2.22356
2.22352	2.26707
2.2868	2.33007
2.34855	2.39846
2.41611	2.46615
2.48359	2.53394
2.55076	2.60139
2.61563	2.67114
2.68279	2.7386
2.74995	2.80607
2.81742	2.87386
2.88736	2.9488
2.9628	3.02465
3.03986	3.10209
3.11788	3.18049
3.19363	3.26181
3.27198	3.34053
3.35032	3.41925
3.4293	3.49861
3.50107	3.58391
3.57941	3.66264
3.65838	3.74201
3.73736	3.82138
3.81634	3.90074
3.88238	3.99177
3.96134	4.07115
4.03968	4.14988
4.11864	4.22926
4.1879	4.31835
4.26624	4.39708
4.34519	4.47647
4.42352	4.5552
4.48834	4.64745
4.56886	4.72848
4.65193	4.81209
4.73535	4.89599
4.81049	4.98818
4.89398	5.07201
4.97787	5.15544
5.06154	5.2391
5.13367	5.3327
5.2163	5.4158
5.29893	5.49891
5.38157	5.58201
5.4642	5.66511
5.53252	5.76252
5.61514	5.84564
5.69776	5.92875
5.78038	6.01187
5.85684	6.10114
5.93945	6.18427
6.02206	6.26739
6.10467	6.35051
6.18712	6.4338
6.26973	6.51692
6.35234	6.60005
6.43495	6.68318
6.52263	6.76124
6.60524	6.84436
6.68785	6.92749
6.77046	7.01062
6.85306	7.09374
6.97191	7.14065
7.05454	7.22375
7.13717	7.30686
7.2198	7.38996
7.30192	7.47358
7.38455	7.55668
7.45357	7.62584
7.5177	7.69025
7.58741	7.74844
7.65118	7.81258
7.71539	7.87691
7.78138	7.94331
7.84891	8.00818
7.9153	8.07418
7.98132	8.14056
8.04733	8.20693
8.11761	8.26904
8.18494	8.33412
8.25546	8.39599
8.32498	8.45886
8.39237	8.52386
8.46025	8.58838
8.52639	8.65463
8.59267	8.72074
8.6617	8.78411
8.72813	8.85007
8.79429	8.91631
8.86044	8.98255
8.92659	9.04879
8.97649	9.13192
9.04327	9.19881
9.11291	9.26861
9.18862	9.34454
9.25615	9.43889
9.33892	9.52186
9.42171	9.6048
9.5045	9.68774
9.50676	9.85117
9.58949	9.93417
9.67223	10.0172
9.75496	10.1002
9.79947	10.2214
9.88218	10.3044
9.96488	10.3874
10.0476	10.4704
10.1303	10.5535
10.1884	10.6611
10.2718	10.7434
10.3552	10.8258
10.4391	10.9076
10.6745	10.8381
10.7598	10.9185
10.8451	10.9989
10.9319	11.0778
11.0374	11.1381
11.1304	11.2109
11.223	11.284
11.3144	11.3583
11.2057	11.6326
11.2935	11.7105
11.382	11.7878
11.4713	11.8642
11.5389	11.9623
11.629	12.038
11.7217	12.1111
11.8149	12.1837
11.8983	12.2659
11.9785	12.3515
12.0619	12.4338
12.1454	12.5161
12.2288	12.5983
12.3153	12.6776
12.3988	12.7599
12.4822	12.8422
12.5657	12.9244
12.6452	13.0106
12.7287	13.0929
12.8122	13.1752
12.8957	13.2574
12.9754	13.3434
13.0589	13.4256
13.1424	13.5079
13.2258	13.5902
13.3093	13.6724
13.3917	13.7558
13.4751	13.8381
13.5586	13.9203
13.6421	14.0026
13.7225	14.0879
13.806	14.1702
13.8895	14.2524
13.9729	14.3347
14.0536	14.4198
14.1371	14.502
14.2205	14.5843
14.304	14.6665
14.3802	14.7561
14.4637	14.8383
14.5472	14.9206
14.6307	15.0028
14.7165	15.0827
14.8	15.165
14.8317	15.299
14.8633	15.433
14.9022	15.5597
14.9907	15.6369
15.0728	15.7206
15.1412	15.8179
15.1991	15.9257
15.8962	15.3946
15.9264	15.5302
16.0086	15.6137
16.0909	15.6972
16.2353	15.7183
16.3176	15.8018
16.3999	15.8852
16.4822	15.9687
16.5681	16.0485
16.6504	16.132
16.7327	16.2154
16.815	16.2989
16.9006	16.379
16.9829	16.4624
17.0652	16.5458
17.1475	16.6293
17.2294	16.7124
17.2937	16.7998
17.3703	16.8774
17.4475	16.9557
17.5247	17.034
17.5981	17.1161
17.6749	17.1941
17.7518	17.272
17.8286	17.35
17.9641	17.3699
18.1144	17.3749
18.2311	17.4135
18.2792	17.521
18.3564	17.5993
18.4419	17.6693
18.5275	17.7416
18.6173	17.8111
18.7177	17.8738
18.8074	17.9473
18.9098	18.008
19.004	18.0769
19.0951	18.1489
19.1653	18.2419
19.2569	18.3135
19.3495	18.3839
19.442	18.4546
19.4896	18.5703
19.5799	18.6432
19.6641	18.7221
19.7468	18.8026
19.7882	18.9245
19.8708	19.005
19.9524	19.0866
20.0312	19.171
20.1097	19.2557
20.1173	19.4115
20.1855	19.5065
20.2528	19.6024
20.3302	19.6882
20.3501	19.8316
20.4217	19.9232
20.4867	20.0214
20.5581	20.1132
20.5578	20.2768
20.6398	20.3579
20.7219	20.4391
20.8031	20.521
20.8097	20.6777
20.8701	20.7804
20.9449	20.8688
21.0252	20.9517
21.1066	21.0334
21.1882	21.115
21.2707	21.1956
21.3548	21.2747
21.4385	21.3542
21.5532	21.4027
21.6385	21.4805
21.72	21.5622
21.8011	21.6443
21.8832	21.7253
21.9647	21.807
22.0446	21.8903
22.1235	21.9765
22.176	22.0891
22.2595	22.1707
22.3427	22.2526
22.4283	22.3321
22.4834	22.442
22.5671	22.5235
22.6502	22.6061
22.7345	22.6875
22.8242	22.7635
22.9305	22.823
23.0262	22.8931
23.1236	22.9613
23.2288	23.0219
23.3922	23.0241
23.4999	23.0821
23.6056	23.142
23.7052	23.2082
23.8774	23.2015
23.9613	23.2833
24.0452	23.3651
24.1291	23.4469
24.2146	23.5272
24.2985	23.609
24.3824	23.6908
24.4663	23.7727
24.5518	23.8529
24.6357	23.9347
24.7196	24.0166
24.8035	24.0984
24.865	24.2027
24.9435	24.2899
25.0224	24.3768
25.084	24.481
25.1305	24.5971
25.101	24.7843
25.1611	24.8764
25.1979	24.9881
25.2244	25.1011
25.1339	25.3253
25.1761	25.4142
25.258	25.4608
25.3215	25.5252
25.3448	25.6292
25.4083	25.6929
25.4719	25.7566
25.5354	25.8203
25.646	25.837
25.7096	25.9007
25.7732	25.9643
25.8368	26.028
25.9117	26.0804
25.9753	26.144
26.0389	26.2077
26.1025	26.2714
26.1661	26.335
26.1912	26.4372
26.2547	26.5009
26.3183	26.5646
26.3819	26.6283
26.3693	26.768
26.4328	26.8318
26.4963	26.8955
26.5598	26.9592
26.6476	26.9988
26.7122	27.0615
26.7757	27.1252
26.8393	27.1889
26.9396	27.2159
27.0031	27.2796
27.0667	27.3433
27.1318	27.4055
27.1974	27.4671
27.2593	27.5325
27.3229	27.5962
27.3865	27.6599
27.45	27.7235
27.4467	27.854
27.5103	27.9177
27.5738	27.9814
27.6374	28.0452
27.6603	28.1494
27.7238	28.2132
27.7873	28.2769
27.8508	28.3406
27.9512	28.3677
28.0147	28.4314
28.0783	28.4951
28.1418	28.5588
28.1899	28.6379
28.2535	28.7016
28.3181	28.7643
28.3833	28.8264
28.4345	28.9024
28.504	28.9601
28.5791	29.0123
28.6669	29.0519
28.705	29.141
28.7958	29.1775
28.8834	29.2172
28.9661	29.2617
29.0434	29.3117
29.1506	29.3319
29.2146	29.3951
29.2778	29.4599
29.342	29.5235
29.4179	29.5755
29.4822	29.6391
29.5477	29.7016
29.6194	29.7578
29.6935	29.8116
29.7669	29.8661
29.8346	29.9282
29.9032	29.9959
29.9616	30.0865
30.0426	30.1655
30.1284	30.2455
30.2193	30.3202
30.3157	30.3897
30.4142	30.4569
30.5254	30.5114
30.6336	30.569
30.7173	30.651
30.7824	30.7516
30.8608	30.8389
30.9445	30.921
31.0312	31
31.1445	31.0525
31.2285	31.1342
31.3123	31.2161
31.396	31.2981
30.5809	32.275
30.664	32.3576
30.7468	32.4405
30.8288	32.5243
30.9119	32.6068
31.9367	31.7518
32.0205	31.8337
32.0993	31.9207
32.18	32.0058
31.2362	33.1103
31.3192	33.193
31.4023	33.2757
31.488	33.3558
31.567	33.4424
31.6502	33.525
31.7326	33.6082
31.8113	33.6953
31.8846	33.7876
32.0467	33.7921
32.1128	33.8915
32.1592	34.0105
32.1995	34.1355
34.3303	32.169
34.3418	32.3241
34.3337	32.499
34.3935	32.6052
32.5833	34.5799
32.6301	34.6984
32.7351	34.7594
32.8112	34.849
35.0011	32.7878
35.0391	32.8269
35.0719	32.8595
35.1049	32.892
32.9597	35.0979
32.983	35.1211
32.9954	35.133
32.9966	35.1335
32.9974	35.1343
32.9664	35.1664
32.9563	35.178
32.9557	35.1801
32.9497	35.1877
32.9355	35.2033
32.926	35.2142
32.9146	35.2271
32.8942	35.2487
32.9526	35.1927
32.9384	35.2083
32.9181	35.2299
32.9039	35.2455
33.1202	35.0335
33.1244	35.0309
33.1408	35.0162
33.1505	35.0083
33.3849	34.7776
33.3637	34.7483
33.2366	34.5905
32.9814	34.2873
32.6575	33.9095
32.5107	33.2777
32.1394	32.8236
31.7165	32.4018
31.2689	31.9597
31.0632	31.2314
30.5836	30.7508
30.1236	30.289
29.8226	29.9859
29.801	29.7811
29.7399	29.72
29.7408	29.7208
29.7416	29.7216
29.8587	29.6059
29.8595	29.6067
29.8603	29.6075
29.8639	29.6055
29.8687	29.6023
29.8405	29.6321
29.8413	29.6329
29.8421	29.6337
29.8429	29.6345
29.7708	29.7082
29.7716	29.709
29.7724	29.7098
29.7744	29.7094
29.7757	29.7097
29.7765	29.7105
29.7773	29.7113
29.7781	29.7121
29.7058	29.7859
29.7066	29.7867
29.7091	29.7858
29.7105	29.786
29.411	30.0864
29.4118	30.0872
29.4126	30.088
29.4134	30.0888
29.3062	30.1972
29.307	30.198
29.3077	30.1988
29.3097	30.1985
29.3104	30.1993
30.0234	29.4886
30.0242	29.4894
30.025	29.4902
30.0258	29.491
30.2568	29.2606
30.2576	29.2614
30.2584	29.2622
30.2592	29.263
29.0713	30.4512
29.0721	30.452
29.0729	30.4528
29.0737	30.4536
29.0745	30.4544
28.7447	30.7826
28.7455	30.7835
28.7463	30.7843
28.7471	30.7851
30.5046	29.0319
30.4872	29.051
30.463	29.077
30.4171	29.1247
28.8705	30.6708
28.8098	30.7324
28.7607	30.7826
28.7259	30.8186
28.4995	31.0437
28.5003	31.0446
28.501	31.0454
28.5018	31.0462
28.5026	31.047
28.6155	30.9372
28.6163	30.938
28.6171	30.9388
28.6178	30.9396
28.7782	30.7827
28.8014	30.7613
28.828	30.7366
28.8644	30.7022
29.1702	30.4005
29.2443	30.3284
29.3298	30.245
29.3541	30.2224
29.6147	29.9643
29.6383	29.9423
29.6385	29.9436
29.6387	29.945
29.7122	29.8733
29.713	29.8741
29.7138	29.8748
29.7146	29.8756
29.7154	29.8764
29.8332	29.7602
29.834	29.761
29.8348	29.7618
29.8356	29.7626
29.8949	29.7049
29.8957	29.7057
29.8965	29.7064
29.8973	29.7072
29.9417	29.6643
29.9425	29.6651
29.9433	29.6659
29.9441	29.6667
29.8866	29.7258
29.8874	29.7266
29.8882	29.7274
29.889	29.7282
29.8313	29.7875
29.8321	29.7883
29.8329	29.7891
29.8337	29.7899
29.8345	29.7907
30.2195	29.4064
30.2203	29.4071
30.2211	29.4079
30.2219	29.4087
30.3022	29.3296
30.303	29.3304
30.3038	29.3312
30.3046	29.332
30.1714	29.4674
30.1722	29.4682
30.173	29.4689
30.1738	29.4697
30.1884	29.4567
30.1892	29.4575
30.19	29.4583
30.1908	29.4591
30.1082	29.5436
30.109	29.5444
30.1098	29.5451
30.1106	29.5459
30.1114	29.5467
30.1542	29.5053
30.155	29.5061
30.1558	29.5069
30.1566	29.5077
30.0871	29.579
30.0879	29.5798
30.0887	29.5806
30.0895	29.5814
30.1607	29.5116
30.1615	29.5124
30.1623	29.5132
30.1631	29.514
30.146	29.5327
30.1382	29.5421
30.1327	29.5492
30.1215	29.562
30.0191	29.6663
29.9868	29.7003
29.9367	29.752
29.8923	29.798
29.4978	30.1935
29.4756	30.2171
29.4391	30.255
29.3963	30.2992
29.1699	30.5258
29.1707	30.5267
29.1715	30.5275
29.1722	30.5283
29.1593	30.5427
29.1601	30.5435
29.1609	30.5443
29.1616	30.5451
29.1624	30.5459
29.2605	30.4502
29.2613	30.451
29.262	30.4518
29.4	30.3162
29.4134	30.3045
29.4526	30.267
29.5171	30.2044
29.724	29.9996
29.8073	29.9179
29.8539	29.873
29.8261	29.9024
29.8383	29.8917
29.943	29.7886
29.9438	29.7894
29.9446	29.7902
29.9029	29.7488
29.7922	29.5809
29.5711	29.3607
29.252	29.043
28.9072	28.699
28.5648	28.3916
28.3017	28.1287
28.1202	27.947
28.0104	27.8369
27.9955	27.8534
27.9963	27.8542
27.9971	27.855
27.9979	27.8558
27.9852	27.8701
27.986	27.8709
27.9868	27.8717
27.9876	27.8725
27.9884	27.8733
27.9892	27.874
27.99	27.8748
27.9908	27.8756
27.9646	27.9035
27.9654	27.9042
27.9662	27.905
27.967	27.9058
27.9677	27.9066
27.9685	27.9074
27.9693	27.9082
27.9701	27.909
27.9709	27.9098
27.9717	27.9106
27.9725	27.9114
27.9733	27.9122
27.9741	27.913
27.9619	27.9267
27.9632	27.927
27.964	27.9278
27.9648	27.9286
27.9656	27.9294
27.9664	27.9302
27.9672	27.931
27.968	27.9318
27.9688	27.9326
27.9696	27.9334
27.9704	27.9342
27.9712	27.935
27.972	27.9358
27.9728	27.9366
27.9312	27.895
27.831	27.7949
27.7115	27.6489
27.5298	27.4675
27.3155	27.2534
27.1501	27.0881
27.0591	26.9984
27.06	26.9991
27.0608	26.9999
27.0616	27.0007
27.0624	27.0015
27.0501	27.0153
27.0509	27.0161
27.0517	27.0169
27.0525	27.0177
27.0533	27.0185
27.0541	27.0193
27.0549	27.0201
27.0557	27.0209
27.0565	27.0217
27.0573	27.0225
27.0581	27.0233
27.0588	27.0241
27.0466	27.0379
27.0474	27.0386
27.0482	27.0394
27.049	27.0402
27.0368	27.054
27.0376	27.0548
27.0384	27.0556
27.0392	27.0564
27.027	27.0702
27.0278	27.071
27.0286	27.0718
27.0294	27.0726
27.0302	27.0734
26.979	27.1261
26.9798	27.1269
26.9806	27.1277
26.9814	27.1285
26.9305	27.1809
26.9313	27.1817
26.9321	27.1825
26.9329	27.1833
26.9208	27.197
26.9216	27.1978
26.9224	27.1985
26.9232	27.1993
26.8728	27.2512
26.8736	27.252
26.8744	27.2528
26.8752	27.2536
26.876	27.2544
26.8262	27.3056
26.827	27.3064
26.8278	27.3072
26.8286	27.308
26.7308	27.4071
26.7316	27.4079
26.7309	27.4102
26.7317	27.411
26.5662	27.5773
26.5604	27.5847
26.5591	27.5875
26.5594	27.5889
26.5157	27.6339
26.4941	27.657
26.4638	27.6887
26.4294	27.7244
26.4273	27.7281
26.4041	27.7527
26.3743	27.7839
26.3302	27.8292
26.305	27.8558
26.2729	27.8892
26.2737	27.89
26.2745	27.8908
26.2753	27.8916
26.276	27.8925
26.2768	27.8933
26.2775	27.8941
26.2793	27.8939
26.2846	27.8903
26.2854	27.8911
26.2877	27.8903
26.2977	27.882
26.3317	27.8499
26.3651	27.8183
26.4067	27.7786
26.4555	27.7318
26.5682	27.6213
26.6378	27.5537
26.6289	27.5641
26.6154	27.5791
26.6371	27.5591
26.6633	27.5346
26.6773	27.5223
26.6776	27.5236
26.6784	27.5244
26.7025	27.5019
26.7033	27.5027
26.7041	27.5035
26.7048	27.5043
26.8142	27.397
26.815	27.3978
26.8158	27.3986
26.8166	27.3994
26.8421	27.3755
26.8429	27.3763
26.8437	27.3771
26.8445	27.3778
26.7355	27.4881
26.7363	27.4889
26.7371	27.4897
26.7394	27.4889
26.7406	27.4893
26.7414	27.4901
26.7422	27.4909
26.743	27.4917
26.7562	27.4801
26.7601	27.4778
26.766	27.4736
26.7734	27.4678
26.7844	27.4584
27.2202	27.0247
27.2419	27.0046
27.2599	26.9881
27.2689	26.9807
27.3087	26.9425
27.3095	26.9433
27.3103	26.9441
27.3116	26.9443
27.3149	26.9426
27.3178	26.9413
27.3246	26.936
27.3326	26.9297
26.8702	27.3934
26.8746	27.3907
26.8808	27.3939
26.8874	27.4006
26.7919	27.5136
26.8031	27.5249
26.8223	27.5391
26.8579	27.5586
26.916	27.5906
27.0099	27.6164
27.0941	27.6717
27.1849	27.7332
27.2803	27.801
28.0825	27.1638
28.1841	27.2278
28.2863	27.2913
28.3899	27.3533
28.5668	27.3416
28.6509	27.4232
28.7348	27.505
28.8183	27.5872
28.8119	27.7599
28.8906	27.847
28.963	27.9313
29.013	28.028
28.8806	28.284
28.8708	28.3865
28.837	28.4873
28.7865	28.5903
28.5916	28.8212
28.6152	28.8208
28.6129	28.8272
28.605	28.8367
28.6036	28.8397
28.5003	28.9444
28.5191	28.9272
28.5095	28.9384
28.5081	28.9414
28.4772	28.9738
28.477	28.9756
28.4777	28.9764
28.4785	28.9772
28.5066	28.9508
28.5074	28.9516
28.5098	28.9508
28.5139	28.9483
28.5146	28.9491
28.5154	28.9499
28.5168	28.9502
28.523	28.9455
28.5244	28.9458
28.4978	28.9738
28.4986	28.9746
28.4994	28.9754
28.5002	28.9762
28.1349	29.3415
28.1357	29.3423
28.1365	29.3431
28.1373	29.3439
28.6598	28.8248
28.6634	28.8229
28.6642	28.8237
28.666	28.8234
28.7675	28.7235
28.7689	28.7238
28.7697	28.7246
28.7705	28.7253
28.7712	28.7261
28.772	28.7269
28.7728	28.7277
28.7736	28.7285
28.7744	28.7293
28.3152	29.1891
28.316	29.1899
28.3168	29.1907
28.3176	29.1915
28.281	29.2295
28.2818	29.2303
28.2826	29.2311
28.2834	29.2319
28.9486	28.5692
28.9494	28.57
28.9502	28.5708
28.951	28.5716
28.9524	28.5718
29.0618	28.4637
29.0626	28.4645
29.0634	28.4653
29.0642	28.4661
28.5121	29.0199
28.5129	29.0207
28.5137	29.0215
28.5144	29.0223
28.422	29.116
28.4228	29.1168
28.4236	29.1176
28.4244	29.1184
28.4383	29.1062
28.4391	29.107
28.4399	29.1078
28.4407	29.1086
28.4425	29.1083
28.5396	29.0131
28.5432	29.0111
28.544	29.0119
28.5448	29.0127
28.7813	28.778
28.7821	28.7788
28.7829	28.7796
28.7837	28.7804
28.8406	28.7251
28.8414	28.7259
28.8422	28.7267
28.843	28.7275
28.8438	28.7282
28.8446	28.729
28.8454	28.7298
28.8462	28.7306
28.847	28.7314
28.9177	28.6622
28.9185	28.663
28.9193	28.6638
28.9201	28.6646
29.0176	28.5684
29.0184	28.5692
29.0192	28.57
29.02	28.5708
28.9796	28.6129
28.9804	28.6137
28.9812	28.6145
28.982	28.6153
28.9551	28.6438
28.9543	28.6463
28.955	28.6471
28.9558	28.6479
28.9428	28.6626
28.9436	28.6634
28.9443	28.6642
28.9451	28.6649
29.0832	28.5281
29.084	28.5289
29.0843	28.5302
29.0851	28.531
29.0859	28.5318
29.4021	28.2157
29.403	28.2165
29.4038	28.2173
29.4046	28.218
28.8687	28.7574
28.8695	28.7582
28.8703	28.759
28.8711	28.7597
28.7876	28.8448
28.7884	28.8456
28.7892	28.8464
28.79	28.8472
28.8172	28.8216
28.8158	28.8246
28.8155	28.8265
28.8163	28.8273
29.1877	28.4567
29.188	28.458
29.1866	28.461
29.1836	28.4656
29.2228	28.4279
29.2225	28.4298
29.2167	28.4371
29.2175	28.4379
29.2183	28.4387
28.5596	29.0995
28.5604	29.1003
28.5612	29.1011
28.562	29.1019
29.1439	28.5213
29.1447	28.5221
29.1455	28.5229
29.1469	28.5232
28.9152	28.7569
28.916	28.7577
28.9168	28.7585
28.9176	28.7593
28.9184	28.7601
28.8631	28.817
28.8639	28.8178
28.8647	28.8186
28.8655	28.8194
28.8803	28.8061
28.8811	28.8069
28.8819	28.8077
28.8827	28.8085
28.771	28.9218
28.7718	28.9226
28.7726	28.9234
28.7734	28.9242
28.5533	29.1454
28.5541	29.1462
28.556	29.1459
28.5567	29.1467
28.5307	29.1742
28.5315	29.175
28.5323	29.1758
28.5331	29.1766
28.5606	29.1507
28.5614	29.1515
28.5622	29.1523
28.563	29.1531
28.5638	29.1539
28.5511	29.1682
28.5519	29.169
28.5527	29.1698
28.5535	29.1705
27.9257	29.7958
27.9264	29.7966
27.9272	29.7974
27.928	29.7982
28.5419	29.1901
28.5421	29.1914
28.5429	29.1922
28.5437	29.193
28.5445	29.1938
28.7376	29.0028
28.7417	29.0003
28.7425	29.0011
28.7433	29.0019
28.8029	28.9439
28.8075	28.9409
28.8083	28.9417
28.8091	28.9425
28.7538	28.9993
28.7546	29.0001
28.7553	29.0009
28.7561	29.0017
27.9163	29.8383
27.917	29.8391
27.9178	29.8399
27.9186	29.8407
27.9194	29.8415
28.7609	29.0065
28.7617	29.0073
28.7625	29.0081
28.7633	29.0089
28.0267	29.7432
28.0274	29.744
28.0282	29.7448
28.029	29.7456
27.9426	29.8328
27.9434	29.8336
27.9442	29.8344
27.9449	29.8352
27.9457	29.836
27.9631	29.8203
27.9639	29.8211
27.9647	29.8219
27.9655	29.8227
28.0836	29.7073
28.0844	29.7081
28.0852	29.7089
28.086	29.7097
28.1982	29.6
28.199	29.6008
28.1998	29.6016
28.2006	29.6023
28.4583	29.3478
28.4591	29.3486
28.4599	29.3494
28.4607	29.3502
28.4741	29.3384
28.4749	29.3392
28.4757	29.34
28.4765	29.3408
28.676	29.1436
28.6768	29.1443
28.6776	29.1451
28.6784	29.1459
28.6792	29.1467
28.9035	28.9244
28.9043	28.9252
28.9051	28.926
28.9059	28.9268
28.7106	29.1233
28.7114	29.1241
28.7122	29.1249
28.713	29.1257
28.552	29.2878
28.5523	29.2891
28.5503	29.2927
28.5472	29.2973
28.6004	29.2459
28.6012	29.2467
28.6043	29.2498
28.6073	29.2529
29.8696	27.9932
29.8731	27.9965
29.8765	27.9999
29.8813	28.0045
29.8861	28.0092
29.9777	27.926
29.9832	27.9313
29.9879	27.9359
29.9926	27.9406
28.175	29.7698
28.1818	29.779
28.195	29.7927
28.2087	29.8067
27.7518	30.286
27.7645	30.2991
27.7559	30.3317
27.7208	30.3912
30.0254	28.1209
29.9908	28.2118
29.9847	28.2896
29.9971	28.3597
27.9136	30.5309
27.9676	30.5881
28.0299	30.6536
28.1022	30.7297
28.1831	30.8146
28.0282	31.1315
28.1091	31.2163
28.19	31.301
28.271	31.3857
28.5417	31.2837
28.6229	31.3683
28.704	31.4529
28.7851	31.5375
29.072	31.4191
29.1533	31.5035
29.2345	31.588
29.3158	31.6725
29.6271	31.5296
29.7085	31.6139
29.7898	31.6982
29.8941	31.7453
30.3164	31.4513
30.4369	31.4437
30.57	31.4145
30.7087	31.3637
31.157	30.9827
31.1521	31.0296
31.182	31.0103
31.1798	31.0142
31.1808	31.0148
31.1822	31.015
31.1836	31.0152
31.1844	31.016
31.1389	31.063
31.1397	31.0638
31.1411	31.064
31.1419	31.0648
31.1427	31.0656
31.1909	31.0189
31.1923	31.0191
31.1931	31.0199
31.1939	31.0207
31.754	30.4599
31.7548	30.4607
31.7556	30.4615
31.7564	30.4623
31.2133	31.0092
31.2141	31.01
31.2149	31.0108
31.2157	31.0116
31.0775	31.1514
31.0783	31.1522
31.0791	31.153
31.0799	31.1538
31.1425	31.0928
31.1433	31.0936
31.1441	31.0944
31.1449	31.0951
31.5933	30.6471
31.5941	30.6479
31.5949	30.6487
31.5957	30.6495
31.5965	30.6503
30.8589	31.3903
30.8597	31.3911
30.8605	31.3919
30.8613	31.3927
30.7299	31.5252
30.7307	31.526
30.7315	31.5268
30.7323	31.5276
31.187	31.0753
31.1878	31.0761
31.1886	31.0769
31.1894	31.0777
31.4926	30.7753
31.4934	30.7761
31.4942	30.7769
31.495	30.7777
31.4812	30.7931
31.482	30.7939
31.4828	30.7947
31.4836	30.7955
31.4844	30.7963
31.4999	30.7824
31.5007	30.7831
31.5015	30.7839
31.5023	30.7847
31.216	31.0733
31.2167	31.0741
31.2175	31.0749
31.2183	31.0757
30.7638	31.531
30.7646	31.5318
30.7654	31.5326
30.7662	31.5334
30.7098	31.5912
30.7106	31.592
30.7114	31.5928
30.7122	31.5936
30.1007	32.2015
30.1014	32.2023
30.1022	32.2031
30.103	32.2039
30.1128	32.1959
30.1135	32.1967
30.1143	32.1975
30.1151	32.1983
30.1159	32.1991
30.1262	32.1905
30.127	32.1913
30.1278	32.1921
30.1286	32.1929
30.2981	32.0268
30.2989	32.0275
30.2997	32.0284
30.3005	32.0292
30.493	31.775
30.436	31.7163
30.3404	31.6181
30.1501	31.4256
30.1683	31.013
30.0215	30.8748
29.9349	30.8
29.8526	30.7276
29.8845	30.6974
29.8853	30.6982
29.8855	30.6996
29.8798	30.7068
29.9622	30.6263
29.963	30.6271
29.9638	30.6279
29.9646	30.6287
29.9654	30.6295
30.053	30.5438
30.0549	30.5435
30.0598	30.5402
30.0612	30.5404
30.1664	30.437
30.1701	30.4348
30.1715	30.4351
30.1781	30.43
30.2766	30.3333
30.2797	30.3317
30.2805	30.3325
30.2824	30.3321
30.3741	30.242
30.3749	30.2428
30.3757	30.2436
30.3765	30.2444
30.4369	30.1856
30.4382	30.1858
30.4396	30.186
30.4404	30.1868
30.4412	30.1876
30.5451	30.085
30.5459	30.0858
30.5467	30.0866
30.5475	30.0874
30.5774	30.059
30.5782	30.0598
30.579	30.0606
30.5798	30.0614
30.5516	30.0913
30.5523	30.0921
30.5531	30.0929
30.5539	30.0937
30.4812	30.1682
30.482	30.1689
30.4828	30.1697
30.4836	30.1705
30.4399	30.2159
30.4407	30.2167
30.4415	30.2175
30.4423	30.2183
30.4431	30.2191
30.5327	30.1309
30.5335	30.1317
30.5343	30.1325
30.5351	30.1333
30.5064	30.1636
30.5072	30.1644
30.508	30.1652
30.5088	30.166
30.3157	30.3608
30.3165	30.3616
30.3173	30.3624
30.3181	30.3632
30.6583	30.0241
30.6591	30.0249
30.6599	30.0257
30.6607	30.0264
30.5602	30.1288
30.561	30.1296
30.5618	30.1304
30.5626	30.1312
30.5634	30.132
30.2363	30.4608
30.2371	30.4616
30.2379	30.4624
30.2387	30.4632
30.0348	30.6682
30.0356	30.669
30.0363	30.6698
30.0371	30.6706
29.9123	30.7965
29.9131	30.7973
29.9139	30.7981
29.9147	30.7989
29.9705	30.7449
29.9713	30.7457
29.9721	30.7465
29.9729	30.7473
29.9737	30.7481
30.1316	30.5923
30.1324	30.5931
30.1332	30.5939
30.134	30.5947
30.1936	30.5368
30.1944	30.5376
30.1952	30.5384
30.196	30.5392
30.2561	30.4807
30.2569	30.4815
30.2577	30.4823
30.2585	30.4831
30.3041	30.4392
30.3049	30.44
30.3057	30.4407
30.3065	30.4415
30.4122	30.3374
30.413	30.3382
30.4138	30.339
30.4146	30.3398
30.5496	30.2062
30.5504	30.207
30.5512	30.2078
30.552	30.2086
30.5528	30.2094
30.5536	30.2101
30.5544	30.2109
30.5552	30.2117
30.556	30.2125
30.5716	30.1985
30.5724	30.1993
30.5732	30.2001
30.574	30.2009
30.6914	30.0847
30.6922	30.0855
30.693	30.0863
30.6938	30.0871
30.7516	30.0307
30.7524	30.0315
30.7532	30.0323
30.754	30.0331
30.8786	29.9094
30.8794	29.9102
30.8802	29.911
30.881	29.9118
30.7861	30.0088
30.7869	30.0096
30.7877	30.0104
30.7885	30.0111
30.7858	30.0154
30.7072	30.0959
30.6969	30.1079
30.6842	30.1222
30.6611	30.147
30.6689	30.1407
30.6334	30.1779
30.6032	30.2098
30.5841	30.2305
30.5721	30.2441
30.56	30.2578
30.545	30.2745
30.5311	30.2899
30.4202	30.4025
30.3935	30.4308
30.3761	30.4498
30.3698	30.4576
30.3706	30.4584
30.2982	30.5324
30.299	30.5332
30.2998	30.534
30.3006	30.5348
30.2718	30.5651
30.2725	30.5659
30.2733	30.5667
30.2741	30.5675
30.3632	30.4801
30.364	30.4809
30.3648	30.4817
30.3656	30.4825
30.4811	30.3686
30.4819	30.3694
30.4827	30.3702
30.4841	30.3704
30.489	30.3671
30.4615	30.3962
30.4623	30.397
30.4631	30.3978
30.4639	30.3986
30.2516	30.6122
30.2753	30.5902
30.2984	30.5687
30.3273	30.5414
30.3919	30.4784
30.4303	30.4417
30.4803	30.3932
30.5391	30.3359
31.807	29.0593
31.8004	29.0675
31.8001	29.0695
31.8009	29.0703
31.8017	29.0711
31.9201	28.9524
31.921	28.9531
31.9218	28.9539
31.9226	28.9547
30.0799	30.8104
30.0808	30.8111
30.0816	30.8119
30.0824	30.8127
29.7684	31.1265
29.7691	31.1273
29.7699	31.1281
29.759	31.1405
29.6996	31.201
29.6132	31.2883
29.5272	31.375
29.4566	31.4464
29.5954	31.3106
29.5962	31.3114
29.597	31.3122
29.5978	31.313
29.7617	31.1521
29.7625	31.1529
29.7633	31.1537
29.8247	31.0943
29.8885	31.0324
30.0077	30.9155
30.1009	30.8244
30.1511	30.776
30.1507	30.7779
30.4834	30.4474
30.483	30.4493
30.4838	30.4501
30.4898	30.4457
30.7899	30.1466
30.8188	30.1192
30.853	30.0864
30.8843	30.0566
31.0937	29.8476
31.1132	29.8295
31.1181	29.8262
31.1177	29.8282
31.1168	29.8307
31.1094	29.8397
31.0558	29.8953
30.988	29.9651
30.9326	30.0224
30.8013	30.1559
30.8027	30.1561
30.8035	30.1569
30.8025	30.1594
30.6836	30.2803
30.6826	30.2828
30.6828	30.2842
30.6825	30.2862
30.5941	30.3762
30.592	30.38
30.5887	30.3849
30.5871	30.388
30.6623	30.3143
30.6631	30.3151
30.6639	30.3159
30.6647	30.3167
30.4106	30.5725
30.4108	30.5739
30.4051	30.5812
30.3947	30.5931
30.3767	30.6127
30.3071	30.6838
30.2855	30.7069
30.2669	30.7271
30.2547	30.7408
30.1939	30.8031
30.1947	30.8039
30.1954	30.8047
30.1986	30.8031
30.2843	30.7193
30.2868	30.7183
30.2876	30.7191
30.3032	30.7351
30.2906	30.8434
30.3588	30.9127
30.4411	30.9961
30.5234	31.0795
30.6058	31.1629
30.7015	31.2329
30.7839	31.3163
30.8662	31.3997
30.9486	31.4831
31.0449	31.5525
31.1273	31.6359
31.2096	31.7193
31.292	31.8026
31.3887	31.8717
31.4711	31.955
31.5535	32.0384
31.6358	32.1218
31.733	32.1904
31.8153	32.2738
31.9009	32.354
32.0021	32.4185
32.1343	32.4522
32.2358	32.5165
32.3425	32.5755
32.4322	32.6516
32.5156	32.7339
32.6303	32.785
32.7149	32.8661
32.8099	32.9368
32.9004	33.0121
32.9515	33.1267
33.0343	33.2097
33.117	33.2927
33.2004	33.375
33.3162	33.4249
33.399	33.5079
33.4818	33.5908
33.5646	33.6738
33.6474	33.7567
33.7126	33.8573
33.7954	33.9402
33.8781	34.0232
33.9609	34.1061
34.0779	34.1549
34.1607	34.2379
34.2435	34.3208
34.3262	34.4038
34.4967	34.3991
34.5795	34.482
34.6623	34.5649
34.7452	34.6477
34.7399	34.8188
34.8226	34.9018
34.9054	34.9847
34.9882	35.0677
35.071	35.1506
35.0814	35.3059
35.1642	35.3889
35.2469	35.4718
35.3297	35.5548
35.4298	35.6205
35.5126	35.7034
35.5953	35.7864
35.6781	35.8694
36.0728	35.6402
36.1557	35.723
36.2387	35.8058
36.3216	35.8885
36.4046	35.9713
36.5634	35.978
36.6465	36.0607
36.7295	36.1434
36.8124	36.2262
36.39	36.8146
36.4727	36.8976
36.5509	36.9851
36.6269	37.0749
36.549	37.318
36.6194	37.4132
36.6989	37.4994
36.7814	37.5826
36.8639	37.6659
37.6733	37.0226
37.7623	37.0993
37.8567	37.1706
37.9557	37.2372
37.4819	37.8773
37.5646	37.9604
37.6496	38.0411
37.737	38.1195
37.7003	38.3215
37.7782	38.4093
37.8523	38.501
37.9192	38.5997
38.1195	38.5656
38.1887	38.6621
38.2712	38.7453
38.3538	38.8284
38.4292	38.9187
38.5983	38.9156
38.6696	39.0099
38.7434	39.1019
38.8162	39.1948
38.7052	39.4709
38.7851	39.5567
38.8674	39.6401
38.9497	39.7235
39.1335	39.7058
39.2168	39.7883
39.3156	39.8553
39.4293	39.9075
39.6344	39.8684
39.7633	39.9053
39.8543	39.98
39.9372	40.0629
40.0208	40.145
40.0875	40.244
40.1728	40.3244
40.2573	40.4056
40.341	40.4877
40.4041	40.5903
40.4962	40.6639
40.5859	40.74
40.6798	40.8118
40.7755	40.8819
41.9332	39.8833
42.0288	39.9533
42.1304	40.0172
42.2337	40.0792
42.8837	39.5851
42.9671	39.6674
43.0212	39.7796
43.0371	39.9308
43.026	40.1095
43.0819	40.2198
43.1064	40.3621
43.0886	40.5473
43.0148	40.7893
42.9826	40.9888
43.0651	41.072
43.1476	41.1552
43.2301	41.2384
43.4463	41.1862
43.5289	41.2693
43.6115	41.3524
43.6941	41.4355
43.7892	41.506
43.8719	41.5891
43.9545	41.6722
44.0371	41.7553
44.1323	41.8257
44.2149	41.9088
44.2975	41.9919
44.3801	42.075
44.4753	42.1454
44.558	42.2285
44.6406	42.3116
44.7232	42.3947
44.8185	42.465
44.9011	42.5481
44.9837	42.6312
45.0663	42.7143
45.1489	42.7974
45.234	42.878
45.3167	42.9611
45.3993	43.0443
45.4819	43.1274
45.5771	43.1977
45.6597	43.2808
45.7424	43.3639
45.825	43.447
45.9338	43.5035
46.0165	43.5866
46.0991	43.6697
46.1818	43.7528
46.2771	43.8229
46.3598	43.906
46.4424	43.9891
46.525	44.0722
46.6205	44.1423
46.7031	44.2254
46.7857	44.3085
46.8684	44.3916
46.951	44.4747
47.0497	44.5415
47.1323	44.6246
47.215	44.7077
47.2976	44.7908
47.3931	44.8608
47.4757	44.9439
47.5584	45.027
47.641	45.1101
47.7366	45.18
47.8192	45.2631
47.9019	45.3462
47.9845	45.4293
48.0801	45.4993
48.1627	45.5823
48.2454	45.6654
48.328	45.7485
48.4236	45.8184
48.5063	45.9015
48.5889	45.9846
48.6716	46.0676
48.7672	46.1375
48.8498	46.2206
48.9325	46.3037
49.0152	46.3868
49.1108	46.4566
49.1935	46.5397
49.2761	46.6227
49.3588	46.7058
49.4415	46.7889
50.1923	46.1887
50.2757	46.271
50.3587	46.3537
50.4418	46.4363
50.4543	46.5914
50.5373	46.6742
50.6203	46.7569
50.7032	46.8396
50.8216	46.8861
50.9046	46.9687
50.9876	47.0514
51.0707	47.1342
50.5717	47.8122
50.6541	47.8955
50.7368	47.9786
50.8194	48.0616
50.9021	48.1447
49.7428	49.4825
49.8246	49.5664
49.9066	49.6502
49.9885	49.734
49.9681	49.9203
50.05	50.0041
50.1318	50.088
50.2137	50.1718
51.7513	48.785
51.8343	48.8677
51.917	48.9507
51.9998	49.0337
52.0492	49.1507
52.1319	49.2338
52.2146	49.3168
52.2972	49.3999
52.2076	49.6585
52.2902	49.7416
52.3728	49.8248
52.4554	49.9079
53.2629	49.2497
53.3463	49.332
53.4293	49.4147
53.5123	49.4974
53.2502	49.934
53.3328	50.0172
53.4156	50.1001
53.4984	50.183
53.5812	50.266
51.9836	52.0482
52.0653	52.1322
52.1472	52.2161
52.229	52.2999
53.2762	51.4125
53.3587	51.4958
53.3957	51.5359
53.4157	51.5572
50.4101	54.541
50.4105	54.5421
50.4113	54.5429
50.4121	54.5437
52.6608	52.2671
52.4883	52.096
52.2365	51.8413
51.8779	51.4785
49.2955	53.203
48.8262	52.7062
48.3007	52.1501
47.7707	51.5921
47.2587	51.0546
46.9094	50.5609
46.7601	50.4186
46.723	50.3856
46.7229	50.3873
47.2925	49.831
47.2934	49.8317
47.2942	49.8325
47.2949	49.8333
48.2997	48.8405
48.4368	48.7054
48.611	48.5818
48.8124	48.4914
50.0522	47.3915
50.1552	47.4014
50.1929	47.4643
50.2178	47.4984
50.5281	47.2037
50.5222	47.2113
50.4718	47.2645
50.4897	47.2478
50.1719	47.5734
50.1705	47.5765
50.1509	47.598
50.1196	47.6315
50.0882	47.665
49.5127	48.2493
49.3943	48.2198
49.2279	48.1602
49.0485	48.1072
48.2941	48.5975
48.0696	48.5302
47.8552	48.4463
47.6901	48.3198
47.1297	48.5858
46.9725	48.4513
46.849	48.2835
46.7639	48.0776
46.6994	47.8643
46.7159	47.5833
46.7384	47.2961
46.6568	47.0993
46.531	46.9466
46.6406	46.5197
46.5123	46.3173
46.3819	46.1236
46.2382	45.9431
46.2681	45.6147
46.134	45.4506
45.9902	45.3029
45.8501	45.1645
45.7792	44.9827
45.6007	44.9286
45.3838	44.9324
45.2881	44.8735
45.2523	44.7739
44.9911	44.9003
44.9627	44.8717
44.9635	44.8725
44.9643	44.8733
44.9897	44.8494
44.9905	44.8502
44.9913	44.851
44.9921	44.8518
44.7701	45.0753
44.7709	45.0761
44.7688	45.0798
44.7638	45.0863
44.8101	45.0417
44.8109	45.0425
44.8117	45.0433
44.8125	45.044
45.2079	44.6498
45.2087	44.6506
45.2095	44.6514
45.2103	44.6522
45.2111	44.653
44.9907	44.8755
44.9896	44.8782
44.9904	44.879
44.9892	44.8817
44.8526	45.0199
44.8399	45.0342
44.8339	45.0418
44.8134	45.0638
45.2964	44.5817
45.2663	44.6134
45.244	44.6375
45.237	44.646
45.2157	44.6691
44.4926	45.3929
44.4866	45.4005
44.4796	45.409
44.4668	45.4233
44.2332	45.6567
44.2184	45.6729
44.2047	45.6881
44.2055	45.6889
44.2302	45.6659
44.231	45.6667
44.2318	45.6675
44.2326	45.6683
44.2324	45.6701
44.3234	45.5815
44.2728	45.6333
44.2104	45.6967
44.1267	45.7811
44.7617	45.1519
44.7625	45.1527
44.77	45.1468
44.764	45.1543
44.7648	45.1551
45.0285	44.8932
45.0293	44.894
45.0301	44.8948
45.0332	44.8979
45.0484	44.913
45.0728	44.9377
45.1128	44.9781
45.1586	45.0249
45.4565	44.8197
45.5037	44.8677
45.5492	44.9141
45.5938	44.9596
45.6381	45.0047
45.7081	45.0228
45.7511	45.0667
45.7925	45.1089
45.833	45.1502
47.3583	43.6811
47.4183	43.6911
47.4586	43.7194
47.493	43.7537
46.113	45.2267
46.1452	45.2658
46.1519	45.3305
46.1876	45.3668
46.9467	44.6729
46.9843	44.7104
47.0262	44.7522
47.0821	44.8075
46.4255	45.5942
46.4863	45.6562
46.5468	45.7178
46.6071	45.7791
46.6663	45.8394
46.2605	46.3653
46.3195	46.4258
46.3786	46.4863
46.4377	46.5468
46.1957	46.9126
46.2689	46.9879
46.3462	47.0673
46.4251	47.1484
48.3694	45.3543
48.4511	45.4357
48.5323	45.5171
48.6121	45.5972
48.4916	45.8815
48.5713	45.9618
48.6514	46.0423
48.7321	46.1234
48.8148	46.2064
48.8986	46.2884
48.9813	46.3714
49.0639	46.4545
49.1466	46.5376
49.257	46.5924
49.3397	46.6754
49.4224	46.7585
49.505	46.8416
49.6007	46.9114
49.6834	46.9944
49.7661	47.0775
49.8487	47.1606
49.9445	47.2303
50.0271	47.3134
50.1098	47.3965
50.1925	47.4795
50.2751	47.5626
50.7566	47.2383
50.8397	47.321
50.9226	47.4038
51.0055	47.4866
50.718	47.9478
50.8005	48.0311
50.8832	48.1141
50.9659	48.1972
51.8677	47.4409
51.9514	47.5229
52.0345	47.6054
52.1176	47.688
51.9795	47.9982
52.0624	48.0811
52.1454	48.1638
52.2284	48.2465
52.3114	48.3293
51.9864	48.83
52.069	48.9131
52.1518	48.9961
52.2345	49.0791
51.9383	49.5483
52.0207	49.6316
52.1033	49.7148
52.1858	49.798
52.2684	49.8812
51.6409	50.6826
51.7229	50.7663
51.8051	50.8499
51.8872	50.9335
51.2012	51.7862
51.2829	51.8702
51.3646	51.9542
51.4463	52.0383
50.6344	53.0068
50.7155	53.0914
50.7967	53.1759
50.8779	53.2605
51.5873	52.7243
51.6689	52.8085
51.7504	52.8926
51.832	52.9768
51.9135	53.061
53.9323	51.1974
54.0151	51.2803
54.0977	51.3634
54.1803	51.4465
54.4166	51.3728
54.4994	51.4558
54.5821	51.5388
54.6648	51.6218
54.7609	51.6912
54.8436	51.7742
54.9264	51.8572
55.0091	51.9402
55.1053	52.0095
55.188	52.0925
55.2647	52.1699
55.3403	52.2459
55.4097	52.3161
55.4888	52.3639
55.5506	52.4261
55.6129	52.4885
55.6741	52.55
55.7423	52.5981
55.7983	52.6545
55.8552	52.7115
55.9193	52.7752
55.9928	52.8482
56.0885	52.9179
56.1713	53.0009
56.254	53.0839
56.3367	53.1669
56.433	53.236
56.5158	53.319
56.5985	53.402
56.6812	53.485
56.7776	53.5541
56.8603	53.6371
56.9431	53.7201
57.0258	53.8031
57.8042	53.1711
57.8878	53.2531
57.9709	53.3358
58.054	53.4184
58.1371	53.501
57.5891	54.2326
57.6715	54.316
57.7542	54.399
57.837	54.4819
58.0046	54.478
58.0874	54.5609
58.1702	54.6438
58.253	54.7267
56.6759	56.4914
56.7576	56.5754
56.8395	56.6592
56.9214	56.7431
56.78	57.0502
56.8617	57.1342
56.9435	57.2181
57.0252	57.3021
57.107	57.3861
56.3699	58.2826
56.4512	58.367
56.5325	58.4514
56.6138	58.5358
57.0074	58.3115
57.0889	58.3958
57.1703	58.48
57.2518	58.5643
57.3333	58.6485
60.5761	55.5294
60.6604	55.6108
60.7436	55.6933
60.8268	55.7758
59.7559	57.0447
59.8378	57.1284
60.1311	56.9965
60.4319	56.8562
61.0914	56.3451
61.337	56.2595
61.3749	56.3889
61.4563	56.4733
61.5514	56.5435
62.666	55.5491
62.7521	55.6286
62.8368	55.7095
62.9215	55.7904
62.6693	56.2157
62.7227	56.2704
62.7392	56.29
62.7391	56.2918
62.1539	56.9035
62.1541	56.9049
