1170	-5100	1	0
1170	-5100	1	0
1170	-5100	1	0
1170	-5100	1	0
1170	-5100	1	0
1170	-5100	1	0
1170	-5100	1	0
1170	-5100	1	-0.000592401
1170	-5099.99	0.999999	-0.00130328
1170	-5099.98	0.999998	-0.00189584
1170	-5099.98	0.999996	-0.00272542
1170	-5099.98	0.999996	-0.00272542
1170	-5099.97	0.999994	-0.00331797
1170	-5099.96	0.999991	-0.00414755
1170	-5099.96	0.999991	-0.00414755
1170	-5099.96	0.999989	-0.0047401
1170	-5099.95	0.999984	-0.00556967
1170	-5099.95	0.999984	-0.00556967
1170	-5099.95	0.999984	-0.00556967
1170	-5099.95	0.999981	-0.00616143
1170	-5099.94	0.999975	-0.00710824
1170	-5099.93	0.999961	-0.00883649
1170	-5099.88	0.999905	-0.0138096
1170	-5099.82	0.999782	-0.0208985
1170	-5099.72	0.999463	-0.0327579
1169.99	-5099.63	0.999041	-0.0437927
1169.99	-5099.49	0.998243	-0.0592511
1169.97	-5099.33	0.996975	-0.0777271
1169.96	-5099.16	0.995141	-0.0984593
1169.94	-5098.95	0.992529	-0.122008
1169.91	-5098.75	0.989328	-0.145709
1169.87	-5098.51	0.984834	-0.1735
1169.82	-5098.25	0.981747	-0.19019
1169.77	-5097.98	0.981722	-0.190321
1169.71	-5097.67	0.981706	-0.190402
1169.64	-5097.33	0.981689	-0.190489
1169.58	-5096.97	0.981704	-0.190411
1169.51	-5096.62	0.981758	-0.190137
1169.43	-5096.22	0.981766	-0.190094
1169.35	-5095.79	0.981783	-0.190008
1169.26	-5095.35	0.981852	-0.18965
1169.17	-5094.88	0.981888	-0.18946
1169.07	-5094.38	0.981931	-0.18924
1168.98	-5093.91	0.981973	-0.189024
1168.88	-5093.36	0.982016	-0.188798
1168.77	-5092.8	0.982124	-0.188234
1168.66	-5092.22	0.982198	-0.187846
1168.54	-5091.61	0.982265	-0.187497
1168.42	-5090.98	0.982341	-0.1871
1168.3	-5090.33	0.982424	-0.186661
1168.17	-5089.65	0.982435	-0.186606
1168.04	-5088.95	0.982535	-0.186079
1167.91	-5088.29	0.982617	-0.185644
1167.77	-5087.55	0.982726	-0.185067
1167.63	-5086.79	0.982814	-0.184598
1167.48	-5086	0.982778	-0.184788
1167.34	-5085.24	0.982812	-0.184609
1167.18	-5084.41	0.982965	-0.183791
1167.02	-5083.55	0.983158	-0.182756
1166.86	-5082.68	0.983208	-0.182487
1166.69	-5081.77	0.983171	-0.182688
1166.53	-5080.92	0.98329	-0.182048
1166.36	-5079.98	0.983409	-0.181402
1166.17	-5078.93	0.983427	-0.181302
1165.98	-5077.93	0.983424	-0.181323
1165.81	-5076.99	0.983453	-0.181162
1165.62	-5075.95	0.983671	-0.179978
1165.43	-5074.89	0.983767	-0.179452
1165.23	-5073.81	0.983731	-0.179649
1165.04	-5072.8	0.983811	-0.179207
1164.84	-5071.67	0.98403	-0.178
1164.63	-5070.53	0.983978	-0.178288
1164.42	-5069.35	0.983969	-0.178338
1164.2	-5068.16	0.98437	-0.176113
1164.01	-5067.05	0.984639	-0.174602
1163.79	-5065.82	0.984552	-0.175092
1163.56	-5064.55	0.984345	-0.176251
1163.35	-5063.36	0.984404	-0.175923
1163.12	-5062.05	0.984823	-0.173562
1162.88	-5060.73	0.98521	-0.171351
1162.65	-5059.38	0.985188	-0.171475
1162.41	-5058	0.985234	-0.171214
1162.19	-5056.73	0.985463	-0.16989
1161.94	-5055.31	0.985471	-0.169844
1161.7	-5053.87	0.985736	-0.168301
1161.47	-5052.53	0.986148	-0.165867
1161.22	-5051.06	0.986293	-0.165002
1160.97	-5049.55	0.986009	-0.166691
1160.71	-5048.03	0.986254	-0.165237
1160.46	-5046.49	0.986494	-0.1638
1160.22	-5045.05	0.986486	-0.163843
1159.95	-5043.46	0.986248	-0.165272
1159.68	-5041.85	0.98535	-0.170546
1159.39	-5040.21	0.98435	-0.176225
1159.12	-5038.7	0.983125	-0.182934
1158.8	-5037.03	0.98184	-0.189712
1158.47	-5035.34	0.9805	-0.19652
1158.12	-5033.63	0.979103	-0.203364
1157.76	-5031.9	0.977607	-0.210438
1157.37	-5030.14	0.976329	-0.216292
1157.01	-5028.52	0.974679	-0.223609
1156.59	-5026.74	0.972696	-0.232084
1156.12	-5024.8	0.970728	-0.240183
1155.71	-5023.13	0.969337	-0.245734
1155.23	-5021.29	0.967609	-0.252452
1154.74	-5019.43	0.965577	-0.260117
1154.27	-5017.71	0.963891	-0.266298
1153.74	-5015.82	0.96169	-0.274139
1153.19	-5013.91	0.959604	-0.281354
1152.62	-5011.98	0.957492	-0.28846
1152.03	-5010.03	0.955026	-0.296522
1151.41	-5008.07	0.952866	-0.30339
1150.83	-5006.25	0.950684	-0.310161
1150.17	-5004.27	0.94806	-0.318092
1149.49	-5002.26	0.945669	-0.32513
1148.79	-5000.23	0.943265	-0.33204
1148.12	-4998.36	0.940833	-0.338869
1147.37	-4996.3	0.938111	-0.346335
1146.6	-4994.24	0.935292	-0.353878
1145.81	-4992.16	0.932497	-0.361177
1144.99	-4990.06	0.929614	-0.368535
1144.21	-4988.12	0.926911	-0.375282
1143.34	-4986	0.923833	-0.382796
1142.53	-4984.05	0.921114	-0.389293
1141.62	-4981.91	0.918068	-0.396424
1140.68	-4979.75	0.91489	-0.403704
1139.7	-4977.57	0.911725	-0.410802
1138.71	-4975.37	0.908721	-0.417404
1137.78	-4973.36	0.905883	-0.423529
1136.73	-4971.15	0.902862	-0.42993
1135.67	-4968.92	0.899759	-0.436386
1134.57	-4966.69	0.89634	-0.443366
1133.45	-4964.44	0.893077	-0.449903
1132.31	-4962.18	0.889891	-0.456173
1131.14	-4959.92	0.88706	-0.461653
1129.95	-4957.64	0.883512	-0.468408
1128.82	-4955.54	0.880263	-0.474486
1127.58	-4953.24	0.877338	-0.479873
1126.31	-4950.93	0.874323	-0.485345
1125.01	-4948.61	0.871243	-0.490852
1123.69	-4946.28	0.868153	-0.496297
1122.46	-4944.15	0.863441	-0.50445
1121.08	-4941.81	0.856422	-0.516277
1119.65	-4939.47	0.848726	-0.528832
1118.29	-4937.33	0.838917	-0.54426
1116.77	-4935.01	0.82995	-0.557838
1115.19	-4932.7	0.821747	-0.569852
1113.56	-4930.37	0.815712	-0.578458
1111.89	-4928.05	0.806375	-0.591404
1110.32	-4925.93	0.796257	-0.604958
1108.55	-4923.64	0.786551	-0.617525
1106.74	-4921.36	0.776995	-0.629507
1104.88	-4919.1	0.767038	-0.641601
1103.13	-4917.04	0.758463	-0.651716
1101.18	-4914.78	0.751942	-0.659229
1099.19	-4912.53	0.743173	-0.6691
1097.15	-4910.3	0.731998	-0.681307
1095.07	-4908.09	0.72125	-0.692674
1093.12	-4906.08	0.714376	-0.699762
1090.95	-4903.89	0.706168	-0.708044
1088.74	-4901.71	0.695919	-0.71812
1086.68	-4899.73	0.688321	-0.725407
1084.4	-4897.58	0.680135	-0.733087
1082.07	-4895.44	0.671897	-0.740645
1079.71	-4893.33	0.663378	-0.748284
1077.31	-4891.21	0.657806	-0.753187
1074.88	-4889.1	0.65102	-0.75906
1072.62	-4887.18	0.64461	-0.764511
1070.13	-4885.1	0.635474	-0.772122
1067.61	-4883.04	0.627321	-0.778761
1065.27	-4881.17	0.622631	-0.782515
1062.7	-4879.14	0.616709	-0.787191
1060.11	-4877.13	0.608887	-0.793257
1057.5	-4875.14	0.604305	-0.796753
1054.88	-4873.16	0.599714	-0.800214
1052.46	-4871.35	0.595424	-0.803411
1049.6	-4869.24	0.591949	-0.805975
1046.94	-4867.3	0.587849	-0.808971
1044.27	-4865.36	0.583753	-0.811932
1041.59	-4863.44	0.580075	-0.814563
1038.9	-4861.54	0.57649	-0.817104
1036.43	-4859.8	0.573946	-0.818893
1033.72	-4857.91	0.570853	-0.821052
1031	-4856.02	0.567683	-0.823247
1028.27	-4854.15	0.565067	-0.825045
1025.54	-4852.28	0.562945	-0.826494
1023.03	-4850.58	0.561114	-0.827738
1020.29	-4848.72	0.559193	-0.829037
1017.53	-4846.86	0.557409	-0.830238
1014.78	-4845.02	0.556013	-0.831173
1012.02	-4843.17	0.554978	-0.831865
1009.26	-4841.33	0.553969	-0.832537
1006.49	-4839.49	0.552763	-0.833339
1003.71	-4837.66	0.551876	-0.833926
1001.17	-4835.97	0.551364	-0.834265
998.159	-4833.99	0.550415	-0.834891
995.375	-4832.15	0.549744	-0.835333
992.586	-4830.32	0.549137	-0.835732
990.029	-4828.64	0.549182	-0.835702
987.24	-4826.8	0.548974	-0.835839
984.448	-4824.97	0.548063	-0.836437
981.882	-4823.29	0.546934	-0.837176
979.075	-4821.46	0.545982	-0.837797
976.035	-4819.48	0.545927	-0.837833
973.463	-4817.8	0.5458	-0.837915
970.655	-4815.98	0.545046	-0.838406
967.839	-4814.15	0.543813	-0.839206
965.018	-4812.32	0.543369	-0.839494
962.434	-4810.65	0.545139	-0.838346
959.62	-4808.81	0.548296	-0.836284
956.812	-4806.96	0.552009	-0.833838
954.01	-4805.1	0.558096	-0.829776
951.22	-4803.21	0.563513	-0.826107
948.671	-4801.46	0.567205	-0.823577
945.899	-4799.54	0.572743	-0.819735
943.138	-4797.6	0.577767	-0.816202
940.388	-4795.64	0.58455	-0.811357
937.652	-4793.66	0.590679	-0.806907
934.927	-4791.65	0.595346	-0.80347
932.439	-4789.8	0.600702	-0.799473
929.738	-4787.76	0.60492	-0.796286
927.046	-4785.71	0.609913	-0.792469
924.59	-4783.8	0.616148	-0.78763
921.925	-4781.7	0.623167	-0.782089
919.281	-4779.58	0.629757	-0.776792
916.65	-4777.43	0.636086	-0.771618
914.041	-4775.26	0.645217	-0.764
911.452	-4773.05	0.654411	-0.756139
909.103	-4771	0.662729	-0.74886
906.558	-4768.73	0.669117	-0.743158
904.034	-4766.44	0.675075	-0.737749
901.523	-4764.13	0.68165	-0.731678
899.038	-4761.79	0.690487	-0.723345
896.778	-4759.62	0.696199	-0.717849
894.333	-4757.22	0.703703	-0.710494
891.909	-4754.81	0.708469	-0.705742
889.497	-4752.38	0.714248	-0.699892
887.11	-4749.91	0.722665	-0.691198
884.746	-4747.42	0.727989	-0.685589
882.593	-4745.13	0.73109	-0.682281
880.255	-4742.61	0.735479	-0.677548
877.936	-4740.07	0.741478	-0.670977
875.635	-4737.51	0.747624	-0.664122
873.358	-4734.93	0.753266	-0.657716
871.283	-4732.54	0.756394	-0.654116
869.035	-4729.93	0.760787	-0.649002
866.8	-4727.3	0.765641	-0.643268
864.587	-4724.64	0.772089	-0.635514
862.395	-4721.96	0.77669	-0.629883
860.217	-4719.26	0.778666	-0.627438
858.225	-4716.78	0.781412	-0.624016
856.068	-4714.06	0.785484	-0.618881
853.921	-4711.33	0.78752	-0.61629
851.783	-4708.59	0.789277	-0.614037
849.827	-4706.07	0.790568	-0.612375
847.701	-4703.31	0.793806	-0.60817
845.586	-4700.54	0.797048	-0.603916
843.486	-4697.76	0.79987	-0.600174
841.392	-4694.96	0.800373	-0.599502
839.301	-4692.17	0.802188	-0.597072
837.392	-4689.59	0.804979	-0.593304
835.322	-4686.77	0.807058	-0.590472
833.255	-4683.94	0.808974	-0.587845
831.202	-4681.1	0.812238	-0.583326
829.328	-4678.49	0.813605	-0.581417
827.289	-4675.63	0.815505	-0.57875
825.26	-4672.76	0.817368	-0.576116
823.236	-4669.88	0.818365	-0.574699
821.217	-4667	0.821251	-0.570567
819.379	-4664.34	0.823634	-0.567121
817.381	-4661.43	0.825103	-0.564983
815.391	-4658.52	0.826532	-0.562889
813.403	-4655.6	0.827949	-0.560804
811.425	-4652.66	0.83035	-0.557243
809.617	-4649.96	0.831944	-0.554859
807.652	-4647	0.833432	-0.552622
805.689	-4644.04	0.834683	-0.550731
803.735	-4641.07	0.836617	-0.547788
801.788	-4638.09	0.837763	-0.546035
799.846	-4635.1	0.839651	-0.543127
797.914	-4632.1	0.840981	-0.541065
796.142	-4629.35	0.841558	-0.540166
794.21	-4626.33	0.843117	-0.53773
792.282	-4623.3	0.844564	-0.535454
790.351	-4620.25	0.84558	-0.533848
788.58	-4617.44	0.846567	-0.532283
786.639	-4614.35	0.847147	-0.531359
784.696	-4611.25	0.8487	-0.528875
782.759	-4608.13	0.850152	-0.526537
780.819	-4604.99	0.851356	-0.524588
779.044	-4602.1	0.852923	-0.522036
777.108	-4598.93	0.853743	-0.520695
775.162	-4595.74	0.854225	-0.519904
773.375	-4592.8	0.855324	-0.518094
771.43	-4589.58	0.857005	-0.515309
769.489	-4586.34	0.85808	-0.513516
767.539	-4583.08	0.858496	-0.512821
765.585	-4579.8	0.859421	-0.511269
763.793	-4576.79	0.860157	-0.510029
761.835	-4573.48	0.860993	-0.508616
759.879	-4570.16	0.862182	-0.506598
757.92	-4566.82	0.862767	-0.505602
756.119	-4563.75	0.863718	-0.503976
754.161	-4560.38	0.865622	-0.500698
752.207	-4556.99	0.866816	-0.498627
750.249	-4553.58	0.867674	-0.497133
748.289	-4550.15	0.868447	-0.495782
746.487	-4547	0.869398	-0.494113
744.528	-4543.53	0.871022	-0.491245
742.57	-4540.06	0.872272	-0.489021
740.78	-4536.85	0.873944	-0.486027
738.836	-4533.34	0.875421	-0.483362
736.89	-4529.81	0.876315	-0.481738
734.943	-4526.27	0.877135	-0.480244
732.991	-4522.7	0.87795	-0.478752
731.206	-4519.41	0.879172	-0.476505
729.259	-4515.81	0.880225	-0.474556
727.318	-4512.2	0.881612	-0.471974
725.381	-4508.58	0.882489	-0.470332
723.599	-4505.23	0.88287	-0.469617
721.653	-4501.57	0.883633	-0.468179
719.705	-4497.88	0.884556	-0.466434
717.763	-4494.19	0.885901	-0.463874
715.825	-4490.48	0.887091	-0.461595
713.888	-4486.75	0.88821	-0.459437
712.112	-4483.31	0.889216	-0.457488
710.18	-4479.54	0.890313	-0.455349
708.252	-4475.76	0.891575	-0.452873
706.486	-4472.28	0.89283	-0.450393
704.565	-4468.46	0.89387	-0.448326
702.647	-4464.62	0.894978	-0.44611
700.73	-4460.76	0.896483	-0.443079
698.819	-4456.89	0.897367	-0.441286
696.91	-4453	0.897848	-0.440305
695.159	-4449.43	0.89874	-0.438482
693.251	-4445.5	0.899886	-0.436126
691.345	-4441.56	0.901059	-0.433696
689.602	-4437.93	0.901984	-0.43177
687.699	-4433.95	0.902326	-0.431054
685.796	-4429.96	0.902916	-0.429817
683.89	-4425.95	0.903395	-0.428808
681.982	-4421.93	0.903555	-0.428471
680.066	-4417.89	0.90303	-0.429578
678.299	-4414.18	0.902648	-0.43038
676.362	-4410.13	0.901862	-0.432025
674.412	-4406.07	0.900895	-0.434037
672.611	-4402.33	0.900148	-0.435583
670.628	-4398.24	0.899227	-0.437482
668.633	-4394.15	0.898295	-0.439394
666.625	-4390.06	0.897393	-0.441232
664.6	-4385.95	0.896321	-0.443406
662.728	-4382.17	0.89523	-0.445604
660.667	-4378.04	0.894554	-0.446959
658.602	-4373.91	0.89476	-0.446547
656.705	-4370.11	0.894486	-0.447095
654.622	-4365.95	0.893537	-0.44899
652.522	-4361.78	0.893143	-0.449773
650.422	-4357.6	0.893453	-0.449157
648.312	-4353.41	0.892356	-0.451333
646.356	-4349.56	0.89131	-0.453395
644.214	-4345.35	0.890908	-0.454183
642.059	-4341.13	0.890615	-0.454758
639.9	-4336.9	0.889902	-0.456152
637.896	-4333.01	0.8875	-0.460807
635.681	-4328.76	0.88613	-0.463437
633.457	-4324.51	0.886378	-0.462961
631.234	-4320.25	0.886358	-0.463001
629.001	-4315.98	0.885998	-0.463689
626.949	-4312.06	0.88451	-0.46652
624.67	-4307.78	0.879944	-0.475078
622.339	-4303.51	0.875102	-0.483938
620.158	-4299.6	0.8701	-0.492876
617.728	-4295.36	0.864423	-0.502766
615.243	-4291.13	0.858708	-0.512466
612.706	-4286.93	0.852666	-0.522456
610.114	-4282.74	0.846509	-0.532375
607.458	-4278.57	0.835819	-0.549006
604.922	-4274.81	0.82181	-0.569761
602.049	-4270.75	0.805152	-0.593068
599.038	-4266.79	0.787454	-0.616374
595.926	-4262.87	0.773863	-0.633353
592.981	-4259.35	0.761099	-0.648635
589.691	-4255.54	0.746207	-0.665714
585.697	-4251.22	0.720835	-0.693106
582.455	-4247.9	0.70707	-0.707144
578.838	-4244.35	0.691037	-0.722819
575.126	-4240.87	0.676189	-0.736729
571.344	-4237.44	0.662458	-0.749099
567.802	-4234.37	0.645911	-0.763413
563.861	-4231.09	0.630225	-0.776412
559.84	-4227.89	0.610584	-0.791951
555.731	-4224.79	0.593843	-0.804581
551.561	-4221.75	0.581901	-0.81326
547.69	-4219.02	0.568937	-0.822381
543.409	-4216.09	0.55805	-0.829808
539.08	-4213.21	0.54986	-0.835257
534.711	-4210.36	0.540039	-0.84164
530.673	-4207.8	0.530175	-0.847888
526.23	-4205.05	0.519834	-0.854267
521.745	-4202.35	0.511754	-0.859132
517.229	-4199.68	0.50551	-0.862821
512.69	-4197.04	0.498659	-0.866799
508.502	-4194.64	0.49354	-0.869723
503.908	-4192.05	0.48955	-0.871975
499.295	-4189.47	0.485439	-0.874271
494.663	-4186.91	0.481605	-0.876388
490.401	-4184.58	0.478238	-0.87823
485.731	-4182.04	0.475567	-0.879679
481.041	-4179.51	0.475053	-0.879957
476.346	-4176.98	0.474165	-0.880436
472.035	-4174.66	0.473468	-0.880811
467.321	-4172.13	0.473488	-0.8808
462.603	-4169.59	0.474123	-0.880459
457.873	-4167.04	0.474553	-0.880227
453.533	-4164.7	0.475533	-0.879698
448.795	-4162.13	0.476714	-0.879058
444.045	-4159.55	0.477567	-0.878595
439.287	-4156.96	0.478416	-0.878133
434.112	-4154.14	0.47864	-0.878011
429.326	-4151.53	0.479839	-0.877356
424.54	-4148.91	0.481475	-0.87646
420.151	-4146.49	0.482823	-0.875718
414.954	-4143.63	0.483702	-0.875233
410.144	-4140.97	0.484511	-0.874785
405.333	-4138.3	0.486231	-0.87383
400.925	-4135.84	0.487903	-0.872898
395.318	-4132.7	0.490034	-0.871703
390.515	-4129.99	0.491866	-0.870671
385.714	-4127.27	0.493696	-0.869635
381.316	-4124.77	0.495372	-0.868681
376.52	-4122.03	0.4972	-0.867636
371.727	-4119.28	0.499028	-0.866586
366.933	-4116.51	0.500344	-0.865827
362.125	-4113.73	0.50053	-0.865719
357.702	-4111.18	0.500493	-0.865741
352.871	-4108.38	0.501213	-0.865324
348.036	-4105.58	0.501539	-0.865135
343.187	-4102.77	0.501627	-0.865084
338.334	-4099.95	0.502144	-0.864784
333.474	-4097.13	0.502501	-0.864577
329.017	-4094.54	0.503002	-0.864285
324.143	-4091.7	0.501775	-0.864998
319.242	-4088.87	0.499304	-0.866427
314.324	-4086.04	0.498743	-0.86675
309.405	-4083.21	0.499678	-0.866211
304.897	-4080.6	0.503362	-0.864076
299.996	-4077.72	0.510453	-0.859905
295.098	-4074.8	0.512244	-0.85884
290.19	-4071.87	0.515489	-0.856896
285.301	-4068.9	0.523431	-0.852068
280.421	-4065.89	0.525006	-0.851099
275.924	-4063.13	0.523213	-0.852202
271.011	-4060.1	0.527835	-0.849347
266.12	-4057.03	0.535732	-0.844388
261.242	-4053.92	0.538413	-0.842681
256.757	-4051.06	0.538394	-0.842693
251.864	-4047.92	0.543577	-0.839359
246.986	-4044.74	0.546557	-0.837422
242.082	-4041.55	0.54312	-0.839655
237.163	-4038.37	0.545247	-0.838275
232.253	-4035.16	0.55173	-0.834023
227.364	-4031.9	0.555366	-0.831606
222.863	-4028.9	0.550942	-0.834544
217.914	-4025.66	0.547766	-0.836632
212.96	-4022.4	0.552564	-0.833471
208.439	-4019.38	0.558846	-0.829272
203.515	-4016.05	0.560353	-0.828254
198.572	-4012.72	0.555335	-0.831627
193.587	-4009.41	0.553061	-0.833141
188.606	-4006.09	0.554803	-0.831982
183.6	-4002.77	0.550793	-0.834642
178.996	-3999.73	0.551615	-0.834099
173.966	-3996.4	0.548047	-0.836448
168.891	-3993.11	0.544671	-0.83865
164.247	-3990.07	0.548712	-0.836011
159.169	-3986.75	0.548377	-0.836231
154.087	-3983.41	0.547536	-0.836782
148.978	-3980.08	0.547277	-0.836952
143.879	-3976.72	0.547824	-0.836594
139.166	-3973.67	0.541607	-0.840632
133.144	-3969.79	0.540273	-0.84149
128.395	-3966.75	0.541599	-0.840637
123.235	-3963.39	0.549381	-0.835572
118.083	-3959.99	0.547303	-0.836934
112.881	-3956.63	0.538357	-0.842717
107.641	-3953.3	0.536514	-0.843892
102.837	-3950.23	0.54314	-0.839642
97.6337	-3946.82	0.553303	-0.83298
92.4602	-3943.36	0.557682	-0.830054
87.2898	-3939.89	0.555082	-0.831795
82.5324	-3936.73	0.555007	-0.831846
77.3653	-3933.25	0.560954	-0.827847
72.2067	-3929.75	0.562437	-0.82684
67.0628	-3926.24	0.564095	-0.82571
61.9164	-3922.73	0.565653	-0.824644
57.2191	-3919.48	0.571504	-0.820599
52.1157	-3915.91	0.578661	-0.815568
47.0537	-3912.28	0.58653	-0.809928
42.0122	-3908.62	0.587765	-0.809031
37.3945	-3905.26	0.589889	-0.807484
32.3788	-3901.57	0.597881	-0.801585
27.4023	-3897.82	0.604513	-0.796595
22.4462	-3894.05	0.608958	-0.793203
17.5184	-3890.24	0.613419	-0.789758
13.0141	-3886.73	0.619919	-0.784666
8.15392	-3882.84	0.628892	-0.777493
3.31495	-3878.92	0.631885	-0.775062
-1.89649	-3874.63	0.638789	-0.769382
-6.6742	-3870.64	0.644621	-0.764503
-11.4211	-3866.61	0.650415	-0.759579
-15.7451	-3862.89	0.655694	-0.755027
-20.814	-3858.44	0.672793	-0.739831
-25.3462	-3854.17	0.703787	-0.710411
-29.3386	-3850.08	0.731075	-0.682297
-33.5097	-3845.45	0.759536	-0.650465
-37.4809	-3840.64	0.786786	-0.617225
-41.2421	-3835.67	0.812785	-0.582564
-44.4996	-3830.96	0.835112	-0.550079
-47.8413	-3825.69	0.857759	-0.514053
-50.9732	-3820.28	0.868122	-0.496351
-54.0981	-3814.87	0.86203	-0.506857
-57.2994	-3809.51	0.854157	-0.520016
-60.584	-3804.19	0.845904	-0.533336
-63.6748	-3799.37	0.833412	-0.552653
-67.2087	-3794.21	0.81283	-0.582501
-70.9287	-3789.18	0.791104	-0.611682
-74.4985	-3784.69	0.770219	-0.637779
-78.5627	-3779.93	0.746767	-0.665085
-82.7942	-3775.32	0.723053	-0.690792
-87.1859	-3770.85	0.698441	-0.715667
-91.7324	-3766.54	0.672969	-0.73967
-96.4237	-3762.39	0.653124	-0.757251
-101.195	-3758.32	0.641976	-0.766725
-105.621	-3754.66	0.631639	-0.775262
-110.504	-3750.73	0.623317	-0.78197
-115.417	-3746.83	0.617688	-0.786423
-120.362	-3742.98	0.611409	-0.791314
-125.331	-3739.16	0.605747	-0.795657
-129.913	-3735.69	0.603421	-0.797423
-134.901	-3731.89	0.605389	-0.79593
-139.901	-3728.11	0.602269	-0.798293
-144.9	-3724.33	0.602446	-0.79816
-149.909	-3720.57	0.59832	-0.801258
-154.936	-3716.83	0.594591	-0.804028
-159.979	-3713.12	0.590847	-0.806784
-165.038	-3709.43	0.587035	-0.809561
-169.689	-3706.07	0.583471	-0.812134
-174.779	-3702.43	0.579461	-0.815
-179.887	-3698.81	0.57516	-0.818041
-185.012	-3695.22	0.570578	-0.821243
-189.728	-3691.96	0.566423	-0.824115
-194.888	-3688.43	0.56224	-0.826974
-200.066	-3684.93	0.55805	-0.829807
-205.259	-3681.45	0.553856	-0.832612
-210.469	-3678	0.549929	-0.835212
-215.693	-3674.57	0.5466	-0.837394
-220.929	-3671.17	0.543452	-0.83944
-226.176	-3667.78	0.540531	-0.841324
-231.433	-3664.42	0.538179	-0.842831
-236.257	-3661.34	0.536681	-0.843785
-241.525	-3657.99	0.535329	-0.844644
-246.797	-3654.66	0.534261	-0.84532
-252.071	-3651.33	0.533822	-0.845597
-257.344	-3648	0.534088	-0.845429
-262.615	-3644.67	0.534407	-0.845227
-267.444	-3641.61	0.534709	-0.845037
-272.71	-3638.28	0.535134	-0.844767
-277.973	-3634.94	0.535694	-0.844412
-283.232	-3631.6	0.536255	-0.844056
-288.488	-3628.26	0.537008	-0.843577
-293.74	-3624.92	0.538043	-0.842917
-298.549	-3621.84	0.538983	-0.842317
-303.79	-3618.49	0.539888	-0.841737
-309.027	-3615.12	0.540688	-0.841223
-314.26	-3611.76	0.541396	-0.840768
-319.053	-3608.67	0.541833	-0.840486
-324.278	-3605.29	0.548535	-0.836127
-329.879	-3601.55	0.557781	-0.829988
-335.053	-3598.1	0.556043	-0.831153
-340.212	-3594.62	0.558588	-0.829445
-344.948	-3591.45	0.555762	-0.831341
-350.548	-3587.7	0.556478	-0.830862
-355.285	-3584.53	0.555064	-0.831807
-360.465	-3581.08	0.555302	-0.831649
-365.627	-3577.61	0.560262	-0.828315
-370.781	-3574.13	0.55648	-0.830861
-375.963	-3570.69	0.549467	-0.835515
-380.728	-3567.56	0.549233	-0.835669
-385.923	-3564.14	0.548006	-0.836474
-391.133	-3560.75	0.547268	-0.836958
-395.896	-3557.61	0.547817	-0.836598
-401.117	-3554.24	0.540163	-0.841561
-406.35	-3550.88	0.54108	-0.840971
-411.577	-3547.51	0.541237	-0.84087
-416.81	-3544.15	0.54317	-0.839623
-422.02	-3540.75	0.545374	-0.838193
-426.809	-3537.65	0.542663	-0.839951
-432.031	-3534.27	0.538567	-0.842583
-437.293	-3530.96	0.52896	-0.848647
-442.131	-3527.94	0.532298	-0.846557
-447.382	-3524.61	0.536533	-0.84388
-452.642	-3521.29	0.528484	-0.848943
-457.941	-3518.03	0.513942	-0.857825
-463.298	-3514.88	0.504676	-0.863309
-468.213	-3511.99	0.511061	-0.859544
-473.547	-3508.79	0.510585	-0.859827
-478.919	-3505.66	0.494894	-0.868954
-484.343	-3502.62	0.478518	-0.878077
-489.37	-3499.94	0.463666	-0.88601
-494.892	-3497.08	0.45351	-0.891251
-500.452	-3494.29	0.437087	-0.899419
-506.068	-3491.63	0.419233	-0.907879
-511.728	-3489.05	0.408144	-0.912918
-517.415	-3486.54	0.397686	-0.917522
-522.658	-3484.3	0.386806	-0.922161
-528.404	-3481.92	0.373265	-0.927725
-534.191	-3479.65	0.356086	-0.934453
-539.526	-3477.65	0.349037	-0.937109
-545.353	-3475.47	0.349297	-0.937012
-551.184	-3473.31	0.3446	-0.93875
-557.031	-3471.19	0.332475	-0.943112
-562.908	-3469.16	0.318314	-0.947985
-568.809	-3467.21	0.31117	-0.950354
-574.718	-3465.28	0.312827	-0.94981
-580.619	-3463.32	0.317712	-0.948187
-586.025	-3461.51	0.313004	-0.949752
-591.939	-3459.59	0.304274	-0.952585
-597.862	-3457.71	0.300564	-0.953762
-603.794	-3455.85	0.302567	-0.953128
-609.217	-3454.1	0.312189	-0.95002
-615.121	-3452.15	0.310357	-0.95062
-621.037	-3450.24	0.307852	-0.951434
-626.945	-3448.31	0.313465	-0.9496
-632.847	-3446.36	0.312842	-0.949805
-638.258	-3444.57	0.319284	-0.947659
-644.624	-3442.37	0.328437	-0.944526
-650.008	-3440.51	0.328224	-0.9446
-655.872	-3438.46	0.332872	-0.942972
-661.731	-3436.38	0.337653	-0.941271
-667.569	-3434.25	0.35174	-0.936098
-672.892	-3432.21	0.363035	-0.931775
-678.68	-3429.95	0.364632	-0.931152
-684.468	-3427.68	0.367655	-0.929962
-690.239	-3425.37	0.374724	-0.927137
-695.997	-3423.04	0.381044	-0.924557
-701.256	-3420.84	0.389245	-0.921134
-706.976	-3418.41	0.392854	-0.919601
-712.69	-3415.97	0.39476	-0.918784
-717.92	-3413.71	0.400053	-0.916492
-723.608	-3411.2	0.405338	-0.914167
-729.287	-3408.68	0.408818	-0.912616
-734.953	-3406.12	0.412219	-0.911085
-741.558	-3403.13	0.413489	-0.910509
-747.212	-3400.55	0.417638	-0.908613
-752.853	-3397.95	0.42083	-0.90714
-758.019	-3395.55	0.421722	-0.906725
-763.65	-3392.92	0.423536	-0.905879
-769.275	-3390.29	0.425632	-0.904896
-774.425	-3387.86	0.429037	-0.903287
-780.034	-3385.18	0.432816	-0.901482
-785.633	-3382.48	0.434256	-0.90079
-791.229	-3379.79	0.436279	-0.899811
-796.812	-3377.06	0.44418	-0.895938
-802.365	-3374.27	0.452263	-0.891885
-807.902	-3371.45	0.457571	-0.889173
-812.958	-3368.83	0.462	-0.88688
-818.466	-3365.96	0.464529	-0.885558
-823.959	-3363.05	0.472642	-0.881255
-829.421	-3360.09	0.479866	-0.877342
-834.413	-3357.35	0.487443	-0.873155
-839.818	-3354.29	0.496402	-0.868093
-845.205	-3351.19	0.507231	-0.86181
-850.524	-3347.98	0.526415	-0.850228
-855.351	-3344.96	0.539313	-0.842105
-860.557	-3341.57	0.550203	-0.835031
-865.741	-3338.14	0.557856	-0.829938
-870.444	-3334.93	0.570186	-0.821516
-875.537	-3331.37	0.577328	-0.816512
-880.589	-3327.75	0.592135	-0.805839
-885.557	-3324.02	0.610133	-0.792299
-890.46	-3320.2	0.617343	-0.786694
-895.346	-3316.36	0.618596	-0.785709
-899.814	-3312.83	0.622789	-0.78239
-904.66	-3308.95	0.628843	-0.777532
-909.477	-3305.03	0.634859	-0.772628
-914.262	-3301.07	0.639733	-0.768597
-918.631	-3297.42	0.642765	-0.766063
-923.38	-3293.42	0.646083	-0.763267
-928.111	-3289.4	0.649428	-0.760423
-932.825	-3285.37	0.652442	-0.757839
-937.523	-3281.31	0.654998	-0.75563
-942.207	-3277.24	0.657548	-0.753413
-946.877	-3273.15	0.659454	-0.751745
-951.152	-3269.4	0.660382	-0.75093
-955.809	-3265.3	0.661394	-0.750039
-960.46	-3261.19	0.6624	-0.749151
-965.492	-3256.74	0.6633	-0.748354
-970.133	-3252.62	0.663795	-0.747915
-974.771	-3248.5	0.664126	-0.747621
-979.021	-3244.73	0.664269	-0.747494
-983.657	-3240.61	0.664096	-0.747648
-988.294	-3236.49	0.663527	-0.748153
-992.935	-3232.38	0.662816	-0.748782
-997.192	-3228.61	0.662104	-0.749412
-1002.23	-3224.17	0.662218	-0.749311
-1006.87	-3220.06	0.663184	-0.748456
-1011.12	-3216.29	0.664356	-0.747416
-1015.74	-3212.16	0.668849	-0.743398
-1020.34	-3208	0.673695	-0.739009
-1024.91	-3203.82	0.675284	-0.737558
-1029.48	-3199.63	0.677486	-0.735535
-1033.65	-3195.77	0.681176	-0.732119
-1038.18	-3191.54	0.685399	-0.728168
-1042.68	-3187.27	0.691985	-0.721912
-1047.15	-3182.97	0.695045	-0.718966
-1051.23	-3179.02	0.69628	-0.717771
-1055.67	-3174.7	0.699173	-0.714952
-1060.09	-3170.36	0.703067	-0.711123
-1064.49	-3165.99	0.706423	-0.70779
-1068.87	-3161.61	0.708148	-0.706064
-1073.24	-3157.22	0.709766	-0.704437
-1077.24	-3153.18	0.711857	-0.702325
-1081.59	-3148.76	0.714125	-0.700019
-1086.28	-3143.96	0.720087	-0.693884
-1090.55	-3139.47	0.727634	-0.685966
-1094.79	-3134.95	0.73133	-0.682024
-1099	-3130.4	0.737845	-0.67497
-1102.82	-3126.19	0.747786	-0.66394
-1106.89	-3121.53	0.759543	-0.650458
-1110.9	-3116.8	0.766943	-0.641716
-1114.53	-3112.43	0.774358	-0.632747
-1118.41	-3107.6	0.783111	-0.621881
-1122.25	-3102.74	0.791125	-0.611654
-1125.99	-3097.8	0.8076	-0.58973
-1129.58	-3092.75	0.822165	-0.56925
-1133.08	-3087.63	0.832483	-0.554051
-1136.46	-3082.44	0.842303	-0.539004
-1139.51	-3077.64	0.847678	-0.53051
-1142.75	-3072.36	0.860108	-0.510112
-1145.84	-3066.99	0.873322	-0.487144
-1148.83	-3061.56	0.880675	-0.473722
-1151.49	-3056.54	0.888192	-0.459472
-1154.29	-3051	0.895065	-0.445937
-1157.05	-3045.45	0.896017	-0.444019
-1159.79	-3039.89	0.8995	-0.436921
-1162.48	-3034.3	0.902851	-0.429954
-1165.13	-3028.7	0.90511	-0.425177
-1167.53	-3023.55	0.908574	-0.417724
-1170.1	-3017.91	0.912183	-0.409783
-1172.63	-3012.24	0.91457	-0.404427
-1175.13	-3006.57	0.915688	-0.401889
-1177.41	-3001.36	0.91698	-0.398934
-1179.87	-2995.67	0.918597	-0.395195
-1182.32	-2989.97	0.919172	-0.393856
-1184.75	-2984.27	0.920704	-0.390261
-1187.16	-2978.55	0.921821	-0.387615
-1189.56	-2972.83	0.923007	-0.384783
-1191.94	-2967.1	0.924228	-0.381841
-1194.11	-2961.85	0.924325	-0.381606
-1196.47	-2956.12	0.924513	-0.38115
-1198.83	-2950.38	0.925033	-0.379887
-1201.18	-2944.65	0.925602	-0.378498
-1203.33	-2939.38	0.926118	-0.377234
-1205.67	-2933.64	0.92608	-0.377327
-1208.01	-2927.9	0.926074	-0.377343
-1210.35	-2922.16	0.926068	-0.377357
-1212.69	-2916.42	0.927397	-0.374079
-1214.99	-2910.66	0.929248	-0.369457
-1217.09	-2905.38	0.929817	-0.368023
-1219.36	-2899.61	0.931368	-0.364079
-1221.61	-2893.83	0.932747	-0.360533
-1223.83	-2888.04	0.934145	-0.356895
-1225.85	-2882.73	0.936495	-0.350681
-1228.01	-2876.92	0.938229	-0.346014
-1230.15	-2871.1	0.938838	-0.344359
-1232.27	-2865.28	0.939998	-0.341179
-1234.38	-2859.45	0.941823	-0.336108
-1236.44	-2853.6	0.944415	-0.328757
-1238.3	-2848.23	0.945281	-0.326259
-1240.32	-2842.37	0.94621	-0.323553
-1242.31	-2836.5	0.947731	-0.319071
-1244.28	-2830.62	0.949091	-0.315002
-1246.06	-2825.23	0.950761	-0.309925
-1247.97	-2819.33	0.951383	-0.308011
-1249.88	-2813.43	0.95199	-0.30613
-1251.76	-2807.53	0.954865	-0.297039
-1253.57	-2801.6	0.958344	-0.285617
-1255.32	-2795.65	0.96173	-0.273998
-1256.84	-2790.18	0.965672	-0.259765
-1258.42	-2784.19	0.967193	-0.254044
-1259.99	-2778.19	0.968706	-0.248209
-1261.37	-2772.68	0.972298	-0.233746
-1262.89	-2766.14	0.975698	-0.219119
-1264.12	-2760.59	0.977224	-0.212209
-1265.4	-2754.53	0.980051	-0.198746
-1266.61	-2748.45	0.98172	-0.190328
-1267.76	-2742.36	0.98472	-0.174145
-1268.78	-2736.24	0.987754	-0.156017
-1269.64	-2730.63	0.989425	-0.145043
-1270.58	-2723.98	0.991092	-0.133182
-1271.38	-2717.83	0.992207	-0.124601
-1272.13	-2711.68	0.993097	-0.117298
-1272.85	-2705.52	0.994078	-0.108671
-1273.43	-2699.87	0.995546	-0.0942744
-1273.98	-2693.7	0.996475	-0.0838875
-1274.48	-2687.52	0.997173	-0.0751393
-1274.89	-2681.85	0.997744	-0.0671341
-1275.28	-2675.66	0.998292	-0.0584153
-1275.62	-2669.47	0.998734	-0.0502934
-1275.92	-2663.28	0.999074	-0.0430285
-1276.16	-2657.08	0.999357	-0.0358574
-1276.37	-2650.88	0.999585	-0.0288205
-1276.53	-2644.68	0.999741	-0.0227735
-1276.66	-2638.48	0.999837	-0.01803
-1276.76	-2632.28	0.999911	-0.0133412
-1276.82	-2626.59	0.999958	-0.00912268
-1276.87	-2620.39	0.999985	-0.0054797
-1276.9	-2614.19	0.999995	-0.00312314
-1276.91	-2607.98	1	-0.00081739
-1276.91	-2602.29	0.999999	0.00126035
-1276.9	-2596.09	0.999996	0.00285897
-1276.88	-2589.88	0.999994	0.00351383
-1276.85	-2583.68	0.999992	0.00406471
-1276.83	-2577.47	0.99999	0.00450654
-1276.8	-2571.27	0.999988	0.00482143
-1276.77	-2565.58	0.999988	0.00498257
-1276.74	-2559.37	0.999987	0.00503081
-1276.71	-2553.16	0.999988	0.00497003
-1276.68	-2547.47	0.999989	0.00459634
-1276.65	-2541.27	0.999993	0.00362305
-1276.64	-2535.06	0.999997	0.00255394
-1276.62	-2528.33	0.999999	0.00132543
-1276.62	-2522.12	1	0.000155915
-1276.62	-2516.43	1	-0.000932784
-1276.63	-2510.22	0.999998	-0.00212282
-1276.64	-2504.01	0.999995	-0.00300835
-1276.66	-2497.8	0.999994	-0.00346752
-1276.69	-2491.59	0.999992	-0.00392679
-1276.71	-2485.9	0.999991	-0.00434786
-1276.74	-2479.69	0.999988	-0.00480712
-1276.77	-2473.48	0.999986	-0.0052662
-1276.8	-2467.26	0.999984	-0.0057254
-1276.84	-2461.57	0.999981	-0.00614647
-1276.87	-2455.36	0.999978	-0.00660581
-1276.92	-2449.14	0.999975	-0.00706507
-1276.96	-2442.93	0.999972	-0.00752441
-1277.01	-2436.72	0.999968	-0.00798385
-1277.06	-2430.5	0.999967	-0.00813851
-1277.11	-2424.81	0.999969	-0.00788914
-1277.15	-2418.59	0.999971	-0.00761718
-1277.2	-2412.38	0.999973	-0.00734513
-1277.25	-2406.16	0.999975	-0.00707289
-1277.29	-2400.47	0.999977	-0.00682343
-1277.33	-2394.25	0.999979	-0.00655137
-1277.37	-2388.04	0.99998	-0.00627922
-1277.41	-2381.82	0.999982	-0.0060069
-1277.44	-2375.6	0.999984	-0.00573455
-1277.48	-2369.39	0.999985	-0.00546217
-1277.51	-2362.65	0.999987	-0.00516701
-1277.54	-2356.43	0.999988	-0.00489436
-1277.57	-2350.21	0.999989	-0.00462185
-1277.6	-2344.51	0.99999	-0.00437212
-1277.63	-2338.29	0.999992	-0.00409961
-1277.65	-2332.08	0.999993	-0.00380795
-1277.67	-2325.86	0.999994	-0.00343484
-1277.69	-2319.64	0.999996	-0.00290905
-1277.71	-2313.42	0.999998	-0.00222689
-1277.72	-2307.71	0.999999	-0.00148496
-1277.73	-2301.49	1	-0.000553543
-1277.73	-2294.75	1	0.000601296
-1277.72	-2288.53	0.999998	0.00182688
-1277.71	-2282.83	0.999995	0.00308792
-1277.69	-2276.61	0.999989	0.00459328
-1277.65	-2270.38	0.999982	0.00591631
-1277.61	-2264.16	0.999976	0.00690056
-1277.57	-2258.45	0.999969	0.00785334
-1277.52	-2252.23	0.99996	0.00891734
-1277.46	-2246.01	0.99995	0.0100109
-1277.4	-2239.78	0.999938	0.0111745
-1277.33	-2233.56	0.999923	0.0124337
-1277.24	-2227.33	0.999905	0.0137563
-1277.16	-2221.63	0.999892	0.0146731
-1277.07	-2215.4	0.999883	0.0152669
-1276.97	-2209.18	0.999874	0.0158694
-1276.88	-2203.47	0.999865	0.016461
-1276.78	-2197.24	0.999858	0.016874
-1276.67	-2191.01	0.999857	0.0168868
-1276.57	-2184.79	0.999857	0.0169031
-1276.46	-2178.56	0.999857	0.0169372
-1276.36	-2172.33	0.999855	0.0170068
-1276.26	-2166.62	0.999854	0.0171027
-1276.15	-2160.39	0.999852	0.0172271
-1276.04	-2154.17	0.999849	0.0173656
-1275.94	-2147.94	0.999846	0.0175234
-1275.84	-2142.23	0.999844	0.0176857
-1275.72	-2136	0.99984	0.0178681
-1275.61	-2129.76	0.999837	0.0180504
-1275.5	-2123.53	0.999834	0.0182328
-1275.39	-2117.3	0.99983	0.0184151
-1275.28	-2111.59	0.999827	0.0185823
-1275.16	-2105.36	0.99983	0.0184533
-1275.05	-2099.13	0.99984	0.0178885
-1274.94	-2092.89	0.99985	0.0173237
-1274.84	-2087.18	0.999859	0.016806
-1274.74	-2080.95	0.999868	0.0162411
-1274.64	-2074.71	0.999877	0.0156761
-1274.54	-2068.48	0.999886	0.0151109
-1274.45	-2062.24	0.999894	0.0145455
-1274.36	-2056.01	0.999902	0.0139799
-1274.28	-2049.77	0.99991	0.0134143
-1274.2	-2044.06	0.999917	0.0128958
-1274.12	-2037.82	0.999924	0.0123301
-1274.05	-2031.59	0.999931	0.0117644
-1273.97	-2025.35	0.999937	0.0111986
-1273.91	-2019.63	0.999943	0.01068
-1273.85	-2013.39	0.999949	0.0101139
-1273.78	-2007.15	0.999954	0.00954737
-1273.73	-2000.92	0.99996	0.00897725
-1273.67	-1994.68	0.999965	0.00840232
-1273.63	-1988.96	0.999969	0.00787526
-1273.58	-1982.72	0.999973	0.00730024
-1273.53	-1976.48	0.999977	0.00672521
-1273.49	-1970.24	0.999981	0.00615018
-1273.46	-1964.52	0.999983	0.00587263
-1273.42	-1958.27	0.999982	0.0060463
-1273.38	-1952.03	0.999981	0.00621998
-1273.34	-1945.79	0.99998	0.00639365
-1273.3	-1939.55	0.999978	0.00656732
-1273.26	-1933.3	0.999977	0.00674099
-1273.22	-1927.58	0.999976	0.00690023
-1273.18	-1921.34	0.999975	0.00707399
-1273.14	-1915.09	0.999976	0.00693477
-1273.09	-1908.85	0.99998	0.00635141
-1273.06	-1902.61	0.999983	0.00575971
-1273.02	-1896.88	0.999986	0.00521732
-1272.99	-1890.64	0.999989	0.00462555
-1272.97	-1884.39	0.999992	0.00403367
-1272.94	-1878.14	0.999994	0.00344178
-1272.92	-1871.9	0.999996	0.0028499
-1272.91	-1866.17	0.999997	0.00230726
-1272.89	-1859.92	0.999999	0.00172522
-1272.88	-1853.67	0.999999	0.00115723
-1272.88	-1847.43	1	0.000899445
-1272.87	-1841.18	0.999999	0.00107596
-1272.87	-1835.45	0.999999	0.00123776
-1272.86	-1829.2	0.999999	0.00141428
-1272.85	-1822.95	0.999999	0.00159079
-1272.84	-1816.7	0.999998	0.0017673
-1272.83	-1810.45	0.999998	0.00194385
-1272.82	-1804.72	0.999998	0.00210544
-1272.8	-1797.95	0.999997	0.00229597
-1272.79	-1791.7	0.999997	0.00247184
-1272.77	-1785.45	0.999996	0.00264771
-1272.75	-1779.19	0.999996	0.00282358
-1272.73	-1772.94	0.999996	0.00268814
-1272.72	-1766.69	0.999998	0.00211685
-1272.71	-1760.96	0.999999	0.00159317
-1272.7	-1754.7	0.999999	0.0010215
-1272.7	-1748.45	1	0.000449257
-1272.69	-1742.2	1	-0.000124527
-1272.7	-1735.94	1	-0.000702339
-1272.7	-1730.21	0.999999	-0.0012345
-1272.71	-1723.95	0.999999	-0.00150333
-1272.72	-1717.7	0.999999	-0.00133579
-1272.73	-1711.44	0.999999	-0.00116825
-1272.73	-1705.19	0.999999	-0.00100071
-1272.74	-1698.93	0.999999	-0.00114521
-1272.75	-1692.67	0.999999	-0.00172657
-1272.76	-1686.94	0.999997	-0.00225948
-1272.78	-1680.68	0.999996	-0.00284084
-1272.79	-1674.42	0.999994	-0.00342223
-1272.82	-1668.69	0.999992	-0.00395523
-1272.84	-1662.43	0.99999	-0.00453667
-1272.87	-1656.17	0.999987	-0.00511816
-1272.91	-1649.91	0.999984	-0.00569984
-1272.94	-1643.65	0.99998	-0.00628174
-1272.98	-1637.39	0.999976	-0.00686364
-1273.03	-1630.61	0.999972	-0.00749555
-1273.08	-1624.35	0.999967	-0.00808457
-1273.13	-1618.09	0.999962	-0.0086804
-1273.19	-1611.83	0.999957	-0.00927895
-1273.25	-1605.05	0.999954	-0.00961508
-1273.31	-1598.79	0.999955	-0.00946904
-1273.37	-1593.05	0.999956	-0.00934834
-1273.43	-1586.79	0.999957	-0.00922567
-1273.48	-1580.52	0.999959	-0.00910299
-1273.54	-1574.26	0.99996	-0.00898032
-1273.6	-1568	0.999961	-0.00885764
-1273.65	-1562.26	0.999962	-0.00874635
-1273.7	-1555.99	0.999965	-0.00832145
-1273.75	-1549.73	0.999972	-0.00747891
-1273.79	-1543.47	0.999978	-0.00666407
-1273.83	-1537.2	0.999983	-0.00590179
-1273.87	-1530.94	0.999986	-0.00519889
-1273.9	-1525.19	0.99999	-0.00457109
-1273.92	-1518.93	0.999992	-0.00388811
-1273.95	-1512.66	0.999995	-0.00320513
-1273.97	-1506.39	0.999996	-0.00283488
-1273.98	-1500.65	0.999996	-0.00289682
-1274	-1494.38	0.999996	-0.00296438
-1274.02	-1488.12	0.999994	-0.00334483
-1274.04	-1481.85	0.999991	-0.00416529
-1274.07	-1475.58	0.999988	-0.00498852
-1274.1	-1469.31	0.999983	-0.00581175
-1274.14	-1463.04	0.999978	-0.00663505
-1274.18	-1457.3	0.999973	-0.00738984
-1274.23	-1451.03	0.999966	-0.00822999
-1274.29	-1444.76	0.999959	-0.00910734
-1274.35	-1437.97	0.999952	-0.00976574
-1274.41	-1431.7	0.999951	-0.00991131
-1274.47	-1425.43	0.999949	-0.0100569
-1274.54	-1419.16	0.999948	-0.0102059
-1274.6	-1413.41	0.999946	-0.0103518
-1274.66	-1407.14	0.999945	-0.0105223
-1274.73	-1400.86	0.999943	-0.0107101
-1274.8	-1394.59	0.99994	-0.0109277
-1274.86	-1388.84	0.99994	-0.010915
-1274.93	-1382.57	0.999945	-0.0104761
-1274.99	-1376.3	0.999949	-0.0100613
-1275.05	-1370.02	0.999953	-0.00965492
-1275.11	-1363.75	0.999957	-0.00927055
-1275.17	-1357.48	0.99996	-0.00891243
-1275.22	-1351.2	0.999963	-0.00857429
-1275.27	-1345.45	0.999966	-0.00827362
-1275.32	-1339.18	0.999968	-0.00796432
-1275.37	-1332.9	0.99997	-0.00768754
-1275.42	-1326.63	0.999972	-0.00743703
-1275.47	-1320.35	0.999972	-0.00751175
-1275.51	-1314.6	0.999968	-0.00799034
-1275.56	-1308.32	0.999964	-0.00851547
-1275.62	-1302.04	0.999959	-0.00904208
-1275.68	-1295.77	0.999954	-0.00957276
-1275.74	-1289.49	0.999949	-0.0101062
-1275.8	-1283.73	0.999944	-0.0105953
-1275.87	-1277.46	0.999938	-0.0111289
-1275.94	-1271.18	0.999936	-0.0113488
-1276.01	-1264.9	0.999938	-0.0111297
-1276.07	-1259.14	0.99994	-0.0109289
-1276.14	-1252.87	0.999943	-0.0107099
-1276.21	-1246.59	0.999945	-0.0104908
-1276.27	-1240.31	0.999947	-0.0102717
-1276.33	-1234.03	0.999949	-0.0100525
-1276.4	-1227.75	0.999952	-0.00983334
-1276.45	-1221.99	0.999954	-0.0096324
-1276.51	-1215.71	0.999956	-0.00941463
-1276.57	-1209.43	0.999958	-0.00920093
-1276.63	-1203.14	0.99996	-0.00899
-1276.68	-1197.39	0.999961	-0.00879662
-1276.73	-1191.1	0.999963	-0.00858563
-1276.79	-1184.82	0.999965	-0.0083747
-1276.85	-1177.49	0.999967	-0.00812854
-1276.9	-1171.21	0.999969	-0.00791743
-1276.95	-1164.92	0.99997	-0.00770635
-1276.99	-1159.16	0.999972	-0.00751291
-1277.04	-1152.36	0.999973	-0.00728427
-1277.09	-1146.07	0.999975	-0.00707315
-1277.13	-1139.79	0.999976	-0.00686204
-1277.17	-1133.5	0.999978	-0.00665092
-1277.22	-1127.22	0.999979	-0.00643977
-1277.25	-1121.45	0.99998	-0.00624616
-1277.29	-1115.17	0.999982	-0.00603495
-1277.33	-1108.88	0.999983	-0.00582374
-1277.36	-1103.12	0.999984	-0.0056301
-1277.4	-1096.83	0.999985	-0.00541884
-1277.43	-1090.54	0.999986	-0.00520763
-1277.46	-1084.26	0.999986	-0.0053106
-1277.5	-1077.97	0.999983	-0.00585341
-1277.54	-1071.68	0.99998	-0.00639598
-1277.57	-1065.91	0.999976	-0.00689801
-1277.62	-1059.63	0.999972	-0.00749458
-1277.67	-1053.34	0.999966	-0.00819639
-1277.72	-1047.57	0.99996	-0.00892342
-1277.77	-1041.28	0.999952	-0.00977935
-1277.84	-1034.99	0.99995	-0.0100277
-1277.9	-1028.7	0.999956	-0.00939538
-1277.96	-1022.41	0.999962	-0.00876305
-1278.01	-1016.64	0.999967	-0.00818341
-1278.06	-1010.35	0.999974	-0.0072025
-1278.1	-1004.06	0.999984	-0.00572666
-1278.13	-997.769	0.999991	-0.00424114
-1278.15	-992.001	0.999996	-0.00289009
-1278.17	-985.708	0.999998	-0.00178847
-1278.17	-979.415	0.999999	-0.00118984
-1278.18	-973.122	1	-0.000619544
-1278.18	-966.829	1	-7.84602e-05
-1278.18	-961.059	1	9.0218e-05
-1278.18	-954.765	1	-0.000131248
-1278.18	-948.47	1	-0.000336875
-1278.19	-942.176	1	-0.000524498
-1278.19	-935.881	1	-0.000696899
-1278.19	-930.11	1	-0.000850479
-1278.2	-923.814	0.999999	-0.00101806
-1278.21	-917.518	0.999999	-0.00150059
-1278.22	-911.222	0.999997	-0.00242399
-1278.24	-904.925	0.999994	-0.00334743
-1278.26	-898.628	0.999991	-0.00427091
-1278.29	-892.856	0.999987	-0.00511748
-1278.32	-886.559	0.999982	-0.00604105
-1278.36	-880.261	0.999976	-0.00696465
-1278.4	-874.488	0.99997	-0.00780977
-1278.46	-867.665	0.999961	-0.00880533
-1278.51	-861.891	0.999953	-0.00964772
-1278.58	-855.593	0.999944	-0.0105667
-1278.65	-849.294	0.999934	-0.0114858
-1278.73	-842.47	0.999925	-0.0122293
-1278.8	-836.17	0.999923	-0.012392
-1278.88	-829.871	0.999921	-0.0125547
-1278.96	-823.571	0.999919	-0.0127161
-1279.04	-817.271	0.999921	-0.0125582
-1279.11	-811.495	0.999928	-0.0120029
-1279.19	-805.194	0.999935	-0.0113926
-1279.26	-798.893	0.999942	-0.0107823
-1279.32	-792.591	0.999948	-0.0101719
-1279.39	-786.29	0.999954	-0.00956136
-1279.44	-780.513	0.999959	-0.00900174
-1279.5	-774.21	0.999965	-0.00839129
-1279.55	-767.907	0.99997	-0.00778076
-1279.6	-761.604	0.999974	-0.00717004
-1279.64	-755.826	0.999978	-0.00661016
-1279.68	-749.522	0.999982	-0.00599942
-1279.71	-743.218	0.999985	-0.00538857
-1279.74	-736.913	0.999989	-0.00477759
-1279.77	-730.608	0.999991	-0.00416667
-1279.8	-724.829	0.999993	-0.00360669
-1279.82	-718.523	0.999996	-0.00299574
-1279.83	-712.218	0.999997	-0.00238463
-1279.85	-705.912	0.999998	-0.00177344
-1279.86	-700.131	0.999999	-0.00121308
-1279.86	-693.824	1	-0.000601669
-1279.86	-687.517	1	9.86526e-06
-1279.86	-681.21	1	0.000621346
-1279.86	-674.903	0.999999	0.00123279
-1279.85	-668.595	0.999999	0.00152863
-1279.84	-662.813	0.999999	0.00139481
-1279.83	-656.504	0.999999	0.00124886
-1279.82	-650.196	0.999999	0.00110302
-1279.82	-644.413	1	0.000969361
-1279.81	-638.104	1	0.000823578
-1279.81	-631.794	1	0.000677735
-1279.8	-625.484	1	0.000531853
-1279.8	-619.174	1	0.000383973
-1279.8	-612.864	1	0.000233368
-1279.8	-607.079	1	9.52763e-05
-1279.8	-600.768	1	-5.67928e-05
-1279.8	-594.457	1	-0.000210784
-1279.8	-588.146	1	-0.000364776
-1279.8	-582.36	1	-0.000505935
-1279.81	-576.048	1	-0.000659889
-1279.81	-569.736	1	-0.000813827
-1279.82	-563.423	1	-0.000967819
-1279.82	-557.11	0.999999	-0.00112185
-1279.83	-550.797	0.999999	-0.00159194
-1279.84	-545.01	0.999997	-0.00243039
-1279.86	-538.696	0.999994	-0.00334918
-1279.88	-532.382	0.999991	-0.0042701
-1279.91	-526.068	0.999987	-0.00519105
-1279.94	-520.279	0.999982	-0.00603531
-1279.98	-513.965	0.999976	-0.00695635
-1280.03	-507.65	0.999969	-0.00787744
-1280.08	-501.335	0.999964	-0.00848221
-1280.14	-495.019	0.999963	-0.0086439
-1280.19	-489.23	0.999961	-0.00879176
-1280.24	-482.914	0.99996	-0.00895311
-1280.3	-476.597	0.999961	-0.00879802
-1280.35	-470.281	0.999966	-0.00819987
-1280.4	-464.49	0.999971	-0.00765162
-1280.45	-458.173	0.999975	-0.00705352
-1280.49	-451.856	0.999977	-0.00677184
-1280.53	-445.538	0.999976	-0.00693472
-1280.58	-439.22	0.999975	-0.00709982
-1280.62	-433.428	0.999976	-0.00693449
-1280.66	-427.109	0.99998	-0.0063395
-1280.7	-420.79	0.999984	-0.00574451
-1280.73	-414.471	0.999987	-0.00514956
-1280.76	-408.151	0.99999	-0.00455454
-1280.79	-402.358	0.999992	-0.004009
-1280.81	-396.038	0.999994	-0.00341391
-1280.83	-389.718	0.999996	-0.00281768
-1280.85	-383.397	0.999998	-0.00221972
-1280.86	-377.076	0.999999	-0.00162165
-1280.87	-370.755	0.999999	-0.00102363
-1280.88	-364.96	1	-0.000475479
-1280.88	-358.638	1	-0.000198097
-1280.88	-352.316	1	-0.000370971
-1280.88	-346.52	1	-0.000538093
-1280.89	-340.197	1	-0.000763076
-1280.89	-333.874	0.999999	-0.0010839
-1280.9	-327.551	0.999999	-0.00155535
-1280.91	-321.228	0.999998	-0.00223008
-1280.93	-315.431	0.999995	-0.00309083
-1280.95	-309.107	0.999991	-0.00430749
-1280.98	-302.782	0.999983	-0.00581925
-1281.02	-296.458	0.999971	-0.00756177
-1281.07	-290.133	0.999956	-0.00942032
-1281.13	-284.335	0.999937	-0.0112029
-1281.21	-278.01	0.999913	-0.0132077
-1281.3	-271.685	0.999884	-0.0152319
-1281.4	-265.36	0.999849	-0.0173569
-1281.51	-259.035	0.999812	-0.0193649
-1281.63	-253.236	0.999781	-0.0209437
-1281.77	-246.911	0.999742	-0.0226933
-1281.91	-240.586	0.999709	-0.0241312
-1282.07	-234.261	0.999685	-0.0251174
-1282.22	-228.463	0.999662	-0.0260113
-1282.39	-222.137	0.999635	-0.0270242
-1282.57	-215.285	0.999603	-0.0281717
-1282.75	-208.959	0.999572	-0.0292435
-1282.94	-202.634	0.99954	-0.0303154
-1283.14	-196.308	0.999507	-0.0313859
-1283.32	-190.51	0.999484	-0.0321132
-1283.53	-184.184	0.999474	-0.0324255
-1283.73	-177.858	0.999464	-0.0327321
-1283.94	-171.531	0.999454	-0.0330308
-1284.15	-165.205	0.999455	-0.0330141
-1284.36	-158.878	0.99947	-0.0325558
-1284.55	-153.078	0.999484	-0.0321358
-1284.75	-146.751	0.999498	-0.0316777
-1284.95	-140.423	0.999513	-0.0312196
-1285.13	-134.622	0.999526	-0.0307993
-1285.32	-128.293	0.99954	-0.0303384
-1285.51	-121.964	0.999554	-0.0298739
-1285.7	-115.635	0.999567	-0.0294092
-1285.88	-109.305	0.999581	-0.0289447
-1286.07	-102.975	0.999594	-0.0284803
-1286.23	-97.1725	0.999606	-0.0280545
-1286.41	-90.8418	0.999619	-0.0275877
-1286.58	-84.5107	0.999632	-0.0271168
-1286.75	-78.1793	0.999645	-0.0266423
-1286.92	-71.8476	0.999658	-0.026164
-1287.08	-65.5155	0.99967	-0.025683
-1287.24	-59.183	0.999682	-0.0252001
-1287.39	-53.378	0.999694	-0.0247522
-1287.55	-47.0448	0.999713	-0.0239409
-1287.69	-40.7113	0.999743	-0.0226783
-1287.83	-34.3772	0.999771	-0.0214025
-1287.97	-28.0428	0.999798	-0.0201219
-1288.09	-21.7078	0.999823	-0.0188263
-1288.2	-15.9004	0.999845	-0.0175986
-1288.3	-9.56469	0.999869	-0.0161829
-1288.4	-3.22851	0.999893	-0.0146076
-1288.48	2.58002	0.999912	-0.0132352
-1288.57	8.91698	0.999928	-0.0119963
-1288.64	15.2543	0.999945	-0.0104977
-1288.7	21.592	0.999962	-0.00869886
-1288.75	27.9301	0.999978	-0.00657076
-1288.78	34.2685	0.999992	-0.00408636
-1288.8	40.6073	0.999999	-0.00124245
-1288.8	46.4181	0.999999	0.00137552
-1288.79	52.7574	0.999992	0.00408894
-1288.75	59.0969	0.999976	0.00697217
-1288.71	64.9082	0.999953	0.00965737
-1288.63	72.3045	0.999915	0.0130749
-1288.53	78.6442	0.999872	0.0160045
-1288.43	84.9839	0.999821	0.0189342
-1288.3	91.3235	0.999761	0.0218639
-1288.15	97.6629	0.999708	0.0241598
-1288	104.002	0.999673	0.0255684
-1287.84	109.814	0.999639	0.0268597
-1287.67	116.153	0.9996	0.0282662
-1287.49	122.493	0.99957	0.0293358
-1287.3	128.832	0.999553	0.0299034
-1287.12	134.644	0.999539	0.0303727
-1286.93	140.984	0.999523	0.0308718
-1286.73	147.324	0.999518	0.0310535
-1286.54	153.664	0.999526	0.0307911
-1286.34	160.005	0.999534	0.0305287
-1286.17	165.817	0.999541	0.030288
-1285.97	172.158	0.999549	0.0300255
-1285.78	178.5	0.999557	0.0297629
-1285.6	184.842	0.999565	0.0295004
-1285.42	190.655	0.999572	0.0292597
-1285.24	196.998	0.999589	0.0286797
-1285.06	203.341	0.999618	0.0276551
-1284.89	209.684	0.999645	0.0266305
-1284.72	216.027	0.999672	0.0256058
-1284.56	222.372	0.999698	0.0245809
-1284.42	228.187	0.999721	0.0236414
-1284.27	234.532	0.999744	0.0226165
-1284.12	241.406	0.999769	0.021506
-1283.99	247.752	0.99979	0.0204809
-1283.86	254.098	0.999811	0.0194557
-1283.74	260.444	0.99983	0.0184305
-1283.63	266.262	0.999847	0.0174971
-1283.53	272.609	0.999864	0.0165117
-1283.42	278.957	0.999879	0.0155606
-1283.33	285.305	0.999893	0.0146095
-1283.24	291.653	0.999902	0.0139775
-1283.15	298.001	0.999905	0.0137926
-1283.06	304.35	0.999907	0.0136077
-1282.98	310.17	0.99991	0.0134382
-1282.89	317.048	0.999912	0.0132378
-1282.81	323.397	0.999915	0.0130529
-1282.73	329.218	0.999917	0.0128854
-1282.65	335.568	0.999919	0.0127102
-1282.57	341.918	0.999921	0.0125421
-1282.49	348.269	0.999923	0.0123739
-1282.41	354.619	0.999926	0.0122057
-1282.34	360.441	0.999927	0.0120516
-1282.27	366.792	0.999929	0.0118869
-1282.19	373.144	0.999931	0.0117306
-1282.12	378.966	0.999933	0.0115918
-1282.05	385.318	0.999935	0.0114404
-1281.98	391.67	0.99994	0.0109709
-1281.91	398.023	0.999949	0.0100559
-1281.85	404.376	0.999958	0.00914101
-1281.79	410.729	0.999966	0.00822599
-1281.75	416.553	0.999973	0.00738712
-1281.7	422.906	0.999979	0.00647198
-1281.66	429.26	0.999985	0.00555683
-1281.63	435.615	0.999989	0.00464165
-1281.61	441.439	0.999993	0.00380264
-1281.58	447.794	0.999996	0.0028873
-1281.57	454.149	0.999998	0.00197196
-1281.56	461.034	0.999999	0.0012986
-1281.55	466.86	0.999999	0.00115971
-1281.54	473.216	0.999999	0.00100819
-1281.54	479.572	1	0.000856667
-1281.53	485.928	1	0.000705147
-1281.53	492.284	1	0.000553627
-1281.53	498.641	1	0.000402108
-1281.52	504.468	1	0.000263253
-1281.52	510.825	1	0.000111824
-1281.52	517.183	1	-3.96037e-05
-1281.52	523.54	1	-0.000191032
-1281.52	529.368	1	-0.000329841
-1281.53	535.726	1	-0.000481269
-1281.53	542.085	1	-0.000632698
-1281.53	548.443	1	-0.000784126
-1281.54	554.802	1	-0.000935554
-1281.55	561.161	0.999999	-0.00108698
-1281.55	566.99	0.999999	-0.00122579
-1281.56	573.35	0.999999	-0.00137722
-1281.57	579.71	1	-0.000572494
-1281.57	585.54	0.999999	0.00139227
-1281.55	591.9	0.999994	0.00353569
-1281.53	598.26	0.999984	0.0056791
-1281.48	604.621	0.999976	0.00686628
-1281.44	610.981	0.999977	0.00671476
-1281.4	617.342	0.999978	0.00656325
-1281.36	623.174	0.999979	0.00642436
-1281.31	630.595	0.999982	0.00592865
-1281.28	636.957	0.999987	0.00501167
-1281.25	643.319	0.999992	0.00409469
-1281.23	649.151	0.999995	0.00325411
-1281.21	655.514	0.999997	0.00233705
-1281.2	661.876	0.999999	0.00141988
-1281.19	668.24	1	0.000502701
-1281.19	674.603	1	-0.000414474
-1281.19	680.966	0.999999	-0.00133169
-1281.2	686.8	0.999998	-0.00217255
-1281.22	693.164	0.999995	-0.00308991
-1281.24	699.528	0.999992	-0.00400726
-1281.27	705.892	0.999988	-0.00492465
-1281.3	711.726	0.999983	-0.00576563
-1281.34	718.091	0.999978	-0.0066831
-1281.39	724.456	0.999971	-0.00760062
-1281.44	730.821	0.999969	-0.00787984
-1281.48	737.186	0.999974	-0.00726545
-1281.53	743.552	0.999978	-0.00665105
-1281.57	749.387	0.999981	-0.00608781
-1281.6	755.753	0.999985	-0.00547332
-1281.64	762.12	0.999988	-0.00485181
-1281.66	767.956	0.999991	-0.00425947
-1281.69	774.323	0.999994	-0.00358024
-1281.71	780.69	0.999996	-0.00288761
-1281.73	787.057	0.999998	-0.00218508
-1281.74	793.425	0.999999	-0.00147204
-1281.75	799.793	1	-0.000752021
-1281.75	806.161	1	-5.46982e-06
-1281.75	811.998	1	0.000743782
-1281.74	818.367	0.999999	0.00162039
-1281.73	824.735	0.999998	0.00187783
-1281.72	830.574	0.999999	0.00128963
-1281.71	836.943	1	0.000639519
-1281.71	843.312	1	-1.05968e-05
-1281.71	849.682	1	-0.000660751
-1281.72	856.052	0.999999	-0.00131798
-1281.73	862.422	0.999998	-0.00201604
-1281.74	868.261	0.999996	-0.00276097
-1281.76	874.632	0.999993	-0.00372668
-1281.79	881.002	0.999988	-0.00483519
-1281.82	887.373	0.999982	-0.00606107
-1281.86	893.213	0.999973	-0.00731159
-1281.91	899.585	0.999961	-0.00884328
-1281.97	905.956	0.999945	-0.0104767
-1282.04	912.327	0.999927	-0.0120777
-1282.12	918.699	0.999907	-0.0136543
-1282.21	925.071	0.99989	-0.0148051
-1282.31	931.442	0.99988	-0.0154672
-1282.4	937.283	0.999864	-0.0164733
-1282.51	943.656	0.999838	-0.0179922
-1282.63	950.028	0.999802	-0.0199004
-1282.76	956.4	0.999755	-0.0221155
-1282.9	962.241	0.999703	-0.0243666
-1283.06	968.612	0.999633	-0.0270726
-1283.24	974.984	0.999547	-0.0300939
-1283.44	981.355	0.99944	-0.0334628
-1283.66	987.726	0.999308	-0.0371931
-1283.89	993.565	0.99916	-0.0409714
-1284.16	999.934	0.998964	-0.0455051
-1284.47	1006.3	0.998725	-0.0504865
-1284.8	1012.67	0.99844	-0.0558275
-1285.14	1018.5	0.998144	-0.0608926
-1285.54	1024.87	0.997803	-0.0662483
-1285.98	1031.23	0.997448	-0.0713929
-1286.45	1037.59	0.99704	-0.0768798
-1286.95	1043.94	0.996567	-0.0827856
-1287.5	1050.3	0.996047	-0.0888295
-1288.08	1056.65	0.995493	-0.0948319
-1288.65	1062.46	0.994917	-0.100696
-1289.31	1068.81	0.994214	-0.107415
-1290.01	1075.15	0.993582	-0.113117
-1290.68	1080.95	0.993144	-0.116901
-1291.44	1087.29	0.992628	-0.121204
-1292.22	1093.62	0.992081	-0.125602
-1293.05	1099.94	0.989461	-0.144798
-1294.08	1106.24	0.98283	-0.184513
-1295.24	1111.97	0.97535	-0.220662
-1296.76	1118.17	0.965675	-0.259755
-1298.52	1124.3	0.954191	-0.299199
-1300.53	1130.36	0.940713	-0.339202
-1302.8	1136.33	0.925561	-0.378599
-1305.11	1141.71	0.910221	-0.414122
-1307.85	1147.48	0.892789	-0.450475
-1310.82	1153.13	0.875237	-0.483694
-1314	1158.68	0.856568	-0.516035
-1317.38	1164.1	0.83686	-0.547417
-1320.65	1168.96	0.820986	-0.570948
-1324.35	1174.17	0.8072	-0.590279
-1328.17	1179.29	0.793145	-0.609033
-1332.11	1184.32	0.778844	-0.627218
-1335.83	1188.85	0.767133	-0.641488
-1339.96	1193.73	0.757349	-0.653011
-1344.16	1198.55	0.74756	-0.664194
-1348.44	1203.3	0.73777	-0.675053
-1352.78	1208	0.731268	-0.68209
-1357.15	1212.67	0.729477	-0.684006
-1361.53	1217.33	0.727832	-0.685755
-1365.55	1221.59	0.727562	-0.686042
-1369.93	1226.25	0.728856	-0.684667
-1374.31	1230.91	0.730316	-0.683109
-1378.67	1235.59	0.731936	-0.681374
-1382.66	1239.88	0.733906	-0.679251
-1387	1244.58	0.736883	-0.67602
-1391.31	1249.3	0.740015	-0.67259
-1395.6	1254.05	0.743283	-0.668977
-1399.87	1258.81	0.747856	-0.663861
-1404.1	1263.61	0.754134	-0.656721
-1407.93	1268.05	0.75991	-0.650028
-1412.07	1272.93	0.766251	-0.642542
-1416.16	1277.85	0.77542	-0.631446
-1420.16	1282.84	0.788427	-0.615128
-1423.73	1287.5	0.800136	-0.599818
-1427.52	1292.65	0.81272	-0.582655
-1431.21	1297.89	0.822125	-0.569306
-1434.84	1303.16	0.827306	-0.561752
-1438.41	1308.47	0.832295	-0.554332
-1441.94	1313.81	0.836011	-0.548712
-1445.16	1318.72	0.838053	-0.545589
-1448.64	1324.1	0.840266	-0.542175
-1452.1	1329.48	0.842465	-0.538752
-1455.26	1334.43	0.844061	-0.536247
-1458.69	1339.84	0.845011	-0.534749
-1462.11	1345.25	0.845939	-0.53328
-1465.52	1350.67	0.846855	-0.531825
-1468.92	1356.1	0.847441	-0.53089
-1472.32	1361.53	0.847577	-0.530673
-1475.44	1366.5	0.847718	-0.530448
-1478.83	1371.93	0.847877	-0.530193
-1482.23	1377.36	0.847697	-0.53048
-1485.63	1382.79	0.847042	-0.531526
-1488.75	1387.76	0.84644	-0.532484
-1492.16	1393.18	0.845782	-0.533528
-1495.58	1398.6	0.844954	-0.53484
-1499.02	1404.01	0.843918	-0.536472
-1502.46	1409.41	0.842927	-0.538027
-1505.62	1414.36	0.842088	-0.53934
-1509.08	1419.75	0.841309	-0.540554
-1512.54	1425.14	0.840692	-0.541513
-1516.01	1430.52	0.840271	-0.542167
-1519.2	1435.46	0.840042	-0.542521
-1522.68	1440.84	0.839853	-0.542814
-1526.16	1446.22	0.839623	-0.543169
-1529.64	1451.6	0.839602	-0.543202
-1533.12	1456.98	0.839757	-0.542962
-1536.59	1462.36	0.840075	-0.54247
-1540.07	1467.75	0.840562	-0.541715
-1543.25	1472.68	0.841227	-0.540682
-1546.71	1478.08	0.842151	-0.539242
-1550.16	1483.48	0.843283	-0.537469
-1553.6	1488.89	0.844658	-0.535306
-1556.74	1493.85	0.846134	-0.532971
-1560.15	1499.28	0.848658	-0.528942
-1563.52	1504.73	0.852254	-0.523129
-1566.86	1510.2	0.855924	-0.517101
-1570.16	1515.7	0.859682	-0.510829
-1573.14	1520.76	0.863408	-0.504506
-1576.36	1526.3	0.867791	-0.49693
-1579.52	1531.88	0.872271	-0.489023
-1582.64	1537.48	0.876852	-0.480761
-1585.44	1542.65	0.881375	-0.472417
-1588.44	1548.31	0.886805	-0.462143
-1591.38	1554.01	0.892216	-0.451608
-1594.25	1559.75	0.897586	-0.440839
-1597.05	1565.52	0.902497	-0.430697
-1599.78	1571.32	0.906798	-0.421566
-1602.24	1576.66	0.910729	-0.413004
-1604.86	1582.51	0.914943	-0.403584
-1607.43	1588.38	0.918035	-0.396498
-1609.75	1593.78	0.919568	-0.39293
-1612.26	1599.69	0.921329	-0.388783
-1614.73	1605.61	0.928268	-0.371913
-1617.02	1611.6	0.941489	-0.337044
-1619.09	1617.67	0.95344	-0.301582
-1620.93	1623.81	0.964127	-0.265442
-1622.41	1629.51	0.973881	-0.22706
-1623.73	1635.79	0.983963	-0.178372
-1624.75	1642.13	0.991621	-0.129183
-1625.45	1648.51	0.996838	-0.0794561
-1625.83	1654.93	0.99941	-0.0343318
-1625.94	1661.35	0.999991	0.00431377
-1625.83	1667.24	0.999212	0.0396946
-1625.47	1673.66	0.996937	0.0782096
-1624.88	1680.06	0.994632	0.103476
-1624.21	1686.45	0.994675	0.10306
-1623.55	1692.85	0.994688	0.102939
-1622.89	1699.24	0.994696	0.102859
-1622.23	1705.64	0.99501	0.0997767
-1621.66	1711.51	0.995659	0.0930761
-1621.08	1717.91	0.996306	0.0858693
-1620.55	1724.32	0.996881	0.0789231
-1620.06	1730.73	0.997489	0.0708181
-1619.66	1736.62	0.998077	0.0619845
-1619.29	1743.04	0.998624	0.0524371
-1618.97	1749.46	0.998773	0.0495174
-1618.64	1755.89	0.998464	0.0554098
-1618.26	1762.31	0.998117	0.0613451
-1617.89	1768.2	0.99791	0.0646201
-1617.47	1774.62	0.997442	0.0714786
-1616.96	1781.03	0.995881	0.0906747
-1616.33	1787.43	0.995198	0.0978863
-1615.79	1793.3	0.996128	0.0879134
-1615.17	1800.24	0.995862	0.0908828
-1614.56	1806.64	0.994521	0.104536
-1613.84	1813.03	0.993461	0.114169
-1613.14	1819.42	0.995178	0.0980819
-1612.6	1825.29	0.99574	0.0922065
-1611.98	1831.69	0.995202	0.0978425
-1611.35	1838.09	0.994421	0.105482
-1610.62	1844.48	0.994041	0.109003
-1609.96	1850.88	0.992741	0.120274
-1609	1857.24	0.980377	0.19713
-1607.5	1863.51	0.964805	0.262965
-1605.73	1869.7	0.954937	0.296809
-1603.85	1875.3	0.930058	0.367414
-1601.19	1881.18	0.885923	0.463832
-1598.01	1886.81	0.851919	0.523673
-1594.8	1891.8	0.818074	0.575113
-1590.88	1896.95	0.776332	0.630325
-1586.74	1901.92	0.748646	0.662969
-1582.29	1906.64	0.687666	0.726027
-1577.38	1910.88	0.61401	0.789298
-1572.6	1914.42	0.572515	0.819894
-1567.21	1918.05	0.543061	0.839693
-1561.71	1921.5	0.501757	0.865009
-1555.98	1924.58	0.433551	0.901129
-1550.54	1927.02	0.381626	0.924317
-1544.49	1929.4	0.35015	0.936694
-1538.38	1931.61	0.310161	0.950684
-1532.14	1933.45	0.255049	0.966928
-1525.82	1935.02	0.227616	0.973751
-1519.48	1936.46	0.21082	0.977525
-1513.65	1937.68	0.195831	0.980638
-1507.26	1938.9	0.17999	0.983669
-1500.86	1940.03	0.16238	0.986728
-1494.45	1941.02	0.136325	0.990664
-1488.54	1941.77	0.111958	0.993713
-1481.54	1942.51	0.0946631	0.995509
-1475.07	1943.07	0.0725918	0.997362
-1468.59	1943.47	0.0505462	0.998722
-1462.64	1943.73	0.0336453	0.999434
-1456.14	1943.89	0.0143415	0.999897
-1449.65	1943.95	0.00319366	0.999995
-1443.16	1943.95	-0.00903873	0.999959
-1436.66	1943.84	-0.0254316	0.999677
-1430.17	1943.64	-0.0341058	0.999418
-1424.22	1943.43	-0.0389351	0.999242
-1417.73	1943.16	-0.0424188	0.9991
-1411.25	1942.89	-0.0453187	0.998973
-1405.3	1942.6	-0.0505213	0.998723
-1398.82	1942.28	-0.048461	0.998825
-1392.33	1941.97	-0.0436411	0.999047
-1385.85	1941.71	-0.0381073	0.999274
-1379.36	1941.46	-0.0344564	0.999406
-1373.41	1941.27	-0.0303098	0.999541
-1366.93	1941.08	-0.0270607	0.999634
-1360.44	1940.93	-0.016186	0.999869
-1354.49	1940.88	0.0113481	0.999936
-1348	1941.11	0.078775	0.996892
-1341.55	1941.83	0.141476	0.989942
-1335.13	1942.84	0.169696	0.985496
-1328.75	1944.01	0.214882	0.97664
-1322.45	1945.6	0.270243	0.962792
-1316.73	1947.27	0.303049	0.952975
-1310.59	1949.4	0.372927	0.927861
-1304.65	1952.06	0.44554	0.895262
-1299.36	1954.82	0.483071	0.875581
-1293.72	1958.07	0.533747	0.845644
-1288.33	1961.72	0.584621	0.811307
-1283.1	1965.6	0.614425	0.788975
-1278.04	1969.71	0.650527	0.759483
-1273.57	1973.66	0.683363	0.730079
-1268.92	1978.23	0.719859	0.69412
-1264.47	1982.99	0.744849	0.667233
-1260.2	1987.9	0.76862	0.639705
-1256.44	1992.55	0.789519	0.613726
-1252.52	1997.75	0.812043	0.583598
-1248.8	2003.11	0.830595	0.556877
-1245.22	2008.55	0.842215	0.539141
-1241.74	2014.07	0.851165	0.524898
-1238.35	2019.64	0.857308	0.514804
-1235.29	2024.77	0.862658	0.505788
-1232.03	2030.42	0.871533	0.490337
-1228.88	2036.13	0.878494	0.477753
-1225.78	2041.86	0.880906	0.473291
-1222.97	2047.13	0.885052	0.465493
-1219.97	2052.92	0.892846	0.450363
-1217.08	2058.76	0.898636	0.438695
-1214.23	2064.62	0.901411	0.432964
-1211.43	2070.5	0.902393	0.430914
-1208.61	2076.37	0.903921	0.4277
-1206.09	2081.79	0.909443	0.415829
-1203.4	2087.72	0.912431	0.409231
-1200.75	2093.67	0.910311	0.413925
-1198.22	2099.08	0.90353	0.428524
-1195.43	2104.97	0.901255	0.433289
-1192.58	2110.83	0.901631	0.432506
-1189.82	2116.73	0.909789	0.415072
-1187.14	2122.66	0.910435	0.413653
-1184.41	2128.57	0.901168	0.433471
-1181.76	2133.93	0.895112	0.445842
-1178.87	2139.76	0.893596	0.448872
-1175.91	2145.56	0.892285	0.451472
-1173.26	2150.91	0.89722	0.441584
-1170.37	2156.75	0.901694	0.432374
-1167.65	2162.67	0.916874	0.399177
-1165.13	2168.68	0.929084	0.369868
-1162.8	2174.76	0.939538	0.342444
-1160.81	2180.39	0.948573	0.316559
-1158.84	2186.59	0.95982	0.280616
-1157.12	2192.87	0.97074	0.240132
-1155.78	2198.69	0.979253	0.202644
-1154.57	2205.1	0.986284	0.165057
-1153.58	2211.54	0.9912	0.132373
-1152.81	2218.01	0.995031	0.0995639
-1152.25	2224.51	0.997775	0.0666713
-1151.9	2231.02	0.999291	0.0376444
-1151.73	2237	0.999871	0.0160791
-1151.69	2243.52	0.999973	-0.00733554
-1151.79	2250.04	0.999639	-0.0268845
-1152.01	2256.57	0.999156	-0.0410668
-1152.29	2262.54	0.998418	-0.0562359
-1152.71	2269.05	0.997159	-0.0753255
-1153.24	2275.55	0.996262	-0.0863791
-1153.82	2282.05	0.995697	-0.0926671
-1154.45	2288.54	0.99436	-0.106058
-1155.19	2295.02	0.993056	-0.117644
-1155.9	2300.95	0.992379	-0.123225
-1156.73	2307.42	0.991411	-0.130784
-1157.58	2313.88	0.991703	-0.12855
-1158.33	2319.81	0.991947	-0.126651
-1159.19	2326.27	0.990616	-0.136672
-1160.09	2332.73	0.990475	-0.137694
-1160.99	2339.18	0.990386	-0.138334
-1161.89	2345.64	0.990367	-0.138467
-1162.79	2352.09	0.990492	-0.13757
-1163.61	2358	0.990742	-0.135761
-1164.49	2364.46	0.991067	-0.133363
-1165.35	2370.92	0.991449	-0.130495
-1166.19	2377.37	0.991946	-0.126663
-1166.93	2383.3	0.992517	-0.122107
-1167.71	2389.76	0.993178	-0.116607
-1168.46	2396.23	0.993892	-0.110356
-1169.16	2402.7	0.994673	-0.103085
-1169.81	2409.18	0.995455	-0.0952356
-1170.4	2415.66	0.996227	-0.0867907
-1170.94	2422.15	0.996952	-0.078013
-1171.43	2428.64	0.99761	-0.0690975
-1171.85	2435.13	0.998203	-0.0599299
-1172.19	2441.08	0.998674	-0.0514758
-1172.5	2447.58	0.999098	-0.0424752
-1172.75	2454.08	0.999429	-0.0337881
-1172.95	2460.58	0.999685	-0.0250986
-1173.08	2466.54	0.999853	-0.0171279
-1173.17	2473.05	0.999961	-0.00888023
-1173.2	2479.55	0.999999	-0.00126726
-1173.19	2486.05	0.99998	0.00634563
-1173.13	2492.55	0.999904	0.0138825
-1173.03	2498.51	0.999764	0.0217043
-1172.87	2505.01	0.999589	0.028679
-1172.67	2511.51	0.999361	0.035743
-1172.43	2517.47	0.998954	0.0457278
-1172.11	2523.96	0.998664	0.0516789
-1171.77	2530.45	0.998549	0.0538517
-1171.41	2536.94	0.998392	0.0566833
-1171.03	2543.43	0.998119	0.0612988
-1170.66	2549.38	0.997906	0.0646795
-1170.22	2555.86	0.997579	0.0695361
-1169.76	2562.34	0.997473	0.0710443
-1169.3	2568.82	0.997435	0.0715785
-1168.87	2574.77	0.997319	0.0731828
-1168.39	2581.25	0.997234	0.0743308
-1167.91	2587.72	0.997248	0.0741446
-1167.43	2594.2	0.997241	0.0742337
-1166.95	2600.67	0.997249	0.0741306
-1166.46	2607.15	0.997256	0.0740274
-1165.98	2613.62	0.997264	0.0739242
-1165.5	2620.1	0.997291	0.0735593
-1165.07	2626.03	0.99734	0.0728889
-1164.6	2632.5	0.997396	0.0721139
-1164.13	2638.98	0.997456	0.0712779
-1163.67	2645.45	0.997516	0.0704419
-1163.25	2651.39	0.99757	0.0696755
-1162.8	2657.86	0.997628	0.0688395
-1162.36	2664.34	0.997685	0.0680034
-1161.92	2670.81	0.997763	0.0668537
-1161.49	2677.29	0.997868	0.0652649
-1161.11	2683.23	0.997962	0.0638067
-1160.7	2689.71	0.998063	0.0622139
-1160.3	2696.19	0.998161	0.0606208
-1159.91	2702.67	0.998256	0.0590277
-1159.56	2708.6	0.998342	0.0575671
-1159.19	2715.09	0.998432	0.0559737
-1158.83	2721.57	0.99852	0.05438
-1158.48	2728.05	0.998606	0.0527863
-1158.14	2734.53	0.998689	0.0511924
-1157.82	2741.01	0.998769	0.0495978
-1157.5	2747.5	0.998847	0.0480021
-1157.22	2753.44	0.998916	0.0465392
-1156.92	2759.92	0.99899	0.0449433
-1156.63	2766.41	0.99906	0.0433473
-1156.38	2772.35	0.999122	0.0418842
-1156.11	2778.84	0.999188	0.0402879
-1155.85	2785.32	0.999251	0.0386916
-1155.61	2791.81	0.999312	0.0370949
-1155.37	2798.3	0.99937	0.0354978
-1155.14	2804.78	0.999425	0.0339006
-1154.93	2811.27	0.999478	0.0323033
-1154.74	2817.22	0.999524	0.0308391
-1154.54	2823.71	0.999572	0.0292417
-1154.36	2830.2	0.999618	0.0276442
-1154.18	2836.69	0.999661	0.0260466
-1154.03	2842.63	0.999698	0.0245821
-1153.88	2849.12	0.999736	0.0229843
-1153.73	2855.61	0.999771	0.0213862
-1153.6	2862.1	0.999798	0.0201036
-1153.47	2868.59	0.999814	0.0192627
-1153.35	2875.08	0.99983	0.0184219
-1153.24	2881.03	0.999844	0.0176511
-1153.12	2888.06	0.99986	0.0167401
-1153.01	2894.55	0.999874	0.0158992
-1152.91	2901.04	0.999887	0.0150583
-1152.82	2906.99	0.999898	0.0142874
-1152.72	2914.02	0.999906	0.013692
-1152.63	2920.52	0.999907	0.0136088
-1152.55	2926.46	0.999908	0.0135325
-1152.47	2932.96	0.99991	0.0134493
-1152.38	2939.45	0.999911	0.0133661
-1152.29	2945.94	0.999912	0.0132829
-1152.21	2951.89	0.999913	0.0132066
-1152.13	2958.38	0.999914	0.0131234
-1152.04	2964.87	0.999919	0.0127244
-1151.96	2971.36	0.999929	0.0118833
-1151.89	2977.85	0.999939	0.0110421
-1151.82	2984.34	0.999948	0.010201
-1151.75	2990.83	0.999956	0.00935983
-1151.7	2996.78	0.999963	0.00858878
-1151.65	3003.27	0.99997	0.00774762
-1151.6	3009.77	0.999976	0.00690642
-1151.56	3015.72	0.999981	0.00613526
-1151.52	3022.21	0.999986	0.005294
-1151.49	3028.7	0.99999	0.00445273
-1151.46	3035.19	0.999992	0.00392731
-1151.44	3041.68	0.999993	0.00384409
-1151.41	3048.17	0.999993	0.00376087
-1151.39	3054.66	0.999993	0.00367765
-1151.37	3061.16	0.999994	0.00359443
-1151.34	3067.65	0.999994	0.00351121
-1151.32	3074.14	0.999994	0.00342799
-1151.3	3080.63	0.999994	0.00334477
-1151.28	3087.12	0.999995	0.00326155
-1151.26	3093.61	0.999995	0.00317832
-1151.24	3099.56	0.999995	0.00310204
-1151.22	3106.06	0.999995	0.00301882
-1151.2	3112.55	0.999996	0.0029356
-1151.18	3119.04	0.999996	0.00285238
-1151.16	3124.99	0.999996	0.00277609
-1151.14	3131.48	0.999996	0.00269287
-1151.13	3137.97	0.999997	0.00260965
-1151.11	3144.46	0.999997	0.00252643
-1151.09	3150.96	0.999997	0.0024432
-1151.08	3157.45	0.999997	0.00235998
-1151.06	3163.4	0.999997	0.0022837
-1151.05	3169.89	0.999998	0.00220048
-1151.04	3176.38	0.999998	0.00211726
-1151.02	3182.87	0.999998	0.00203403
-1151.01	3189.36	0.999998	0.00195081
-1151	3195.32	0.999998	0.00187453
-1150.99	3201.81	0.999998	0.00179131
-1150.97	3208.3	0.999999	0.00170808
-1150.96	3214.79	0.999999	0.00162486
-1150.95	3221.28	0.999999	0.00154164
-1150.94	3227.77	0.999999	0.00145842
-1150.94	3233.72	0.999999	0.00136863
-1150.93	3240.22	0.999999	0.00130114
-1150.92	3246.71	0.999999	0.00126641
-1150.91	3253.2	0.999999	0.00115363
-1150.9	3259.15	0.999999	0.00104813
-1150.9	3265.64	1	0.000937271
-1150.89	3272.13	1	0.000820168
-1150.89	3278.63	1	0.000771935
-1150.88	3285.12	1	0.000669846
-1150.88	3291.61	1	0.000557152
-1150.87	3297.56	1	0.000460656
-1150.87	3304.04	1	0.000349839
-1150.87	3310.53	1	0.000232789
-1150.87	3316.48	1	0.000194222
-1150.87	3322.97	1	0.000101632
-1150.87	3329.46	1	-3.9592e-06
-1150.87	3335.94	1	-4.94533e-05
-1150.87	3342.43	1	0.000575898
-1150.86	3348.92	0.999999	0.00160673
-1150.85	3355.4	0.999998	0.00218227
-1150.83	3361.35	0.999997	0.00232222
-1150.82	3367.83	0.999997	0.00260522
-1150.8	3374.32	0.999993	0.0036902
-1150.77	3380.81	0.99999	0.00450375
-1150.75	3386.75	0.999988	0.00481839
-1150.71	3393.24	0.999983	0.00574706
-1150.67	3399.72	0.999979	0.00641807
-1150.63	3406.2	0.999982	0.00603042
-1150.59	3412.69	0.999986	0.00520992
-1150.56	3419.17	0.99999	0.00441375
-1150.54	3425.12	0.999991	0.0041483
-1150.51	3431.6	0.999992	0.00409987
-1150.48	3438.08	0.999992	0.00401636
-1150.46	3444.02	0.999993	0.00386033
-1150.44	3450.51	0.999994	0.00336062
-1150.42	3456.99	0.999997	0.00256442
-1150.4	3463.47	0.999998	0.00176013
-1150.39	3469.95	1	0.000661179
-1150.39	3476.43	1	-4.78053e-05
-1150.39	3482.91	1	-0.000904205
-1150.4	3489.39	0.999997	-0.00236254
-1150.42	3495.87	0.999993	-0.00386091
-1150.45	3502.36	0.999984	-0.005644
-1150.49	3508.29	0.999969	-0.00785465
-1150.55	3514.77	0.99995	-0.0100169
-1150.62	3521.25	0.999932	-0.0116783
-1150.69	3527.19	0.999908	-0.0135651
-1150.79	3533.67	0.99987	-0.0160999
-1150.89	3540.14	0.999844	-0.0176746
-1151.01	3546.62	0.999815	-0.0192239
-1151.14	3553.09	0.999801	-0.0199602
-1151.27	3559.57	0.99979	-0.0204983
-1151.39	3565.5	0.999768	-0.0215202
-1151.54	3571.98	0.999716	-0.0238241
-1151.7	3578.45	0.999704	-0.024319
-1151.86	3584.92	0.999659	-0.0261037
-1152.02	3590.85	0.999643	-0.0267117
-1152.18	3597.33	0.999678	-0.025357
-1152.35	3603.8	0.999623	-0.0274609
-1152.54	3610.27	0.999525	-0.0308318
-1152.74	3616.74	0.999505	-0.0314499
-1152.93	3622.67	0.999479	-0.0322775
-1153.14	3629.14	0.999473	-0.0324468
-1153.35	3635.61	0.999547	-0.0300821
-1153.54	3642.08	0.999492	-0.0318725
-1153.74	3648.01	0.999422	-0.034003
-1153.96	3654.47	0.999425	-0.0339036
-1154.18	3660.94	0.999394	-0.0348144
-1154.4	3667.41	0.999487	-0.0320281
-1154.6	3673.88	0.999573	-0.0292099
-1154.77	3679.81	0.999511	-0.0312659
-1154.98	3686.27	0.999497	-0.0317284
-1155.18	3692.74	0.99956	-0.0296696
-1155.37	3699.2	0.999535	-0.0304871
-1155.55	3705.13	0.99951	-0.0312998
-1155.77	3711.59	0.999441	-0.0334294
-1155.98	3718.06	0.999501	-0.0315791
-1156.17	3724.52	0.999599	-0.0283335
-1156.35	3730.99	0.999698	-0.0245579
-1156.48	3736.92	0.999777	-0.0211341
-1156.61	3743.39	0.999848	-0.0174246
-1156.71	3749.86	0.999906	-0.0137316
-1156.79	3756.33	0.999949	-0.0100521
-1156.84	3762.26	0.999978	-0.00669304
-1156.88	3768.74	0.999995	-0.0030466
-1156.89	3775.21	1	0.000171235
-1156.88	3781.69	0.999996	0.00279125
-1156.85	3788.16	0.999986	0.0053825
-1156.81	3794.64	0.999968	0.00793936
-1156.76	3800.58	0.999952	0.00983049
-1156.69	3807.06	0.999936	0.0113093
-1156.62	3813.54	0.999919	0.0127479
-1156.53	3820.02	0.999905	0.0137497
-1156.45	3825.96	0.9999	0.0141201
-1156.35	3832.44	0.999895	0.0144903
-1156.26	3838.92	0.99989	0.0148285
-1156.16	3845.4	0.999891	0.0147338
-1156.07	3851.89	0.999901	0.0140439
-1155.98	3858.37	0.999911	0.0133189
-1155.9	3864.32	0.999921	0.0126006
-1155.82	3870.81	0.999931	0.0117519
-1155.75	3877.29	0.999941	0.0108332
-1155.69	3883.24	0.999951	0.00992212
-1155.63	3889.73	0.999961	0.00884704
-1155.57	3896.22	0.99997	0.00769245
-1155.52	3902.71	0.999979	0.00648279
-1155.49	3909.2	0.999986	0.00521864
-1155.46	3915.7	0.999992	0.00390881
-1155.44	3921.65	0.999996	0.00267365
-1155.42	3928.14	0.999999	0.00129953
-1155.42	3934.64	1	-8.33049e-05
-1155.42	3941.68	0.999999	-0.00158151
-1155.44	3948.17	0.999996	-0.00296453
-1155.46	3954.13	0.999991	-0.00423258
-1155.49	3960.63	0.999984	-0.00561626
-1155.53	3967.67	0.999975	-0.0071154
-1155.58	3974.17	0.999964	-0.0084992
-1155.64	3980.67	0.999951	-0.00988261
-1155.71	3987.17	0.999937	-0.0112672
-1155.79	3993.68	0.99993	-0.0118337
-1155.86	4000.18	0.999937	-0.0112583
-1155.93	4006.68	0.999943	-0.0106956
-1156	4013.19	0.999949	-0.010136
-1156.06	4019.15	0.999954	-0.00962279
-1156.12	4025.66	0.999959	-0.00906357
-1156.18	4032.16	0.999964	-0.00850634
-1156.23	4038.13	0.999968	-0.00799495
-1156.28	4044.64	0.999972	-0.00743517
-1156.33	4051.15	0.999976	-0.00687482
-1156.37	4057.66	0.99998	-0.00631473
-1156.41	4064.17	0.999983	-0.00575496
-1156.44	4070.68	0.999987	-0.00519505
-1156.47	4076.65	0.999989	-0.00468148
-1156.5	4083.17	0.999991	-0.00412358
-1156.53	4089.68	0.999994	-0.0035666
-1156.55	4096.2	0.999995	-0.00300756
-1156.57	4102.71	0.999997	-0.00245095
-1156.58	4108.69	0.999998	-0.00194213
-1156.59	4115.21	0.999999	-0.00138673
-1156.6	4121.73	1	-0.000830795
-1156.6	4128.24	1	-0.000277282
-1156.6	4134.77	1	0.000260315
-1156.6	4140.74	1	0.000708092
-1156.6	4147.26	0.999999	0.00113552
-1156.59	4153.79	0.999999	0.00150558
-1156.58	4160.31	0.999998	0.00183221
-1156.56	4166.29	0.999998	0.00211984
-1156.55	4172.82	0.999997	0.00243421
-1156.53	4179.34	0.999996	0.00274827
-1156.51	4185.87	0.999995	0.00306199
-1156.49	4192.4	0.999996	0.00295976
-1156.48	4198.92	0.999997	0.00229455
-1156.46	4204.91	0.999999	0.00170921
-1156.45	4211.44	0.999999	0.00107071
-1156.45	4217.97	1	0.000432435
-1156.45	4224.5	1	-0.000206169
-1156.45	4230.49	1	-0.000791824
-1156.46	4238.11	0.999999	-0.00153721
-1156.47	4244.64	0.999998	-0.00217585
-1156.49	4250.63	0.999996	-0.00276158
-1156.51	4257.17	0.999994	-0.00348684
-1156.53	4263.71	0.999992	-0.00392162
-1156.56	4270.24	0.999993	-0.00378201
-1156.58	4276.24	0.999993	-0.00365808
-1156.6	4282.77	0.999994	-0.00353026
-1156.62	4289.31	0.999994	-0.00340533
-1156.65	4295.85	0.999995	-0.00327992
-1156.67	4301.85	0.999995	-0.00316524
-1156.69	4308.93	0.999996	-0.00298639
-1156.71	4314.93	0.999996	-0.00277566
-1156.72	4321.47	0.999997	-0.00254538
-1156.74	4328.02	0.999997	-0.00231542
-1156.75	4334.56	0.999998	-0.00208574
-1156.77	4340.56	0.999998	-0.00187501
-1156.78	4347.11	0.999999	-0.00164459
-1156.79	4353.65	0.999999	-0.00141449
-1156.8	4360.2	0.999999	-0.00118471
-1156.8	4366.75	1	-0.000946899
-1156.81	4372.75	1	-0.00071849
-1156.81	4379.3	1	-0.000469581
-1156.81	4385.85	1	-0.000220413
-1156.81	4392.4	1	2.92287e-05
-1156.81	4398.95	1	0.000278557
-1156.81	4404.96	1	0.000506821
-1156.81	4412.06	1	0.000776856
-1156.8	4418.06	1	0.000999008
-1156.8	4424.62	0.999999	0.00120244
-1156.79	4431.17	0.999999	0.00134652
-1156.78	4437.73	0.999999	0.00144772
-1156.77	4444.29	0.999999	0.00153351
-1156.76	4450.84	0.999999	0.00161726
-1156.75	4456.86	0.999999	0.00167683
-1156.74	4463.96	0.999999	0.00169478
-1156.72	4470.52	0.999999	0.0016527
-1156.71	4477.08	0.999999	0.00158159
-1156.7	4483.64	0.999999	0.00149848
-1156.7	4489.66	1	0.000999665
-1156.69	4496.22	1	-8.70662e-05
-1156.7	4502.78	0.999999	-0.00114638
-1156.7	4508.8	0.999998	-0.00207009
-1156.72	4515.36	0.999995	-0.0030243
-1156.74	4521.93	0.999992	-0.00393045
-1156.77	4528.5	0.999989	-0.00478089
-1156.8	4535.06	0.999984	-0.00557359
-1156.84	4541.08	0.999983	-0.00584341
-1156.88	4547.65	0.999985	-0.00556143
-1156.91	4554.22	0.999986	-0.00524344
-1156.95	4560.79	0.999988	-0.00488513
-1156.98	4566.81	0.99999	-0.00452798
-1157	4573.38	0.999991	-0.00412395
-1157.03	4579.96	0.999993	-0.00371817
-1157.06	4587.08	0.999995	-0.00327511
-1157.08	4593.65	0.999996	-0.00284948
-1157.09	4600.22	0.999997	-0.00240511
-1157.11	4606.25	0.999998	-0.00199683
-1157.12	4612.83	0.999999	-0.00155119
-1157.13	4619.4	0.999999	-0.00110504
-1157.13	4625.98	1	-0.000659111
-1157.14	4632.01	1	-0.000250579
-1157.14	4639.14	1	0.000232842
-1157.13	4645.17	1	0.000642861
-1157.13	4651.75	0.999999	0.00108989
-1157.12	4658.33	0.999999	0.00153664
-1157.11	4664.91	0.999998	0.00198366
-1157.1	4670.94	0.999997	0.00239387
-1157.08	4677.52	0.999996	0.00284111
-1157.06	4684.11	0.999995	0.00328814
-1157.04	4690.69	0.999993	0.00374004
-1157.01	4697.28	0.999991	0.0042041
-1156.98	4703.86	0.999989	0.00467521
-1156.95	4709.9	0.999987	0.00510679
-1156.92	4716.49	0.999987	0.00515834
-1156.89	4723.07	0.999989	0.00462302
-1156.86	4729.66	0.999992	0.00408741
-1156.83	4736.8	0.999994	0.00350723
-1156.81	4743.39	0.999996	0.0029719
-1156.79	4749.98	0.999997	0.00243649
-1156.77	4756.57	0.999998	0.00190107
-1156.76	4762.61	0.999999	0.00141039
-1156.76	4769.2	1	0.00087529
-1156.75	4775.8	1	0.000339867
-1156.75	4781.84	1	-0.000151176
-1156.75	4788.44	1	-0.000686767
-1156.76	4795.03	0.999999	-0.00122214
-1156.77	4801.63	0.999998	-0.00175761
-1156.78	4808.22	0.999997	-0.00229303
-1156.8	4814.82	0.999997	-0.00240815
-1156.81	4820.87	0.999998	-0.00197422
-1156.82	4827.47	0.999999	-0.0015011
-1156.83	4834.07	0.999999	-0.00102772
-1156.84	4840.67	1	-0.000553863
-1156.84	4846.72	1	-0.000119758
-1156.84	4853.32	1	0.000353585
-1156.84	4859.92	1	0.000827393
-1156.83	4866.52	0.999999	0.00130189
-1156.82	4872.58	0.999998	0.0017366
-1156.81	4879.73	0.999997	0.00224574
-1156.79	4885.78	0.999996	0.00266694
-1156.77	4892.39	0.999995	0.00312034
-1156.75	4899	0.999994	0.00357176
-1156.73	4905.6	0.999992	0.00402291
-1156.7	4912.21	0.999992	0.00405329
-1156.67	4918.82	0.999994	0.00349471
-1156.65	4924.88	0.999996	0.00298243
-1156.64	4931.49	0.999997	0.00242116
-1156.62	4938.1	0.999997	0.00224641
-1156.6	4944.71	0.999997	0.00255826
-1156.59	4950.77	0.999996	0.00271368
-1156.57	4957.38	0.999996	0.00270344
-1156.55	4963.99	0.999994	0.00336554
-1156.53	4970.61	0.999987	0.00507351
-1156.49	4977.22	0.999978	0.0066968
-1156.44	4983.28	0.999967	0.00813735
-1156.38	4989.9	0.999953	0.00966371
-1156.32	4996.51	0.999938	0.0111563
-1156.24	5003.13	0.99992	0.0126299
-1156.15	5009.75	0.999901	0.0140957
-1156.05	5016.36	0.999879	0.0155271
-1155.96	5022.43	0.999859	0.0167756
-1155.84	5029.05	0.999837	0.0180799
-1155.72	5036.22	1	0.000959618
-1155.84	5042.84	0.99911	-0.0421797
-1156.19	5048.9	0.996657	-0.0817025
-1156.85	5055.49	0.992194	-0.124707
-1157.8	5062.05	0.985514	-0.169592
-1159.05	5068.56	0.976164	-0.217036
-1160.48	5074.47	0.965583	-0.260095
-1162.33	5080.83	0.951872	-0.306497
-1164.49	5087.11	0.9373	-0.348523
-1166.69	5092.78	0.92424	-0.381812
-1169.56	5099.37	0.907289	-0.420507
-1172.2	5104.85	0.891704	-0.45262
-1175.29	5110.73	0.87569	-0.482873
-1178.57	5116.51	0.862007	-0.506897
-1182	5122.19	0.847731	-0.530426
-1185.28	5127.32	0.834143	-0.551547
-1189.01	5132.82	0.822332	-0.569008
-1192.81	5138.27	0.81527	-0.579081
-1196.69	5143.67	0.80817	-0.58895
-1200.3	5148.58	0.805069	-0.593181
-1204.55	5154.38	0.808555	-0.588421
-1208.45	5159.77	0.811854	-0.58386
-1212	5164.72	0.814957	-0.579521
-1215.84	5170.15	0.820103	-0.572217
-1219.61	5175.63	0.827611	-0.561303
-1223.32	5181.15	0.835049	-0.550176
-1226.64	5186.26	0.841725	-0.539906
-1230.2	5191.88	0.849002	-0.52839
-1233.69	5197.55	0.856301	-0.516477
-1237.09	5203.27	0.86329	-0.504708
-1240.14	5208.55	0.869444	-0.494032
-1243.4	5214.35	0.87495	-0.484214
-1246.6	5220.18	0.878367	-0.477987
-1249.77	5226.04	0.881675	-0.471858
-1252.89	5231.92	0.884862	-0.465853
-1255.73	5237.32	0.884682	-0.466194
-1258.86	5243.2	0.878558	-0.477636
-1262.08	5249.03	0.872146	-0.489245
-1265.37	5254.82	0.865437	-0.501018
-1268.73	5260.57	0.859727	-0.510753
-1271.87	5265.81	0.855981	-0.517008
-1275.33	5271.5	0.851751	-0.523947
-1278.84	5277.16	0.847872	-0.530201
-1282.39	5282.8	0.844566	-0.535451
-1285.97	5288.42	0.841202	-0.540722
-1289.29	5293.55	0.838038	-0.545613
-1292.96	5299.11	0.820879	-0.571102
-1296.91	5304.48	0.782163	-0.623074
-1301.2	5309.58	0.740069	-0.672531
-1305.82	5314.4	0.694766	-0.719235
-1310.33	5318.54	0.650169	-0.759789
-1315.52	5322.74	0.597969	-0.801519
-1320.99	5326.58	0.543084	-0.839678
-1326.7	5330.06	0.485762	-0.874091
-1332.13	5332.9	0.435306	-0.900283
-1338.21	5335.68	0.386504	-0.922288
-1344.44	5338.13	0.336591	-0.941651
-1350.8	5340.24	0.285716	-0.958314
-1357.25	5342.02	0.241887	-0.970304
-1363.23	5343.42	0.211472	-0.977384
-1369.8	5344.75	0.178186	-0.983997
-1376.41	5345.85	0.144874	-0.98945
-1382.49	5346.67	0.123652	-0.992326
-1389.15	5347.48	0.118387	-0.992968
-1395.81	5348.26	0.113347	-0.993555
-1402.47	5349.01	0.108497	-0.994097
-1403.58	5349.13	0.108101	-0.99414
-1403.58	5349.13	0.108101	-0.99414
-1403.58	5349.13	0.108101	-0.99414
-1403.58	5349.13	0.108101	-0.99414
-1403.58	5349.13	0.108101	-0.99414
-1403.58	5349.13	0.108101	-0.99414
-1403.58	5349.13	0.108101	-0.99414
-1403.58	5349.13	0.108101	-0.99414
-1403.58	5349.13	0.108101	-0.99414
-1403.58	5349.13	0.108101	-0.99414
-1403.58	5349.13	0.108101	-0.99414
-1403.58	5349.13	0.108101	-0.99414
-1403.58	5349.13	0.108101	-0.99414
-1403.58	5349.13	0.108101	-0.99414
-1403.58	5349.13	0.108101	-0.99414
-1403.58	5349.13	0.108101	-0.99414
-1403.58	5349.13	0.108101	-0.99414
-1403.58	5349.13	0.108101	-0.99414
-1403.58	5349.13	0.108101	-0.99414
-1403.58	5349.13	0.108101	-0.99414
-1403.58	5349.13	0.108101	-0.99414
-1403.58	5349.13	0.108101	-0.99414
-1403.58	5349.13	0.108101	-0.99414
-1403.58	5349.13	0.108101	-0.99414
-1403.58	5349.13	0.108101	-0.99414
-1403.58	5349.13	0.108101	-0.99414
-1403.58	5349.13	0.108101	-0.99414
-1403.58	5349.13	0.108101	-0.99414
-1403.58	5349.13	0.108101	-0.99414
-1403.58	5349.13	0.108101	-0.99414
-1403.58	5349.13	0.108101	-0.99414
-1403.58	5349.13	0.108101	-0.99414
-1403.58	5349.13	0.108101	-0.99414
-1403.58	5349.13	0.108101	-0.99414
-1403.58	5349.13	0.108101	-0.99414
-1403.58	5349.13	0.108101	-0.99414
-1403.58	5349.13	0.108101	-0.99414
-1403.58	5349.13	0.108101	-0.99414
-1403.58	5349.13	0.108101	-0.99414
-1403.58	5349.13	0.108101	-0.99414
-1403.58	5349.13	0.108101	-0.99414
-1403.58	5349.13	0.108101	-0.99414
-1403.58	5349.13	0.108101	-0.99414
-1403.58	5349.13	0.108101	-0.99414
-1403.58	5349.13	0.108101	-0.99414
-1403.58	5349.13	0.108101	-0.99414
-1403.58	5349.13	0.108101	-0.99414
-1403.58	5349.13	0.108101	-0.99414
-1403.58	5349.13	0.108101	-0.99414
-1403.58	5349.13	0.108101	-0.99414
-1403.58	5349.13	0.108101	-0.99414
-1403.58	5349.13	0.108101	-0.99414
-1403.58	5349.13	0.108101	-0.99414
-1403.58	5349.13	0.108101	-0.99414
-1403.58	5349.13	0.108101	-0.99414
-1403.58	5349.13	0.108101	-0.99414
-1403.58	5349.13	0.108101	-0.99414
-1403.58	5349.13	0.108101	-0.99414
-1403.58	5349.13	0.108101	-0.99414
-1403.58	5349.13	0.108101	-0.99414
-1403.58	5349.13	0.108101	-0.99414
-1403.58	5349.13	0.108101	-0.99414
-1403.58	5349.13	0.108101	-0.99414
-1403.58	5349.13	0.108101	-0.99414
-1403.58	5349.13	0.108101	-0.99414
-1403.58	5349.13	0.108101	-0.99414
-1403.58	5349.13	0.108101	-0.99414
-1403.58	5349.13	0.108101	-0.99414
-1403.58	5349.13	0.108101	-0.99414
-1403.58	5349.13	0.108101	-0.99414
-1403.58	5349.13	0.108101	-0.99414
-1403.58	5349.13	0.108101	-0.99414
-1403.58	5349.13	0.108101	-0.99414
-1403.58	5349.13	0.108101	-0.99414
-1403.58	5349.13	0.108101	-0.99414
-1403.58	5349.13	0.108101	-0.99414
-1403.58	5349.13	0.108101	-0.99414
-1403.58	5349.13	0.108101	-0.99414
-1403.58	5349.13	0.108101	-0.99414
-1403.58	5349.13	0.108101	-0.99414
-1403.58	5349.13	0.108101	-0.99414
-1403.58	5349.13	0.108101	-0.99414
-1403.58	5349.13	0.108101	-0.99414
-1403.58	5349.13	0.108101	-0.99414
-1403.58	5349.13	0.108101	-0.99414
-1403.58	5349.13	0.108101	-0.99414
-1403.58	5349.13	0.108101	-0.99414
-1403.58	5349.13	0.108101	-0.99414
-1403.58	5349.13	0.108101	-0.99414
-1403.58	5349.13	0.108101	-0.99414
-1403.58	5349.13	0.108101	-0.99414
-1403.58	5349.13	0.108101	-0.99414
-1403.58	5349.13	0.108101	-0.99414
-1403.58	5349.13	0.108101	-0.99414
-1403.58	5349.13	0.108101	-0.99414
-1403.58	5349.13	0.108101	-0.99414
-1403.58	5349.13	0.108101	-0.99414
-1403.58	5349.13	0.108101	-0.99414
-1403.58	5349.13	0.108101	-0.99414
-1403.58	5349.13	0.108101	-0.99414
-1403.58	5349.13	0.108101	-0.99414
-1403.58	5349.13	0.108101	-0.99414
-1403.58	5349.13	0.108101	-0.99414
-1403.58	5349.13	0.108101	-0.99414
-1403.58	5349.13	0.108101	-0.99414
-1403.58	5349.13	0.108101	-0.99414
-1403.58	5349.13	0.108101	-0.99414
-1403.58	5349.13	0.108101	-0.99414
-1403.58	5349.13	0.108101	-0.99414
-1403.58	5349.13	0.108101	-0.99414
-1403.58	5349.13	0.108101	-0.99414
-1403.58	5349.13	0.108101	-0.99414
-1403.58	5349.13	0.108101	-0.99414
-1403.58	5349.13	0.108101	-0.99414
-1403.58	5349.13	0.108101	-0.99414
-1403.58	5349.13	0.108101	-0.99414
-1403.58	5349.13	0.108101	-0.99414
-1403.58	5349.13	0.108101	-0.99414
-1403.58	5349.13	0.108101	-0.99414
-1403.58	5349.13	0.108101	-0.99414
-1403.58	5349.13	0.108101	-0.99414
-1403.58	5349.13	0.108101	-0.99414
-1403.58	5349.13	0.108101	-0.99414
-1403.58	5349.13	0.108101	-0.99414
-1403.58	5349.13	0.108101	-0.99414
-1403.58	5349.13	0.108101	-0.99414
-1403.58	5349.13	0.108101	-0.99414
-1403.58	5349.13	0.108101	-0.99414
-1403.58	5349.13	0.108101	-0.99414
-1403.58	5349.13	0.108101	-0.99414
-1403.58	5349.13	0.108101	-0.99414
-1403.58	5349.13	0.108101	-0.99414
-1403.58	5349.13	0.108101	-0.99414
-1403.58	5349.13	0.108101	-0.99414
-1403.58	5349.13	0.108101	-0.99414
-1403.58	5349.13	0.108101	-0.99414
-1403.58	5349.13	0.108101	-0.99414
-1403.58	5349.13	0.108101	-0.99414
-1403.58	5349.13	0.108101	-0.99414
-1403.58	5349.13	0.108101	-0.99414
-1403.58	5349.13	0.108101	-0.99414
-1403.58	5349.13	0.108101	-0.99414
-1403.58	5349.13	0.108101	-0.99414
-1403.58	5349.13	0.108101	-0.99414
-1403.58	5349.13	0.108101	-0.99414
-1403.58	5349.13	0.108101	-0.99414
-1403.58	5349.13	0.108101	-0.99414
-1403.58	5349.13	0.108101	-0.99414
-1403.58	5349.13	0.108101	-0.99414
-1403.58	5349.13	0.108101	-0.99414
-1403.58	5349.13	0.108101	-0.99414
