1170	-5100	1	0
1170	-5100	1	0
1170	-5100	1	0
1170	-5100	1	0
1170	-5100	1	0
1170	-5100	1	-0.000474157
1170	-5099.99	0.999999	-0.00130393
1170	-5099.99	0.999999	-0.00130393
1170	-5099.99	0.999998	-0.00177809
1170	-5099.98	0.999996	-0.0027264
1170	-5099.98	0.999996	-0.0027264
1170	-5099.98	0.999996	-0.0027264
1170	-5099.97	0.999994	-0.00353785
1170	-5099.95	0.999982	-0.00607978
1170	-5099.91	0.999946	-0.0104225
1170	-5099.85	0.999845	-0.0176223
1170	-5099.77	0.999647	-0.0265754
1169.99	-5099.67	0.999271	-0.0381799
1169.99	-5099.55	0.99861	-0.0527106
1169.98	-5099.4	0.997529	-0.070262
1169.97	-5099.23	0.995989	-0.0894719
1169.95	-5099.05	0.993811	-0.111087
1169.92	-5098.85	0.990954	-0.134201
1169.89	-5098.61	0.988641	-0.150297
1169.85	-5098.35	0.988615	-0.150464
1169.81	-5098.09	0.988611	-0.150496
1169.76	-5097.79	0.988618	-0.150446
1169.71	-5097.46	0.988627	-0.150389
1169.66	-5097.1	0.988642	-0.150291
1169.6	-5096.72	0.988674	-0.150076
1169.55	-5096.36	0.988714	-0.149818
1169.48	-5095.94	0.988748	-0.14959
1169.42	-5095.51	0.988786	-0.149341
1169.35	-5095.05	0.988824	-0.149085
1169.28	-5094.61	0.988857	-0.148871
1169.21	-5094.11	0.988901	-0.148573
1169.13	-5093.58	0.988948	-0.148265
1169.05	-5093.04	0.988995	-0.147949
1168.96	-5092.47	0.989039	-0.147655
1168.88	-5091.92	0.98908	-0.147381
1168.79	-5091.3	0.989123	-0.147092
1168.69	-5090.65	0.989178	-0.146723
1168.59	-5089.99	0.989239	-0.14631
1168.5	-5089.36	0.989295	-0.145932
1168.38	-5088.53	0.989354	-0.14553
1168.27	-5087.79	0.989418	-0.145091
1168.16	-5087.03	0.989483	-0.144647
1168.05	-5086.32	0.989552	-0.144173
1167.94	-5085.51	0.989609	-0.143786
1167.82	-5084.68	0.989673	-0.143343
1167.7	-5083.91	0.989749	-0.142821
1167.58	-5083.04	0.989818	-0.142337
1167.45	-5082.15	0.989888	-0.14185
1167.32	-5081.24	0.989963	-0.141328
1167.19	-5080.31	0.990054	-0.140688
1167.06	-5079.43	0.990113	-0.140274
1166.92	-5078.45	0.990184	-0.139767
1166.78	-5077.45	0.99028	-0.139087
1166.65	-5076.51	0.990354	-0.138558
1166.51	-5075.47	0.990434	-0.137989
1166.36	-5074.39	0.990489	-0.137594
1166.2	-5073.29	0.990578	-0.136953
1166.05	-5072.17	0.990686	-0.136165
1165.91	-5071.13	0.990774	-0.135523
1165.75	-5069.97	0.990856	-0.134921
1165.59	-5068.78	0.990944	-0.134273
1165.42	-5067.57	0.991128	-0.13291
1165.27	-5066.44	0.991307	-0.131573
1165.11	-5065.19	0.991443	-0.130541
1164.94	-5063.91	0.991657	-0.128903
1164.77	-5062.62	0.991831	-0.127561
1164.59	-5061.18	0.991962	-0.126539
1164.42	-5059.84	0.992155	-0.125016
1164.26	-5058.59	0.992331	-0.123605
1164.09	-5057.21	0.992545	-0.121876
1163.9	-5055.69	0.992644	-0.121073
1163.73	-5054.25	0.992771	-0.12002
1163.55	-5052.79	0.992978	-0.118302
1163.39	-5051.43	0.993173	-0.116654
1163.2	-5049.81	0.993398	-0.114715
1163.03	-5048.29	0.99358	-0.113134
1162.86	-5046.75	0.993761	-0.111528
1162.69	-5045.31	0.993843	-0.110795
1162.52	-5043.73	0.993675	-0.112296
1162.33	-5042.12	0.992968	-0.118382
1162.13	-5040.49	0.99218	-0.124815
1161.92	-5038.84	0.991405	-0.130829
1161.72	-5037.31	0.990945	-0.13427
1161.48	-5035.61	0.990038	-0.140801
1161.23	-5033.89	0.989062	-0.147502
1160.99	-5032.31	0.987774	-0.155891
1160.71	-5030.56	0.986909	-0.161276
1160.42	-5028.77	0.985898	-0.167348
1160.1	-5026.98	0.984348	-0.176234
1159.77	-5025.17	0.983008	-0.183563
1159.42	-5023.33	0.981631	-0.190788
1159.09	-5021.63	0.980261	-0.197707
1158.71	-5019.77	0.978312	-0.207138
1158.3	-5017.88	0.977057	-0.212978
1157.91	-5016.13	0.975967	-0.217919
1157.48	-5014.2	0.974143	-0.225931
1157.02	-5012.25	0.972185	-0.234214
1156.5	-5010.13	0.970068	-0.242833
1156	-5008.14	0.969018	-0.246989
1155.48	-5006.12	0.96738	-0.25333
1154.98	-5004.27	0.965203	-0.261503
1154.33	-5001.9	0.961971	-0.273153
1153.79	-5000.02	0.959892	-0.280371
1153.18	-4997.96	0.958349	-0.285601
1152.55	-4995.86	0.956432	-0.291955
1151.9	-4993.77	0.95378	-0.300506
1151.23	-4991.64	0.951796	-0.306733
1150.53	-4989.51	0.948933	-0.315477
1149.87	-4987.55	0.9465	-0.322705
1149.13	-4985.38	0.944557	-0.328347
1148.36	-4983.2	0.941924	-0.335825
1147.57	-4981	0.939824	-0.34166
1146.76	-4978.78	0.937234	-0.348702
1145.99	-4976.75	0.934249	-0.356621
1145.13	-4974.51	0.932072	-0.362273
1144.25	-4972.25	0.929735	-0.36823
1143.42	-4970.18	0.926635	-0.375962
1142.48	-4967.9	0.923775	-0.382936
1141.53	-4965.61	0.921631	-0.388068
1140.55	-4963.29	0.919737	-0.392535
1139.54	-4960.96	0.916881	-0.399162
1138.51	-4958.62	0.913475	-0.406894
1137.55	-4956.47	0.910734	-0.412994
1136.47	-4954.11	0.908091	-0.418774
1135.37	-4951.73	0.905492	-0.424363
1134.34	-4949.55	0.902489	-0.430712
1133.19	-4947.15	0.899879	-0.436139
1132.01	-4944.74	0.897064	-0.4419
1130.81	-4942.32	0.890141	-0.455684
1129.54	-4939.92	0.879732	-0.475469
1128.23	-4937.52	0.874148	-0.48566
1126.99	-4935.3	0.871305	-0.490743
1125.48	-4932.66	0.863485	-0.504374
1124.16	-4930.44	0.851918	-0.523675
1122.65	-4928.05	0.839798	-0.542898
1121.09	-4925.66	0.83367	-0.552263
1119.62	-4923.46	0.827904	-0.56087
1117.97	-4921.07	0.817169	-0.576398
1116.27	-4918.69	0.808364	-0.588684
1114.52	-4916.32	0.799579	-0.600561
1112.73	-4913.96	0.792677	-0.609642
1111.05	-4911.8	0.782824	-0.622243
1109.16	-4909.46	0.773773	-0.633463
1107.23	-4907.12	0.767563	-0.640974
1105.43	-4904.98	0.758539	-0.651627
1103.41	-4902.66	0.749149	-0.662401
1101.35	-4900.36	0.738899	-0.673816
1099.24	-4898.07	0.731965	-0.681342
1097.09	-4895.78	0.725455	-0.68827
1094.9	-4893.49	0.718167	-0.695871
1092.86	-4891.41	0.706574	-0.707639
1090.58	-4889.16	0.696967	-0.717103
1088.26	-4886.92	0.691386	-0.722486
1085.9	-4884.68	0.683975	-0.729506
1083.71	-4882.65	0.674223	-0.738528
1081.27	-4880.43	0.666975	-0.74508
1078.79	-4878.24	0.656763	-0.754097
1076.27	-4876.07	0.644451	-0.764645
1073.7	-4873.93	0.635235	-0.772319
1071.31	-4871.97	0.631496	-0.775379
1068.67	-4869.84	0.623916	-0.781491
1065.99	-4867.72	0.617448	-0.786612
1063.28	-4865.61	0.611742	-0.791057
1060.77	-4863.68	0.603706	-0.797207
1058	-4861.59	0.600522	-0.799608
1055.2	-4859.49	0.596409	-0.802681
1052.37	-4857.41	0.589297	-0.807916
1049.51	-4855.33	0.585846	-0.810423
1046.87	-4853.43	0.583346	-0.812224
1043.96	-4851.35	0.580364	-0.814357
1041.03	-4849.27	0.577524	-0.816374
1038.08	-4847.17	0.579083	-0.815269
1035.35	-4845.24	0.577025	-0.816727
1032.37	-4843.14	0.572846	-0.819663
1029.36	-4841.05	0.570697	-0.821161
1026.33	-4838.94	0.572624	-0.819818
1023.29	-4836.81	0.575523	-0.817785
1020.49	-4834.83	0.577473	-0.81641
1017.42	-4832.67	0.573771	-0.819016
1014.33	-4830.51	0.573689	-0.819073
1011.22	-4828.33	0.578589	-0.815619
1007.85	-4825.92	0.581901	-0.81326
1004.73	-4823.69	0.579163	-0.815212
1001.59	-4821.46	0.581921	-0.813245
998.443	-4819.19	0.584696	-0.811252
995.544	-4817.11	0.586936	-0.809633
992.374	-4814.79	0.589966	-0.807428
989.189	-4812.48	0.587588	-0.80916
985.987	-4810.14	0.592077	-0.805881
983.048	-4807.97	0.595187	-0.803587
979.833	-4805.6	0.591306	-0.806447
976.595	-4803.24	0.587615	-0.80914
973.336	-4800.86	0.593424	-0.80489
970.082	-4798.44	0.597063	-0.802194
966.811	-4796.02	0.594442	-0.804138
963.526	-4793.58	0.595754	-0.803167
960.5	-4791.34	0.598353	-0.801233
957.197	-4788.85	0.608988	-0.793179
953.906	-4786.29	0.618427	-0.785843
950.899	-4783.91	0.62249	-0.782628
947.35	-4781.08	0.625391	-0.780312
944.347	-4778.66	0.630377	-0.776289
941.072	-4775.98	0.639831	-0.768515
937.815	-4773.23	0.647473	-0.762089
934.563	-4770.46	0.652226	-0.758024
931.318	-4767.65	0.659259	-0.751916
928.352	-4765.03	0.661633	-0.749828
925.11	-4762.17	0.66627	-0.745711
921.882	-4759.25	0.677484	-0.735537
918.685	-4756.27	0.688011	-0.725701
915.782	-4753.49	0.697532	-0.716554
912.387	-4750.14	0.708517	-0.705694
909.541	-4747.25	0.718374	-0.695657
906.468	-4744.04	0.728948	-0.684569
903.425	-4740.75	0.739523	-0.673131
900.176	-4737.14	0.749097	-0.66246
897.213	-4733.75	0.7575	-0.652835
894.525	-4730.6	0.766364	-0.642406
891.627	-4727.09	0.775557	-0.631277
888.764	-4723.54	0.784635	-0.619958
885.941	-4719.92	0.792647	-0.60968
883.148	-4716.26	0.798306	-0.602253
880.611	-4712.86	0.805549	-0.592529
877.88	-4709.11	0.811525	-0.584317
875.166	-4705.32	0.816877	-0.576811
872.709	-4701.79	0.824426	-0.56597
870.06	-4697.91	0.828569	-0.559887
867.426	-4693.99	0.832591	-0.553889
864.817	-4690.03	0.836316	-0.548247
862.216	-4686.05	0.840613	-0.541637
859.652	-4682.02	0.846766	-0.531965
857.317	-4678.29	0.850377	-0.526174
854.8	-4674.17	0.856002	-0.516973
852.308	-4670.02	0.857895	-0.513825
850.023	-4666.2	0.860448	-0.509538
847.562	-4661.98	0.867723	-0.497049
845.138	-4657.71	0.870723	-0.491774
842.721	-4653.43	0.869818	-0.493373
840.282	-4649.15	0.870602	-0.491988
838.066	-4645.19	0.87484	-0.484412
835.665	-4640.84	0.87496	-0.484196
833.044	-4636.12	0.87662	-0.481183
830.662	-4631.71	0.88128	-0.472595
828.284	-4627.28	0.882029	-0.471194
826.113	-4623.2	0.881938	-0.471365
823.717	-4618.75	0.8818	-0.471623
821.341	-4614.26	0.885509	-0.464622
819.173	-4610.11	0.888912	-0.458077
816.855	-4605.53	0.893116	-0.449826
814.525	-4600.96	0.889437	-0.457058
812.163	-4596.37	0.889299	-0.457326
809.809	-4591.76	0.894561	-0.446946
807.702	-4587.48	0.897421	-0.441174
805.377	-4582.8	0.895768	-0.444521
803.066	-4578.1	0.898532	-0.438907
800.754	-4573.37	0.896926	-0.44218
798.413	-4568.64	0.898747	-0.438468
796.12	-4563.85	0.904533	-0.426404
793.852	-4559.03	0.902785	-0.430091
791.726	-4554.63	0.900465	-0.434928
789.223	-4549.39	0.902779	-0.430105
786.901	-4544.54	0.901556	-0.432663
784.765	-4540.07	0.904831	-0.42577
782.487	-4535.15	0.907358	-0.42036
780.178	-4530.23	0.904899	-0.425626
777.865	-4525.29	0.90512	-0.425157
775.53	-4520.34	0.90702	-0.421087
773.437	-4515.75	0.909916	-0.414794
771.126	-4510.74	0.908213	-0.418508
768.829	-4505.7	0.910709	-0.413049
766.722	-4501.07	0.907718	-0.419581
764.357	-4496.04	0.90315	-0.429326
761.965	-4491	0.906662	-0.421858
759.635	-4485.9	0.910196	-0.414177
757.29	-4480.78	0.909974	-0.414666
755.156	-4476.07	0.909296	-0.41615
752.77	-4470.94	0.905555	-0.424229
750.372	-4465.79	0.910017	-0.414572
748.233	-4461.01	0.913497	-0.406846
745.885	-4455.79	0.911942	-0.410319
743.536	-4450.54	0.910323	-0.413899
741.112	-4445.32	0.90421	-0.427088
738.636	-4440.1	0.904783	-0.425874
735.982	-4434.39	0.907335	-0.420409
733.521	-4429.12	0.902448	-0.430798
731.181	-4424.32	0.894561	-0.446945
728.542	-4419.11	0.890504	-0.454975
725.43	-4413.02	0.888389	-0.459091
722.945	-4408.25	0.88626	-0.463189
720.223	-4403.04	0.883298	-0.468812
717.423	-4397.87	0.87569	-0.482874
714.32	-4392.3	0.870071	-0.492927
711.638	-4387.61	0.866507	-0.499164
708.689	-4382.51	0.862571	-0.505937
705.67	-4377.44	0.85621	-0.516627
702.351	-4371.97	0.852993	-0.521923
699.247	-4366.93	0.848495	-0.529204
696.355	-4362.33	0.84575	-0.53358
693.173	-4357.29	0.844289	-0.535888
689.961	-4352.25	0.841214	-0.540702
686.988	-4347.65	0.839059	-0.54404
683.718	-4342.62	0.837457	-0.546503
680.424	-4337.59	0.834659	-0.550767
677.1	-4332.58	0.832281	-0.554353
673.751	-4327.56	0.831495	-0.555532
670.665	-4322.94	0.830733	-0.556671
667.282	-4317.91	0.829199	-0.558953
663.88	-4312.87	0.828416	-0.560113
660.464	-4307.82	0.827924	-0.560841
657.317	-4303.18	0.827592	-0.561329
653.867	-4298.09	0.82713	-0.562011
650.406	-4293.01	0.824488	-0.565879
646.899	-4287.95	0.8176	-0.575787
643.318	-4282.93	0.810629	-0.58556
639.985	-4278.34	0.805578	-0.592489
636.29	-4273.36	0.801168	-0.598439
632.56	-4268.38	0.7999	-0.600134
629.116	-4263.8	0.795582	-0.605845
625.297	-4258.85	0.783618	-0.621243
621.341	-4254	0.759786	-0.650173
617.178	-4249.31	0.740708	-0.671828
612.935	-4244.65	0.729599	-0.683875
608.55	-4240.11	0.707232	-0.706982
604.036	-4235.67	0.694215	-0.719768
599.432	-4231.3	0.673554	-0.739138
594.649	-4227.11	0.641881	-0.766804
589.714	-4223.07	0.627798	-0.778377
585.138	-4219.4	0.617593	-0.786498
580.047	-4215.49	0.598306	-0.801268
574.866	-4211.69	0.577557	-0.816351
569.557	-4208.05	0.55623	-0.831028
564.626	-4204.77	0.547351	-0.836903
559.183	-4201.27	0.528198	-0.849122
553.641	-4197.91	0.512495	-0.85869
548.052	-4194.59	0.505866	-0.862612
542.408	-4191.33	0.493205	-0.869913
537.189	-4188.4	0.481304	-0.876553
531.43	-4185.3	0.467353	-0.884071
525.622	-4182.25	0.461311	-0.887238
520.262	-4179.48	0.456853	-0.889542
514.381	-4176.47	0.451584	-0.892229
508.465	-4173.51	0.44101	-0.897502
502.507	-4170.62	0.434216	-0.900809
496.52	-4167.74	0.429196	-0.903211
491.006	-4165.14	0.424788	-0.905293
484.96	-4162.31	0.42177	-0.906703
478.883	-4159.5	0.41906	-0.907958
473.287	-4156.92	0.417676	-0.908596
467.172	-4154.12	0.4143	-0.91014
461.041	-4151.34	0.412628	-0.9109
454.9	-4148.55	0.412566	-0.910928
448.743	-4145.77	0.412453	-0.910979
443.094	-4143.21	0.412423	-0.910993
436.416	-4140.18	0.413655	-0.910434
430.25	-4137.37	0.416048	-0.909342
424.072	-4134.54	0.417923	-0.908483
417.896	-4131.69	0.420956	-0.907081
411.72	-4128.81	0.424762	-0.905305
405.547	-4125.9	0.428332	-0.903622
399.874	-4123.21	0.430867	-0.902415
393.696	-4120.24	0.436418	-0.899744
387.525	-4117.23	0.440708	-0.897651
381.357	-4114.18	0.445297	-0.895383
375.197	-4111.1	0.449459	-0.893301
369.541	-4108.25	0.45183	-0.892104
362.353	-4104.59	0.457422	-0.88925
356.72	-4101.67	0.461946	-0.886908
350.591	-4098.46	0.466868	-0.884327
344.479	-4095.22	0.471776	-0.881719
338.383	-4091.94	0.476161	-0.879358
332.808	-4088.91	0.479521	-0.87753
326.738	-4085.58	0.483179	-0.875522
320.681	-4082.22	0.486828	-0.873498
314.639	-4078.84	0.493987	-0.869469
308.637	-4075.38	0.506002	-0.862532
303.176	-4072.14	0.516932	-0.856027
297.265	-4068.52	0.528759	-0.848772
291.403	-4064.82	0.540005	-0.841662
286.071	-4061.37	0.549618	-0.835416
280.299	-4057.53	0.560023	-0.828477
274.568	-4053.61	0.568102	-0.822958
268.844	-4049.64	0.571149	-0.820846
263.585	-4045.98	0.573699	-0.819066
257.869	-4041.95	0.579897	-0.81469
252.168	-4037.87	0.583712	-0.811961
246.46	-4033.76	0.585632	-0.810577
241.23	-4029.97	0.587989	-0.808869
235.53	-4025.81	0.590323	-0.807167
229.809	-4021.63	0.590437	-0.807084
224.074	-4017.43	0.590484	-0.807049
218.334	-4013.23	0.590499	-0.807039
212.587	-4009.03	0.590518	-0.807025
206.821	-4004.81	0.590544	-0.807005
201.039	-4000.58	0.590522	-0.807022
195.235	-3996.33	0.590495	-0.807041
189.428	-3992.08	0.590489	-0.807046
183.128	-3987.47	0.590465	-0.807064
177.789	-3983.56	0.590444	-0.807079
171.955	-3979.3	0.59042	-0.807096
166.103	-3975.02	0.590377	-0.807128
159.754	-3970.37	0.590351	-0.807146
154.379	-3966.44	0.590286	-0.807194
148.514	-3962.15	0.590167	-0.807281
142.649	-3957.87	0.589955	-0.807436
136.783	-3953.58	0.589618	-0.807683
130.917	-3949.3	0.589511	-0.807761
125.539	-3945.37	0.589365	-0.807867
119.674	-3941.1	0.589115	-0.808049
113.838	-3936.84	0.588868	-0.808229
108.554	-3933	0.588535	-0.808472
102.839	-3928.84	0.588382	-0.808583
97.1434	-3924.69	0.588329	-0.808621
91.5687	-3920.64	0.588141	-0.808758
86.1573	-3916.7	0.588447	-0.808536
80.7495	-3912.76	0.589571	-0.807716
75.8364	-3909.17	0.590274	-0.807203
70.5543	-3905.31	0.590917	-0.806732
65.3432	-3901.49	0.591252	-0.806487
60.6893	-3898.08	0.591201	-0.806524
55.6311	-3894.36	0.592105	-0.805861
50.6862	-3890.73	0.592463	-0.805597
45.8624	-3887.18	0.592891	-0.805283
41.0406	-3883.63	0.593876	-0.804557
36.246	-3880.08	0.594682	-0.803961
31.8969	-3876.87	0.595318	-0.80349
27.2066	-3873.39	0.595608	-0.803275
22.6195	-3869.99	0.595637	-0.803254
18.0339	-3866.58	0.597754	-0.80168
13.4625	-3863.16	0.603658	-0.797243
8.91908	-3859.69	0.608862	-0.793276
4.38964	-3856.2	0.612987	-0.790093
0.26019	-3852.98	0.619002	-0.78539
-4.22429	-3849.43	0.622185	-0.78287
-8.70377	-3845.86	0.624912	-0.780695
-13.1788	-3842.26	0.628656	-0.777684
-17.6361	-3838.61	0.658702	-0.752404
-21.8519	-3834.66	0.703469	-0.710726
-25.5958	-3830.88	0.72714	-0.686489
-29.4915	-3826.55	0.767329	-0.641254
-33.1069	-3821.97	0.8095	-0.58712
-36.4156	-3817.13	0.841797	-0.539794
-39.2524	-3812.55	0.866181	-0.49973
-42.0427	-3807.36	0.902389	-0.430922
-44.4126	-3801.94	0.923523	-0.383542
-46.7018	-3796.46	0.921038	-0.389472
-49.0426	-3790.99	0.916428	-0.400199
-51.4589	-3785.55	0.910393	-0.413744
-53.7507	-3780.59	0.900369	-0.435127
-56.4415	-3775.27	0.882997	-0.469378
-59.3104	-3770.01	0.873435	-0.48694
-62.2639	-3764.77	0.863937	-0.5036
-65.1126	-3760.04	0.843852	-0.536575
-68.4545	-3755.01	0.820566	-0.571552
-71.9715	-3750.08	0.809346	-0.587332
-75.5734	-3745.17	0.795679	-0.605718
-79.3506	-3740.38	0.771997	-0.635626
-82.9612	-3736.1	0.752706	-0.658357
-87.0594	-3731.55	0.732535	-0.68073
-91.2872	-3727.07	0.721272	-0.692651
-95.5888	-3722.64	0.708384	-0.705828
-99.64	-3718.66	0.691381	-0.72249
-104.156	-3714.4	0.678031	-0.735033
-109.168	-3709.88	0.659554	-0.751657
-113.887	-3705.8	0.64499	-0.764191
-118.701	-3701.81	0.632042	-0.774934
-123.174	-3698.19	0.622318	-0.782765
-128.13	-3694.32	0.607366	-0.794422
-133.158	-3690.51	0.597838	-0.801617
-138.246	-3686.76	0.588263	-0.80867
-143.391	-3683.05	0.578554	-0.815644
-149.025	-3679.11	0.568563	-0.822639
-154.276	-3675.5	0.562959	-0.826485
-159.133	-3672.21	0.557543	-0.830148
-164.458	-3668.65	0.55381	-0.832643
-169.806	-3665.11	0.550444	-0.834872
-175.18	-3661.58	0.548727	-0.836002
-180.558	-3658.04	0.54899	-0.835829
-185.953	-3654.51	0.546297	-0.837591
-190.926	-3651.27	0.54589	-0.837857
-196.353	-3647.72	0.54601	-0.837778
-201.821	-3644.18	0.54181	-0.840501
-206.85	-3640.94	0.542644	-0.839963
-212.334	-3637.39	0.547678	-0.83669
-217.788	-3633.78	0.55629	-0.830988
-223.206	-3630.12	0.564843	-0.825198
-228.587	-3626.4	0.574223	-0.818699
-233.923	-3622.62	0.584759	-0.811207
-239.212	-3618.76	0.595197	-0.80358
-244.016	-3615.17	0.604679	-0.796469
-249.211	-3611.18	0.614085	-0.78924
-254.363	-3607.14	0.622236	-0.78283
-259.475	-3603.04	0.63032	-0.776335
-264.124	-3599.23	0.637672	-0.770308
-269.156	-3595.03	0.644309	-0.764765
-274.162	-3590.79	0.648277	-0.761405
-279.146	-3586.53	0.652227	-0.758024
-284.11	-3582.24	0.65616	-0.754622
-289.054	-3577.93	0.658854	-0.752271
-293.99	-3573.6	0.659832	-0.751413
-298.922	-3569.26	0.660809	-0.750554
-303.438	-3565.28	0.661703	-0.749766
-308.362	-3560.93	0.662271	-0.749264
-313.285	-3556.58	0.662269	-0.749266
-318.21	-3552.23	0.662268	-0.749267
-322.726	-3548.24	0.662266	-0.749269
-327.654	-3543.88	0.661857	-0.74963
-332.587	-3539.53	0.660875	-0.750496
-337.528	-3535.19	0.659893	-0.75136
-342.475	-3530.84	0.658909	-0.752223
-347.43	-3526.51	0.657924	-0.753085
-351.977	-3522.54	0.657019	-0.753874
-356.945	-3518.22	0.656031	-0.754734
-361.92	-3513.9	0.655041	-0.755593
-366.902	-3509.58	0.654463	-0.756094
-371.47	-3505.63	0.654462	-0.756095
-376.455	-3501.31	0.65446	-0.756096
-381.442	-3497	0.654459	-0.756098
-386.845	-3492.32	0.654457	-0.756099
-391.834	-3488	0.654456	-0.7561
-396.409	-3484.04	0.654455	-0.756101
-401.4	-3479.72	0.654453	-0.756103
-406.4	-3475.41	0.645462	-0.763793
-411.495	-3471.2	0.623517	-0.78181
-416.709	-3467.15	0.601067	-0.799199
-422.039	-3463.24	0.577274	-0.816551
-427.486	-3459.49	0.551753	-0.834008
-433.048	-3455.91	0.525702	-0.850669
-438.244	-3452.78	0.501378	-0.865228
-444.496	-3449.28	0.473942	-0.880556
-450.357	-3446.2	0.45205	-0.891993
-456.294	-3443.27	0.42988	-0.902886
-462.304	-3440.48	0.407444	-0.91323
-468.379	-3437.84	0.391717	-0.920086
-474.484	-3435.26	0.385647	-0.922646
-480.607	-3432.72	0.379561	-0.925167
-486.236	-3430.43	0.373967	-0.927442
-492.393	-3427.96	0.371421	-0.928464
-498.55	-3425.49	0.373871	-0.927481
-504.189	-3423.21	0.376115	-0.926573
-510.336	-3420.71	0.37856	-0.925577
-516.477	-3418.18	0.383543	-0.923523
-522.6	-3415.61	0.392056	-0.919941
-528.193	-3413.21	0.399832	-0.916589
-534.272	-3410.53	0.408282	-0.912856
-540.328	-3407.79	0.416701	-0.909044
-545.858	-3405.23	0.424392	-0.905479
-551.867	-3402.39	0.432748	-0.901515
-557.851	-3399.49	0.441067	-0.897474
-563.81	-3396.53	0.447878	-0.894095
-569.752	-3393.54	0.452607	-0.89171
-575.187	-3390.77	0.456932	-0.889502
-581.101	-3387.71	0.461638	-0.887068
-587.001	-3384.63	0.464866	-0.885381
-592.405	-3381.79	0.465942	-0.884815
-598.297	-3378.68	0.467116	-0.884196
-604.187	-3375.56	0.46731	-0.884093
-610.081	-3372.45	0.466136	-0.884713
-615.98	-3369.35	0.464961	-0.885331
-621.885	-3366.25	0.463785	-0.885948
-627.795	-3363.16	0.462608	-0.886563
-633.711	-3360.08	0.461429	-0.887177
-639.632	-3357	0.460249	-0.88779
-645.559	-3353.93	0.459069	-0.888401
-651.491	-3350.87	0.45838	-0.888756
-656.931	-3348.07	0.45838	-0.888756
-662.866	-3345.01	0.45838	-0.888756
-668.308	-3342.2	0.45838	-0.888756
-674.247	-3339.14	0.457886	-0.889011
-680.19	-3336.08	0.456702	-0.88962
-686.138	-3333.03	0.455516	-0.890228
-691.596	-3330.24	0.454428	-0.890783
-697.555	-3327.21	0.453241	-0.891388
-703.519	-3324.18	0.452051	-0.891992
-709.489	-3321.16	0.450861	-0.892594
-714.966	-3318.39	0.44977	-0.893145
-720.946	-3315.39	0.449074	-0.893494
-726.928	-3312.38	0.449074	-0.893494
-732.911	-3309.37	0.449074	-0.893494
-738.397	-3306.61	0.449074	-0.893494
-744.383	-3303.61	0.449572	-0.893244
-750.368	-3300.59	0.450765	-0.892643
-755.851	-3297.82	0.451858	-0.89209
-761.83	-3294.78	0.453051	-0.891485
-767.806	-3291.74	0.454243	-0.890878
-773.78	-3288.69	0.455434	-0.890269
-779.751	-3285.63	0.456625	-0.889659
-786.212	-3282.3	0.465748	-0.884917
-791.632	-3279.39	0.483929	-0.875107
-797.476	-3276.09	0.503528	-0.863979
-803.246	-3272.65	0.522872	-0.852411
-809.879	-3268.48	0.545113	-0.838362
-815.477	-3264.77	0.563891	-0.825849
-820.535	-3261.25	0.580852	-0.814009
-825.97	-3257.29	0.599073	-0.800694
-831.316	-3253.21	0.61699	-0.786971
-836.136	-3249.37	0.63042	-0.776254
-841.337	-3245.1	0.639727	-0.768602
-846.487	-3240.77	0.648942	-0.760838
-851.588	-3236.38	0.654698	-0.755891
-856.25	-3232.34	0.655629	-0.755083
-861.332	-3227.92	0.656643	-0.754201
-866.409	-3223.5	0.657656	-0.753318
-871.059	-3219.44	0.657234	-0.753687
-876.144	-3215.02	0.654187	-0.756333
-881.248	-3210.62	0.651129	-0.758967
-886.371	-3206.24	0.648061	-0.761589
-891.943	-3201.51	0.644295	-0.764777
-896.678	-3197.54	0.640512	-0.767948
-901.867	-3193.23	0.636367	-0.771386
-907.081	-3188.95	0.632204	-0.774802
-912.318	-3184.7	0.628457	-0.777845
-917.136	-3180.82	0.625569	-0.780169
-922.41	-3176.6	0.622408	-0.782693
-927.701	-3172.41	0.619238	-0.785203
-932.568	-3168.58	0.616322	-0.787495
-937.894	-3164.43	0.613129	-0.789983
-943.241	-3160.29	0.609637	-0.792681
-948.618	-3156.18	0.605295	-0.796001
-954.03	-3152.08	0.601043	-0.799217
-959.017	-3148.35	0.597067	-0.802191
-964.507	-3144.28	0.591114	-0.806588
-970.051	-3140.25	0.585476	-0.81069
-975.163	-3136.57	0.581685	-0.813414
-980.76	-3132.59	0.578022	-0.816021
-986.388	-3128.62	0.573465	-0.81923
-992.523	-3124.35	0.56999	-0.821652
-998.206	-3120.41	0.567249	-0.823546
-1003.46	-3116.81	0.561703	-0.827339
-1009.24	-3112.91	0.557599	-0.830111
-1015.52	-3108.7	0.556772	-0.830665
-1021.32	-3104.81	0.558229	-0.829687
-1026.63	-3101.23	0.55914	-0.829073
-1032.44	-3097.31	0.558429	-0.829552
-1038.27	-3093.39	0.566142	-0.824307
-1044.02	-3089.31	0.604266	-0.796782
-1049.54	-3084.91	0.637367	-0.77056
-1054.51	-3080.74	0.65657	-0.754265
-1059.76	-3075.97	0.700041	-0.714102
-1064.68	-3070.86	0.738128	-0.674661
-1069.04	-3066	0.747666	-0.664075
-1073.78	-3060.65	0.765202	-0.64379
-1078.22	-3055.04	0.80391	-0.594752
-1082.38	-3049.2	0.827866	-0.560926
-1086.32	-3043.2	0.849345	-0.527838
-1089.7	-3037.54	0.86708	-0.498168
-1093.26	-3031.24	0.872023	-0.489466
-1096.81	-3024.92	0.877097	-0.480313
-1100.22	-3018.5	0.887861	-0.460111
-1103.27	-3012.56	0.893207	-0.449646
-1106.49	-3006	0.905276	-0.424824
-1109.5	-2999.35	0.91788	-0.396859
-1112.32	-2992.61	0.92962	-0.368519
-1114.93	-2985.79	0.938853	-0.344319
-1117.19	-2979.49	0.944773	-0.327725
-1119.53	-2972.56	0.950897	-0.309508
-1121.73	-2965.6	0.95667	-0.291175
-1123.98	-2958.01	0.960495	-0.278298
-1126.01	-2950.99	0.960898	-0.276903
-1128.03	-2943.96	0.961285	-0.275555
-1129.87	-2937.52	0.961638	-0.27432
-1132.04	-2929.9	0.961042	-0.276402
-1134.08	-2922.88	0.958959	-0.283545
-1136.18	-2915.88	0.956823	-0.290671
-1138.32	-2908.89	0.954634	-0.29778
-1140.53	-2901.92	0.951644	-0.307203
-1142.81	-2894.97	0.947465	-0.319858
-1145.19	-2888.06	0.943444	-0.331531
-1147.43	-2881.76	0.939799	-0.341727
-1150.37	-2873.84	0.93526	-0.35396
-1152.9	-2867.21	0.93181	-0.362947
-1155.28	-2861.19	0.927799	-0.373081
-1157.93	-2854.68	0.923245	-0.384211
-1160.66	-2848.21	0.918307	-0.39587
-1163.45	-2841.82	0.914724	-0.404079
-1166.24	-2835.56	0.911461	-0.411386
-1168.81	-2829.91	0.907999	-0.418972
-1171.67	-2823.77	0.905107	-0.425184
-1174.56	-2817.65	0.90395	-0.427637
-1177.21	-2812.06	0.902762	-0.430141
-1180.1	-2806.02	0.901377	-0.433036
-1183	-2799.99	0.900449	-0.434962
-1185.92	-2793.96	0.899294	-0.437344
-1188.86	-2787.94	0.897904	-0.44019
-1191.82	-2781.93	0.896735	-0.442568
-1194.54	-2776.42	0.894982	-0.446102
-1197.54	-2770.43	0.893123	-0.449812
-1200.58	-2764.44	0.890606	-0.454777
-1203.66	-2758.43	0.892144	-0.45175
-1206.41	-2752.87	0.904865	-0.425698
-1209.16	-2746.68	0.926717	-0.37576
-1211.56	-2740.35	0.94582	-0.324692
-1213.61	-2733.89	0.96313	-0.269035
-1215.26	-2727.32	0.978273	-0.207321
-1216.4	-2721.2	0.988686	-0.150001
-1217.24	-2714.47	0.996218	-0.0868884
-1217.66	-2707.7	0.999567	-0.0294275
-1217.74	-2700.89	0.999994	-0.00359895
-1217.77	-2694.63	0.999961	0.00882741
-1217.58	-2687.8	0.999015	0.0443653
-1217.23	-2680.96	0.998185	0.0602247
-1216.78	-2674.1	0.997626	0.068872
-1216.3	-2667.23	0.997188	0.074944
-1215.79	-2660.92	0.996055	0.0887418
-1215.14	-2654.04	0.995299	0.0968461
-1214.47	-2647.15	0.995279	0.0970592
-1213.79	-2640.25	0.995324	0.0965918
-1213.19	-2633.91	0.995515	0.0946055
-1212.52	-2626.99	0.995515	0.0946074
-1211.88	-2620.06	0.995833	0.0911937
-1211.25	-2613.13	0.996085	0.0884049
-1210.64	-2606.19	0.996328	0.0856154
-1210.1	-2599.83	0.996622	0.0821263
-1209.55	-2592.89	0.997066	0.0765402
-1209.03	-2585.94	0.99748	0.0709515
-1208.55	-2578.99	0.997824	0.0659409
-1208.1	-2572.04	0.998092	0.0617416
-1207.72	-2565.66	0.998323	0.0578912
-1207.33	-2558.7	0.998558	0.0536898
-1206.97	-2551.74	0.998775	0.0494861
-1206.63	-2544.78	0.998974	0.0452799
-1206.33	-2537.81	0.999156	0.0410727
-1206.06	-2530.84	0.99932	0.0368647
-1205.83	-2524.45	0.999436	0.0335898
-1205.6	-2517.48	0.999526	0.0307803
-1205.4	-2510.5	0.999609	0.0279705
-1205.21	-2503.53	0.999683	0.0251605
-1205.05	-2497.13	0.999734	0.023052
-1204.9	-2490.15	0.999766	0.0216444
-1204.75	-2483.17	0.999795	0.0202367
-1204.61	-2476.19	0.999823	0.0188289
-1204.49	-2469.21	0.999838	0.0180065
-1204.36	-2462.22	0.999838	0.0180037
-1204.24	-2455.82	0.999838	0.0180012
-1204.12	-2448.83	0.999827	0.0185848
-1203.98	-2441.85	0.9998	0.0199891
-1203.85	-2435.44	0.999774	0.0212764
-1203.7	-2428.45	0.999743	0.0226808
-1203.5	-2420.3	0.999545	0.0301569
-1203.25	-2413.31	0.998961	0.0455665
-1202.92	-2406.91	0.998217	0.0596831
-1202.46	-2399.93	0.997178	0.0750699
-1201.84	-2392.38	0.996354	0.0853175
-1201.24	-2385.41	0.996354	0.0853153
-1200.65	-2378.43	0.996354	0.0853131
-1200.05	-2371.46	0.996354	0.0853109
-1199.51	-2365.07	0.996696	0.0812169
-1198.97	-2358.09	0.997449	0.0713882
-1198.49	-2351.1	0.998104	0.0615522
-1198.12	-2344.69	0.998619	0.0525302
-1197.78	-2337.7	0.999109	0.0422136
-1197.52	-2330.7	0.999521	0.0309533
-1197.34	-2323.69	0.999806	0.0196886
-1197.23	-2316.69	0.999965	0.00842102
-1197.2	-2309.68	0.999999	-0.00109343
-1197.23	-2302.67	0.999967	-0.00815168
-1197.3	-2296.24	0.999893	-0.0146215
-1197.43	-2289.23	0.999765	-0.0216791
-1197.6	-2282.22	0.999636	-0.0269737
-1197.79	-2275.21	0.999556	-0.0298008
-1197.99	-2268.79	0.999475	-0.0323921
-1198.23	-2261.77	0.999428	-0.0338061
-1198.46	-2254.76	0.999475	-0.0323946
-1198.68	-2247.75	0.99952	-0.0309829
-1198.9	-2240.73	0.999563	-0.0295712
-1199.1	-2233.72	0.999636	-0.0269806
-1199.28	-2226.7	0.999741	-0.0227394
-1199.41	-2220.26	0.999822	-0.0188511
-1199.53	-2213.24	0.999893	-0.0146088
-1199.62	-2206.22	0.999946	-0.010365
-1199.68	-2199.2	0.999981	-0.00611941
-1199.71	-2192.76	0.999998	-0.00222744
-1199.71	-2185.73	0.999998	0.00201856
-1199.69	-2178.7	0.999984	0.00567555
-1199.64	-2171.67	0.999964	0.00850779
-1199.57	-2164.64	0.999936	0.0113401
-1199.48	-2157.62	0.9999	0.0141725
-1199.39	-2151.17	0.999867	0.016297
-1199.27	-2144.14	0.999843	0.0177134
-1199.14	-2137.11	0.999817	0.0191297
-1199	-2130.08	0.999812	0.0193642
-1198.88	-2123.63	0.999837	0.0180623
-1198.76	-2116.59	0.999862	0.0166418
-1198.64	-2109.56	0.999884	0.0152214
-1198.54	-2102.52	0.999905	0.0138005
-1198.45	-2095.48	0.999923	0.0123796
-1198.37	-2088.44	0.99994	0.0109594
-1198.3	-2081.99	0.999953	0.00965754
-1198.23	-2074.95	0.999966	0.00823694
-1198.18	-2067.9	0.999977	0.00681586
-1198.14	-2061.45	0.999985	0.00551315
-1198.11	-2054.4	0.999992	0.00409195
-1198.03	-2047.36	0.998204	0.0598996
-1197.21	-2040.35	0.98085	0.194764
-1195.62	-2034.07	0.948963	0.315387
-1193.01	-2027.49	0.897325	0.441371
-1189.52	-2021.32	0.828016	0.560705
-1185.2	-2015.68	0.741213	0.67127
-1180.57	-2011.08	0.648684	0.761058
-1174.88	-2006.77	0.535445	0.84457
-1168.66	-2003.23	0.48882	0.872385
-1162.52	-1999.56	0.546024	0.837769
-1156.63	-1995.49	0.600773	0.79942
-1151.48	-1991.41	0.648611	0.76112
-1146.18	-1986.59	0.720632	0.693317
-1141.88	-1981.61	0.805584	0.592482
-1137.98	-1975.58	0.8823	0.470687
-1134.98	-1969.03	0.940762	0.339067
-1132.93	-1962.1	0.977083	0.21286
-1131.73	-1954.98	0.994909	0.100774
-1131.34	-1948.36	0.999995	-0.00315299
-1131.69	-1941.12	0.995229	-0.0975674
-1132.6	-1933.93	0.986308	-0.164916
-1133.86	-1927.4	0.974131	-0.225985
-1135.7	-1920.38	0.95654	-0.291603
-1138.21	-1912.93	0.94061	-0.33949
-1140.67	-1906.11	0.94111	-0.338101
-1143.12	-1899.27	0.941608	-0.336712
-1145.36	-1893	0.942062	-0.335439
-1147.78	-1886.16	0.9462	-0.323581
-1150.03	-1879.25	0.956864	-0.290535
-1152.04	-1872.27	0.966375	-0.257136
-1153.81	-1865.23	0.974721	-0.223426
-1155.2	-1858.72	0.983006	-0.183575
-1156.37	-1851.55	0.991742	-0.128247
-1157.13	-1844.32	0.997368	-0.07251
-1157.48	-1837.66	0.999775	-0.0212109
-1157.5	-1830.39	0.999983	-0.00588896
-1157.66	-1823.12	0.999388	-0.0349693
-1157.95	-1815.86	0.998653	-0.051885
-1158.41	-1808.6	0.996757	-0.0804643
-1159.03	-1801.96	0.99412	-0.108287
-1159.9	-1794.73	0.990231	-0.139439
-1161.03	-1787.52	0.985695	-0.16854
-1162.31	-1780.32	0.980524	-0.196399
-1163.74	-1773.77	0.974568	-0.224093
-1165.37	-1766.64	0.975045	-0.222006
-1166.99	-1759.5	0.977293	-0.211891
-1168.47	-1752.34	0.979732	-0.200315
-1169.95	-1745.18	0.980411	-0.196963
-1171.23	-1738.58	0.982836	-0.184479
-1172.55	-1731.37	0.986452	-0.16405
-1173.63	-1724.12	0.99088	-0.134744
-1174.53	-1717.45	0.990916	-0.134479
-1175.55	-1710.16	0.989991	-0.141133
-1176.59	-1702.86	0.989585	-0.143951
-1177.67	-1695.56	0.989392	-0.145274
-1178.73	-1688.25	0.98966	-0.143431
-1179.71	-1681.54	0.988859	-0.148855
-1180.84	-1674.22	0.987951	-0.15477
-1181.99	-1666.89	0.987879	-0.155226
-1183.05	-1660.17	0.988128	-0.153631
-1184.16	-1652.82	0.988729	-0.149717
-1185.3	-1645.47	0.988238	-0.152926
-1186.44	-1638.1	0.987621	-0.156858
-1187.63	-1630.74	0.987413	-0.158161
-1188.68	-1623.97	0.988851	-0.148907
-1189.78	-1616.58	0.989366	-0.145447
-1190.88	-1609.18	0.98859	-0.150631
-1192.03	-1601.77	0.988124	-0.153661
-1193.07	-1594.97	0.989505	-0.1445
-1194.12	-1587.53	0.990331	-0.138722
-1195.17	-1580.09	0.990183	-0.139779
-1196.2	-1572.63	0.991507	-0.130052
-1197.14	-1565.16	0.992782	-0.119929
-1197.97	-1558.3	0.992403	-0.123027
-1198.92	-1550.8	0.992566	-0.121711
-1199.78	-1543.29	0.994334	-0.106299
-1200.55	-1535.77	0.995277	-0.0970785
-1201.21	-1528.86	0.995942	-0.0899996
-1201.86	-1521.32	0.996813	-0.0797716
-1202.43	-1513.76	0.997588	-0.0694159
-1202.93	-1506.19	0.998265	-0.0588882
-1203.34	-1498.62	0.998807	-0.048826
-1203.65	-1491.67	0.999192	-0.040197
-1203.93	-1484.08	0.999527	-0.0307684
-1204.13	-1476.49	0.999772	-0.0213302
-1204.27	-1468.9	0.999911	-0.013373
-1204.34	-1461.94	0.999968	-0.0079857
-1204.39	-1454.35	0.999998	-0.00210625
-1204.38	-1446.76	0.999993	0.00377392
-1204.34	-1439.16	0.999963	0.0086491
-1204.26	-1431.57	0.999927	0.0121131
-1204.17	-1424.62	0.999883	0.0152833
-1204.04	-1417.03	0.999824	0.0187417
-1203.89	-1409.44	0.999775	0.0211995
-1203.74	-1402.48	0.999754	0.0221688
-1203.57	-1394.9	0.99973	0.0232285
-1203.39	-1387.31	0.999724	0.0234917
-1203.21	-1379.73	0.999755	0.0221527
-1203.05	-1372.14	0.999783	0.0208138
-1202.9	-1364.56	0.99981	0.0194762
-1202.75	-1356.97	0.999844	0.0176575
-1202.64	-1350.02	0.999881	0.0154034
-1202.53	-1342.44	0.999915	0.0130111
-1202.44	-1334.85	0.999943	0.0106708
-1202.36	-1326.64	0.999967	0.0081628
-1202.3	-1319.05	0.999983	0.00584784
-1202.27	-1311.47	0.999994	0.00351521
-1202.25	-1304.52	0.999999	0.00129792
-1202.25	-1296.94	0.999999	-0.00129606
-1202.26	-1289.36	0.999992	-0.00402765
-1202.3	-1281.78	0.999976	-0.00685921
-1202.36	-1274.83	0.999954	-0.00954253
-1202.44	-1267.25	0.999933	-0.0115497
-1202.53	-1259.68	0.999926	-0.0121712
-1202.62	-1252.1	0.999918	-0.012795
-1202.72	-1244.52	0.99991	-0.0134345
-1202.83	-1236.94	0.999901	-0.0141015
-1202.93	-1230	0.999892	-0.0147235
-1203.04	-1222.41	0.999882	-0.0153825
-1203.16	-1214.82	0.999872	-0.0160236
-1203.28	-1207.23	0.99987	-0.0161296
-1203.4	-1199.63	0.99988	-0.0154881
-1203.51	-1192.67	0.999889	-0.0148987
-1203.62	-1185.07	0.999899	-0.0142378
-1203.73	-1177.47	0.999908	-0.0135734
-1203.83	-1169.87	0.999917	-0.0129088
-1203.92	-1162.28	0.999925	-0.0122381
-1204.01	-1154.68	0.999933	-0.0115445
-1204.09	-1147.72	0.999939	-0.0110012
-1204.17	-1140.12	0.999944	-0.0105536
-1204.25	-1132.53	0.999949	-0.0101057
-1204.33	-1124.93	0.999953	-0.00965806
-1204.39	-1117.97	0.999957	-0.00924811
-1204.46	-1110.38	0.999961	-0.00880063
-1204.53	-1102.78	0.999965	-0.00835293
-1204.59	-1095.19	0.999969	-0.00790545
-1204.65	-1087.6	0.999972	-0.00745839
-1204.7	-1080.64	0.999975	-0.00703153
-1204.75	-1073.05	0.999979	-0.00653347
-1204.8	-1065.46	0.999982	-0.00603563
-1204.84	-1058.5	0.999984	-0.00557968
-1204.88	-1050.91	0.999987	-0.00508203
-1204.92	-1043.32	0.999989	-0.00458411
-1204.95	-1035.73	0.999992	-0.00408629
-1204.98	-1028.14	0.999994	-0.00358911
-1205.01	-1020.55	0.999995	-0.00308596
-1205.03	-1012.96	0.999997	-0.00257419
-1205.05	-1006	0.999998	-0.00210486
-1205.06	-998.404	0.999999	-0.00159187
-1205.07	-990.812	0.999999	-0.00107234
-1205.08	-983.22	1	-0.00050831
-1205.08	-976.262	1	7.27372e-05
-1205.08	-968.67	1	0.000743697
-1205.07	-961.079	0.999999	0.00141884
-1205.05	-953.488	0.999998	0.00209588
-1205.04	-945.898	0.999996	0.00277551
-1205.01	-938.307	0.999994	0.00345519
-1204.99	-931.349	0.999992	0.00407823
-1204.96	-923.757	0.999991	0.00425671
-1204.92	-916.165	0.999993	0.0037296
-1204.9	-908.57	0.999995	0.00318784
-1204.88	-901.606	0.999996	0.00267797
-1204.86	-894.007	0.999998	0.00212063
-1204.84	-886.406	0.999999	0.0015653
-1204.83	-878.803	0.999999	0.0010091
-1204.83	-871.198	1	0.000458662
-1204.83	-863.59	1	-7.7394e-05
-1204.83	-856.615	1	-0.000547975
-1204.83	-849.003	0.999999	-0.00102717
-1204.84	-841.39	0.999999	-0.00148245
-1204.86	-833.774	0.999999	-0.00143345
-1204.86	-826.79	1	-0.000742982
-1204.87	-819.17	1	1.07102e-05
-1204.86	-811.548	1	0.000763571
-1204.86	-803.923	0.999999	0.0015174
-1204.84	-796.296	0.999997	0.00227292
-1204.82	-788.667	0.999995	0.00302764
-1204.8	-781.036	0.999993	0.0037816
-1204.77	-774.038	0.99999	0.00447307
-1204.73	-766.403	0.999986	0.00522927
-1204.69	-758.768	0.999982	0.00598575
-1204.64	-751.133	0.999977	0.00674207
-1204.59	-744.136	0.999975	0.00703349
-1204.54	-736.506	0.999978	0.00658226
-1204.49	-728.901	0.999981	0.00612224
-1204.45	-721.338	0.999984	0.00565857
-1204.41	-713.822	0.999986	0.00520091
-1204.37	-706.361	0.999989	0.00475222
-1204.34	-699.576	0.99999	0.00436044
-1204.31	-692.256	0.999992	0.00396338
-1204.28	-685.023	0.999994	0.00357178
-1204.25	-677.88	0.999995	0.00317403
-1204.24	-671.411	0.999996	0.00284313
-1204.22	-664.443	0.999997	0.00248941
-1204.2	-657.536	0.999998	0.00212555
-1204.19	-650.673	0.999998	0.00180159
-1204.18	-643.838	0.999999	0.00152192
-1204.16	-636.449	0.999999	0.00126482
-1204.16	-629.633	0.999999	0.00103277
-1204.15	-623.384	1	0.000820998
-1204.15	-616.567	1	0.000589858
-1204.14	-609.75	1	0.000357909
-1204.14	-602.932	1	0.000109511
-1204.14	-596.114	1	-0.000193758
-1204.14	-589.293	1	-0.000559244
-1204.15	-583.035	1	-0.000918977
-1204.16	-576.198	0.999999	-0.00132372
-1204.17	-569.352	0.999998	-0.00173747
-1204.18	-562.496	0.999998	-0.00215803
-1204.2	-555.059	0.999998	-0.00216715
-1204.21	-548.184	0.999999	-0.00150301
-1204.22	-541.3	1	-0.000825281
-1204.22	-534.981	1	-0.000205148
-1204.22	-528.079	1	0.000475386
-1204.21	-521.166	0.999999	0.00116735
-1204.2	-514.245	0.999998	0.00186342
-1204.19	-507.892	0.999997	0.00250122
-1204.17	-500.953	0.999996	0.00284664
-1204.15	-494.003	0.999997	0.00249559
-1204.14	-487.044	0.999998	0.00214753
-1204.12	-480.076	0.999998	0.00179598
-1204.08	-473.098	0.999378	0.0352677
-1203.66	-466.704	0.994021	0.109187
-1202.66	-459.772	0.981944	0.189173
-1201.1	-452.929	0.963435	0.267943
-1199.02	-446.212	0.949763	0.312971
-1197	-440.08	0.949869	0.312647
-1194.8	-433.38	0.949987	0.312288
-1192.59	-426.671	0.950107	0.311925
-1190.4	-419.949	0.954065	0.2996
-1188.36	-413.167	0.962767	0.270333
-1186.53	-406.317	0.970572	0.240812
-1185.04	-399.984	0.976928	0.213569
-1183.61	-393.019	0.983609	0.180316
-1182.44	-385.998	0.98985	0.142119
-1181.54	-378.926	0.994609	0.103698
-1180.96	-372.41	0.997551	0.0699486
-1180.56	-365.273	0.999348	0.0361166
-1180.4	-358.117	0.999998	0.00222895
-1180.49	-350.951	0.999498	-0.0316757
-1180.85	-343.185	0.998003	-0.0631615
-1181.32	-336.615	0.996573	-0.0827148
-1181.98	-329.451	0.994575	-0.104018
-1182.79	-322.293	0.992121	-0.125284
-1183.75	-315.144	0.990333	-0.138714
-1184.76	-307.992	0.989977	-0.141226
-1185.79	-300.834	0.989622	-0.143696
-1186.75	-294.268	0.989294	-0.145939
-1187.81	-287.097	0.989348	-0.145569
-1188.85	-279.915	0.989976	-0.141239
-1189.87	-272.72	0.990579	-0.136941
-1190.77	-266.113	0.991121	-0.132961
-1191.72	-258.891	0.991874	-0.127222
-1192.63	-251.655	0.99284	-0.11945
-1193.48	-244.403	0.993741	-0.111711
-1194.27	-237.137	0.994585	-0.103922
-1195.01	-229.855	0.995403	-0.0957767
-1195.63	-223.166	0.996149	-0.08768
-1196.24	-215.856	0.996887	-0.0788411
-1196.8	-208.531	0.997482	-0.0709248
-1197.26	-201.806	0.997895	-0.0648566
-1197.71	-194.457	0.998303	-0.0582353
-1198.12	-187.097	0.998667	-0.0516125
-1198.51	-179.112	0.998996	-0.0448062
-1198.83	-171.729	0.999228	-0.0392908
-1199.1	-164.336	0.999429	-0.0337775
-1199.33	-156.936	0.9996	-0.0282873
-1199.51	-150.151	0.999711	-0.0240389
-1199.68	-142.748	0.999783	-0.0208324
-1199.82	-135.345	0.999845	-0.0175966
-1199.94	-127.949	0.999897	-0.0143825
-1200.04	-120.581	0.99992	-0.0126622
-1200.14	-113.257	0.999916	-0.0129622
-1200.23	-106.035	0.99987	-0.0161261
-1200.35	-99.5375	0.999829	-0.0184947
-1200.47	-92.449	0.999879	-0.0155604
-1200.57	-85.9502	0.999916	-0.0129336
-1200.65	-78.896	0.999929	-0.0119432
-1200.74	-71.9502	0.999924	-0.0123651
-1200.82	-65.1336	0.999894	-0.014582
-1200.94	-58.5769	0.999822	-0.0188653
-1201.04	-52.5656	0.999867	-0.0163372
-1201.14	-46.0064	0.999908	-0.0135791
-1201.23	-39.4529	0.999928	-0.011974
-1201.3	-32.9118	0.999941	-0.0108948
-1201.36	-26.9142	0.999964	-0.00850852
-1201.41	-20.3862	0.999976	-0.00697896
-1201.46	-13.9487	0.999964	-0.00847624
-1201.52	-7.62718	0.999955	-0.00951978
-1201.57	-1.83084	0.999974	-0.00715685
-1201.61	5.54865	0.999991	-0.0041852
-1201.63	11.8762	0.999999	-0.00169334
-1201.64	17.6683	1	-0.00025242
-1201.64	23.9601	1	0.000762335
-1201.63	30.2539	0.999995	0.00324608
-1201.6	36.5499	0.999984	0.00572272
-1201.56	42.8476	0.999974	0.00714337
-1201.52	48.6219	0.999967	0.00814651
-1201.46	54.923	0.999958	0.00915807
-1201.4	61.2261	0.999959	0.0090682
-1201.35	67.0078	0.999955	0.00944401
-1201.29	73.3229	0.999958	0.00916219
-1201.23	79.6471	0.99997	0.00774616
-1201.2	85.99	0.999992	0.00389386
-1201.18	92.3405	0.999996	0.00269475
-1201.16	98.702	1	-1.23458e-05
-1201.18	104.556	0.999989	-0.0047889
-1201.21	110.953	0.999976	-0.00692814
-1201.26	116.818	0.999976	-0.00692814
-1201.3	123.224	0.999965	-0.0083884
-1201.37	129.649	0.999905	-0.0138176
-1201.47	136.093	0.999837	-0.0180287
-1201.59	142.542	0.999839	-0.0179588
-1201.7	148.465	0.999786	-0.0206698
-1201.84	154.942	0.999742	-0.0227108
-1201.98	161.424	0.999769	-0.0214849
-1202.13	167.924	0.999646	-0.0266123
-1202.31	173.907	0.999418	-0.0341007
-1202.54	180.446	0.999424	-0.0339374
-1202.76	186.995	0.999387	-0.0350054
-1203	193.56	0.999276	-0.0380518
-1203.23	199.582	0.999375	-0.0353462
-1203.46	206.164	0.999336	-0.0364464
-1203.71	212.759	0.999319	-0.036887
-1203.92	218.813	0.999287	-0.0377455
-1204.2	225.441	0.998998	-0.0447649
-1204.49	232.08	0.999041	-0.0437882
-1204.78	238.729	0.999134	-0.0416006
-1205.05	245.389	0.999165	-0.0408587
-1205.31	251.509	0.999076	-0.0429886
-1205.59	258.193	0.999219	-0.0395062
-1205.85	264.887	0.999304	-0.0372897
-1206.09	271.59	0.999383	-0.0351318
-1206.31	277.748	0.999337	-0.0363994
-1206.55	284.481	0.999275	-0.0380606
-1206.83	291.236	0.999133	-0.0416315
-1207.09	297.997	0.999369	-0.0355089
-1207.33	304.772	0.999332	-0.0365392
-1207.57	311.001	0.999165	-0.0408454
-1207.85	317.806	0.999294	-0.0375714
-1208.08	324.614	0.999566	-0.0294497
-1208.26	331.425	0.999773	-0.0213053
-1208.37	337.671	0.999905	-0.013812
-1208.44	344.487	0.999984	-0.00563617
-1208.46	351.305	0.999997	0.00254314
-1208.42	358.124	0.999942	0.0107264
-1208.33	364.375	0.999834	0.0182275
-1208.18	371.195	0.999651	0.0264097
-1207.96	378.583	0.999417	0.0341394
-1207.71	385.403	0.999216	0.0396004
-1207.45	391.654	0.999005	0.0446056
-1207.13	398.473	0.998746	0.0500647
-1206.78	405.292	0.998551	0.0538179
-1206.4	412.112	0.998476	0.0551841
-1206.06	418.364	0.998406	0.0564364
-1205.67	425.185	0.998328	0.0578025
-1205.27	432.006	0.998348	0.0574602
-1204.88	438.83	0.998501	0.0547258
-1204.52	445.656	0.998648	0.0519909
-1204.2	451.916	0.998775	0.0494834
-1203.87	458.746	0.998933	0.0461765
-1203.56	465.579	0.999115	0.0420694
-1203.31	471.845	0.999266	0.0383038
-1203.06	478.683	0.999415	0.0341951
-1202.84	485.523	0.999547	0.0300843
-1202.64	492.365	0.999663	0.025971
-1202.48	499.209	0.999761	0.0218571
-1202.35	505.485	0.999836	0.0180855
-1202.24	512.332	0.999894	0.0145413
-1202.14	519.182	0.99993	0.0117958
-1202.08	525.462	0.999957	0.00927885
-1202.02	532.314	0.999975	0.00710454
-1201.98	539.167	0.999984	0.00573036
-1201.94	546.022	0.999991	0.00435613
-1201.92	552.881	0.999998	0.00194799
-1201.91	559.751	0.999996	-0.00295661
-1201.95	566.635	0.999975	-0.00704145
-1202	573.521	0.999926	-0.0121301
-1202.12	580.415	0.999791	-0.0204234
-1202.25	586.737	0.999767	-0.0215992
-1202.4	593.638	0.999746	-0.0225448
-1202.57	600.545	0.999586	-0.028762
-1202.8	607.45	0.999212	-0.039698
-1203.08	613.775	0.998904	-0.0467974
-1203.4	620.678	0.998834	-0.0482768
-1203.76	627.596	0.998305	-0.0581968
-1204.2	634.543	0.997678	-0.0681136
-1204.64	640.922	0.99762	-0.0689487
-1205.11	647.895	0.997537	-0.0701383
-1205.63	654.887	0.997271	-0.0738245
-1206.09	661.305	0.997417	-0.0718277
-1206.6	668.321	0.99767	-0.0682211
-1207.05	675.345	0.998309	-0.0581299
-1207.43	682.379	0.998796	-0.0490468
-1207.75	689.42	0.999241	-0.038946
-1207.98	695.884	0.999556	-0.0298013
-1208.16	702.947	0.999705	-0.0242739
-1208.34	710.03	0.999754	-0.022171
-1208.46	717.119	0.999921	-0.0125687
-1208.54	723.637	0.999889	-0.0149315
-1208.67	730.773	0.999844	-0.0176556
-1208.77	737.914	0.999962	-0.00868516
-1208.81	745.065	0.999995	-0.00313902
-1208.82	752.226	0.999999	0.00152458
-1208.8	759.395	0.999988	0.00495319
-1208.76	765.977	0.999967	0.00809308
-1208.69	773.165	0.999934	0.0115153
-1208.59	780.363	0.999895	0.014492
-1208.49	786.968	0.999861	0.0166529
-1208.37	794.18	0.999819	0.0190112
-1208.22	801.394	0.999772	0.0213651
-1208.06	808.606	0.99974	0.0228
-1207.9	815.819	0.999737	0.0229495
-1207.74	822.43	0.999733	0.0230866
-1207.58	829.639	0.99973	0.0232361
-1207.41	836.832	0.999737	0.0229255
-1207.25	843.989	0.999758	0.0219797
-1207.1	851.094	0.999778	0.0210563
-1206.96	857.526	0.999829	0.0185033
-1206.85	864.419	0.999879	0.0155357
-1206.74	871.313	0.999857	0.0169093
-1206.62	878.208	0.999833	0.0182831
-1206.49	885.105	0.999807	0.0196569
-1206.36	891.427	0.999771	0.0213777
-1206.21	898.325	0.999709	0.0241362
-1206.03	905.223	0.999638	0.0268956
-1205.84	912.123	0.99956	0.029656
-1205.64	918.448	0.999497	0.0317253
-1205.42	925.348	0.999452	0.0331027
-1205.19	932.25	0.999405	0.03448
-1204.95	939.152	0.999357	0.0358573
-1204.69	946.056	0.999328	0.0366575
-1204.44	952.96	0.999328	0.0366498
-1204.19	959.866	0.999328	0.0366426
-1203.96	966.197	0.999329	0.0366369
-1203.7	973.105	0.99935	0.0360526
-1203.46	980.014	0.999399	0.0346589
-1203.22	986.925	0.999447	0.0332651
-1203.01	993.261	0.999488	0.0319873
-1202.8	1000.17	0.999458	0.032907
-1202.56	1007.09	0.999313	0.0370654
-1202.29	1014	0.99915	0.0412234
-1201.99	1020.92	0.99897	0.0453813
-1201.66	1027.83	0.998743	0.0501183
-1201.33	1034.17	0.998475	0.0552029
-1200.93	1041.08	0.998153	0.0607482
-1200.5	1047.99	0.9978	0.0662919
-1200.06	1054.33	0.997515	0.0704486
-1199.57	1061.24	0.997316	0.0732194
-1199.05	1068.15	0.997109	0.0759898
-1198.52	1075.05	0.996894	0.07876
-1197.96	1081.96	0.996765	0.0803739
-1197.41	1088.87	0.996765	0.080369
-1196.9	1095.21	0.996766	0.0803646
-1196.34	1102.12	0.996766	0.0803598
-1195.78	1109.03	0.996859	0.079197
-1195.24	1115.95	0.997076	0.0764125
-1194.72	1122.87	0.997286	0.0736273
-1194.22	1129.79	0.997488	0.0708415
-1193.77	1136.13	0.997666	0.0682868
-1193.31	1143.06	0.997853	0.0654983
-1192.86	1149.99	0.998032	0.0627093
-1192.43	1156.92	0.998203	0.0599197
-1192.01	1163.85	0.99729	0.0735758
-1191.39	1170.77	0.993912	0.110181
-1190.6	1177.08	0.989634	0.143609
-1189.52	1183.95	0.986327	0.164798
-1188.37	1190.8	0.986328	0.164794
-1187.32	1197.09	0.986329	0.16479
-1186.17	1203.95	0.986329	0.164787
-1185.03	1210.81	0.987178	0.159621
-1183.96	1217.68	0.989105	0.147212
-1182.97	1224.56	0.990876	0.13478
-1182.07	1231.46	0.99249	0.122325
-1181.26	1238.37	0.994137	0.108128
-1180.61	1244.72	0.995677	0.0928803
-1180.01	1251.65	0.997091	0.0762207
-1179.52	1258.6	0.998226	0.0595391
-1179.13	1266.13	0.999042	0.0437514
-1178.86	1273.09	0.999469	0.0325713
-1178.66	1280.05	0.999771	0.0213867
-1178.55	1286.44	0.999938	0.0111315
-1178.51	1293.41	0.999996	0.0028507
-1178.5	1300.38	0.999999	-0.00135869
-1178.52	1307.35	0.999984	-0.00556813
-1178.57	1313.73	0.999956	-0.0094267
-1178.64	1320.71	0.999925	-0.012234
-1178.73	1327.68	0.999925	-0.0122373
-1178.81	1334.65	0.999925	-0.0122406
-1178.9	1341.63	0.999925	-0.0122439
-1178.98	1348.6	0.999951	-0.00990781
-1179.03	1355	0.999989	-0.00476384
-1179.05	1361.98	1	0.000848128
-1179.03	1368.96	0.999979	0.00646044
-1178.97	1375.94	0.99992	0.0126588
-1178.87	1382.34	0.999818	0.019092
-1178.71	1389.32	0.999659	0.0261095
-1178.51	1396.3	0.999451	0.0331259
-1178.26	1403.28	0.999217	0.0395583
-1177.97	1410.26	0.998979	0.0451739
-1177.64	1417.24	0.998709	0.0507883
-1177.3	1423.63	0.998434	0.0559336
-1176.89	1430.61	0.998211	0.0597917
-1176.47	1437.59	0.998126	0.061194
-1176.04	1444.57	0.998039	0.0625963
-1175.6	1451.54	0.99795	0.0639985
-1175.18	1457.94	0.997928	0.0643469
-1174.74	1464.92	0.998017	0.0629382
-1174.3	1471.9	0.998105	0.0615293
-1173.87	1478.89	0.998191	0.0601204
-1173.46	1485.87	0.99841	0.0563682
-1173.09	1492.86	0.998782	0.0493336
-1172.79	1499.27	0.99908	0.0428829
-1172.51	1506.26	0.999378	0.0352563
-1172.28	1513.26	0.999641	0.0268051
-1172.13	1519.68	0.999818	0.0190562
-1172.02	1526.68	0.999944	0.0106014
-1171.97	1534.85	0.999998	0.00190721
-1171.97	1541.86	0.999993	-0.00373794
-1172.01	1548.28	0.99996	-0.00891193
-1172.09	1555.29	0.999894	-0.0145562
-1172.22	1562.88	0.99981	-0.0194959
-1172.36	1569.88	0.999751	-0.0223206
-1172.53	1576.89	0.999684	-0.0251453
-1172.7	1583.32	0.999615	-0.0277344
-1172.92	1590.91	0.999579	-0.0290285
-1173.12	1597.92	0.999619	-0.0276153
-1173.29	1604.35	0.999654	-0.0263197
-1173.47	1611.36	0.99969	-0.0249062
-1173.64	1618.38	0.999738	-0.0229031
-1173.78	1624.81	0.999794	-0.0203102
-1173.92	1631.82	0.999847	-0.0174813
-1174.03	1638.84	0.999893	-0.0146522
-1174.12	1645.86	0.99993	-0.0118222
-1174.19	1652.3	0.999957	-0.00922697
-1174.25	1659.32	0.99998	-0.00639566
-1174.29	1666.34	0.999994	-0.00356421
-1174.3	1673.37	0.999999	-0.00132216
-1174.31	1680.39	1	9.46183e-05
-1174.31	1686.83	0.999999	0.00139337
-1174.29	1693.86	0.999996	0.00281024
-1174.27	1700.89	0.999982	0.00599831
-1174.21	1707.92	0.999932	0.011666
-1174.12	1714.36	0.999858	0.0168612
-1173.98	1721.39	0.999746	0.0225284
-1173.81	1728.42	0.999586	0.028786
-1173.6	1734.86	0.999377	0.0352795
-1173.34	1741.89	0.999102	0.0423618
-1173.02	1748.92	0.998777	0.0494422
-1172.65	1755.95	0.998467	0.0553428
-1172.25	1762.97	0.998223	0.0595936
-1171.85	1769.41	0.997983	0.0634893
-1171.39	1776.43	0.997703	0.0677381
-1170.91	1783.46	0.99749	0.0708066
-1170.45	1789.89	0.997397	0.0721055
-1169.93	1796.92	0.997294	0.0735224
-1169.41	1803.94	0.997188	0.0749392
-1168.88	1810.96	0.99717	0.075175
-1168.4	1817.4	0.997267	0.0738755
-1167.88	1824.43	0.997371	0.0724576
-1167.38	1831.46	0.997473	0.0710396
-1166.92	1837.9	0.997565	0.0697394
-1166.43	1844.93	0.997663	0.0683203
-1165.96	1851.96	0.99776	0.066901
-1165.49	1859	0.997854	0.0654815
-1165.05	1865.45	0.995251	0.0973432
-1164.07	1872.43	0.980869	0.194668
-1162.42	1879.29	0.956982	0.290148
-1160.13	1885.98	0.939155	0.343494
-1157.91	1892.07	0.940051	0.341035
-1155.5	1898.72	0.94102	0.338351
-1153.12	1905.37	0.941982	0.335663
-1150.77	1912.04	0.947126	0.320863
-1148.59	1918.77	0.957373	0.288855
-1146.8	1925	0.965817	0.259225
-1145.06	1931.86	0.973983	0.226621
-1143.44	1939.36	0.98242	0.186684
-1142.25	1946.33	0.989708	0.143102
-1141.36	1953.36	0.995064	0.0992381
-1140.82	1959.83	0.998267	0.0588545
-1140.53	1966.91	0.999807	0.0196353
-1140.49	1973.99	0.999919	-0.0126914
-1140.68	1981.07	0.998987	-0.0450056
-1141.05	1987.56	0.997214	-0.0745877
-1141.66	1994.62	0.995174	-0.0981249
-1142.39	2001.68	0.993987	-0.109502
-1143.2	2008.72	0.992669	-0.120864
-1144.01	2015.17	0.991347	-0.131267
-1144.97	2022.2	0.990695	-0.136104
-1145.93	2029.23	0.991271	-0.131842
-1146.77	2035.68	0.991783	-0.127933
-1147.67	2042.72	0.992324	-0.123666
-1148.53	2049.76	0.993538	-0.113504
-1149.28	2056.82	0.995471	-0.0950657
-1149.9	2063.89	0.997062	-0.0765937
-1150.42	2071.56	0.998465	-0.0553783
-1150.75	2078.65	0.999421	-0.0340364
-1150.92	2085.16	0.999895	-0.0144584
-1150.96	2092.26	0.999976	0.00690629
-1150.85	2099.37	0.999679	0.0253317
-1150.63	2106.47	0.999214	0.0396396
-1150.31	2113.57	0.998544	0.0539397
-1149.92	2120.07	0.99775	0.067039
-1149.41	2127.16	0.997245	0.0741747
-1148.89	2134.25	0.997454	0.0713075
-1148.43	2140.75	0.997639	0.0686787
-1147.95	2147.84	0.997832	0.0658103
-1147.49	2154.94	0.998201	0.0599568
-1147.1	2162.04	0.998753	0.0499206
-1146.77	2169.14	0.999205	0.0398791
-1146.54	2175.66	0.99953	0.030669
-1146.35	2182.77	0.999787	0.0206164
-1146.23	2189.88	0.999944	0.0105614
-1146.19	2196.41	0.999999	0.0013431
-1146.21	2203.52	0.999972	-0.00752041
-1146.28	2210.64	0.999892	-0.0147132
-1146.41	2217.76	0.99976	-0.0219055
-1146.58	2224.88	0.999577	-0.0290968
-1146.79	2231.4	0.999413	-0.0342509
-1147.04	2238.52	0.99931	-0.0371303
-1147.32	2245.63	0.999199	-0.0400093
-1147.58	2252.16	0.99909	-0.0426482
-1147.9	2259.27	0.999049	-0.0436073
-1148.2	2266.39	0.99917	-0.0407271
-1148.48	2273.51	0.999284	-0.0378465
-1148.74	2280.63	0.999389	-0.0349655
-1148.96	2287.16	0.999497	-0.0317234
-1149.17	2294.28	0.999625	-0.0273995
-1149.36	2301.41	0.999734	-0.0230749
-1149.5	2307.94	0.999817	-0.0191102
-1149.62	2315.07	0.999891	-0.0147838
-1149.71	2322.2	0.999945	-0.0104559
-1149.77	2329.33	0.999981	-0.00612766
-1149.81	2336.46	0.999998	-0.00179923
-1149.81	2343	0.999999	0.00156807
-1149.79	2350.14	0.99999	0.0044554
-1149.75	2357.27	0.999973	0.00734274
-1149.69	2363.81	0.999963	0.0085455
-1149.64	2370.95	0.999975	0.007101
-1149.59	2378.08	0.999984	0.00565642
-1149.55	2385.22	0.999991	0.00421179
-1149.53	2392.36	0.999996	0.00276683
-1149.51	2398.9	0.999999	0.00144193
-1149.51	2406.05	1	-3.44995e-06
-1149.51	2413.19	0.999999	-0.00144888
-1149.53	2419.73	0.999996	-0.00280942
-1149.55	2426.87	0.99999	-0.0043615
-1149.59	2434.02	0.999983	-0.00591342
-1149.63	2441.16	0.999972	-0.00746481
-1149.69	2448.3	0.999965	-0.00841869
-1149.75	2454.85	0.999964	-0.00852687
-1149.81	2462	0.999963	-0.00864495
-1149.87	2469.14	0.999962	-0.00876364
-1149.93	2476.29	0.999961	-0.00888332
-1150	2483.44	0.99996	-0.00896399
-1150.05	2489.99	0.99996	-0.00898717
-1150.12	2497.13	0.999959	-0.00901193
-1150.18	2504.28	0.999964	-0.0084341
-1150.24	2511.43	0.999975	-0.00701302
-1150.28	2518.58	0.999984	-0.00559188
-1150.32	2526.33	0.999992	-0.0040521
-1150.35	2533.48	0.999997	-0.00263044
-1150.36	2540.04	0.999999	-0.0013239
-1150.37	2547.19	1	0.000107748
-1150.36	2554.34	0.999999	0.00153968
-1150.35	2561.5	0.999996	0.00297193
-1150.32	2568.65	0.99999	0.0044042
-1150.28	2575.81	0.999983	0.00583653
-1150.24	2582.37	0.999981	0.00618435
-1150.2	2589.53	0.999989	0.00472127
-1150.17	2596.68	0.999995	0.00325967
-1150.16	2603.84	0.999998	0.0018001
-1150.15	2610.4	1	0.00094499
-1150.14	2617.56	1	0.000934004
-1150.13	2624.72	1	0.000923018
-1150.13	2631.89	1	0.000912031
-1150.12	2639.05	1	0.000296912
-1150.12	2646.21	0.999999	-0.001164
-1150.13	2652.78	0.999997	-0.0025032
-1150.16	2659.94	0.999992	-0.00396361
-1150.19	2667.11	0.999985	-0.0054233
-1150.23	2674.27	0.999976	-0.00688319
-1150.28	2680.84	0.999966	-0.0082216
-1150.34	2688.01	0.999964	-0.00847246
-1150.4	2695.17	0.999975	-0.00703037
-1150.45	2702.33	0.999933	-0.0115755
-1150.57	2709.45	0.999829	-0.0185158
-1150.68	2715.99	0.999852	-0.0171977
-1150.8	2723.11	0.999876	-0.0157632
-1150.91	2730.24	0.999897	-0.0143287
-1151.01	2737.37	0.999897	-0.0143366
-1151.11	2743.9	0.999887	-0.0150415
-1151.21	2751.02	0.999907	-0.0136081
-1151.3	2758.15	0.999926	-0.0121747
-1151.39	2765.27	0.999942	-0.0107412
-1151.46	2772.39	0.999942	-0.0107256
-1151.54	2779.51	0.999936	-0.0112767
-1151.61	2786.04	0.99995	-0.00996119
-1151.68	2793.16	0.999964	-0.00852604
-1151.73	2800.28	0.999975	-0.0070913
-1151.78	2807.4	0.999984	-0.00565725
-1151.81	2813.93	0.999991	-0.00434269
-1151.84	2821.05	0.999996	-0.00290835
-1151.86	2828.17	0.999999	-0.00147333
-1151.86	2835.3	1	-3.77288e-05
-1151.86	2842.42	0.999999	0.0013985
-1151.84	2849.55	0.999996	0.00283512
-1151.82	2856.68	0.999991	0.00427232
-1151.79	2863.21	0.999984	0.00559006
-1151.74	2870.34	0.999975	0.00702793
-1151.69	2877.47	0.999964	0.0084663
-1151.63	2884.6	0.999951	0.00990504
-1151.56	2891.13	0.999937	0.0112239
-1151.47	2898.27	0.99992	0.0126628
-1151.38	2905.4	0.999909	0.0135009
-1151.28	2912.53	0.999909	0.0134976
-1151.19	2919.66	0.999921	0.0125992
-1151.1	2926.79	0.999936	0.0113427
-1151.03	2933.31	0.999971	0.00766518
-1151	2940.39	0.999998	0.00191755
-1150.99	2947.48	1	-0.000269044
-1151	2954.56	0.999996	-0.00275271
-1151.02	2961.05	0.999992	-0.00407186
-1151.06	2968.13	0.999977	-0.00679532
-1151.12	2975.19	0.99995	-0.0100347
-1151.19	2982.26	0.999947	-0.0102773
-1151.26	2989.33	0.999961	-0.00885373
-1151.32	2996.4	0.999972	-0.00743021
-1151.37	3002.87	0.999947	-0.01027
-1151.46	3009.9	0.999893	-0.014652
-1151.56	3016.94	0.999894	-0.0145679
-1151.67	3023.96	0.999854	-0.0171147
-1151.79	3030.39	0.999824	-0.0187545
-1151.92	3037.39	0.999744	-0.0226115
-1152.11	3044.37	0.999592	-0.0285791
-1152.3	3051.34	0.999596	-0.0284088
-1152.5	3058.3	0.999529	-0.030675
-1152.71	3064.67	0.999499	-0.0316395
-1152.92	3071.63	0.999584	-0.028846
-1153.11	3078.58	0.999661	-0.026052
-1153.28	3085.54	0.99973	-0.0232577
-1153.44	3092.49	0.999814	-0.0192973
-1153.55	3098.87	0.9999	-0.0141703
-1153.63	3105.83	0.999963	-0.00857651
-1153.68	3113.96	0.999997	-0.00263148
-1153.68	3120.92	0.999999	0.0015673
-1153.66	3127.88	0.999983	0.00576622
-1153.61	3134.27	0.999954	0.00961548
-1153.53	3141.81	0.999908	0.0135821
-1153.42	3148.78	0.999866	0.016383
-1153.31	3155.17	0.99982	0.0189504
-1153.17	3162.14	0.999763	0.0217511
-1153.01	3169.1	0.999713	0.0239681
-1152.84	3176.07	0.999678	0.025368
-1152.66	3183.04	0.999642	0.0267679
-1152.49	3189.44	0.999606	0.0280512
-1152.29	3196.41	0.9996	0.028282
-1152.09	3203.38	0.999639	0.0268758
-1151.91	3210.36	0.999676	0.0254696
-1151.74	3217.33	0.999724	0.0234778
-1151.58	3224.31	0.999786	0.0206663
-1151.45	3231.29	0.999841	0.0178546
-1151.34	3237.69	0.999883	0.015277
-1151.24	3244.67	0.999922	0.0124643
-1151.16	3251.65	0.999953	0.00965043
-1151.1	3258.63	0.999977	0.00683643
-1151.07	3265.04	0.999991	0.00425681
-1151.04	3272.02	0.999999	0.001442
-1151.04	3279.01	0.999999	-0.00137398
-1151.06	3286	0.999991	-0.00418998
-1151.1	3292.98	0.999956	-0.0093831
-1151.19	3299.95	0.999897	-0.0143544
-1151.29	3306.91	0.999871	-0.0160414
-1151.41	3313.87	0.999811	-0.0194387
-1151.55	3320.82	0.999782	-0.0208908
-1151.68	3327.2	0.999794	-0.0203078
-1151.82	3334.15	0.999798	-0.0201019
-1151.97	3341.1	0.999792	-0.0203734
-1152.09	3347.47	0.999787	-0.0206481
-1152.25	3354.4	0.999638	-0.0269068
-1152.46	3361.31	0.999493	-0.0318342
-1152.68	3368.21	0.999446	-0.0332675
-1152.92	3375.1	0.999257	-0.0385526
-1153.19	3381.98	0.999247	-0.0388023
-1153.43	3388.3	0.999342	-0.0362652
-1153.68	3395.18	0.999394	-0.0348174
-1153.93	3402.63	0.999462	-0.0327832
-1154.15	3409.52	0.999584	-0.0288517
-1154.34	3416.39	0.999673	-0.0255572
-1154.5	3423.27	0.999686	-0.0250612
-1154.67	3429.56	0.999661	-0.0260399
-1154.84	3436.42	0.999733	-0.023112
-1155	3443.27	0.999615	-0.0277382
-1155.21	3450.11	0.999508	-0.0313699
-1155.4	3456.38	0.999597	-0.0283875
-1155.59	3463.22	0.999578	-0.0290645
-1155.8	3470.06	0.999557	-0.0297461
-1156	3476.92	0.999537	-0.0304349
-1156.21	3483.78	0.999559	-0.0296973
-1156.39	3490.08	0.999598	-0.0283417
-1156.59	3496.97	0.999675	-0.025495
-1156.74	3503.86	0.999827	-0.0186106
-1156.84	3510.18	0.999924	-0.0122897
-1156.91	3517.07	0.999986	-0.00537573
-1156.92	3523.97	0.999999	0.00153879
-1156.89	3530.86	0.999964	0.0084535
-1156.82	3537.76	0.999882	0.0153696
-1156.7	3544.08	0.999764	0.021711
-1156.53	3550.98	0.99959	0.0286281
-1156.3	3558.45	0.999388	0.03497
-1156.07	3564.77	0.999248	0.0387781
-1155.79	3571.67	0.999078	0.0429319
-1155.48	3578.57	0.998891	0.0470852
-1155.17	3584.89	0.998797	0.0490458
-1154.84	3591.79	0.998864	0.0476601
-1154.51	3598.69	0.998929	0.0462743
-1154.19	3605.59	0.998992	0.0448883
-1153.89	3612.49	0.999103	0.0423464
-1153.63	3618.82	0.999257	0.0385324
-1153.38	3625.73	0.999409	0.0343709
-1153.15	3632.64	0.999544	0.0302087
-1152.97	3638.98	0.999652	0.0263917
-1152.8	3645.89	0.999753	0.0222254
-1152.66	3652.81	0.999837	0.0180585
-1152.54	3659.72	0.999904	0.0138911
-1152.46	3666.64	0.999947	0.0103012
-1152.4	3672.99	0.99997	0.00775198
-1152.36	3679.91	0.999988	0.00497077
-1152.33	3686.83	0.999998	0.00218938
-1152.32	3693.75	1	-1.29714e-05
-1152.32	3700.1	0.999999	-0.00128864
-1152.34	3707.03	0.999996	-0.00268033
-1152.36	3713.95	0.999996	-0.00291185
-1152.38	3720.88	0.999999	-0.00151916
-1152.38	3727.81	1	-0.000126421
-1152.38	3734.17	0.999999	0.00115034
-1152.37	3741.1	0.999997	0.00254361
-1152.35	3748.03	0.999992	0.00393743
-1152.31	3754.96	0.999986	0.00533131
-1152.28	3761.32	0.999978	0.00660905
-1152.23	3768.26	0.999968	0.00800338
-1152.17	3775.19	0.999956	0.00939826
-1152.1	3782.13	0.999942	0.0107932
-1152.02	3789.07	0.999926	0.0121881
-1151.94	3795.43	0.999917	0.0128856
-1151.85	3802.37	0.999917	0.0128856
-1151.77	3808.74	0.999917	0.0128856
-1151.68	3815.68	0.999917	0.0128856
-1151.59	3822.63	0.999924	0.0123035
-1151.51	3829.57	0.999941	0.0109065
-1151.44	3835.94	0.999954	0.0096258
-1151.38	3842.89	0.999966	0.00822863
-1151.33	3849.84	0.999977	0.00683108
-1151.28	3856.79	0.999985	0.00543288
-1151.25	3863.74	0.999992	0.00403461
-1151.22	3870.69	0.999997	0.00263629
-1151.21	3877.07	0.999998	0.00182058
-1151.2	3884.02	0.999998	0.00182058
-1151.19	3890.98	0.999998	0.00182058
-1151.17	3897.93	0.999998	0.00182058
-1151.16	3904.31	0.999998	0.00182058
-1151.15	3911.27	0.999998	0.00182058
-1151.14	3918.23	0.999998	0.00182058
-1151.12	3924.61	0.999998	0.00182058
-1151.11	3931.58	0.999998	0.00182058
-1151.1	3938.54	0.999998	0.00182058
-1151.09	3945.51	0.999998	0.00182058
-1151.07	3951.89	0.999998	0.00182058
-1151.06	3958.86	0.999998	0.00182058
-1151.05	3965.82	0.999998	0.00182058
-1151.04	3972.21	0.999998	0.00182058
-1151.03	3979.18	0.999998	0.00182058
-1151.01	3986.15	0.999998	0.00182058
-1151	3992.55	0.999998	0.00182058
-1150.99	3999.52	0.999998	0.00182058
-1150.98	4006.49	0.999998	0.00182058
-1150.96	4012.89	0.999998	0.00182058
-1150.95	4019.86	0.999998	0.00182058
-1150.94	4026.84	0.999998	0.00182058
-1150.93	4033.24	0.999998	0.00182058
-1150.91	4040.22	0.999998	0.00182058
-1150.9	4047.2	0.999998	0.00182058
-1150.89	4053.6	0.999998	0.00182058
-1150.88	4060.58	0.999998	0.00182058
-1150.87	4067.57	0.999997	-0.00249075
-1150.91	4074.59	0.999964	-0.00852652
-1150.97	4081.03	0.999947	-0.0102817
-1151.05	4088.07	0.999919	-0.012739
-1151.14	4095.11	0.999905	-0.0138057
-1151.24	4101.57	0.999837	-0.018032
-1151.39	4108.65	0.999735	-0.0230211
-1151.55	4115.73	0.999721	-0.0236325
-1151.73	4122.81	0.999686	-0.0250596
-1151.9	4129.91	0.999691	-0.0248604
-1152.08	4137	0.999699	-0.0245531
-1152.25	4144.1	0.999765	-0.0216824
-1152.39	4151.21	0.999823	-0.0188114
-1152.52	4158.31	0.999873	-0.0159401
-1152.61	4164.82	0.999919	-0.0127093
-1152.69	4171.92	0.999965	-0.00840055
-1152.74	4179.03	0.999992	-0.00409154
-1152.75	4186.14	1	0.000217696
-1152.74	4192.65	0.999993	0.00368973
-1152.71	4199.76	0.999978	0.00656457
-1152.65	4206.87	0.999955	0.00943942
-1152.58	4213.98	0.999924	0.0123142
-1152.49	4220.5	0.999895	0.0144706
-1152.38	4227.61	0.999873	0.0159089
-1152.26	4234.72	0.99985	0.0173302
-1152.14	4241.83	0.999825	0.0187279
-1152.01	4248.35	0.999809	0.0195312
-1151.87	4255.46	0.99981	0.0194953
-1151.73	4262.58	0.999811	0.0194593
-1151.6	4269.7	0.999811	0.0194233
-1151.46	4276.81	0.999823	0.0187893
-1151.33	4283.93	0.99985	0.0173181
-1151.22	4290.46	0.999872	0.0159746
-1151.11	4297.58	0.999895	0.0145184
-1151.01	4304.7	0.999915	0.0130617
-1150.92	4311.82	0.999933	0.0116049
-1150.84	4318.94	0.999949	0.0101481
-1150.78	4325.47	0.999965	0.00833265
-1150.73	4332.6	0.999985	0.00543586
-1150.7	4339.72	0.999997	0.00253894
-1150.69	4346.85	1	-0.000358102
-1150.7	4353.98	0.999996	-0.00265362
-1150.73	4361.12	0.999974	-0.00720108
-1150.79	4367.68	0.999925	-0.0122467
-1150.89	4374.84	0.999882	-0.0153352
-1151.02	4382.02	0.999732	-0.0231365
-1151.21	4389.23	0.999577	-0.0290669
-1151.4	4395.84	0.999586	-0.0287681
-1151.61	4403.05	0.999576	-0.0291155
-1151.82	4410.27	0.999581	-0.0289491
-1152.03	4417.5	0.999571	-0.0292872
-1152.24	4424.73	0.999549	-0.0300256
-1152.45	4431.37	0.999509	-0.0313235
-1152.67	4438.61	0.99959	-0.0286408
-1152.86	4445.85	0.999706	-0.02424
-1153.03	4453.1	0.999803	-0.0198387
-1153.17	4460.95	0.999895	-0.014457
-1153.25	4467.59	0.999959	-0.00907301
-1153.3	4474.84	0.999995	-0.00319767
-1153.3	4482.09	0.999996	0.00267991
-1153.26	4489.34	0.999968	0.00794551
-1153.19	4496.59	0.999924	0.0123543
-1153.1	4503.24	0.999866	0.0163955
-1152.97	4510.49	0.999784	0.0208038
-1152.8	4517.74	0.999712	0.0239857
-1152.63	4524.99	0.999676	0.025451
-1152.44	4532.24	0.999638	0.0269168
-1152.24	4539.49	0.999597	0.0283833
-1152.03	4546.74	0.99959	0.0286226
-1151.84	4553.39	0.999628	0.027267
-1151.65	4560.64	0.999667	0.0257881
-1151.47	4567.89	0.999704	0.0243091
-1151.29	4575.14	0.999753	0.022216
-1151.15	4581.79	0.99981	0.0195093
-1151.02	4589.05	0.999863	0.0165563
-1150.91	4596.31	0.999907	0.013603
-1150.82	4603.56	0.999943	0.0106492
-1150.75	4610.82	0.99997	0.00769536
-1150.71	4618.08	0.999989	0.00474138
-1150.68	4625.34	0.999997	0.00240145
-1150.67	4632	0.999999	0.00104458
-1150.66	4639.26	1	-0.000435686
-1150.67	4646.52	0.999998	-0.001916
-1150.69	4653.78	0.999994	-0.00339627
-1150.72	4660.44	0.999989	-0.0047531
-1150.76	4667.7	0.999981	-0.00623325
-1150.81	4674.96	0.99997	-0.00771347
-1150.86	4682.23	0.999968	-0.00796369
-1150.92	4689.49	0.999979	-0.0064918
-1150.96	4696.75	0.999987	-0.0050198
-1150.99	4704.02	0.999994	-0.0035477
-1151.01	4710.68	0.999998	-0.00219803
-1151.02	4717.95	1	-0.000725099
-1151.02	4725.22	1	0.000748259
-1151.01	4732.48	0.999998	0.00222177
-1150.99	4739.75	0.999993	0.00369549
-1150.97	4746.42	0.999987	0.00504639
-1150.92	4753.68	0.999979	0.00652009
-1150.87	4760.95	0.999968	0.00799396
-1150.81	4768.23	0.999955	0.00946809
-1150.74	4775.5	0.99994	0.0109424
-1150.65	4782.77	0.999923	0.0124169
-1150.57	4789.43	0.999913	0.0131528
-1150.47	4796.71	0.999914	0.0131494
-1150.38	4803.98	0.999914	0.013146
-1150.28	4811.25	0.999914	0.0131426
-1150.19	4817.92	0.99992	0.0126465
-1150.11	4825.19	0.999938	0.0111642
-1150.03	4832.47	0.999953	0.00968195
-1149.96	4839.74	0.999966	0.00819977
-1149.91	4847.02	0.999981	0.00610102
-1149.87	4854.29	0.999995	0.00313889
-1149.86	4861.57	1	0.000176413
-1149.87	4868.24	0.999997	-0.00253946
-1149.89	4875.52	0.999988	-0.00488621
-1149.93	4882.8	0.99998	-0.00637043
-1149.98	4890.08	0.999969	-0.00785481
-1150.05	4897.96	0.999955	-0.00946303
-1150.12	4905.24	0.99994	-0.0109476
-1150.21	4912.52	0.999923	-0.0124324
-1150.3	4919.8	0.999903	-0.0139173
-1150.42	4927.69	0.999898	-0.0142923
-1150.52	4934.97	0.999918	-0.0128165
-1150.6	4941.64	0.999934	-0.0114637
-1150.68	4948.87	0.999881	-0.0154029
-1150.82	4955.93	0.999766	-0.0216443
-1150.96	4962.97	0.999828	-0.0185219
-1151.09	4969.97	0.999865	-0.0164338
-1151.19	4976.92	0.999884	-0.0152055
-1151.3	4983.22	0.99989	-0.0148413
-1151.39	4989.99	0.999823	-0.0188211
-1151.55	4996.56	0.999631	-0.0271749
-1151.7	5002.57	0.999781	-0.0209313
-1151.82	5009.14	0.999899	-0.0142195
-1151.9	5015.71	0.99997	-0.00770741
-1151.93	5022.29	0.999999	-0.00119436
-1151.92	5028.86	0.999986	0.0053191
-1151.89	5035.44	0.999939	-0.0110502
-1152.08	5041.95	0.998623	-0.0524631
-1152.46	5047.79	0.996351	-0.0853464
-1153.12	5054.09	0.991332	-0.131382
-1154.09	5060.36	0.982866	-0.184324
-1155.28	5066.05	0.97262	-0.2324
-1156.89	5072.19	0.958763	-0.284208
-1158.82	5078.22	0.943746	-0.330672
-1161	5084.11	0.928009	-0.372558
-1163.46	5089.9	0.908877	-0.417065
-1166.2	5095.56	0.887609	-0.460598
-1169.2	5101.09	0.86974	-0.493509
-1172.07	5106.06	0.859789	-0.51065
-1175.27	5111.34	0.84863	-0.528986
-1178.59	5116.55	0.836815	-0.547486
-1181.73	5121.27	0.828607	-0.55983
-1185.2	5126.39	0.825203	-0.564836
-1188.71	5131.48	0.821769	-0.569821
-1192.25	5136.56	0.818304	-0.574786
-1195.82	5141.62	0.817144	-0.576434
-1199.09	5146.26	0.819063	-0.573703
-1202.63	5151.34	0.821147	-0.570717
-1206.15	5156.4	0.819139	-0.573595
-1209.36	5160.96	0.817146	-0.57643
-1212.83	5165.91	0.817263	-0.576264
-1216.27	5170.73	0.812573	-0.582859
-1219.99	5175.95	0.818423	-0.574616
-1223.07	5180.38	0.82261	-0.568606
-1226.39	5185.18	0.824788	-0.565442
-1229.66	5190	0.831227	-0.555933
-1232.84	5194.79	0.834006	-0.551755
-1235.96	5199.52	0.838581	-0.544777
-1238.73	5203.83	0.842233	-0.539114
-1241.63	5208.35	0.843146	-0.537685
-1244.7	5213.22	0.845513	-0.533954
-1247.25	5217.22	0.844252	-0.535947
-1250	5221.61	0.849754	-0.527179
-1252.72	5226.02	0.851865	-0.523761
-1255.67	5230.8	0.851437	-0.524457
-1258.17	5234.85	0.848652	-0.528951
-1260.95	5239.27	0.843914	-0.536479
-1263.76	5243.67	0.841256	-0.540637
-1266.59	5248.06	0.839132	-0.543929
-1269.22	5252.1	0.837311	-0.546726
-1272.1	5256.5	0.834928	-0.550359
-1275.03	5260.9	0.827273	-0.5618
-1278.04	5265.28	0.822339	-0.568998
-1281.06	5269.66	0.824837	-0.56537
-1283.83	5273.7	0.823022	-0.56801
-1286.89	5278.1	0.81529	-0.579053
-1290.04	5282.46	0.810359	-0.585934
-1292.92	5286.48	0.813375	-0.58174
-1296.06	5290.87	0.81219	-0.583393
-1299.51	5295.6	0.795434	-0.606041
-1302.88	5299.84	0.770409	-0.637549
-1306.38	5303.99	0.751405	-0.659841
-1310.03	5308.01	0.725623	-0.688092
-1313.84	5311.9	0.697291	-0.716788
-1317.82	5315.63	0.665813	-0.746119
-1321.6	5318.91	0.637733	-0.770257
-1325.89	5322.32	0.607033	-0.794677
-1330.65	5325.88	0.582466	-0.812855
-1334.79	5328.76	0.555998	-0.831184
-1339.4	5331.76	0.52424	-0.85157
-1344.15	5334.55	0.486595	-0.873628
-1349.01	5337.17	0.458956	-0.888459
-1353.95	5339.65	0.436126	-0.899886
-1358.53	5341.82	0.4157	-0.909502
-1363.59	5344.07	0.391504	-0.920176
-1368.72	5346.19	0.370724	-0.928743
-1373.46	5348.04	0.352887	-0.935666
-1378.67	5349.95	0.333753	-0.942661
-1383.92	5351.76	0.317443	-0.948277
-1389.2	5353.5	0.305508	-0.952189
-1394.5	5355.17	0.293385	-0.955994
-1399.38	5356.64	0.280169	-0.959951
-1405.17	5358.29	0.264987	-0.964252
-1406.06	5358.53	0.26372	-0.964599
-1406.06	5358.53	0.26372	-0.964599
-1406.06	5358.53	0.26372	-0.964599
-1406.06	5358.53	0.26372	-0.964599
-1406.06	5358.53	0.26372	-0.964599
-1406.06	5358.53	0.26372	-0.964599
-1406.06	5358.53	0.26372	-0.964599
-1406.06	5358.53	0.26372	-0.964599
-1406.06	5358.53	0.26372	-0.964599
-1406.06	5358.53	0.26372	-0.964599
-1406.06	5358.53	0.26372	-0.964599
-1406.06	5358.53	0.26372	-0.964599
-1406.06	5358.53	0.26372	-0.964599
-1406.06	5358.53	0.26372	-0.964599
-1406.06	5358.53	0.26372	-0.964599
-1406.06	5358.53	0.26372	-0.964599
-1406.06	5358.53	0.26372	-0.964599
-1406.06	5358.53	0.26372	-0.964599
-1406.06	5358.53	0.26372	-0.964599
-1406.06	5358.53	0.26372	-0.964599
-1406.06	5358.53	0.26372	-0.964599
-1406.06	5358.53	0.26372	-0.964599
-1406.06	5358.53	0.26372	-0.964599
-1406.06	5358.53	0.26372	-0.964599
-1406.06	5358.53	0.26372	-0.964599
-1406.06	5358.53	0.26372	-0.964599
-1406.06	5358.53	0.26372	-0.964599
-1406.06	5358.53	0.26372	-0.964599
-1406.06	5358.53	0.26372	-0.964599
-1406.06	5358.53	0.26372	-0.964599
-1406.06	5358.53	0.26372	-0.964599
-1406.06	5358.53	0.26372	-0.964599
-1406.06	5358.53	0.26372	-0.964599
-1406.06	5358.53	0.26372	-0.964599
-1406.06	5358.53	0.26372	-0.964599
-1406.06	5358.53	0.26372	-0.964599
-1406.06	5358.53	0.26372	-0.964599
-1406.06	5358.53	0.26372	-0.964599
-1406.06	5358.53	0.26372	-0.964599
-1406.06	5358.53	0.26372	-0.964599
-1406.06	5358.53	0.26372	-0.964599
-1406.06	5358.53	0.26372	-0.964599
-1406.06	5358.53	0.26372	-0.964599
-1406.06	5358.53	0.26372	-0.964599
-1406.06	5358.53	0.26372	-0.964599
-1406.06	5358.53	0.26372	-0.964599
-1406.06	5358.53	0.26372	-0.964599
-1406.06	5358.53	0.26372	-0.964599
-1406.06	5358.53	0.26372	-0.964599
-1406.06	5358.53	0.26372	-0.964599
-1406.06	5358.53	0.26372	-0.964599
-1406.06	5358.53	0.26372	-0.964599
-1406.06	5358.53	0.26372	-0.964599
-1406.06	5358.53	0.26372	-0.964599
-1406.06	5358.53	0.26372	-0.964599
-1406.06	5358.53	0.26372	-0.964599
-1406.06	5358.53	0.26372	-0.964599
-1406.06	5358.53	0.26372	-0.964599
-1406.06	5358.53	0.26372	-0.964599
-1406.06	5358.53	0.26372	-0.964599
-1406.06	5358.53	0.26372	-0.964599
-1406.06	5358.53	0.26372	-0.964599
-1406.06	5358.53	0.26372	-0.964599
-1406.06	5358.53	0.26372	-0.964599
-1406.06	5358.53	0.26372	-0.964599
-1406.06	5358.53	0.26372	-0.964599
-1406.06	5358.53	0.26372	-0.964599
-1406.06	5358.53	0.26372	-0.964599
-1406.06	5358.53	0.26372	-0.964599
-1406.06	5358.53	0.26372	-0.964599
-1406.06	5358.53	0.26372	-0.964599
-1406.06	5358.53	0.26372	-0.964599
-1406.06	5358.53	0.26372	-0.964599
-1406.06	5358.53	0.26372	-0.964599
