1170	-5100	1	0
1170	-5100	1	0
1170	-5100	1	0
1170	-5100	1	0
1170	-5100	1	0
1170	-5100	1	0
1170	-5100	1	0
1170	-5100	1	0
1170	-5100	1	0
1170	-5100	1	0
1170	-5100	1	0
1170	-5100	1	0
1170	-5100	1	0
1170	-5100	1	0
1170	-5100	1	0
1170	-5100	1	0
1170	-5100	1	0
1170	-5100	1	-0.00059467
1170	-5099.99	0.999999	-0.00142721
1170	-5099.99	0.999999	-0.00142721
1170	-5099.99	0.999999	-0.00142721
1170	-5099.99	0.999999	-0.00142721
1170	-5099.99	0.999999	-0.00142721
1170	-5099.98	0.999998	-0.00190294
1170	-5099.98	0.999996	-0.00273548
1170	-5099.98	0.999996	-0.00273548
1170	-5099.98	0.999996	-0.00273548
1170	-5099.98	0.999996	-0.00273548
1170	-5099.98	0.999996	-0.00273548
1170	-5099.97	0.999994	-0.00333015
1170	-5099.96	0.999991	-0.00416268
1170	-5099.96	0.999991	-0.00416268
1170	-5099.96	0.999991	-0.00416268
1170	-5099.96	0.999991	-0.00416268
1170	-5099.96	0.999991	-0.00416268
1170	-5099.96	0.999989	-0.00475734
1170	-5099.94	0.999972	-0.00742064
1170	-5099.89	0.999911	-0.0133063
1170	-5099.81	0.999755	-0.0221186
1170	-5099.71	0.999427	-0.0338432
1169.99	-5099.6	0.998876	-0.0474097
1169.98	-5099.45	0.997939	-0.0641686
1169.97	-5099.29	0.996514	-0.08343
1169.96	-5099.11	0.994647	-0.103336
1169.93	-5098.9	0.991793	-0.127853
1169.9	-5098.67	0.987939	-0.154845
1169.85	-5098.41	0.985097	-0.172001
1169.8	-5098.12	0.985074	-0.172132
1169.75	-5097.82	0.985057	-0.172226
1169.7	-5097.5	0.98506	-0.17221
1169.64	-5097.18	0.985068	-0.172163
1169.57	-5096.8	0.985079	-0.172103
1169.5	-5096.4	0.985105	-0.171955
1169.43	-5095.99	0.985168	-0.171593
1169.36	-5095.58	0.985225	-0.171265
1169.28	-5095.11	0.985267	-0.171021
1169.19	-5094.62	0.985337	-0.170621
1169.1	-5094.1	0.985424	-0.170116
1169.01	-5093.57	0.985503	-0.169659
1168.92	-5093.02	0.985568	-0.169278
1168.82	-5092.48	0.985618	-0.16899
1168.72	-5091.87	0.985705	-0.168481
1168.61	-5091.24	0.985789	-0.167986
1168.5	-5090.59	0.985855	-0.167603
1168.4	-5089.98	0.985917	-0.167238
1168.28	-5089.27	0.985984	-0.166842
1168.16	-5088.56	0.986088	-0.166226
1168.03	-5087.81	0.986153	-0.16584
1167.9	-5087.05	0.986239	-0.165328
1167.78	-5086.33	0.98635	-0.16466
1167.65	-5085.52	0.986414	-0.16428
1167.51	-5084.69	0.98648	-0.163883
1167.37	-5083.84	0.986586	-0.16324
1167.22	-5082.96	0.986697	-0.162568
1167.08	-5082.07	0.986797	-0.16196
1166.94	-5081.22	0.986857	-0.161599
1166.79	-5080.28	0.98697	-0.160907
1166.63	-5079.31	0.987088	-0.16018
1166.47	-5078.33	0.987207	-0.159442
1166.31	-5077.32	0.987292	-0.158919
1166.14	-5076.29	0.987367	-0.158448
1165.98	-5075.32	0.987453	-0.157914
1165.81	-5074.24	0.987635	-0.156771
1165.64	-5073.14	0.987719	-0.156243
1165.48	-5072.12	0.987738	-0.156121
1165.3	-5070.97	0.987867	-0.1553
1165.11	-5069.81	0.98793	-0.154899
1164.93	-5068.62	0.987935	-0.154871
1164.74	-5067.41	0.988089	-0.153886
1164.55	-5066.17	0.988263	-0.15276
1164.37	-5065.03	0.988407	-0.151829
1164.17	-5063.75	0.988259	-0.15279
1163.97	-5062.44	0.988175	-0.15333
1163.76	-5061.11	0.988408	-0.151818
1163.58	-5059.88	0.988706	-0.149867
1163.37	-5058.52	0.988857	-0.148871
1163.16	-5057.14	0.989034	-0.147686
1162.96	-5055.74	0.989141	-0.146966
1162.72	-5054.19	0.988889	-0.148656
1162.5	-5052.73	0.988865	-0.148818
1162.28	-5051.25	0.989134	-0.147017
1162.08	-5049.88	0.989485	-0.144638
1161.86	-5048.37	0.989496	-0.14456
1161.63	-5046.83	0.989294	-0.145936
1161.4	-5045.27	0.98949	-0.144601
1161.17	-5043.69	0.989694	-0.143198
1160.96	-5042.21	0.989235	-0.146334
1160.72	-5040.59	0.988187	-0.153256
1160.46	-5038.95	0.987437	-0.158013
1160.19	-5037.27	0.986576	-0.163305
1159.92	-5035.73	0.985385	-0.170341
1159.63	-5034.03	0.984128	-0.177461
1159.31	-5032.31	0.982769	-0.18484
1158.98	-5030.57	0.98163	-0.190794
1158.63	-5028.81	0.980452	-0.196757
1158.3	-5027.16	0.979521	-0.201343
1157.92	-5025.36	0.977811	-0.209488
1157.52	-5023.54	0.976144	-0.217126
1157.11	-5021.7	0.974759	-0.223259
1156.72	-5020	0.973418	-0.229034
1156.27	-5018.11	0.972349	-0.233533
1155.81	-5016.21	0.97047	-0.241222
1155.32	-5014.3	0.968206	-0.250155
1154.82	-5012.37	0.966339	-0.257273
1154.34	-5010.59	0.965186	-0.261563
1153.75	-5008.45	0.963477	-0.26779
1153.2	-5006.47	0.961047	-0.276386
1152.61	-5004.47	0.959249	-0.282563
1152.01	-5002.45	0.957208	-0.289401
1151.45	-5000.59	0.955302	-0.295631
1150.81	-4998.54	0.953679	-0.300825
1150.15	-4996.47	0.951475	-0.307727
1149.52	-4994.56	0.949386	-0.314113
1148.82	-4992.47	0.946959	-0.321354
1148.1	-4990.36	0.944999	-0.327073
1147.36	-4988.23	0.943031	-0.332705
1146.59	-4986.08	0.940907	-0.338666
1145.87	-4984.1	0.938136	-0.346267
1145.07	-4981.93	0.93557	-0.353142
1144.23	-4979.74	0.933615	-0.358278
1143.45	-4977.72	0.931608	-0.363464
1142.58	-4975.5	0.928807	-0.370564
1141.68	-4973.27	0.926518	-0.376251
1140.76	-4971.02	0.923555	-0.383466
1139.82	-4968.78	0.920307	-0.391197
1138.85	-4966.52	0.917771	-0.39711
1137.95	-4964.44	0.915851	-0.401518
1136.94	-4962.15	0.913005	-0.407947
1135.9	-4959.86	0.910095	-0.414399
1134.84	-4957.55	0.907605	-0.419825
1133.86	-4955.43	0.904919	-0.425583
1132.75	-4953.1	0.902173	-0.431374
1131.63	-4950.76	0.899715	-0.436478
1130.48	-4948.41	0.896858	-0.442318
1129.31	-4946.05	0.89417	-0.447727
1128.12	-4943.69	0.891451	-0.453117
1127	-4941.51	0.886146	-0.463405
1125.73	-4939.13	0.878188	-0.478315
1124.43	-4936.75	0.873426	-0.486957
1123.08	-4934.37	0.866563	-0.499067
1121.68	-4931.98	0.857949	-0.513735
1120.36	-4929.81	0.847144	-0.531364
1118.85	-4927.45	0.840434	-0.541914
1117.31	-4925.07	0.834502	-0.551005
1115.73	-4922.71	0.825535	-0.564352
1114.1	-4920.36	0.815969	-0.578095
1112.56	-4918.22	0.804859	-0.593467
1110.83	-4915.9	0.797682	-0.603078
1109.06	-4913.58	0.794115	-0.607768
1107.26	-4911.25	0.785077	-0.619398
1105.57	-4909.14	0.776211	-0.630473
1103.69	-4906.83	0.771043	-0.636784
1101.77	-4904.53	0.762505	-0.646982
1099.81	-4902.25	0.752919	-0.658113
1097.8	-4899.98	0.745333	-0.666692
1095.76	-4897.71	0.74316	-0.669114
1093.87	-4895.62	0.73671	-0.676209
1091.77	-4893.36	0.725311	-0.688421
1089.62	-4891.13	0.716297	-0.697795
1087.44	-4888.9	0.711495	-0.702691
1085.41	-4886.86	0.707148	-0.707066
1083.17	-4884.62	0.702896	-0.711292
1080.51	-4882.04	0.688997	-0.724765
1078.18	-4879.85	0.680992	-0.732291
1075.82	-4877.67	0.677895	-0.735158
1073.63	-4875.65	0.672467	-0.740127
1071.21	-4873.48	0.663527	-0.748152
1068.75	-4871.31	0.658607	-0.752487
1066.27	-4869.15	0.649934	-0.759991
1063.96	-4867.2	0.639664	-0.768655
1061.39	-4865.09	0.631957	-0.775003
1058.8	-4862.98	0.629992	-0.776602
1056.17	-4860.86	0.626055	-0.779779
1053.53	-4858.74	0.621854	-0.783133
1051.08	-4856.81	0.615143	-0.788416
1048.38	-4854.72	0.608236	-0.793756
1045.65	-4852.64	0.605519	-0.795831
1042.67	-4850.37	0.602781	-0.797907
1039.9	-4848.29	0.598157	-0.801379
1037.1	-4846.21	0.595605	-0.803278
1034.27	-4844.12	0.591068	-0.806622
1031.66	-4842.22	0.588472	-0.808518
1028.79	-4840.13	0.587661	-0.809107
1025.9	-4838.04	0.584054	-0.811715
1022.99	-4835.95	0.579019	-0.815314
1020.3	-4834.05	0.57613	-0.817358
1017.35	-4831.97	0.573038	-0.819529
1014.37	-4829.91	0.568396	-0.822755
1011.37	-4827.84	0.566681	-0.823937
1008.35	-4825.76	0.564565	-0.825389
1005.56	-4823.86	0.561026	-0.827798
1002.5	-4821.79	0.558141	-0.829746
999.158	-4819.55	0.555529	-0.831497
996.045	-4817.47	0.555177	-0.831732
993.172	-4815.56	0.553294	-0.832986
990.02	-4813.47	0.549137	-0.835733
986.85	-4811.4	0.544274	-0.838907
983.654	-4809.34	0.542222	-0.840235
980.703	-4807.43	0.542078	-0.840328
977.467	-4805.35	0.53914	-0.842216
973.939	-4803.1	0.536223	-0.844076
970.663	-4801.02	0.536564	-0.843859
967.374	-4798.93	0.534302	-0.845294
964.343	-4797.02	0.533432	-0.845843
961.02	-4794.91	0.538292	-0.842758
957.698	-4792.78	0.543449	-0.839442
954.375	-4790.62	0.548615	-0.836075
951.056	-4788.43	0.554166	-0.832406
947.734	-4786.2	0.560402	-0.828221
944.688	-4784.13	0.56607	-0.824357
941.361	-4781.83	0.572253	-0.820077
938.046	-4779.5	0.579177	-0.815202
934.741	-4777.13	0.585539	-0.810645
931.434	-4774.73	0.591528	-0.806285
928.402	-4772.49	0.597084	-0.802179
925.098	-4770.01	0.604371	-0.796703
921.805	-4767.49	0.615868	-0.787849
918.549	-4764.9	0.629765	-0.776786
915.316	-4762.25	0.639403	-0.768872
912.095	-4759.55	0.649871	-0.760045
908.913	-4756.78	0.663149	-0.748487
906.022	-4754.19	0.673844	-0.738873
902.902	-4751.3	0.685263	-0.728296
899.806	-4748.36	0.69492	-0.719087
896.743	-4745.36	0.706248	-0.707964
893.971	-4742.56	0.715909	-0.698194
890.966	-4739.45	0.724251	-0.689537
887.992	-4736.29	0.733344	-0.679858
885.046	-4733.08	0.742347	-0.670015
882.14	-4729.82	0.752034	-0.659124
879.263	-4726.5	0.759887	-0.650055
876.646	-4723.42	0.766602	-0.642122
873.826	-4720.01	0.774616	-0.632432
871.038	-4716.57	0.782121	-0.623127
868.277	-4713.07	0.78893	-0.614483
865.767	-4709.82	0.794565	-0.607179
863.05	-4706.23	0.800676	-0.599098
860.357	-4702.6	0.806649	-0.591031
857.694	-4698.94	0.811763	-0.583987
855.054	-4695.24	0.816858	-0.576838
852.439	-4691.51	0.821823	-0.569743
850.061	-4688.05	0.826531	-0.562891
847.489	-4684.24	0.832383	-0.5542
844.943	-4680.38	0.837374	-0.54663
842.422	-4676.49	0.841252	-0.540643
840.13	-4672.91	0.84393	-0.536454
837.64	-4668.97	0.847825	-0.530276
835.173	-4664.99	0.852921	-0.52204
832.731	-4660.97	0.855798	-0.51731
830.299	-4656.94	0.858499	-0.512815
828.085	-4653.2	0.861845	-0.507172
825.684	-4649.1	0.865704	-0.500556
823.31	-4644.95	0.869249	-0.494374
821.142	-4641.14	0.869287	-0.494308
818.77	-4636.97	0.869974	-0.493097
816.405	-4632.77	0.873394	-0.487015
814.062	-4628.54	0.874908	-0.484289
811.71	-4624.3	0.875972	-0.482363
809.377	-4620.02	0.879581	-0.475749
807.054	-4615.72	0.879906	-0.475147
804.725	-4611.41	0.880588	-0.473882
802.401	-4607.08	0.880816	-0.473458
800.062	-4602.74	0.881628	-0.471945
797.742	-4598.36	0.886378	-0.462962
795.639	-4594.31	0.887616	-0.460584
793.336	-4589.88	0.887036	-0.4617
791.026	-4585.44	0.885906	-0.463866
788.886	-4581.38	0.885747	-0.464169
786.565	-4576.9	0.889701	-0.456544
784.26	-4572.4	0.889079	-0.457754
781.928	-4567.9	0.886113	-0.46347
779.57	-4563.4	0.886584	-0.462568
777.417	-4559.25	0.888608	-0.458667
775.074	-4554.7	0.891408	-0.453202
772.762	-4550.11	0.893576	-0.448913
770.635	-4545.89	0.892377	-0.45129
768.308	-4541.28	0.894472	-0.447125
766.001	-4536.63	0.89628	-0.443489
763.692	-4531.96	0.898143	-0.439703
761.413	-4527.26	0.89992	-0.436055
759.309	-4522.94	0.898472	-0.439032
757.009	-4518.22	0.898898	-0.438158
754.697	-4513.49	0.899543	-0.436833
752.399	-4508.73	0.899744	-0.436417
750.267	-4504.36	0.899062	-0.437821
747.958	-4499.57	0.902297	-0.431115
745.655	-4494.75	0.900465	-0.434929
743.313	-4489.95	0.898033	-0.439928
740.959	-4485.13	0.898021	-0.439952
738.588	-4480.31	0.898195	-0.439598
736.23	-4475.45	0.902515	-0.430658
733.914	-4470.54	0.903957	-0.427623
731.77	-4466.05	0.901587	-0.432599
729.412	-4461.14	0.900492	-0.434872
727.031	-4456.23	0.899885	-0.436127
724.65	-4451.29	0.903167	-0.429289
722.504	-4446.73	0.904711	-0.426027
720.133	-4441.76	0.900448	-0.434963
717.721	-4436.79	0.900155	-0.435571
715.121	-4431.37	0.901992	-0.431752
712.717	-4426.37	0.899571	-0.436775
710.472	-4421.78	0.898582	-0.438805
708.042	-4416.75	0.900989	-0.433842
705.6	-4411.7	0.900036	-0.435815
703.154	-4406.65	0.898618	-0.438733
700.665	-4401.6	0.897023	-0.441984
698.182	-4396.52	0.898805	-0.438349
695.902	-4391.86	0.896146	-0.44376
693.362	-4386.8	0.891473	-0.453074
690.778	-4381.74	0.892303	-0.451437
688.438	-4377.06	0.895783	-0.444491
685.891	-4371.94	0.893467	-0.449129
683.299	-4366.83	0.891319	-0.453376
680.7	-4361.71	0.890282	-0.455409
678.061	-4356.6	0.886833	-0.46209
675.396	-4351.49	0.887857	-0.46012
672.972	-4346.77	0.892638	-0.450775
670.378	-4341.57	0.895873	-0.444309
667.785	-4336.36	0.893718	-0.448629
665.376	-4331.59	0.891916	-0.452202
662.738	-4326.38	0.890897	-0.454206
660.069	-4321.18	0.890517	-0.454949
657.197	-4315.51	0.891532	-0.452958
654.522	-4310.28	0.891836	-0.452359
652.099	-4305.45	0.895627	-0.444806
649.467	-4300.15	0.894861	-0.446345
646.811	-4294.85	0.892187	-0.451666
644.104	-4289.56	0.88489	-0.4658
641.278	-4284.32	0.875858	-0.482568
638.377	-4279.11	0.869313	-0.494263
635.379	-4273.93	0.862859	-0.505444
632.588	-4269.18	0.85917	-0.51169
629.47	-4264.03	0.84815	-0.529756
626.221	-4258.95	0.836484	-0.547992
623.158	-4254.34	0.821571	-0.570106
619.602	-4249.44	0.800867	-0.598842
615.946	-4244.59	0.788462	-0.615083
612.116	-4239.85	0.767205	-0.641402
608.158	-4235.19	0.751134	-0.66015
604.393	-4231.03	0.723408	-0.690421
600.063	-4226.69	0.692057	-0.721843
595.578	-4222.48	0.678779	-0.734343
591.024	-4218.31	0.66378	-0.747928
586.727	-4214.61	0.633006	-0.774147
581.858	-4210.78	0.604727	-0.796433
576.883	-4207.06	0.589282	-0.807928
571.814	-4203.43	0.576824	-0.816869
567.122	-4200.14	0.562599	-0.82673
561.894	-4196.69	0.537827	-0.843055
556.58	-4193.36	0.522655	-0.852544
551.194	-4190.11	0.510908	-0.859635
546.218	-4187.17	0.500602	-0.865677
540.723	-4184.07	0.482016	-0.876163
535.162	-4181.05	0.474466	-0.880274
529.571	-4178.04	0.469986	-0.882674
523.941	-4175.08	0.460981	-0.88741
518.277	-4172.16	0.451332	-0.892356
513.041	-4169.55	0.444104	-0.895975
507.306	-4166.68	0.449839	-0.89311
501.568	-4163.78	0.450607	-0.892722
495.815	-4160.89	0.444642	-0.895709
490.515	-4158.29	0.437888	-0.89903
484.711	-4155.47	0.437418	-0.899258
478.899	-4152.64	0.436416	-0.899745
473.067	-4149.82	0.43659	-0.899661
466.739	-4146.72	0.444465	-0.895796
460.898	-4143.8	0.447091	-0.894488
455.05	-4140.89	0.444422	-0.895817
449.674	-4138.23	0.442196	-0.896919
443.797	-4135.33	0.442044	-0.896994
437.908	-4132.43	0.443552	-0.896248
432.01	-4129.49	0.451606	-0.892217
426.121	-4126.48	0.458441	-0.888725
420.732	-4123.69	0.459382	-0.888239
414.851	-4120.65	0.459261	-0.888302
408.973	-4117.61	0.462128	-0.886813
403.108	-4114.54	0.463582	-0.886054
397.728	-4111.73	0.464782	-0.885425
391.883	-4108.63	0.47214	-0.881523
386.062	-4105.5	0.474378	-0.880321
380.243	-4102.36	0.474486	-0.880263
374.424	-4099.23	0.473984	-0.880533
369.096	-4096.36	0.475801	-0.879553
363.317	-4093.21	0.480175	-0.877173
357.058	-4089.78	0.480378	-0.877061
351.274	-4086.62	0.479384	-0.877605
345.483	-4083.46	0.478392	-0.878146
339.688	-4080.3	0.4774	-0.878686
333.884	-4077.16	0.468364	-0.883536
328.025	-4074.12	0.452953	-0.891534
322.617	-4071.39	0.45285	-0.891587
316.721	-4068.37	0.452903	-0.89156
310.795	-4065.4	0.448646	-0.893709
304.874	-4062.4	0.456777	-0.889581
298.975	-4059.34	0.464809	-0.885411
293.583	-4056.49	0.473692	-0.88069
287.725	-4053.3	0.484436	-0.874827
281.905	-4050.03	0.495713	-0.868486
276.119	-4046.69	0.506686	-0.862131
270.363	-4043.27	0.517434	-0.855723
264.634	-4039.76	0.528148	-0.849153
259.423	-4036.49	0.53788	-0.843021
253.779	-4032.85	0.547978	-0.836493
248.177	-4029.14	0.556879	-0.830594
242.601	-4025.37	0.564288	-0.825578
237.505	-4021.86	0.572406	-0.819971
231.967	-4017.95	0.581042	-0.813873
226.457	-4013.99	0.588652	-0.808387
220.968	-4009.96	0.594715	-0.803937
215.497	-4005.89	0.599007	-0.800744
210.491	-4002.13	0.605794	-0.795622
204.605	-3997.6	0.612623	-0.790375
199.64	-3993.74	0.615341	-0.788261
194.244	-3989.51	0.617754	-0.786371
188.844	-3985.27	0.620008	-0.784595
183.453	-3980.98	0.623195	-0.782067
178.502	-3977.04	0.625136	-0.780516
173.109	-3972.69	0.628312	-0.777962
167.703	-3968.34	0.625837	-0.779954
161.834	-3963.62	0.627979	-0.77823
156.417	-3959.25	0.626781	-0.779195
150.974	-3954.9	0.621852	-0.783135
145.961	-3950.92	0.622883	-0.782315
140.498	-3946.55	0.626217	-0.779649
135.032	-3942.15	0.630164	-0.776462
129.59	-3937.7	0.632915	-0.774221
124.13	-3933.26	0.627905	-0.77829
119.097	-3929.21	0.627452	-0.778655
113.6	-3924.78	0.625596	-0.780147
108.078	-3920.38	0.625034	-0.780598
103.042	-3916.31	0.630299	-0.776353
97.5604	-3911.86	0.631511	-0.775367
92.0952	-3907.39	0.63086	-0.775896
86.5982	-3902.96	0.623748	-0.781625
81.0804	-3898.58	0.624447	-0.781067
75.6166	-3894.17	0.629594	-0.776924
70.6394	-3890.14	0.626811	-0.779171
65.1831	-3885.79	0.620211	-0.784435
59.7245	-3881.49	0.61715	-0.786846
54.2914	-3877.23	0.615004	-0.788524
49.2956	-3873.36	0.609287	-0.79295
43.8088	-3869.18	0.604419	-0.796667
38.314	-3865.01	0.60248	-0.798134
32.7979	-3860.87	0.597989	-0.801504
27.2629	-3856.75	0.593118	-0.805115
21.6965	-3852.68	0.589047	-0.808099
16.1277	-3848.62	0.590762	-0.806846
11.0331	-3844.88	0.592745	-0.80539
5.48562	-3840.79	0.595165	-0.803604
-0.047153	-3836.68	0.597643	-0.801762
-5.10197	-3832.89	0.615603	-0.788056
-10.4073	-3828.48	0.679143	-0.734006
-15.2747	-3823.59	0.732329	-0.680951
-19.9018	-3818.47	0.766173	-0.642634
-24.1754	-3813.05	0.797541	-0.603265
-28.3221	-3807.52	0.81043	-0.585835
-32.2353	-3801.83	0.852283	-0.523081
-35.5906	-3795.78	0.894406	-0.447255
-38.3448	-3790.07	0.902057	-0.431617
-41.3707	-3783.85	0.897803	-0.440396
-44.4135	-3777.64	0.898377	-0.439225
-47.4471	-3771.42	0.898949	-0.438053
-50.2196	-3765.73	0.899618	-0.436679
-53.2308	-3759.51	0.900621	-0.434604
-56.2001	-3753.27	0.915212	-0.402972
-58.7923	-3746.87	0.936122	-0.351676
-61.1884	-3740.38	0.934867	-0.354999
-63.5057	-3734.49	0.928258	-0.371937
-66.091	-3728.08	0.920665	-0.390354
-68.9094	-3721.77	0.904254	-0.426994
-71.666	-3716.08	0.896608	-0.442825
-74.7066	-3709.88	0.908862	-0.417097
-77.407	-3703.54	0.927932	-0.372749
-79.9187	-3697.17	0.936912	-0.349565
-82.1916	-3690.78	0.944116	-0.329613
-84.3923	-3684.49	0.950379	-0.311096
-86.1608	-3678.68	0.962425	-0.271549
-87.8605	-3672.33	0.973546	-0.228489
-89.175	-3665.89	0.987153	-0.159781
-90.0557	-3659.41	0.993117	-0.117127
-90.7329	-3653.51	0.994782	-0.102024
-91.2783	-3647.09	0.998807	-0.0488389
-91.4187	-3640.69	0.999949	-0.0101051
-91.4973	-3634.38	0.999992	0.00411764
-91.3385	-3628.11	0.998923	0.0463936
-90.9402	-3621.37	0.996428	0.0844428
-90.2894	-3615.18	0.99213	0.125213
-89.4637	-3609.08	0.990175	0.139837
-88.6715	-3603.55	0.987536	0.157396
-87.6034	-3597.55	0.983424	0.181319
-86.5205	-3591.55	0.982773	0.184818
-85.3268	-3585.57	0.978623	0.205663
-84.0373	-3579.61	0.973571	0.228384
-82.5591	-3573.69	0.969274	0.245982
-81.2147	-3568.26	0.972487	0.232955
-79.8276	-3562.32	0.975651	0.219327
-78.5251	-3556.36	0.978603	0.205758
-77.3044	-3550.38	0.981785	0.189993
-76.2829	-3544.88	0.984999	0.172562
-75.2754	-3538.87	0.988153	0.153474
-74.3914	-3532.83	0.990929	0.134383
-73.6091	-3526.77	0.992609	0.121358
-72.8888	-3520.71	0.993254	0.11596
-72.1848	-3514.65	0.993822	0.110989
-71.5868	-3509.08	0.994743	0.102402
-70.9809	-3503.01	0.995746	0.0921399
-70.4624	-3496.93	0.997426	0.0717042
-70.092	-3490.83	0.998948	0.0458523
-69.8858	-3485.23	0.999697	0.0246096
-69.788	-3479.12	0.999989	0.00475914
-69.8064	-3473.01	0.99989	-0.0147989
-69.9525	-3466.9	0.999295	-0.0375396
-70.2453	-3460.8	0.998009	-0.0630668
-70.6533	-3455.21	0.996365	-0.0851875
-71.2004	-3449.12	0.99733	-0.0730318
-71.5111	-3443	0.999547	-0.0300971
-71.6201	-3436.88	0.999859	0.0168149
-71.3841	-3431.27	0.998612	0.0526673
-71.0983	-3425.14	0.999379	0.035225
-70.9331	-3419.02	0.999736	0.0229748
-70.7521	-3412.89	0.997907	0.0646627
-70.1523	-3406.78	0.993872	0.110536
-69.5607	-3401.18	0.993834	0.110875
-68.7941	-3395.08	0.987949	0.154778
-67.694	-3389.03	0.980682	0.195609
-66.5692	-3383.5	0.976579	0.215161
-65.1047	-3377.51	0.959316	0.282334
-63.1629	-3371.66	0.94482	0.32759
-61.1655	-3365.82	0.938991	0.343941
-58.8776	-3360.08	0.918752	0.394834
-56.377	-3354.42	0.911122	0.412136
-53.9966	-3349.28	0.891105	0.453798
-50.9695	-3343.87	0.853552	0.521008
-47.6697	-3338.62	0.846372	0.532592
-44.4101	-3333.35	0.852702	0.522397
-41.4181	-3328.51	0.835669	0.549233
-37.8505	-3323.43	0.811885	0.583817
-34.2605	-3318.36	0.814223	0.580552
-30.5953	-3313.34	0.792716	0.609591
-26.694	-3308.5	0.758465	0.651713
-22.5409	-3303.87	0.73469	0.678403
-18.3078	-3299.3	0.722129	0.691759
-13.9178	-3294.88	0.694634	0.719363
-9.38207	-3290.61	0.673322	0.739349
-4.72235	-3286.46	0.652889	0.757454
-0.356847	-3282.77	0.635629	0.771995
4.49826	-3278.85	0.620603	0.784125
9.42277	-3275.01	0.595153	0.803613
14.5286	-3271.42	0.554488	0.832192
19.3303	-3268.29	0.544138	0.838996
24.5454	-3264.85	0.552916	0.833237
29.7629	-3261.41	0.550952	0.834537
34.9768	-3257.96	0.546829	0.837245
40.2467	-3254.59	0.519779	0.854301
45.1899	-3251.68	0.501398	0.865217
50.6023	-3248.54	0.493493	0.86975
56.0778	-3245.51	0.486062	0.873924
61.5295	-3242.43	0.483686	0.875241
66.5931	-3239.72	0.459197	0.888334
72.1736	-3236.88	0.449079	0.893492
77.7837	-3234.08	0.440893	0.89756
83.4205	-3231.34	0.432672	0.901551
89.0834	-3228.65	0.424417	0.905467
94.7721	-3226.01	0.416128	0.909306
100.004	-3223.62	0.421005	0.907058
105.668	-3220.93	0.442865	0.896588
111.264	-3218.09	0.464948	0.885338
116.789	-3215.11	0.486498	0.873682
121.787	-3212.27	0.513193	0.858273
127.11	-3208.94	0.549608	0.835423
132.305	-3205.41	0.585213	0.81088
137.317	-3201.62	0.620534	0.784179
142.199	-3197.66	0.649748	0.76015
146.498	-3193.81	0.69381	0.720158
150.899	-3189.31	0.736764	0.67615
155.075	-3184.6	0.767903	0.640566
158.686	-3180.09	0.793647	0.608378
162.464	-3175.04	0.813113	0.582106
166.044	-3169.85	0.836299	0.548274
169.421	-3164.52	0.855167	0.518353
172.624	-3159.08	0.869611	0.493738
175.433	-3154.02	0.881428	0.472318
178.348	-3148.42	0.89395	0.448167
181.124	-3142.75	0.9033	0.42901
183.793	-3137.02	0.910664	0.413148
186.152	-3131.73	0.916538	0.399948
188.647	-3125.92	0.921856	0.387533
191.064	-3120.08	0.926467	0.376377
193.421	-3114.22	0.92982	0.368015
195.726	-3108.33	0.933085	0.359657
197.792	-3102.92	0.936081	0.351784
199.994	-3096.99	0.938845	0.34434
202.155	-3091.05	0.940843	0.338844
204.109	-3085.59	0.942613	0.333886
206.202	-3079.63	0.94509	0.326811
208.25	-3073.65	0.946732	0.322021
210.282	-3067.66	0.947566	0.319559
212.29	-3061.67	0.948706	0.316159
214.286	-3055.67	0.948826	0.3158
216.118	-3050.17	0.948547	0.316637
218.122	-3044.18	0.948105	0.317958
220.139	-3038.19	0.947226	0.320567
222.173	-3032.2	0.946434	0.322898
224.048	-3026.71	0.945613	0.325292
226.116	-3020.74	0.944581	0.328278
228.194	-3014.77	0.94403	0.329861
230.288	-3008.8	0.9429	0.333075
232.403	-3002.84	0.942162	0.335158
234.523	-2996.88	0.941969	0.335701
236.473	-2991.42	0.94141	0.337263
238.973	-2984.47	0.940702	0.339235
241.126	-2978.5	0.940512	0.339761
243.108	-2973.02	0.939954	0.3413
245.285	-2967.04	0.939665	0.342097
247.471	-2961.03	0.94004	0.341064
249.658	-2954.99	0.940086	0.340938
251.85	-2948.96	0.939805	0.341712
253.868	-2943.41	0.939761	0.341832
256.074	-2937.34	0.940276	0.340414
258.281	-2931.23	0.940649	0.33938
260.306	-2925.62	0.940492	0.339815
262.521	-2919.49	0.940143	0.340781
264.746	-2913.36	0.940149	0.340763
266.975	-2907.2	0.940346	0.34022
269.204	-2901.04	0.940436	0.33997
271.253	-2895.37	0.940723	0.339177
273.491	-2889.15	0.941007	0.338386
275.73	-2882.92	0.941136	0.338027
277.785	-2877.2	0.941246	0.337722
280.029	-2870.94	0.941383	0.33734
282.279	-2864.66	0.941628	0.336654
284.532	-2858.35	0.941808	0.336152
286.788	-2852.03	0.941954	0.335743
288.856	-2846.22	0.941985	0.335654
291.116	-2839.88	0.942184	0.335096
293.379	-2833.51	0.942522	0.334145
295.641	-2827.12	0.942692	0.333663
297.715	-2821.26	0.943033	0.332698
299.971	-2814.84	0.943799	0.33052
302.218	-2808.41	0.944038	0.329837
304.465	-2801.98	0.94445	0.328654
306.701	-2795.52	0.946107	0.323855
308.72	-2789.57	0.947573	0.319538
310.907	-2783.07	0.948648	0.316333
313.067	-2776.53	0.951152	0.308724
315.173	-2769.95	0.953379	0.301777
317.08	-2763.9	0.954713	0.297527
319.124	-2757.27	0.956194	0.292732
321.154	-2750.63	0.956828	0.290655
323.164	-2743.98	0.957367	0.288875
325.178	-2737.32	0.957709	0.287739
327.166	-2730.62	0.960511	0.278243
328.924	-2724.45	0.96267	0.270678
330.816	-2717.69	0.964124	0.265454
332.66	-2710.9	0.965173	0.261612
334.514	-2704.1	0.964663	0.263487
336.211	-2697.87	0.964661	0.263494
338.079	-2691.06	0.965578	0.260112
339.882	-2684.21	0.967831	0.251601
341.669	-2677.34	0.968283	0.249858
343.432	-2670.46	0.96851	0.248974
345.217	-2663.57	0.968511	0.248969
346.826	-2657.22	0.969783	0.24397
348.572	-2650.29	0.968819	0.247769
350.371	-2643.37	0.966929	0.255046
352.054	-2637.04	0.965334	0.261018
353.955	-2630.14	0.962259	0.272136
355.936	-2623.26	0.959055	0.283219
357.996	-2616.41	0.955723	0.294268
360.136	-2609.57	0.952078	0.305857
362.363	-2602.77	0.948024	0.318198
364.481	-2596.56	0.944168	0.329465
366.859	-2589.8	0.946517	0.322654
369.069	-2582.99	0.957367	0.288876
371.037	-2576.1	0.967012	0.254732
372.759	-2569.15	0.97544	0.220266
374.231	-2562.14	0.983257	0.182223
375.322	-2555.66	0.989745	0.142844
376.217	-2548.55	0.995025	0.0996222
376.802	-2541.4	0.998419	0.0562091
377.08	-2534.24	0.999843	0.0177353
377.113	-2527.06	0.999906	-0.0136992
376.921	-2519.89	0.998982	-0.0451208
376.503	-2512.73	0.99707	-0.0764989
375.931	-2506.18	0.995345	-0.0963808
375.208	-2499.03	0.994199	-0.10756
374.394	-2491.88	0.992576	-0.121626
373.467	-2484.71	0.990568	-0.137025
372.441	-2477.53	0.99006	-0.140647
371.533	-2470.95	0.991024	-0.133686
370.566	-2463.75	0.991373	-0.13107
369.625	-2456.54	0.991619	-0.129194
368.6	-2448.71	0.991973	-0.126452
367.704	-2441.47	0.992325	-0.12366
366.856	-2434.81	0.992406	-0.123005
366.005	-2427.53	0.993787	-0.111295
365.197	-2420.22	0.994589	-0.103892
364.483	-2412.9	0.996289	-0.0860709
363.914	-2405.57	0.997865	-0.0653072
363.497	-2398.22	0.999009	-0.0445146
363.233	-2390.87	0.999719	-0.0236917
363.126	-2384.13	0.99999	-0.00458088
363.157	-2376.77	0.999868	0.01627
363.34	-2369.42	0.999311	0.0371152
363.674	-2362.06	0.998527	0.0542514
364.109	-2354.72	0.997806	0.0662058
364.586	-2347.99	0.997019	0.0771556
365.191	-2340.65	0.996024	0.0890903
365.878	-2333.32	0.995437	0.0954236
366.576	-2326	0.995579	0.0939289
367.263	-2318.67	0.995719	0.0924339
367.938	-2311.33	0.995857	0.0909386
368.6	-2304	0.996266	0.086332
369.16	-2297.28	0.996945	0.0781127
369.708	-2289.93	0.997607	0.06914
370.19	-2282.58	0.998189	0.0601617
370.605	-2275.23	0.99869	0.0511783
370.954	-2267.87	0.999136	0.0415673
371.208	-2261.13	0.999489	0.0319535
371.411	-2253.76	0.99977	0.021462
371.537	-2246.4	0.99994	0.0109679
371.587	-2239.03	0.999997	0.00234302
371.586	-2231.67	0.999993	-0.00366319
371.541	-2224.3	0.999953	-0.00966931
371.462	-2217.54	0.999912	-0.0132984
371.36	-2210.18	0.99989	-0.0148011
371.246	-2202.81	0.999867	-0.0163038
371.121	-2195.44	0.999841	-0.0178064
370.998	-2188.69	0.999844	-0.0176811
370.877	-2181.32	0.999892	-0.0146754
370.778	-2173.95	0.999932	-0.0116695
370.701	-2166.58	0.999962	-0.00866347
370.647	-2159.2	0.999984	-0.00565702
370.614	-2151.83	0.999996	-0.00265009
370.604	-2144.46	1	0.000356902
370.616	-2137.09	0.999994	0.00336394
370.653	-2129.71	0.999955	0.00949738
370.744	-2122.96	0.999817	0.0191313
370.917	-2115.58	0.999561	0.0296392
371.168	-2108.21	0.999194	0.0401439
371.546	-2100.85	0.994869	0.101174
372.563	-2094.16	0.975343	0.220695
374.588	-2087.06	0.937707	0.347427
377.536	-2080.27	0.883662	0.468125
381.315	-2073.9	0.843905	0.536492
385.305	-2067.65	0.84146	0.540319
389.323	-2061.42	0.838998	0.544134
393.37	-2055.21	0.836519	0.547938
397.422	-2048.99	0.849392	0.527762
400.87	-2043.14	0.878789	0.477211
404.236	-2036.52	0.907432	0.420199
407.173	-2029.71	0.932382	0.361473
409.664	-2022.72	0.955857	0.293831
411.461	-2016.16	0.975332	0.220742
412.851	-2008.86	0.990212	0.139569
413.634	-2001.47	0.998349	0.0574358
413.814	-1994.04	0.999875	-0.0157872
413.511	-1986.61	0.997113	-0.0759364
412.76	-1979.21	0.990735	-0.135809
411.565	-1971.87	0.980765	-0.195192
410.011	-1964.59	0.985222	-0.17128
409.204	-1957.81	0.999149	-0.0412483
409.34	-1950.35	0.994842	0.101437
410.539	-1942.98	0.970249	0.24211
412.497	-1936.4	0.958223	0.286024
414.317	-1929.13	0.980904	0.194492
415.587	-1921.72	0.989625	0.143672
416.59	-1914.24	0.992142	0.125114
417.578	-1906.74	0.984869	0.173298
419.248	-1899.34	0.963086	0.269194
421.264	-1892.66	0.954098	0.299493
423.611	-1885.39	0.932442	0.361321
426.797	-1878.43	0.887638	0.460542
430.461	-1871.68	0.858637	0.512585
434.267	-1865.73	0.830716	0.556696
438.598	-1859.32	0.810472	0.585778
443.364	-1853.21	0.75748	0.652858
448.624	-1847.51	0.70234	0.711842
454.334	-1842.24	0.642924	0.76593
460.455	-1837.44	0.579609	0.814895
466.359	-1833.43	0.568796	0.822479
472.659	-1828.83	0.613031	0.790059
478.751	-1823.93	0.64536	0.763879
484.162	-1819.22	0.673913	0.73881
489.856	-1813.83	0.710012	0.70419
495.236	-1808.11	0.752534	0.658554
500.26	-1802.08	0.782543	0.622597
504.654	-1796.39	0.82084	0.571158
508.811	-1789.73	0.876882	0.480706
512.374	-1782.73	0.903887	0.427772
515.632	-1775.58	0.921498	0.388384
518.261	-1768.88	0.948932	0.31548
520.374	-1761.31	0.974863	0.222805
521.96	-1753.61	0.984545	0.175131
523.19	-1745.84	0.992498	0.122263
523.94	-1738	0.997687	0.0679796
524.341	-1730.79	0.999324	0.0367691
524.511	-1722.91	0.999998	-0.0018067
524.356	-1715.02	0.998997	-0.0447733
523.825	-1707.15	0.992518	-0.122102
522.482	-1699.38	0.976102	-0.217314
520.595	-1691.7	0.964941	-0.262467
518.389	-1684.09	0.950259	-0.311462
515.72	-1676.61	0.937804	-0.347164
512.988	-1669.16	0.935983	-0.352046
510.097	-1661.74	0.928136	-0.37224
507.372	-1654.97	0.930389	-0.366574
504.541	-1647.53	0.94003	-0.341092
501.883	-1640.01	0.943402	-0.331653
499.236	-1632.48	0.950153	-0.311784
496.908	-1624.84	0.957346	-0.288945
494.732	-1617.84	0.956643	-0.291261
492.496	-1610.14	0.963421	-0.267994
490.403	-1602.4	0.970818	-0.239818
488.768	-1595.23	0.97738	-0.211492
487.064	-1587.38	0.97931	-0.202366
485.512	-1579.49	0.980219	-0.197917
483.822	-1571.62	0.975814	-0.218601
482.061	-1563.75	0.978063	-0.20831
480.598	-1556.51	0.981889	-0.189457
479.094	-1548.59	0.982772	-0.184824
477.61	-1540.66	0.984357	-0.176188
476.242	-1532.7	0.985203	-0.17139
474.929	-1525.41	0.984002	-0.178156
473.507	-1517.44	0.982765	-0.184862
471.909	-1509.5	0.978348	-0.206965
470.221	-1501.56	0.979625	-0.200836
468.664	-1493.6	0.982594	-0.185768
467.29	-1486.28	0.983574	-0.180504
465.86	-1478.28	0.985504	-0.169654
464.412	-1469.6	0.987789	-0.1558
463.199	-1461.56	0.990203	-0.139639
462.204	-1454.17	0.992227	-0.124442
461.248	-1446.08	0.994169	-0.107832
460.425	-1437.98	0.995787	-0.0917007
459.731	-1429.86	0.997088	-0.0762572
459.204	-1422.41	0.998071	-0.0620861
458.751	-1414.27	0.998913	-0.0466128
458.42	-1406.12	0.999429	-0.0337817
458.175	-1397.96	0.999696	-0.0246633
458.005	-1389.8	0.999879	-0.0155453
457.909	-1381.63	0.999979	-0.00642841
457.885	-1373.46	1	-1.65267e-05
457.892	-1365.97	0.999997	0.00238951
457.921	-1357.79	0.999987	0.00501136
457.97	-1349.61	0.999971	0.00763014
458.04	-1341.42	0.999963	0.00860844
458.101	-1333.92	0.999973	0.00740101
458.157	-1325.72	0.999982	0.00608013
458.202	-1317.53	0.999991	0.00420981
458.227	-1309.33	0.999999	0.00157165
458.231	-1301.13	0.999999	-0.00107007
458.213	-1292.92	0.999993	-0.00371537
458.174	-1284.71	0.99998	-0.00636054
458.118	-1277.18	0.999961	-0.00878189
458.037	-1268.97	0.999935	-0.0114237
457.934	-1260.75	0.999901	-0.0140689
457.81	-1252.53	0.999869	-0.0161611
457.685	-1244.99	0.999849	-0.0173677
457.537	-1236.76	0.999825	-0.0186873
457.379	-1228.53	0.9998	-0.0200106
457.18	-1218.92	0.999768	-0.0215535
456.998	-1210.69	0.999738	-0.0228726
456.821	-1203.13	0.99971	-0.0240824
456.618	-1194.89	0.999677	-0.0254018
456.405	-1186.64	0.999672	-0.0256117
456.199	-1178.39	0.999706	-0.0242668
456.019	-1170.83	0.999735	-0.0230365
455.833	-1162.57	0.999765	-0.0216976
455.659	-1154.31	0.999793	-0.0203556
455.495	-1146.05	0.999819	-0.0190077
455.342	-1137.78	0.999844	-0.0176583
455.212	-1130.2	0.999865	-0.0164184
455.082	-1121.92	0.999895	-0.0145069
454.971	-1113.64	0.99993	-0.0118117
454.889	-1106.05	0.999956	-0.00934366
454.821	-1097.77	0.999978	-0.00665423
454.774	-1089.48	0.99999	-0.00451723
454.742	-1081.18	0.999995	-0.00315257
454.72	-1072.89	0.999998	-0.00179094
454.71	-1064.59	1	-0.000423692
454.71	-1056.98	1	0.000284972
454.713	-1048.67	1	0.000331465
454.716	-1040.36	1	0.000374846
454.719	-1032.05	1	0.000415114
454.722	-1024.43	1	0.000453535
454.726	-1016.11	1	0.000500212
454.73	-1007.79	1	0.000543776
454.735	-999.466	1	0.000622298
454.741	-991.138	1	0.000755049
454.747	-982.806	1	0.000890349
454.755	-975.167	0.999999	0.00101149
454.764	-966.829	0.999999	0.00114075
454.773	-958.488	0.999999	0.00127208
454.785	-950.145	0.999999	0.00140756
454.797	-941.798	0.999999	0.00154001
454.809	-934.144	0.999999	0.00165881
454.821	-925.79	1	-0.000190721
454.803	-917.43	0.999988	-0.00481161
454.747	-909.066	0.999955	-0.00944046
454.652	-900.697	0.999901	-0.0140772
454.53	-893.021	0.999832	-0.0183282
454.361	-884.643	0.999736	-0.0229644
454.152	-876.261	0.999619	-0.0276081
453.904	-867.874	0.999496	-0.03176
453.651	-860.183	0.999443	-0.0333841
453.375	-851.79	0.999481	-0.0322072
453.109	-843.393	0.999518	-0.0310334
452.852	-834.992	0.999554	-0.0298626
452.606	-826.588	0.99962	-0.0275622
452.405	-818.88	0.999712	-0.0240024
452.217	-810.468	0.999798	-0.0201213
452.061	-802.051	0.999868	-0.0162428
451.947	-794.333	0.99992	-0.0126819
451.854	-785.91	0.999962	-0.00875055
451.794	-777.482	0.999989	-0.00477408
451.767	-769.052	1	-0.000800386
451.774	-760.618	0.999997	0.00261233
451.805	-752.181	0.999986	0.00524059
451.853	-744.444	0.999971	0.00764691
451.927	-736	0.999947	0.0102691
452.023	-727.554	0.999924	0.0123272
452.122	-719.808	0.999909	0.0135016
452.241	-711.356	0.99989	0.0147993
452.37	-702.9	0.99987	0.0160941
452.51	-694.441	0.999859	0.0168213
452.652	-685.979	0.99986	0.0167551
452.794	-677.514	0.999861	0.0166856
452.935	-669.045	0.999862	0.0166129
453.075	-660.573	0.999872	0.0159697
453.205	-652.097	0.999894	0.0145292
453.323	-643.618	0.999914	0.0130895
453.429	-635.135	0.999932	0.0116522
453.523	-626.649	0.999948	0.010216
453.598	-618.866	0.99996	0.00890209
453.669	-610.373	0.999972	0.00746532
453.727	-601.877	0.999982	0.00602506
453.773	-593.377	0.99999	0.00458139
453.805	-585.582	0.999995	0.00325869
453.828	-577.076	0.999998	0.0018217
453.838	-568.566	1	0.000385069
453.836	-560.052	0.999999	-0.00105496
453.822	-551.536	0.999997	-0.00249386
453.796	-543.016	0.999992	-0.00392986
453.761	-535.203	0.999986	-0.00524932
453.711	-526.677	0.999978	-0.00669197
453.649	-518.147	0.999971	-0.00755475
453.585	-509.615	0.999971	-0.00760238
453.52	-501.078	0.999971	-0.00765055
453.46	-493.251	0.99997	-0.00769747
453.341	-484.709	0.998564	-0.0535694
452.493	-476.208	0.98663	-0.162977
450.713	-467.843	0.962729	-0.270469
448.023	-459.718	0.927141	-0.374713
444.536	-451.89	0.916483	-0.400075
441.396	-443.909	0.94819	-0.317704
438.971	-435.675	0.972513	-0.232849
437.392	-427.96	0.988159	-0.153434
436.297	-418.711	0.994262	-0.106975
435.17	-410.182	0.986363	-0.164582
433.548	-401.728	0.975129	-0.221639
431.436	-393.38	0.960593	-0.277958
428.906	-385.143	0.960781	-0.277309
426.952	-377.486	0.979095	-0.203404
425.491	-368.984	0.9926	-0.12143
424.74	-360.384	0.999255	-0.0386017
424.717	-351.024	0.999366	0.0356016
425.187	-342.391	0.996743	0.0806473
426.047	-333.783	0.99209	0.125525
427.294	-325.219	0.985418	0.170149
428.897	-316.71	0.982297	0.187329
430.322	-308.898	0.985763	0.168141
431.703	-300.343	0.989117	0.147132
432.902	-291.758	0.992024	0.126051
433.919	-283.146	0.994482	0.104908
434.742	-274.51	0.997216	0.0745605
435.206	-266.569	0.999391	0.0349016
435.353	-257.888	0.999964	-0.00843322
435.122	-249.207	0.99866	-0.0517605
434.601	-240.532	0.999766	-0.0216371
434.895	-231.841	0.993795	0.111228
436.178	-223.96	0.97285	0.231438
438.665	-215.598	0.933479	0.358631
442.181	-207.598	0.905623	0.424083
445.839	-199.65	0.912219	0.409702
449.083	-192.313	0.918066	0.396427
452.5	-184.252	0.924226	0.381846
455.773	-176.129	0.936127	0.351661
458.66	-167.859	0.954924	0.296849
461.046	-159.433	0.971267	0.237992
462.784	-151.593	0.982033	0.188707
464.264	-142.95	0.990216	0.139546
465.297	-134.245	0.996195	0.0871546
465.869	-125.498	0.999404	0.0345226
465.987	-117.465	0.999905	-0.0138096
465.688	-108.707	0.998549	-0.0538533
465.135	-99.9619	0.997097	-0.0761448
464.387	-91.2331	0.995147	-0.098396
463.444	-82.525	0.992702	-0.120597
462.328	-73.8391	0.992148	-0.125068
461.307	-65.1432	0.994499	-0.104748
460.527	-57.1569	0.996288	-0.0860846
459.848	-48.4312	0.99784	-0.065691
459.318	-38.9665	0.999227	-0.0393198
459.095	-30.2209	0.999981	-0.00612296
459.162	-21.4745	0.999633	0.0270794
459.52	-12.7367	0.998183	0.0602507
460.165	-4.01693	0.995843	0.0910894
461.062	4.67901	0.992933	0.118677
462.199	13.3451	0.989259	0.146172
463.576	21.9746	0.984825	0.173553
465.048	29.8472	0.980094	0.198534
466.867	38.3913	0.976921	0.213603
468.726	46.9252	0.977319	0.211774
470.569	55.4609	0.977713	0.209946
472.244	63.2867	0.978071	0.20827
474.047	71.8269	0.97987	0.199636
475.723	80.3911	0.983404	0.181427
477.239	88.9832	0.9866	0.163156
478.596	97.6002	0.989456	0.144831
479.786	106.24	0.992629	0.121191
480.662	114.185	0.995696	0.0926817
481.357	122.875	0.998107	0.0614956
481.779	131.581	0.999542	0.0302511
481.928	139.568	0.999996	0.00279742
481.852	148.281	0.999691	-0.0248378
481.536	156.987	0.998623	-0.0524525
480.979	165.68	0.996793	-0.0800257
480.194	174.353	0.995299	-0.0968533
479.344	183.018	0.995117	-0.0987025
478.551	190.959	0.994947	-0.100397
477.671	199.618	0.994759	-0.102245
476.782	208.274	0.995266	-0.0971891
476.051	216.215	0.996493	-0.0836813
475.377	224.887	0.997622	-0.0689289
474.831	233.567	0.998532	-0.0541621
474.416	242.252	0.999312	-0.0370985
474.167	250.941	0.999858	-0.0168227
474.094	258.908	0.999998	0.00176877
474.182	267.597	0.999757	0.0220484
474.445	276.281	0.999199	0.040023
474.807	284.235	0.998565	0.0535444
475.326	292.905	0.997666	0.0682831
475.972	301.564	0.996549	0.0830059
476.74	310.211	0.995726	0.0923527
477.548	318.853	0.995554	0.0941929
478.303	326.772	0.995393	0.0958793
479.141	335.407	0.995214	0.0977186
479.991	344.04	0.995407	0.0957303
480.73	351.956	0.996032	0.0889932
481.475	360.595	0.996662	0.0816393
482.156	369.237	0.997237	0.0742813
482.769	377.883	0.998007	0.0631056
483.256	386.535	0.998915	0.0465781
483.577	394.471	0.999506	0.0314174
483.79	403.131	0.999889	0.0148711
483.86	411.791	1	-0.000148027
483.821	419.729	0.999929	-0.0119511
483.671	428.385	0.999692	-0.0248246
483.41	437.037	0.999289	-0.0376931
483.039	445.683	0.998798	-0.0490244
482.623	453.604	0.998349	-0.0574423
482.093	462.239	0.997778	-0.0666202
481.483	470.866	0.997124	-0.0757921
480.799	479.487	0.996703	-0.0811393
480.156	487.386	0.996703	-0.0811393
479.455	496.002	0.996703	-0.0811393
478.754	504.616	0.996703	-0.0811393
478.055	513.229	0.996886	-0.0788508
477.447	521.125	0.997272	-0.0738148
476.829	529.74	0.997664	-0.068319
476.259	538.357	0.998025	-0.0628215
475.773	546.257	0.998054	-0.0623614
475.215	554.871	0.997695	-0.0678543
474.609	563.481	0.997307	-0.0733448
473.957	572.085	0.996888	-0.0788328
473.332	579.969	0.997477	-0.0709845
472.811	588.579	0.998963	-0.0455352
472.51	597.198	0.999799	-0.0200573
472.427	605.102	0.999995	0.00330825
472.548	613.722	0.999564	0.0295328
472.9	622.335	0.998387	0.0567686
473.487	630.933	0.996469	0.0839609
474.308	639.51	0.99381	0.11109
475.356	648.062	0.991128	0.132914
476.449	655.882	0.989259	0.146175
477.759	664.394	0.987018	0.160611
479.194	672.885	0.984566	0.175012
480.778	681.347	0.977331	0.211718
482.842	689.702	0.960311	0.278931
485.239	697.218	0.94065	0.339377
488.392	705.225	0.914871	0.403746
492.112	712.984	0.875815	0.482648
496.618	720.312	0.815061	0.579375
501.932	727.08	0.743654	0.668564
507.454	732.717	0.66964	0.742686
514.102	738.188	0.595676	0.803225
521.166	743.117	0.538534	0.842604
527.928	747.195	0.483878	0.875135
535.583	751.143	0.42203	0.906582
543.483	754.574	0.379369	0.925246
551.472	757.794	0.365812	0.930689
559.507	760.895	0.352179	0.935933
566.899	763.66	0.362102	0.932139
574.866	766.921	0.40186	0.915701
582.685	770.52	0.440873	0.897569
589.709	774.112	0.47592	0.879489
597.199	778.347	0.519003	0.854772
604.434	783.004	0.571773	0.820412
611.36	788.106	0.622277	0.782797
617.95	793.633	0.670312	0.742079
624.187	799.557	0.709338	0.704869
630.144	805.762	0.737804	0.675015
635.375	811.66	0.762794	0.646641
640.822	818.314	0.78881	0.614636
645.999	825.179	0.807416	0.589982
650.61	831.57	0.816186	0.577789
655.528	838.62	0.825543	0.56434
660.329	845.748	0.834677	0.55074
665.02	852.947	0.839489	0.543376
669.694	860.156	0.838497	0.544907
673.989	866.755	0.837584	0.546308
678.686	873.944	0.836587	0.547835
683.402	881.119	0.831411	0.555659
688.232	888.217	0.820154	0.572143
692.781	894.636	0.809549	0.587053
697.877	901.541	0.797671	0.603093
703.074	908.368	0.808262	0.588823
707.918	915.446	0.847784	0.530341
711.91	922.22	0.88031	0.4744
715.755	929.887	0.911583	0.411116
719.038	937.809	0.941978	0.335673
721.408	945.305	0.967931	0.251215
723.227	953.686	0.987622	0.156853
724.232	962.204	0.998053	0.0623666
724.437	970.78	0.99955	-0.0300096
723.849	979.339	0.992514	-0.12213
722.474	987.808	0.977006	-0.213211
720.361	996.126	0.962879	-0.269935
718.206	1003.69	0.960129	-0.279558
715.769	1011.92	0.95702	-0.290022
713.243	1020.12	0.953797	-0.300451
710.866	1027.62	0.957287	-0.289141
708.574	1035.89	0.971642	-0.236457
706.736	1044.26	0.983101	-0.183066
705.358	1052.73	0.991628	-0.129131
704.451	1061.25	0.997583	-0.0694779
704.103	1069.1	0.99997	-0.00770806
704.278	1077.67	0.998216	0.059704
705.03	1086.21	0.991923	0.126844
706.204	1093.98	0.986565	0.16337
707.579	1102.45	0.987727	0.156191
708.892	1110.92	0.988837	0.149004
710.143	1119.4	0.989894	0.14181
711.292	1127.89	0.995098	0.0988929
711.794	1135.72	0.999912	0.0132557
711.573	1144.28	0.996773	-0.0802749
710.553	1152.79	0.984903	-0.173105
708.914	1160.47	0.963456	-0.267867
706.184	1168.59	0.921602	-0.388136
702.444	1176.3	0.86503	-0.501721
697.818	1183.52	0.832525	-0.553987
693.154	1190.73	0.848785	-0.528737
688.709	1198.06	0.864275	-0.50302
684.83	1204.9	0.877789	-0.479048
680.46	1213.11	0.878502	-0.477739
676.589	1219.95	0.858311	-0.513131
672.054	1227.22	0.83466	-0.550766
667.2	1234.29	0.809348	-0.58733
662.041	1241.14	0.785101	-0.619368
657.096	1247.24	0.765342	-0.643624
651.487	1253.72	0.742934	-0.669365
645.661	1260.01	0.719662	-0.694325
639.631	1266.1	0.700318	-0.713831
633.47	1272.05	0.687242	-0.726429
627.203	1277.89	0.67394	-0.738786
620.833	1283.61	0.660424	-0.750893
614.911	1288.76	0.655289	-0.755378
608.457	1294.39	0.659354	-0.751832
602.034	1300.05	0.663401	-0.748264
595.643	1305.74	0.667427	-0.744675
589.81	1310.98	0.667064	-0.745001
583.41	1316.66	0.6589	-0.75223
576.951	1322.27	0.650659	-0.75937
570.431	1327.8	0.642341	-0.766419
563.856	1333.27	0.636861	-0.770979
557.26	1338.71	0.635438	-0.772152
551.207	1343.68	0.634131	-0.773225
544.597	1349.1	0.635038	-0.772481
538.008	1354.54	0.639196	-0.769044
531.451	1360.01	0.643336	-0.765584
525.467	1365.06	0.647114	-0.762393
518.956	1370.59	0.633918	-0.7734
512.215	1375.83	0.584498	-0.811395
505.161	1380.64	0.5328	-0.846241
497.822	1385	0.479033	-0.877797
490.223	1388.89	0.419317	-0.90784
483.033	1391.97	0.357529	-0.933902
474.972	1394.78	0.288298	-0.957541
466.729	1396.99	0.217524	-0.976055
458.347	1398.6	0.156107	-0.98774
450.598	1399.68	0.112851	-0.993612
442.101	1400.48	0.0654259	-0.997857
433.576	1400.87	0.0178561	-0.999841
425.042	1400.87	-0.0106747	-0.999943
416.51	1400.78	-0.0124926	-0.999922
407.979	1400.66	-0.0143087	-0.999898
399.451	1400.53	-0.0161235	-0.99987
390.923	1400.4	-0.00820244	-0.999966
383.107	1400.4	0.0115534	-0.999933
374.584	1400.58	0.0331012	-0.999452
366.068	1400.94	0.0633269	-0.997993
357.574	1401.63	0.105625	-0.994406
349.82	1402.58	0.144234	-0.989544
341.412	1403.96	0.186102	-0.98253
333.052	1405.6	0.144611	-0.989489
324.563	1406.27	-0.0153689	-0.999882
316.069	1405.56	-0.175077	-0.984555
307.788	1403.51	-0.330319	-0.943869
300.542	1400.54	-0.39723	-0.917719
292.605	1397.36	-0.336209	-0.941787
284.476	1394.71	-0.273771	-0.961795
276.192	1392.59	-0.210156	-0.977668
267.779	1391.07	-0.103487	-0.994631
259.237	1390.78	0.0639096	-0.997956
250.757	1391.92	0.229648	-0.973274
243.242	1394.2	0.376063	-0.926594
235.538	1397.97	0.522577	-0.852592
228.533	1402.94	0.651289	-0.75883
222.398	1408.95	0.763505	-0.645802
217.675	1415.27	0.849434	-0.527695
213.606	1422.85	0.909807	-0.415032
210.235	1430.79	0.932799	-0.360397
207.293	1438.89	0.94736	-0.320169
204.625	1447.08	0.953266	-0.302133
202.027	1455.3	0.953207	-0.302319
199.62	1462.83	0.950487	-0.310765
196.879	1471.01	0.945282	-0.326254
194.023	1479.16	0.941886	-0.335933
191.06	1487.27	0.927515	-0.373787
187.533	1495.16	0.886865	-0.462029
183.602	1502.03	0.84932	-0.527878
178.518	1509.91	0.821028	-0.570888
173.799	1516.28	0.769486	-0.638664
167.983	1522.7	0.720364	-0.693596
161.925	1528.91	0.69937	-0.71476
155.599	1534.85	0.676918	-0.736058
149.227	1540.74	0.680492	-0.732755
143.399	1546.16	0.681439	-0.731875
137.046	1552.08	0.682607	-0.730786
130.715	1558.03	0.696561	-0.717498
124.583	1564.19	0.720864	-0.693076
118.606	1570.51	0.732173	-0.681119
113.202	1576.38	0.749155	-0.662394
107.572	1583.02	0.770123	-0.637895
102.011	1589.74	0.777635	-0.628716
96.632	1596.61	0.802545	-0.596592
91.9674	1603.11	0.821091	-0.570798
87.0312	1610.31	0.836627	-0.547773
82.3888	1617.71	0.856711	-0.515796
77.9485	1625.24	0.870408	-0.492331
74.0897	1632.27	0.880111	-0.474768
69.9223	1639.98	0.882157	-0.470955
65.8639	1647.74	0.894222	-0.447623
62.0584	1655.64	0.90833	-0.418254
58.4696	1663.63	0.915208	-0.402982
55.2382	1671	0.917197	-0.398433
51.7757	1679.06	0.921706	-0.387889
48.4162	1687.17	0.925399	-0.378995
45.0947	1695.3	0.925881	-0.377816
42.0535	1702.75	0.925664	-0.378346
38.7226	1710.88	0.924289	-0.381692
35.3439	1719	0.922628	-0.385691
31.9482	1727.11	0.92136	-0.38871
28.4995	1735.21	0.917984	-0.396618
24.9735	1743.28	0.91428	-0.405084
21.6784	1750.66	0.911187	-0.411993
18.0207	1758.67	0.906916	-0.421311
14.2507	1766.65	0.900378	-0.435109
10.3586	1774.58	0.89377	-0.448525
6.34599	1782.46	0.887548	-0.460715
2.23001	1790.28	0.878706	-0.477364
-1.71593	1797.35	0.866234	-0.499638
-6.21956	1804.97	0.851965	-0.523599
-10.951	1812.45	0.834875	-0.550439
-15.9161	1819.77	0.817375	-0.576107
-21.1005	1826.93	0.799719	-0.600375
-26.0387	1833.35	0.782902	-0.622145
-31.6241	1840.21	0.763882	-0.645356
-37.4358	1846.86	0.72514	-0.688601
-43.2222	1852.53	0.660877	-0.750494
-50.6784	1858.52	0.578171	-0.815916
-57.4523	1862.96	0.503127	-0.864213
-65.2603	1867.09	0.417786	-0.908545
-73.4262	1870.47	0.330146	-0.94393
-81.1613	1872.87	0.247198	-0.968965
-89.8019	1874.71	0.154615	-0.987975
-99.3086	1875.84	0.10144	-0.994842
-108.093	1876.82	0.123878	-0.992298
-116.851	1877.99	0.146247	-0.989248
-125.579	1879.37	0.168541	-0.985695
-133.546	1880.81	0.197843	-0.980234
-142.168	1882.72	0.241206	-0.970474
-150.696	1885.01	0.284091	-0.958797
-158.416	1887.43	0.32291	-0.94643
-166.716	1890.44	0.361843	-0.932239
-174.892	1893.76	0.396293	-0.918124
-182.938	1897.38	0.430193	-0.902737
-190.842	1901.3	0.463494	-0.8861
-197.959	1905.13	0.484033	-0.87505
-205.656	1909.44	0.493892	-0.869523
-213.301	1913.83	0.503687	-0.863886
-220.895	1918.3	0.513417	-0.858139
-227.815	1922.47	0.515571	-0.856847
-235.379	1926.99	0.509103	-0.860706
-242.975	1931.45	0.502606	-0.864516
-249.966	1935.49	0.496626	-0.867965
-257.627	1939.83	0.482621	-0.875829
-265.386	1943.99	0.457907	-0.889
-273.257	1947.93	0.432835	-0.901473
-281.233	1951.64	0.407425	-0.913239
-288.632	1954.85	0.383861	-0.923391
-296.793	1958.13	0.357881	-0.933767
-305.041	1961.18	0.331623	-0.943412
-312.672	1963.78	0.307325	-0.951605
-321.067	1966.39	0.285033	-0.958518
-329.509	1968.83	0.268838	-0.963185
-337.989	1971.13	0.252568	-0.967579
-345.794	1973.12	0.237591	-0.971365
-354.337	1975.16	0.231832	-0.972756
-362.872	1977.23	0.240938	-0.97054
-370.676	1979.19	0.249267	-0.968435
-379.169	1981.42	0.258331	-0.966056
-387.636	1983.72	0.274064	-0.961711
-396.047	1986.22	0.299026	-0.954245
-403.697	1988.7	0.321728	-0.946832
-411.97	1991.61	0.346283	-0.93813
-420.163	1994.74	0.369883	-0.929078
-428.276	1998.06	0.392249	-0.919859
-435.638	2001.28	0.412549	-0.910935
-443.584	2004.98	0.434461	-0.900691
-451.445	2008.85	0.442944	-0.896549
-459.317	2012.69	0.432869	-0.901457
-466.569	2016.13	0.423586	-0.905856
-474.518	2019.81	0.413409	-0.910545
-482.511	2023.38	0.395452	-0.918487
-490.594	2026.74	0.366386	-0.930463
-498.093	2029.59	0.339425	-0.940633
-506.361	2032.45	0.309694	-0.950836
-514.713	2035.05	0.281121	-0.959672
-522.43	2037.22	0.256599	-0.966518
-530.907	2039.37	0.229661	-0.973271
-539.439	2041.28	0.202547	-0.979273
-548.016	2042.96	0.187421	-0.98228
-556.6	2044.61	0.189252	-0.981929
-564.466	2046.13	0.192072	-0.981381
-573.049	2047.83	0.199711	-0.979855
-581.626	2049.63	0.214008	-0.976832
-589.469	2051.4	0.231977	-0.972721
-597.981	2053.52	0.25592	-0.966698
-606.44	2055.86	0.278871	-0.960329
-614.855	2058.38	0.297794	-0.95463
-623.229	2061.07	0.322706	-0.946499
-630.829	2063.78	0.352134	-0.93595
-639.027	2066.99	0.385037	-0.922901
-647.096	2070.52	0.419845	-0.907596
-655.046	2074.33	0.45301	-0.891506
-662.844	2078.47	0.485167	-0.874421
-669.881	2082.48	0.516848	-0.856077
-677.341	2087.22	0.558316	-0.829628
-684.6	2092.27	0.587607	-0.809147
-691.108	2097.12	0.613624	-0.789598
-698.012	2102.67	0.641633	-0.767011
-704.754	2108.44	0.662956	-0.748658
-711.324	2114.42	0.68774	-0.725957
-717.679	2120.62	0.711928	-0.702253
-723.844	2127.03	0.733582	-0.679601
-729.307	2133.08	0.753148	-0.657852
-735.078	2139.84	0.771244	-0.636539
-740.661	2146.77	0.788641	-0.614853
-746.049	2153.85	0.805442	-0.592675
-750.821	2160.47	0.818113	-0.575057
-755.888	2167.8	0.83011	-0.5576
-760.786	2175.26	0.841922	-0.539599
-765.549	2182.8	0.851408	-0.524504
-770.174	2190.44	0.857616	-0.514291
-774.765	2198.1	0.860959	-0.508675
-778.898	2205.18	0.863399	-0.504522
-783.434	2212.88	0.861723	-0.507378
-787.948	2220.61	0.868683	-0.495369
-792.315	2228.44	0.876653	-0.481124
-796.275	2235.64	0.871648	-0.490133
-800.742	2243.42	0.868727	-0.495292
-805.128	2251.26	0.871944	-0.489605
-809.581	2259.07	0.868373	-0.495912
-813.651	2266.25	0.869186	-0.494486
-818.144	2274.05	0.859213	-0.511618
-822.846	2281.72	0.848131	-0.529787
-827.224	2288.73	0.85172	-0.523998
-831.893	2296.45	0.853847	-0.520524
-836.662	2304.12	0.847985	-0.53002
-841.442	2311.79	0.841737	-0.539887
-846.442	2319.32	0.824961	-0.56519
-851.149	2326.15	0.827087	-0.562074
-856.172	2333.69	0.834933	-0.550351
-860.761	2340.62	0.826329	-0.563187
-865.978	2348.03	0.814632	-0.579978
-871.226	2355.44	0.811581	-0.58424
-876.593	2362.77	0.808873	-0.587983
-881.874	2370.17	0.816203	-0.577766
-886.718	2376.96	0.807257	-0.5902
-892.164	2384.25	0.797765	-0.602969
-897.655	2391.51	0.794153	-0.607717
-903.229	2398.72	0.794412	-0.607379
-908.265	2405.4	0.794475	-0.607297
-913.883	2412.59	0.78649	-0.617604
-919.467	2419.81	0.806275	-0.591541
-924.698	2427.31	0.833449	-0.552596
-929.648	2435.01	0.857965	-0.513708
-933.775	2442.32	0.885845	-0.463981
-937.892	2450.5	0.892234	-0.451574
-942.141	2458.63	0.883762	-0.467936
-946.054	2466.07	0.884639	-0.466276
-950.362	2474.18	0.886395	-0.46293
-954.56	2482.36	0.884745	-0.466074
-958.989	2490.43	0.86912	-0.494602
-963.213	2497.73	0.853579	-0.520963
-968.2	2505.47	0.833295	-0.552829
-973.273	2513.17	0.841069	-0.540928
-978.168	2521	0.860713	-0.509091
-982.333	2528.37	0.886358	-0.463
-986.395	2536.67	0.909053	-0.416681
-990.138	2545.14	0.925432	-0.378914
-993.419	2553.79	0.949472	-0.313851
-996.036	2562.67	0.968914	-0.247399
-998.135	2571.7	0.980703	-0.195504
-999.742	2580.83	0.989034	-0.147688
-1000.88	2589.26	0.994202	-0.107526
-1001.67	2598.51	0.998042	-0.0625439
-1002.14	2607.8	0.999327	-0.0366865
-1002.4	2617.09	0.999894	-0.0145784
-1002.45	2626.38	0.999962	0.00874009
-1002.29	2634.91	0.999499	0.0316629
-1001.92	2644.2	0.999115	0.0420639
-1001.56	2653.5	0.999245	0.0388572
-1001.17	2662.8	0.998977	0.0452191
-1000.73	2672.1	0.998669	0.0515869
-1000.27	2680.63	0.998664	0.0516799
-999.831	2689.95	0.99917	0.0407341
-999.495	2699.27	0.999575	0.0291428
-999.272	2708.6	0.999874	0.0158548
-999.188	2717.94	0.99999	-0.00451994
-999.319	2726.51	0.9995	-0.0316062
-999.739	2735.85	0.997944	-0.0640902
-1000.47	2745.18	0.995139	-0.0984801
-1001.53	2754.48	0.990942	-0.13429
-1002.8	2762.97	0.985802	-0.167909
-1004.53	2772.18	0.97667	-0.214747
-1006.76	2781.28	0.966445	-0.256872
-1009.24	2790.33	0.960313	-0.278924
-1011.96	2799.31	0.954538	-0.298089
-1014.55	2807.53	0.949823	-0.312787
-1017.64	2816.42	0.938454	-0.345403
-1020.98	2825.21	0.929762	-0.368161
-1024.52	2833.93	0.924073	-0.382217
-1027.84	2841.91	0.920434	-0.390898
-1031.6	2850.55	0.912803	-0.4084
-1035.49	2859.14	0.908906	-0.417
-1039.45	2867.71	0.907297	-0.420491
-1043.42	2876.27	0.90674	-0.421691
-1047.08	2884.13	0.90699	-0.421152
-1051.04	2892.72	0.90904	-0.416709
-1054.97	2901.32	0.91031	-0.413926
-1058.87	2909.95	0.913268	-0.407359
-1062.38	2917.89	0.916855	-0.399221
-1066.14	2926.59	0.919606	-0.392843
-1069.83	2935.31	0.92235	-0.386355
-1073.47	2944.07	0.925486	-0.378782
-1077.03	2952.85	0.927535	-0.373737
-1080.57	2961.64	0.928163	-0.372174
-1083.8	2969.71	0.928785	-0.37062
-1087.3	2978.52	0.929563	-0.368664
-1090.78	2987.34	0.934072	-0.357085
-1094.05	2996.25	0.945282	-0.326254
-1097.02	3005.26	0.955569	-0.294766
-1099.69	3014.36	0.964879	-0.262696
-1101.86	3022.78	0.975154	-0.221527
-1103.69	3032.09	0.988054	-0.15411
-1104.89	3041.51	0.996308	-0.0858537
-1105.43	3050.99	0.999854	-0.0170924
-1105.33	3060.48	0.998964	0.0454981
-1104.76	3069.17	0.99551	0.0946588
-1103.65	3078.61	0.98898	0.148052
-1102.03	3087.97	0.979588	0.201015
-1100.11	3096.47	0.970852	0.239678
-1097.53	3106.44	0.964123	0.265456
-1095.14	3114.82	0.958027	0.286678
-1092.32	3123.91	0.950965	0.309299
-1089.31	3132.93	0.947383	0.320103
-1086.28	3141.95	0.949234	0.31457
-1083.32	3150.99	0.951252	0.308414
-1080.65	3159.29	0.953281	0.302084
-1077.81	3168.38	0.958797	0.284092
-1075.24	3177.55	0.968037	0.250806
-1072.99	3186.8	0.976241	0.216689
-1071.06	3196.12	0.98323	0.182372
-1069.59	3204.72	0.989209	0.146508
-1068.37	3214.17	0.994833	0.101525
-1067.58	3223.67	0.998412	0.0563374
-1067.21	3233.98	0.999953	0.00971678
-1067.27	3243.51	0.999602	-0.0281974
-1067.69	3253.03	0.997817	-0.0660411
-1068.47	3262.54	0.994599	-0.103792
-1069.7	3272.79	0.991227	-0.132168
-1071	3282.24	0.990165	-0.139902
-1072.24	3290.89	0.989171	-0.146766
-1073.67	3300.33	0.988047	-0.15415
-1075.16	3309.75	0.988342	-0.152251
-1076.55	3319.19	0.990519	-0.137376
-1077.81	3328.65	0.992473	-0.122466
-1078.83	3337.34	0.994067	-0.108773
-1079.8	3346.84	0.995835	-0.091174
-1080.59	3356.35	0.997558	-0.0698469
-1081.17	3365.89	0.998824	-0.0484867
-1081.53	3374.63	0.999583	-0.0288857
-1081.72	3384.18	0.999967	-0.00814339
-1081.72	3393.74	0.999932	0.0116873
-1081.53	3403.29	0.999503	0.0315144
-1081.19	3412.04	0.998765	0.0496794
-1080.64	3421.58	0.997939	0.0641649
-1080	3431.12	0.997462	0.071204
-1079.29	3440.66	0.996935	0.0782398
-1078.58	3449.39	0.996762	0.0804073
-1077.84	3458.93	0.997214	0.0746001
-1077.15	3468.47	0.997631	0.0687901
-1076.51	3478.01	0.998015	0.0629775
-1075.94	3487.56	0.998478	0.0551553
-1075.45	3497.12	0.999009	0.0445178
-1075.07	3506.68	0.999426	0.0338748
-1074.8	3515.45	0.999709	0.024115
-1074.62	3525.02	0.999909	0.0134605
-1074.53	3534.59	0.999996	0.00279768
-1074.55	3544.16	0.999969	-0.0078659
-1074.65	3552.94	0.999844	-0.0176404
-1074.86	3562.52	0.999672	-0.0256215
-1075.12	3572.09	0.999554	-0.0298492
-1075.42	3581.67	0.999419	-0.0340764
-1075.77	3591.24	0.999266	-0.038303
-1076.15	3600.82	0.999179	-0.0405123
-1076.53	3610.39	0.999204	-0.0398983
-1076.91	3619.97	0.999228	-0.0392847
-1077.26	3628.75	0.99925	-0.0387227
-1077.62	3638.33	0.999324	-0.0367623
-1077.96	3647.91	0.999458	-0.0329153
-1078.26	3657.5	0.999577	-0.0290676
-1078.5	3666.29	0.999674	-0.02554
-1078.73	3675.87	0.999779	-0.0210183
-1078.91	3685.46	0.999879	-0.0155586
-1079.04	3695.04	0.999949	-0.0101164
-1079.12	3704.62	0.999986	-0.00537368
-1079.15	3714.19	0.999999	-0.00159331
-1079.15	3722.95	0.999998	0.001864
-1079.12	3732.47	0.999984	0.00562733
-1079.05	3741.96	0.999962	0.00870751
-1078.96	3751.46	0.999941	0.0108245
-1078.86	3760.14	0.999919	0.012744
-1078.73	3769.55	0.99989	0.014817
-1078.59	3778.87	0.999879	0.0155773
-1078.46	3787.34	0.999893	0.0146001
-1078.32	3797.24	0.99991	0.0134436
-1078.21	3805.52	0.999922	0.0124635
-1078.11	3814.47	0.999935	0.0114181
-1078.01	3823.33	0.999946	0.0104066
-1077.92	3832.1	0.999956	0.00939345
-1077.85	3840.05	0.999964	0.0084634
-1077.78	3848.63	0.999976	0.00689287
-1077.73	3857.12	0.99999	0.00454657
-1077.7	3865.52	0.999998	0.00222599
-1077.69	3873.82	1	0.000524626
-1077.69	3882.02	1	-0.000358232
-1077.69	3890.12	0.999999	-0.00124327
-1077.7	3897.44	0.999998	-0.00182584
-1077.72	3905.2	0.999999	-0.00136717
-1077.73	3912.69	0.999999	-0.00112467
-1077.74	3919.56	0.999997	-0.00260557
-1077.76	3927.06	0.999991	-0.0042211
-1077.8	3934.55	0.999983	-0.00580317
-1077.85	3942.05	0.999973	-0.00733838
-1077.9	3948.92	0.999962	-0.00874568
-1077.98	3957.03	0.999946	-0.0104089
-1078.05	3963.9	0.999938	-0.0111765
-1078.14	3971.4	0.999938	-0.0111765
-1078.22	3978.89	0.999938	-0.0111765
-1078.3	3985.76	0.999938	-0.0111765
-1078.38	3993.26	0.999944	-0.0105367
-1078.45	4000.75	0.999959	-0.00900104
-1078.52	4008.25	0.999972	-0.00746539
-1078.56	4015.12	0.999982	-0.00605769
-1078.61	4022.62	0.99999	-0.00452193
-1078.63	4030.11	0.999996	-0.00298605
-1078.65	4037.61	0.999999	-0.00145017
-1078.66	4044.48	1	-0.000554231
-1078.66	4051.98	1	-0.000554231
-1078.67	4059.48	1	-0.000554231
-1078.67	4066.35	1	-0.000554231
-1078.67	4075.1	1	8.5875e-05
-1078.67	4082.59	0.999999	0.00162213
-1078.65	4089.47	0.999995	0.00303036
-1078.63	4096.97	0.99999	0.0045666
-1078.59	4104.46	0.999981	0.00610291
-1078.54	4111.96	0.999971	0.00763931
-1078.48	4118.84	0.999959	0.00904767
-1078.41	4126.33	0.999944	0.010584
-1078.32	4134.46	0.999937	0.0112241
-1078.24	4141.96	0.999953	0.00968758
-1078.17	4149.46	0.999967	0.00815102
-1078.11	4156.96	0.999978	0.00661444
-1078.07	4163.83	0.999986	0.00520583
-1078.04	4171.33	0.999993	0.00366904
-1078.01	4178.83	0.999998	0.00213224
-1078	4186.33	1	0.000595404
-1078	4193.83	1	-0.00094153
-1078.01	4200.71	0.999997	-0.00235043
-1078.04	4208.21	0.999992	-0.00388745
-1078.07	4215.71	0.999985	-0.00542451
-1078.12	4223.21	0.999976	-0.0069616
-1078.17	4230.09	0.999965	-0.00837066
-1078.24	4237.59	0.999951	-0.00990786
-1078.31	4245.09	0.999935	-0.011445
-1078.4	4252.59	0.999932	-0.0117012
-1078.48	4259.47	0.999947	-0.0102919
-1078.55	4266.97	0.999962	-0.00875454
-1078.61	4274.48	0.999974	-0.00721714
-1078.66	4281.98	0.999984	-0.00567969
-1078.7	4288.86	0.999991	-0.0042703
-1078.73	4296.98	0.999997	-0.00260464
-1078.74	4303.86	0.999999	-0.00119516
-1078.75	4311.37	1	0.000342558
-1078.74	4318.87	0.999998	0.00188028
-1078.72	4325.75	0.999995	0.00328988
-1078.69	4333.25	0.999988	0.00482772
-1078.65	4340.76	0.99998	0.00636559
-1078.6	4348.26	0.999969	0.00790346
-1078.54	4355.14	0.999957	0.00931318
-1078.45	4363.9	0.999952	0.00982578
-1078.39	4370.78	0.999965	0.00841593
-1078.33	4378.28	0.999976	0.00687785
-1078.28	4385.79	0.999986	0.0053397
-1078.25	4393.29	0.999993	0.0038015
-1078.22	4400.8	0.999997	0.00226324
-1078.21	4407.68	1	0.000853125
-1078.21	4415.19	1	-0.000685235
-1078.22	4422.69	0.999998	-0.00222363
-1078.24	4429.57	0.999993	-0.00363387
-1078.27	4437.08	0.999987	-0.00517235
-1078.32	4444.59	0.999977	-0.00671087
-1078.37	4452.09	0.999966	-0.0082494
-1078.43	4458.98	0.999953	-0.00965976
-1078.51	4466.48	0.999937	-0.0111983
-1078.6	4473.99	0.999927	-0.0120958
-1078.69	4481.5	0.999927	-0.0120958
-1078.78	4489	0.999927	-0.0120958
-1078.86	4495.89	0.999927	-0.0120958
-1078.95	4503.39	0.999934	-0.0114546
-1079.03	4510.9	0.999951	-0.00991567
-1079.1	4518.41	0.999965	-0.00837673
-1079.16	4525.92	0.999977	-0.00683778
-1079.21	4532.8	0.999985	-0.00542698
-1079.24	4540.31	0.999992	-0.00388781
-1079.27	4547.82	0.999997	-0.00234863
-1079.28	4554.71	1	-0.000937715
-1079.28	4562.22	1	0.000601546
-1079.27	4569.73	0.999998	0.00214091
-1079.25	4577.24	0.999993	0.00368027
-1079.22	4584.75	0.999986	0.00521963
-1079.18	4591.63	0.999978	0.00663073
-1079.12	4599.14	0.999967	0.00817014
-1079.06	4606.65	0.999954	0.00954616
-1078.99	4613.54	0.999955	0.0094433
-1078.92	4621.05	0.999969	0.00781967
-1078.87	4628.56	0.999981	0.00619603
-1078.83	4636.07	0.99999	0.00457236
-1078.8	4642.95	0.999995	0.00308403
-1078.78	4650.46	0.999999	0.00146044
-1078.78	4657.97	1	-0.000163156
-1078.78	4665.48	0.999998	-0.00175253
-1078.8	4673.62	0.999996	-0.00278258
-1078.82	4680.5	0.999996	-0.00278787
-1078.84	4688.01	0.999996	-0.00279364
-1078.86	4695.52	0.999996	-0.00279941
-1078.88	4703.03	0.999998	-0.00216526
-1078.9	4710.55	1	-0.000635232
-1078.9	4717.43	1	0.000767294
-1078.89	4724.94	0.999997	0.00229732
-1078.86	4732.45	0.999993	0.0038291
-1078.83	4739.96	0.999986	0.00536332
-1078.79	4746.85	0.999977	0.00676968
-1078.73	4754.36	0.999966	0.00830388
-1078.67	4761.87	0.999958	0.00919741
-1078.6	4769.39	0.999958	0.00919402
-1078.53	4776.9	0.999958	0.00919063
-1078.47	4783.79	0.999958	0.00918753
-1078.4	4791.3	0.999964	0.00854353
-1078.34	4798.81	0.999975	0.00700265
-1078.29	4806.32	0.999985	0.00546176
-1078.25	4813.84	0.999992	0.00392077
-1078.23	4821.35	0.999997	0.0023796
-1078.22	4828.24	1	0.000966749
-1078.21	4835.75	1	-0.000574541
-1078.22	4843.27	1	-0.000833482
-1078.22	4850.78	1	0.000702864
-1078.21	4858.29	0.999997	0.00223959
-1078.19	4865.81	0.999993	0.00377685
-1078.16	4872.7	0.999984	0.00569901
-1078.11	4880.21	0.999961	0.00877525
-1078.03	4887.73	0.99993	0.0118513
-1077.93	4895.24	0.999889	0.0149273
-1077.81	4902.75	0.999826	0.0186437
-1077.66	4910.26	0.99973	0.0232565
-1077.49	4917.15	0.999622	0.0274843
-1077.26	4924.66	0.999485	0.0320958
-1077.01	4932.17	0.999349	0.0360648
-1076.73	4939.68	0.999234	0.0391354
-1076.43	4947.19	0.999109	0.0422052
-1076.1	4954.69	0.998975	0.0452743
-1075.78	4961.57	0.999077	0.0429664
-1075.49	4969.08	0.999431	0.0337421
-1075.27	4976.59	0.999699	0.0245146
-1075.11	4984.1	0.999883	0.0152846
-1075.03	4990.99	0.999993	0.00377086
-1075.07	4999.13	0.99987	-0.0161475
-1075.23	5006.01	0.999455	-0.0329971
-1075.53	5013.52	0.998807	-0.0488332
-1075.94	5021.02	0.998131	-0.061111
-1076.43	5028.52	0.997304	-0.0733797
-1077.02	5036.01	0.996326	-0.0856376
-1077.7	5043.5	0.995322	-0.0966124
-1078.46	5050.97	0.994388	-0.105799
-1079.21	5057.82	0.993456	-0.114212
-1080.1	5065.28	0.992359	-0.123381
-1081.06	5072.73	0.990059	-0.140654
-1082.21	5080.16	0.985582	-0.1692
-1083.45	5086.93	0.980754	-0.195245
-1085	5094.29	0.974704	-0.223501
-1086.77	5101.59	0.967838	-0.251573
-1088.92	5109.44	0.959487	-0.281752
-1090.94	5116.03	0.951686	-0.307073
-1093.33	5123.16	0.942414	-0.33445
-1095.93	5130.21	0.933927	-0.357463
-1098.43	5136.63	0.927765	-0.373166
-1101.29	5143.58	0.920741	-0.390174
-1104.28	5150.48	0.913406	-0.407051
-1107.39	5157.33	0.907641	-0.419748
-1110.57	5164.14	0.904379	-0.42673
-1113.8	5170.93	0.901064	-0.433686
-1117.08	5177.7	0.897696	-0.440616
-1120.41	5184.44	0.895419	-0.445225
-1123.48	5190.61	0.894786	-0.446496
-1126.85	5197.34	0.894093	-0.447881
-1130.22	5204.06	0.893398	-0.449265
-1133.6	5210.77	0.894143	-0.447781
-1136.67	5216.94	0.896655	-0.442729
-1139.98	5223.7	0.899363	-0.437202
-1143.25	5230.47	0.902037	-0.431659
-1146.75	5237.83	0.905711	-0.423896
-1149.9	5244.65	0.910221	-0.414122
-1152.73	5250.94	0.914263	-0.40512
-1155.75	5257.83	0.918571	-0.395255
-1158.71	5264.74	0.916521	-0.399986
-1161.79	5271.6	0.9052	-0.424985
-1164.79	5277.81	0.894223	-0.447622
-1168.53	5285.05	0.88052	-0.474009
-1171.86	5291.09	0.863818	-0.503805
-1175.79	5297.51	0.838078	-0.54555
-1180.02	5303.73	0.810321	-0.585986
-1184.55	5309.73	0.780614	-0.625013
-1188.97	5315.03	0.745265	-0.666769
-1194.16	5320.47	0.690818	-0.723028
-1199.77	5325.49	0.632127	-0.774865
-1205.75	5330.08	0.58886	-0.808235
-1211.88	5334.46	0.571358	-0.820701
-1217.58	5338.36	0.555084	-0.831794
-1223.88	5342.49	0.537085	-0.843528
-1230.27	5346.49	0.525372	-0.850872
-1236.69	5350.44	0.522733	-0.852496
-1243.12	5354.37	0.52009	-0.854112
-1249.56	5358.28	0.517441	-0.855719
-1255.47	5361.85	0.520282	-0.853994
-1261.88	5365.81	0.533366	-0.845884
-1268.23	5369.87	0.546325	-0.837574
-1274.51	5374.03	0.559153	-0.829064
-1280.73	5378.28	0.573929	-0.818905
-1286.36	5382.29	0.589944	-0.807444
-1292.9	5387.18	0.608576	-0.793496
-1298.35	5391.42	0.624084	-0.781357
-1304.2	5396.18	0.639756	-0.768578
-1309.95	5401.05	0.653827	-0.756644
-1315.62	5406.02	0.667677	-0.744451
-1320.73	5410.67	0.680173	-0.733052
-1326.23	5415.82	0.680572	-0.732681
-1331.81	5420.9	0.662401	-0.74915
-1337.5	5425.83	0.643831	-0.765168
-1343.33	5430.62	0.613276	-0.789868
-1348.88	5434.73	0.56895	-0.822372
-1355.19	5438.86	0.518633	-0.854997
-1361.73	5442.61	0.466447	-0.884549
-1368.49	5445.96	0.409173	-0.912457
-1375.46	5448.85	0.345326	-0.938483
-1382.01	5451.07	0.285344	-0.958425
-1389.31	5453.01	0.218613	-0.975812
-1396.73	5454.42	0.122641	-0.992451
-1404.26	5454.92	-0.0143961	-0.999896
-1405.52	5454.9	-0.0258451	-0.999666
-1405.52	5454.9	-0.0258451	-0.999666
-1405.52	5454.9	-0.0258451	-0.999666
-1405.52	5454.9	-0.0258451	-0.999666
-1405.52	5454.9	-0.0258451	-0.999666
-1405.52	5454.9	-0.0258451	-0.999666
-1405.52	5454.9	-0.0258451	-0.999666
-1405.52	5454.9	-0.0258451	-0.999666
-1405.52	5454.9	-0.0258451	-0.999666
-1405.52	5454.9	-0.0258451	-0.999666
-1405.52	5454.9	-0.0258451	-0.999666
-1405.52	5454.9	-0.0258451	-0.999666
-1405.52	5454.9	-0.0258451	-0.999666
-1405.52	5454.9	-0.0258451	-0.999666
-1405.52	5454.9	-0.0258451	-0.999666
-1405.52	5454.9	-0.0258451	-0.999666
-1405.52	5454.9	-0.0258451	-0.999666
-1405.52	5454.9	-0.0258451	-0.999666
-1405.52	5454.9	-0.0258451	-0.999666
-1405.52	5454.9	-0.0258451	-0.999666
-1405.52	5454.9	-0.0258451	-0.999666
-1405.52	5454.9	-0.0258451	-0.999666
-1405.52	5454.9	-0.0258451	-0.999666
-1405.52	5454.9	-0.0258451	-0.999666
-1405.52	5454.9	-0.0258451	-0.999666
-1405.52	5454.9	-0.0258451	-0.999666
-1405.52	5454.9	-0.0258451	-0.999666
-1405.52	5454.9	-0.0258451	-0.999666
-1405.52	5454.9	-0.0258451	-0.999666
-1405.52	5454.9	-0.0258451	-0.999666
-1405.52	5454.9	-0.0258451	-0.999666
-1405.52	5454.9	-0.0258451	-0.999666
-1405.52	5454.9	-0.0258451	-0.999666
-1405.52	5454.9	-0.0258451	-0.999666
-1405.52	5454.9	-0.0258451	-0.999666
-1405.52	5454.9	-0.0258451	-0.999666
-1405.52	5454.9	-0.0258451	-0.999666
-1405.52	5454.9	-0.0258451	-0.999666
-1405.52	5454.9	-0.0258451	-0.999666
-1405.52	5454.9	-0.0258451	-0.999666
-1405.52	5454.9	-0.0258451	-0.999666
-1405.52	5454.9	-0.0258451	-0.999666
-1405.52	5454.9	-0.0258451	-0.999666
-1405.52	5454.9	-0.0258451	-0.999666
-1405.52	5454.9	-0.0258451	-0.999666
-1405.52	5454.9	-0.0258451	-0.999666
-1405.52	5454.9	-0.0258451	-0.999666
-1405.52	5454.9	-0.0258451	-0.999666
-1405.52	5454.9	-0.0258451	-0.999666
-1405.52	5454.9	-0.0258451	-0.999666
-1405.52	5454.9	-0.0258451	-0.999666
-1405.52	5454.9	-0.0258451	-0.999666
-1405.52	5454.9	-0.0258451	-0.999666
-1405.52	5454.9	-0.0258451	-0.999666
-1405.52	5454.9	-0.0258451	-0.999666
