1170	-5100	1	0
1170	-5100	1	0
1170	-5100	1	0
1170	-5100	1	0
1170	-5100	1	0
1170	-5100	1	0
1170	-5100	1	0
1170	-5100	1	0
1170	-5100	1	0
1170	-5100	1	0
1170	-5100	1	0
1170	-5100	1	0
1170	-5100	1	0
1170	-5100	1	0
1170	-5100	1	0
1170	-5100	1	0
1170	-5100	1	0
1170	-5100	1	0
1170	-5100	1	0
1170	-5100	1	0
1170	-5100	1	0
1170	-5100	1	0
1170	-5100	1	0
1170	-5100	1	0
1170	-5100	1	0
1170	-5100	1	0
1170	-5100	1	0
1170	-5100	1	0
1170	-5100	1	0
1170	-5100	1	0
1170	-5100	1	0
1170	-5100	1	0
1170	-5100	1	0
1170	-5100	1	0
1170	-5100	1	0
1170	-5100	1	0
1170	-5100	1	0
1170	-5100	1	0
1170	-5100	1	0
1170	-5100	1	0
1170	-5100	1	0
1170	-5100	1	0
1170	-5100	1	0
1170	-5100	1	0
1170	-5100	1	0
1170	-5100	1	0
1170	-5100	1	0
1170	-5100	1	0
1170	-5100	1	0
1170	-5100	1	0
1170	-5100	1	0
1170	-5100	1	0
1170	-5100	1	0
1170	-5100	1	0
1170	-5100	1	0
1170	-5100	1	0
1170	-5100	1	0
1170	-5100	1	0
1170	-5100	1	0
1170	-5100	1	0
1170	-5100	1	0
1170	-5100	1	0
1170	-5100	1	0
1170	-5100	1	0
1170	-5100	1	0
1170	-5100	1	0
1170	-5100	1	0
1170	-5100	1	0
1170	-5100	1	0
1170	-5100	1	0
1170	-5100	1	-8.95549e-05
1170	-5099.99	1	-0.000659103
1170	-5099.98	0.999998	-0.0019671
1170	-5099.97	0.999991	-0.0041946
1170	-5099.94	0.99997	-0.00775
1170	-5099.89	0.999909	-0.0134562
1170	-5099.82	0.99978	-0.0209799
1170	-5099.75	0.99957	-0.0293249
1169.99	-5099.65	0.99918	-0.0404765
1169.99	-5099.54	0.998563	-0.0535992
1169.98	-5099.41	0.997651	-0.0685054
1169.97	-5099.27	0.996354	-0.0853143
1169.95	-5099.1	0.994572	-0.104047
1169.94	-5098.94	0.992408	-0.122993
1169.91	-5098.75	0.98939	-0.145285
1169.88	-5098.54	0.985559	-0.169331
1169.84	-5098.34	0.981223	-0.192877
1169.79	-5098.1	0.975447	-0.220233
1169.72	-5097.81	0.970426	-0.241397
1169.65	-5097.54	0.970443	-0.24133
1169.59	-5097.27	0.970467	-0.241234
1169.52	-5097.02	0.970493	-0.241128
1169.45	-5096.73	0.97053	-0.240981
1169.38	-5096.45	0.970584	-0.240764
1169.32	-5096.19	0.970663	-0.240445
1169.25	-5095.9	0.97075	-0.240091
1169.18	-5095.61	0.970816	-0.239826
1169.1	-5095.32	0.970905	-0.239465
1169.03	-5095.01	0.971027	-0.23897
1168.95	-5094.7	0.97112	-0.238593
1168.87	-5094.35	0.971205	-0.238245
1168.78	-5094.02	0.971322	-0.237769
1168.69	-5093.64	0.971467	-0.237177
1168.59	-5093.23	0.971582	-0.236704
1168.49	-5092.8	0.971717	-0.236148
1168.39	-5092.38	0.971878	-0.235485
1168.27	-5091.9	0.972032	-0.234849
1168.15	-5091.4	0.972187	-0.234204
1168.02	-5090.87	0.972365	-0.233466
1167.89	-5090.32	0.97258	-0.232568
1167.76	-5089.8	0.97277	-0.231771
1167.62	-5089.2	0.973002	-0.230796
1167.48	-5088.59	0.973199	-0.229967
1167.33	-5087.95	0.97339	-0.229155
1167.18	-5087.33	0.973611	-0.228213
1167.02	-5086.64	0.973864	-0.227133
1166.85	-5085.92	0.97411	-0.226075
1166.68	-5085.18	0.974411	-0.224772
1166.51	-5084.42	0.974707	-0.223485
1166.32	-5083.63	0.97496	-0.222381
1166.14	-5082.8	0.975219	-0.221242
1165.94	-5081.95	0.975549	-0.219782
1165.75	-5081.08	0.975869	-0.218358
1165.55	-5080.17	0.976126	-0.217203
1165.34	-5079.24	0.976427	-0.215846
1165.13	-5078.29	0.976795	-0.214175
1164.93	-5077.39	0.977125	-0.212667
1164.7	-5076.31	0.977484	-0.21101
1164.5	-5075.37	0.977748	-0.209783
1164.27	-5074.31	0.978071	-0.208272
1164.04	-5073.23	0.978409	-0.20668
1163.83	-5072.22	0.978722	-0.205191
1163.59	-5071.08	0.979025	-0.203739
1163.35	-5069.92	0.979415	-0.201859
1163.11	-5068.74	0.979792	-0.20002
1162.86	-5067.53	0.980092	-0.198546
1162.63	-5066.38	0.980433	-0.196855
1162.38	-5065.12	0.980961	-0.194207
1162.12	-5063.83	0.981459	-0.19167
1161.87	-5062.51	0.981934	-0.189223
1161.63	-5061.28	0.982381	-0.186892
1161.37	-5059.91	0.982752	-0.184931
1161.11	-5058.52	0.983289	-0.182053
1160.85	-5057.1	0.983802	-0.179256
1160.59	-5055.65	0.984152	-0.177329
1160.32	-5054.17	0.984523	-0.175255
1160.06	-5052.67	0.985062	-0.172203
1159.79	-5051.15	0.985582	-0.1692
1159.53	-5049.59	0.98592	-0.167217
1159.26	-5048.01	0.986319	-0.164849
1159.01	-5046.53	0.986789	-0.162012
1158.75	-5044.9	0.987264	-0.159089
1158.49	-5043.25	0.987656	-0.156639
1158.22	-5041.57	0.987763	-0.155962
1157.95	-5039.86	0.987461	-0.157862
1157.67	-5038.12	0.986597	-0.163175
1157.4	-5036.52	0.985825	-0.167776
1157.09	-5034.73	0.985574	-0.169243
1156.78	-5032.92	0.985182	-0.171513
1156.46	-5031.08	0.984105	-0.177588
1156.12	-5029.22	0.983247	-0.18228
1155.76	-5027.34	0.982755	-0.18491
1155.43	-5025.59	0.981629	-0.190797
1155.05	-5023.66	0.980448	-0.19678
1154.66	-5021.71	0.97938	-0.202027
1154.24	-5019.75	0.977927	-0.208948
1153.85	-5017.92	0.977131	-0.212638
1153.41	-5015.9	0.976603	-0.215051
1152.96	-5013.86	0.975315	-0.220817
1152.48	-5011.8	0.973606	-0.228235
1151.99	-5009.71	0.972622	-0.232395
1151.52	-5007.77	0.971598	-0.236639
1151	-5005.65	0.970011	-0.243062
1150.41	-5003.31	0.968667	-0.248362
1149.84	-5001.14	0.967504	-0.252854
1149.27	-4998.94	0.966261	-0.257564
1148.72	-4996.9	0.964595	-0.263737
1148.1	-4994.66	0.96291	-0.269821
1147.46	-4992.41	0.960712	-0.277548
1146.8	-4990.13	0.959419	-0.281984
1146.17	-4988.03	0.958242	-0.285958
1145.47	-4985.71	0.956066	-0.29315
1144.75	-4983.37	0.954511	-0.298174
1144.01	-4981.01	0.953101	-0.302652
1143.25	-4978.63	0.9516	-0.30734
1142.46	-4976.23	0.949398	-0.314074
1141.72	-4974.01	0.947807	-0.318845
1140.9	-4971.57	0.946261	-0.323403
1140.05	-4969.1	0.944609	-0.328198
1139.25	-4966.83	0.942091	-0.335359
1138.36	-4964.34	0.940153	-0.340753
1137.44	-4961.82	0.937951	-0.346768
1136.5	-4959.3	0.935735	-0.352705
1135.53	-4956.75	0.93428	-0.356541
1134.54	-4954.18	0.93152	-0.36369
1133.61	-4951.82	0.929154	-0.369692
1132.57	-4949.22	0.927725	-0.373263
1131.51	-4946.6	0.925725	-0.378197
1130.43	-4943.96	0.922637	-0.38567
1129.31	-4941.32	0.920566	-0.390588
1128.27	-4938.87	0.918343	-0.395787
1127.09	-4936.18	0.911546	-0.411197
1125.85	-4933.5	0.90235	-0.431005
1124.55	-4930.82	0.897032	-0.441965
1123.21	-4928.12	0.891125	-0.453758
1121.81	-4925.44	0.881881	-0.471472
1120.35	-4922.75	0.874821	-0.484446
1118.97	-4920.29	0.864878	-0.501983
1117.25	-4917.4	0.855083	-0.518492
1115.62	-4914.72	0.850839	-0.525427
1113.94	-4912.05	0.841775	-0.539828
1112.35	-4909.61	0.831404	-0.555668
1110.56	-4906.97	0.823452	-0.567386
1108.71	-4904.31	0.818905	-0.573929
1106.84	-4901.65	0.811893	-0.583807
1105.07	-4899.23	0.801039	-0.598612
1103.07	-4896.6	0.792771	-0.60952
1101.04	-4893.98	0.783711	-0.621126
1098.94	-4891.37	0.774568	-0.63249
1096.8	-4888.76	0.76848	-0.639874
1094.79	-4886.38	0.760622	-0.649195
1092.56	-4883.79	0.750861	-0.66046
1090.26	-4881.22	0.74111	-0.671383
1087.92	-4878.66	0.734671	-0.678423
1085.74	-4876.32	0.723725	-0.690089
1083.29	-4873.8	0.711882	-0.702299
1080.8	-4871.29	0.705561	-0.70865
1078.26	-4868.78	0.697817	-0.716276
1075.68	-4866.3	0.685612	-0.727967
1073.27	-4864.05	0.677747	-0.735295
1070.59	-4861.61	0.672735	-0.739884
1067.89	-4859.15	0.674521	-0.738256
1065.43	-4856.88	0.681062	-0.732226
1062.52	-4854.16	0.684967	-0.728574
1060.05	-4851.84	0.685386	-0.72818
1057.34	-4849.3	0.680462	-0.732784
1054.6	-4846.77	0.672467	-0.740127
1051.82	-4844.26	0.669042	-0.743224
1049.02	-4841.75	0.665662	-0.746253
1046.19	-4839.24	0.659826	-0.751419
1043.33	-4836.74	0.653337	-0.757068
1040.67	-4834.47	0.647846	-0.761772
1037.73	-4831.97	0.644739	-0.764403
1034.77	-4829.49	0.636598	-0.771196
1032.01	-4827.24	0.629632	-0.776894
1028.96	-4824.78	0.62759	-0.778544
1025.89	-4822.3	0.623604	-0.781741
1022.78	-4819.85	0.615971	-0.787769
1019.63	-4817.4	0.610448	-0.792056
1016.72	-4815.16	0.606436	-0.795132
1013.51	-4812.72	0.601844	-0.798614
1010.26	-4810.3	0.597529	-0.801847
1006.99	-4807.85	0.596379	-0.802703
1003.41	-4805.21	0.592622	-0.805481
1000.08	-4802.77	0.588932	-0.808183
996.995	-4800.53	0.586233	-0.810142
993.609	-4798.08	0.586977	-0.809604
990.201	-4795.61	0.58222	-0.813031
986.759	-4793.17	0.579102	-0.815255
983.295	-4790.7	0.579445	-0.815011
980.098	-4788.43	0.577022	-0.816728
976.586	-4785.95	0.573954	-0.818887
973.042	-4783.49	0.57122	-0.820797
969.476	-4781	0.572417	-0.819962
965.887	-4778.5	0.570078	-0.82159
962.577	-4776.2	0.569842	-0.821754
958.953	-4773.69	0.571598	-0.820534
955.32	-4771.15	0.574231	-0.818693
951.674	-4768.59	0.577203	-0.816601
948.02	-4765.99	0.582626	-0.812741
944.666	-4763.57	0.586022	-0.810295
941.003	-4760.91	0.589091	-0.808067
937.332	-4758.23	0.593423	-0.80489
933.661	-4755.5	0.600383	-0.799713
929.989	-4752.73	0.605626	-0.795749
926.624	-4750.15	0.609808	-0.792549
922.949	-4747.32	0.614891	-0.788612
919.281	-4744.42	0.626333	-0.779556
915.64	-4741.46	0.638328	-0.769764
912.027	-4738.42	0.650362	-0.759624
908.748	-4735.58	0.661419	-0.750016
905.189	-4732.4	0.672508	-0.74009
901.666	-4729.16	0.684711	-0.728815
898.189	-4725.85	0.696912	-0.717157
894.751	-4722.46	0.708134	-0.706078
891.625	-4719.29	0.71803	-0.696012
888.247	-4715.76	0.728952	-0.684565
884.917	-4712.16	0.739679	-0.672959
881.628	-4708.5	0.749306	-0.662224
878.38	-4704.78	0.758914	-0.651191
875.436	-4701.31	0.767873	-0.640602
872.006	-4697.15	0.777714	-0.628618
869.143	-4693.57	0.784523	-0.6201
866.053	-4689.62	0.791828	-0.610744
863.005	-4685.62	0.800286	-0.599618
860.001	-4681.57	0.806291	-0.59152
857.275	-4677.83	0.811286	-0.584649
854.337	-4673.72	0.816533	-0.577299
851.429	-4669.58	0.82175	-0.569849
848.569	-4665.4	0.828891	-0.55941
845.99	-4661.55	0.833752	-0.552139
843.207	-4657.32	0.837106	-0.547041
840.448	-4653.08	0.841393	-0.540423
837.733	-4648.81	0.845793	-0.533512
835.032	-4644.52	0.847357	-0.531024
832.355	-4640.22	0.850536	-0.525918
829.699	-4635.91	0.853588	-0.520949
827.072	-4631.58	0.855813	-0.517285
824.453	-4627.24	0.857816	-0.513957
822.077	-4623.25	0.859722	-0.510762
819.484	-4618.89	0.85954	-0.511068
816.9	-4614.53	0.862269	-0.50645
814.347	-4610.15	0.864749	-0.502204
812.014	-4606.13	0.865497	-0.500914
809.481	-4601.74	0.86543	-0.50103
806.928	-4597.36	0.862669	-0.50577
804.357	-4592.99	0.862965	-0.505263
801.805	-4588.6	0.864661	-0.502356
799.255	-4584.22	0.864993	-0.501784
796.923	-4580.19	0.864274	-0.503021
794.358	-4575.81	0.8623	-0.506399
791.574	-4571.07	0.861815	-0.507222
788.993	-4566.69	0.862176	-0.506608
786.432	-4562.31	0.864223	-0.503109
784.09	-4558.28	0.864796	-0.502123
781.545	-4553.89	0.865232	-0.501372
778.994	-4549.5	0.865752	-0.500473
776.674	-4545.46	0.867811	-0.496895
774.147	-4541.05	0.86809	-0.496407
771.628	-4536.63	0.868238	-0.496147
769.1	-4532.22	0.868754	-0.495245
766.595	-4527.8	0.87122	-0.490893
764.31	-4523.73	0.872513	-0.488591
761.832	-4519.29	0.873001	-0.487718
759.342	-4514.85	0.8712	-0.490928
757.048	-4510.79	0.871041	-0.491211
754.554	-4506.35	0.873418	-0.486971
752.09	-4501.9	0.876634	-0.481158
749.65	-4497.44	0.878104	-0.47847
747.214	-4492.97	0.877252	-0.48003
744.763	-4488.5	0.877439	-0.479688
742.534	-4484.4	0.878832	-0.477131
740.101	-4479.93	0.878759	-0.477265
737.676	-4475.45	0.880462	-0.474118
735.069	-4470.59	0.881921	-0.471398
732.67	-4466.09	0.883313	-0.468783
730.293	-4461.59	0.884239	-0.467035
727.904	-4457.09	0.882599	-0.470126
725.308	-4452.21	0.883241	-0.46892
722.924	-4447.71	0.883499	-0.468434
720.73	-4443.58	0.883316	-0.468779
718.348	-4439.08	0.883605	-0.468232
715.949	-4434.58	0.881703	-0.471805
713.541	-4430.08	0.881068	-0.472989
711.123	-4425.59	0.880485	-0.474074
708.909	-4421.47	0.881292	-0.472572
706.302	-4416.6	0.881133	-0.472868
704.081	-4412.48	0.87831	-0.478091
701.629	-4408	0.876404	-0.481576
699.173	-4403.53	0.876191	-0.481964
696.914	-4399.43	0.874826	-0.484438
694.434	-4394.97	0.873375	-0.487048
691.943	-4390.52	0.871472	-0.490445
689.426	-4386.07	0.868608	-0.495501
686.887	-4381.64	0.866811	-0.498637
684.335	-4377.21	0.865411	-0.501062
681.983	-4373.16	0.864005	-0.503483
679.406	-4368.75	0.862596	-0.505893
676.816	-4364.35	0.861369	-0.507979
674.218	-4359.95	0.860532	-0.509396
671.828	-4355.92	0.859756	-0.510705
669.214	-4351.52	0.85892	-0.51211
666.59	-4347.13	0.85745	-0.514567
663.955	-4342.75	0.856258	-0.516549
661.311	-4338.38	0.855729	-0.517425
658.662	-4334	0.855156	-0.518371
656.005	-4329.63	0.85317	-0.521633
653.328	-4325.27	0.851397	-0.524521
650.866	-4321.27	0.850256	-0.526369
647.939	-4316.57	0.848359	-0.529421
645.228	-4312.23	0.848617	-0.529008
642.522	-4307.88	0.847805	-0.530307
639.794	-4303.55	0.844618	-0.53537
637.275	-4299.59	0.841227	-0.540681
634.487	-4295.29	0.835654	-0.549255
631.657	-4291.02	0.830219	-0.557437
628.782	-4286.78	0.824075	-0.566481
626.104	-4282.92	0.818337	-0.574739
623.142	-4278.74	0.812461	-0.583015
620.136	-4274.59	0.806308	-0.591496
617.087	-4270.47	0.800001	-0.599998
613.989	-4266.39	0.789619	-0.613597
610.802	-4262.37	0.77711	-0.629364
607.823	-4258.73	0.765073	-0.643943
604.472	-4254.85	0.748229	-0.663441
601.036	-4251.04	0.731402	-0.681946
597.482	-4247.33	0.710973	-0.70322
594.147	-4244.01	0.699123	-0.715001
590.457	-4240.44	0.687116	-0.726548
586.691	-4236.95	0.671081	-0.741384
582.856	-4233.54	0.653644	-0.756802
578.927	-4230.23	0.635687	-0.771947
574.945	-4226.98	0.624099	-0.781345
570.902	-4223.81	0.609581	-0.792724
566.807	-4220.7	0.596629	-0.802517
562.66	-4217.66	0.584394	-0.81147
558.122	-4214.43	0.572119	-0.82017
554.238	-4211.76	0.562067	-0.827092
549.975	-4208.88	0.553899	-0.832584
545.674	-4206.06	0.54316	-0.839629
541.342	-4203.28	0.534618	-0.845094
536.98	-4200.55	0.524876	-0.851179
532.581	-4197.87	0.515968	-0.856608
528.533	-4195.44	0.512177	-0.85888
524.107	-4192.81	0.507354	-0.861738
519.66	-4190.21	0.500928	-0.865489
515.195	-4187.64	0.494314	-0.869283
511.08	-4185.32	0.488741	-0.872429
506.584	-4182.81	0.487178	-0.873303
502.081	-4180.3	0.48481	-0.874619
497.572	-4177.81	0.482338	-0.875985
493.052	-4175.33	0.479068	-0.877778
488.523	-4172.87	0.476353	-0.879254
484.362	-4170.62	0.474549	-0.880229
479.819	-4168.17	0.473547	-0.880769
475.266	-4165.73	0.471918	-0.881642
470.706	-4163.29	0.470276	-0.882519
466.517	-4161.06	0.468078	-0.883687
461.933	-4158.64	0.466785	-0.884371
457.337	-4156.22	0.466415	-0.884566
452.73	-4153.79	0.465875	-0.884851
448.115	-4151.36	0.465238	-0.885186
443.492	-4148.93	0.464585	-0.885528
438.473	-4146.3	0.464336	-0.885659
434.218	-4144.07	0.464249	-0.885705
429.566	-4141.63	0.464138	-0.885763
424.908	-4139.19	0.464106	-0.88578
420.245	-4136.75	0.464428	-0.885611
415.578	-4134.3	0.465049	-0.885285
411.293	-4132.05	0.465443	-0.885078
406.613	-4129.58	0.465844	-0.884867
401.926	-4127.12	0.466247	-0.884655
397.233	-4124.64	0.466689	-0.884422
392.922	-4122.37	0.46673	-0.8844
387.821	-4119.67	0.4674	-0.884046
383.111	-4117.18	0.468196	-0.883625
378.395	-4114.68	0.468683	-0.883366
374.065	-4112.38	0.468769	-0.883321
369.33	-4109.87	0.469037	-0.883179
364.591	-4107.35	0.469591	-0.882884
359.844	-4104.82	0.469819	-0.882763
355.09	-4102.29	0.470357	-0.882476
350.731	-4099.97	0.471442	-0.881897
345.972	-4097.42	0.472424	-0.881372
341.203	-4094.86	0.472581	-0.881287
336.429	-4092.3	0.473706	-0.880683
331.655	-4089.73	0.475526	-0.879702
327.282	-4087.36	0.477193	-0.878799
322.512	-4084.76	0.478734	-0.87796
317.74	-4082.16	0.483092	-0.87557
312.984	-4079.51	0.489209	-0.872166
308.23	-4076.83	0.493299	-0.86986
303.488	-4074.12	0.498893	-0.866663
298.748	-4071.39	0.500986	-0.865455
294.004	-4068.64	0.505055	-0.863087
289.279	-4065.84	0.513201	-0.858268
284.567	-4063.01	0.517417	-0.855733
279.856	-4060.15	0.521257	-0.8534
275.155	-4057.26	0.524855	-0.851192
270.451	-4054.36	0.528143	-0.849156
266.152	-4051.67	0.533514	-0.845791
261.079	-4048.45	0.537657	-0.843164
256.791	-4045.71	0.539925	-0.841713
252.109	-4042.7	0.543131	-0.839648
247.443	-4039.66	0.548423	-0.836201
242.779	-4036.6	0.551265	-0.83433
238.512	-4033.76	0.554727	-0.832032
233.856	-4030.65	0.555618	-0.831438
229.192	-4027.54	0.557692	-0.830048
224.541	-4024.39	0.562463	-0.826822
219.895	-4021.22	0.564158	-0.825667
215.631	-4018.31	0.565834	-0.824519
210.984	-4015.11	0.567228	-0.823561
206.326	-4011.9	0.567967	-0.823051
201.675	-4008.68	0.570868	-0.821042
197.411	-4005.71	0.572486	-0.819915
192.763	-4002.46	0.574023	-0.818839
188.107	-3999.19	0.574668	-0.818386
183.448	-3995.92	0.575189	-0.818021
178.778	-3992.64	0.576259	-0.817267
174.505	-3989.61	0.579377	-0.81506
169.846	-3986.29	0.581485	-0.813557
165.192	-3982.96	0.582735	-0.812662
160.915	-3979.89	0.582319	-0.812961
156.247	-3976.54	0.583362	-0.812213
151.571	-3973.19	0.583499	-0.812114
146.893	-3969.82	0.585761	-0.810484
142.222	-3966.43	0.587056	-0.809546
137.928	-3963.32	0.586249	-0.810131
133.237	-3959.93	0.587183	-0.809454
128.545	-3956.52	0.587883	-0.808946
124.236	-3953.39	0.588376	-0.808587
119.539	-3949.96	0.590351	-0.807146
114.837	-3946.52	0.590198	-0.807259
110.122	-3943.08	0.590353	-0.807145
105.409	-3939.62	0.59201	-0.805931
101.085	-3936.44	0.592814	-0.80534
96.3657	-3932.96	0.593258	-0.805013
91.6335	-3929.48	0.593169	-0.805078
86.8982	-3925.99	0.594274	-0.804263
82.5544	-3922.77	0.595932	-0.803035
77.8245	-3919.25	0.598087	-0.801431
73.0958	-3915.72	0.599061	-0.800703
68.3738	-3912.18	0.600989	-0.799257
63.6588	-3908.63	0.603	-0.797741
59.345	-3905.36	0.605029	-0.796204
54.6475	-3901.78	0.606902	-0.794777
49.9598	-3898.2	0.608983	-0.793183
45.2821	-3894.6	0.611039	-0.791601
41.0024	-3891.29	0.613342	-0.789817
36.3439	-3887.66	0.615801	-0.787901
31.696	-3884.02	0.61808	-0.786115
26.6732	-3880.06	0.620524	-0.784187
22.0478	-3876.39	0.622178	-0.782876
17.43	-3872.71	0.623637	-0.781714
13.2032	-3869.34	0.624831	-0.78076
8.5963	-3865.64	0.627364	-0.778726
4.00761	-3861.93	0.630782	-0.77596
-0.568427	-3858.2	0.634585	-0.772853
-5.1185	-3854.44	0.640259	-0.768159
-9.64631	-3850.65	0.644846	-0.764313
-13.7748	-3847.14	0.65014	-0.759815
-18.2519	-3843.29	0.655907	-0.754841
-22.7007	-3839.4	0.66165	-0.749813
-27.1077	-3835.45	0.687087	-0.726575
-30.9509	-3831.63	0.726145	-0.687541
-34.9583	-3827.27	0.742646	-0.669684
-38.8965	-3822.85	0.768757	-0.63954
-42.5328	-3818.17	0.802165	-0.597102
-46.07	-3813.41	0.802752	-0.596313
-49.3094	-3809.05	0.803052	-0.595909
-52.8417	-3804.29	0.803199	-0.595711
-56.3757	-3799.53	0.801244	-0.598337
-59.9398	-3794.79	0.79633	-0.604863
-63.2415	-3790.47	0.791659	-0.610964
-66.8831	-3785.79	0.785173	-0.619276
-70.5824	-3781.15	0.776781	-0.629771
-74.3445	-3776.56	0.76814	-0.640282
-78.1693	-3772.03	0.759261	-0.650786
-82.057	-3767.55	0.750163	-0.661253
-85.6755	-3763.48	0.741662	-0.670774
-89.6822	-3759.1	0.732243	-0.681043
-93.7501	-3754.78	0.722665	-0.691199
-97.8777	-3750.51	0.713869	-0.700279
-102.054	-3746.29	0.706271	-0.707942
-105.924	-3742.47	0.699174	-0.714952
-110.188	-3738.33	0.691288	-0.72258
-114.498	-3734.25	0.684088	-0.7294
-118.845	-3730.2	0.677959	-0.735099
-123.226	-3726.19	0.671783	-0.740748
-127.271	-3722.54	0.666079	-0.745881
-132.088	-3718.27	0.659923	-0.751333
-136.189	-3714.69	0.65552	-0.755178
-140.687	-3710.8	0.650633	-0.759392
-145.211	-3706.95	0.645656	-0.763629
-149.76	-3703.12	0.641461	-0.767156
-153.945	-3699.63	0.638677	-0.769475
-158.526	-3695.84	0.635592	-0.772025
-163.123	-3692.07	0.63247	-0.774585
-167.734	-3688.32	0.629744	-0.776803
-172.358	-3684.58	0.627589	-0.778545
-176.993	-3680.85	0.625395	-0.780309
-181.25	-3677.45	0.623363	-0.781933
-185.906	-3673.74	0.621801	-0.783175
-190.566	-3670.05	0.621155	-0.783688
-195.229	-3666.35	0.620482	-0.784221
-199.508	-3662.97	0.619851	-0.78472
-204.178	-3659.28	0.619593	-0.784923
-208.849	-3655.6	0.619921	-0.784664
-213.518	-3651.91	0.620205	-0.78444
-218.186	-3648.21	0.620682	-0.784063
-222.852	-3644.52	0.621446	-0.783457
-227.126	-3641.12	0.622134	-0.782911
-231.786	-3637.42	0.622873	-0.782323
-236.443	-3633.71	0.623597	-0.781746
-241.096	-3629.99	0.624302	-0.781183
-245.747	-3626.27	0.624989	-0.780633
-250.396	-3622.55	0.62285	-0.782341
-254.675	-3619.16	0.619499	-0.784998
-259.347	-3615.47	0.620057	-0.784557
-264.019	-3611.78	0.617657	-0.786448
-268.711	-3608.12	0.613222	-0.789911
-273.414	-3604.47	0.613705	-0.789536
-278.11	-3600.82	0.612742	-0.790283
-282.429	-3597.48	0.611839	-0.790983
-287.127	-3593.83	0.614848	-0.788646
-291.824	-3590.17	0.615449	-0.788177
-296.511	-3586.5	0.61814	-0.786068
-300.801	-3583.12	0.616157	-0.787623
-305.503	-3579.47	0.609712	-0.792623
-310.226	-3575.85	0.610535	-0.791989
-314.928	-3572.2	0.614704	-0.788758
-319.625	-3568.54	0.615644	-0.788024
-323.923	-3565.18	0.61417	-0.789173
-328.635	-3561.54	0.60954	-0.792755
-333.353	-3557.91	0.608129	-0.793838
-338.085	-3554.3	0.608634	-0.793451
-342.405	-3550.96	0.612084	-0.790793
-347.118	-3547.32	0.607269	-0.794496
-351.861	-3543.73	0.603936	-0.797033
-356.599	-3540.12	0.603961	-0.797014
-361.354	-3536.55	0.59982	-0.800135
-366.115	-3532.97	0.603203	-0.797587
-370.457	-3529.67	0.607315	-0.794461
-375.189	-3526.05	0.602519	-0.798104
-379.955	-3522.49	0.599731	-0.800202
-384.309	-3519.2	0.603077	-0.797683
-389.067	-3515.63	0.599409	-0.800443
-393.83	-3512.06	0.597801	-0.801645
-398.606	-3508.51	0.600057	-0.799957
-403.347	-3504.91	0.60899	-0.793178
-408.066	-3501.28	0.60625	-0.795274
-412.816	-3497.69	0.602396	-0.798197
-417.165	-3494.4	0.601646	-0.798763
-421.938	-3490.84	0.59295	-0.805239
-426.746	-3487.33	0.584244	-0.811578
-431.599	-3483.88	0.571705	-0.820459
-436.093	-3480.79	0.560199	-0.828358
-441.042	-3477.48	0.550368	-0.834922
-446.028	-3474.23	0.539854	-0.841759
-451.059	-3471.04	0.527568	-0.849513
-456.134	-3467.93	0.514732	-0.857351
-461.258	-3464.9	0.50241	-0.86463
-465.987	-3462.18	0.493366	-0.869822
-471.18	-3459.27	0.483903	-0.875122
-476.401	-3456.41	0.473779	-0.880644
-481.223	-3453.85	0.461825	-0.886971
-486.514	-3451.13	0.451656	-0.892192
-491.84	-3448.47	0.442749	-0.896646
-497.184	-3445.84	0.437211	-0.899359
-502.549	-3443.26	0.425284	-0.90506
-507.953	-3440.77	0.414936	-0.909851
-513.824	-3438.1	0.408907	-0.912576
-519.266	-3435.69	0.405111	-0.914267
-524.252	-3433.46	0.407867	-0.913041
-529.693	-3431.05	0.399536	-0.916718
-535.165	-3428.71	0.387994	-0.921662
-540.655	-3426.41	0.387243	-0.921978
-546.139	-3424.08	0.395191	-0.918599
-551.6	-3421.71	0.398399	-0.917212
-557.072	-3419.36	0.387499	-0.92187
-562.572	-3417.08	0.379812	-0.925064
-567.618	-3415	0.385407	-0.922747
-573.104	-3412.68	0.391044	-0.920372
-578.588	-3410.37	0.384335	-0.923193
-583.635	-3408.29	0.379591	-0.925154
-589.138	-3406.02	0.381413	-0.924405
-594.646	-3403.75	0.38349	-0.923545
-600.134	-3401.44	0.392791	-0.919628
-605.609	-3399.09	0.391308	-0.92026
-611.097	-3396.78	0.385605	-0.922664
-616.132	-3394.68	0.389451	-0.921047
-621.607	-3392.33	0.401329	-0.915934
-627.05	-3389.91	0.406443	-0.913676
-632.501	-3387.51	0.39909	-0.916912
-637.509	-3385.34	0.398482	-0.917176
-643.419	-3382.75	0.408428	-0.912791
-648.391	-3380.49	0.417632	-0.908616
-653.803	-3378	0.421721	-0.906726
-659.197	-3375.47	0.422995	-0.906132
-664.605	-3372.97	0.415053	-0.909797
-670.027	-3370.51	0.414305	-0.910138
-675.442	-3368.03	0.423064	-0.9061
-680.381	-3365.7	0.426369	-0.904549
-685.778	-3363.18	0.420812	-0.907148
-691.18	-3360.67	0.424346	-0.9055
-696.117	-3358.33	0.433744	-0.901036
-701.474	-3355.72	0.44058	-0.897713
-706.825	-3353.1	0.441402	-0.897309
-712.167	-3350.46	0.442117	-0.896957
-717.515	-3347.83	0.444326	-0.895865
-722.84	-3345.15	0.453355	-0.89133
-727.705	-3342.67	0.458763	-0.888558
-732.991	-3339.91	0.464753	-0.88544
-738.267	-3337.14	0.464737	-0.885449
-743.103	-3334.6	0.466215	-0.884672
-748.365	-3331.81	0.474736	-0.880128
-753.598	-3328.95	0.483781	-0.875189
-758.807	-3326.05	0.487616	-0.873058
-764.011	-3323.15	0.488236	-0.872711
-769.207	-3320.23	0.493924	-0.869505
-773.949	-3317.51	0.498865	-0.86668
-779.114	-3314.53	0.501382	-0.865226
-784.265	-3311.53	0.506769	-0.862082
-789.397	-3308.5	0.509869	-0.860252
-794.523	-3305.46	0.517894	-0.855445
-799.175	-3302.59	0.531853	-0.846837
-804.213	-3299.4	0.537919	-0.842996
-809.231	-3296.18	0.546284	-0.8376
-814.205	-3292.89	0.554196	-0.832386
-819.167	-3289.58	0.557477	-0.830192
-823.691	-3286.52	0.564009	-0.825769
-828.606	-3283.14	0.573214	-0.819406
-833.465	-3279.69	0.582644	-0.812727
-837.908	-3276.51	0.58342	-0.81217
-842.737	-3273.01	0.591853	-0.806046
-847.521	-3269.45	0.602541	-0.798088
-852.267	-3265.84	0.607487	-0.79433
-856.998	-3262.21	0.614279	-0.789089
-861.678	-3258.52	0.625633	-0.780118
-866.32	-3254.77	0.628141	-0.7781
-870.578	-3251.34	0.626063	-0.779773
-875.226	-3247.61	0.629096	-0.777328
-879.847	-3243.84	0.634487	-0.772933
-884.451	-3240.05	0.639309	-0.76895
-889.022	-3236.22	0.643483	-0.76546
-893.21	-3232.7	0.645036	-0.764152
-897.754	-3228.84	0.649827	-0.760082
-902.29	-3224.96	0.650907	-0.759157
-906.816	-3221.07	0.649981	-0.759951
-911.362	-3217.21	0.647098	-0.762407
-915.906	-3213.34	0.648755	-0.760997
-920.45	-3209.47	0.646793	-0.762666
-924.627	-3205.94	0.643741	-0.765243
-929.2	-3202.1	0.640339	-0.768092
-933.79	-3198.29	0.636923	-0.770928
-938.397	-3194.5	0.633501	-0.773742
-943.019	-3190.73	0.630115	-0.776502
-947.271	-3187.29	0.627106	-0.778934
-951.924	-3183.56	0.623909	-0.781497
-956.591	-3179.85	0.620878	-0.783907
-961.272	-3176.15	0.618315	-0.78593
-965.963	-3172.47	0.616253	-0.787548
-970.663	-3168.8	0.614773	-0.788704
-974.976	-3165.44	0.613987	-0.789316
-979.683	-3161.78	0.613653	-0.789576
-984.391	-3158.12	0.613798	-0.789463
-988.704	-3154.76	0.61441	-0.788987
-993.406	-3151.1	0.615734	-0.787954
-998.099	-3147.42	0.617732	-0.786389
-1002.78	-3143.73	0.620278	-0.784382
-1007.45	-3140.03	0.623285	-0.781994
-1012.11	-3136.31	0.626804	-0.779177
-1016.74	-3132.56	0.630614	-0.776097
-1020.97	-3129.11	0.634093	-0.773257
-1025.58	-3125.32	0.637783	-0.770216
-1030.16	-3121.51	0.641744	-0.766919
-1034.72	-3117.68	0.645941	-0.763388
-1039.63	-3113.5	0.651851	-0.758347
-1044.13	-3109.59	0.659226	-0.751945
-1048.23	-3105.98	0.666298	-0.745686
-1052.65	-3101.99	0.674279	-0.738477
-1057.03	-3097.95	0.687465	-0.726218
-1061.31	-3093.8	0.707529	-0.706684
-1065.47	-3089.54	0.727346	-0.686271
-1069.17	-3085.53	0.745191	-0.666851
-1073.09	-3081.04	0.764223	-0.644952
-1076.88	-3076.44	0.782676	-0.622429
-1080.53	-3071.73	0.800432	-0.599423
-1084.04	-3066.92	0.81739	-0.576084
-1087.14	-3062.42	0.834043	-0.551699
-1090.36	-3057.4	0.849661	-0.527329
-1093.46	-3052.31	0.864631	-0.502408
-1096.13	-3047.54	0.878593	-0.477572
-1098.95	-3042.29	0.885245	-0.465126
-1101.68	-3036.99	0.894309	-0.447451
-1104.31	-3031.63	0.903426	-0.428745
-1106.81	-3026.22	0.911922	-0.410363
-1109.23	-3020.76	0.918756	-0.394826
-1111.54	-3015.26	0.925147	-0.379609
-1113.6	-3010.2	0.926134	-0.377194
-1115.85	-3004.67	0.927294	-0.374333
-1118.06	-2999.13	0.930998	-0.365024
-1120.22	-2993.57	0.933012	-0.359845
-1122.19	-2988.47	0.933719	-0.358007
-1124.65	-2981.96	0.937298	-0.348529
-1126.71	-2976.36	0.939357	-0.342942
-1128.74	-2970.75	0.941372	-0.33737
-1130.59	-2965.6	0.941749	-0.336318
-1132.59	-2959.98	0.942011	-0.335581
-1134.59	-2954.36	0.942084	-0.335376
-1136.59	-2948.73	0.942157	-0.335171
-1138.59	-2943.11	0.94223	-0.334966
-1140.76	-2937.02	0.942037	-0.335509
-1142.76	-2931.4	0.941455	-0.337138
-1144.78	-2925.79	0.940871	-0.338766
-1146.63	-2920.65	0.940332	-0.340257
-1148.67	-2915.04	0.939743	-0.341883
-1150.71	-2909.43	0.93915	-0.343507
-1152.76	-2903.84	0.938555	-0.34513
-1154.65	-2898.71	0.938007	-0.346617
-1156.72	-2893.11	0.937336	-0.348427
-1158.81	-2887.52	0.937055	-0.349182
-1160.89	-2881.93	0.93684	-0.349759
-1162.98	-2876.35	0.936048	-0.351872
-1165.08	-2870.77	0.93521	-0.354095
-1167.03	-2865.66	0.934292	-0.356509
-1169.16	-2860.09	0.933706	-0.358041
-1171.3	-2854.52	0.932826	-0.360327
-1173.45	-2848.96	0.931883	-0.36276
-1175.44	-2843.86	0.930991	-0.365042
-1177.63	-2838.31	0.930021	-0.367507
-1179.82	-2832.77	0.929161	-0.369674
-1182.03	-2827.23	0.928335	-0.371745
-1184.26	-2821.69	0.927682	-0.37337
-1186.3	-2816.62	0.92733	-0.374246
-1188.53	-2811.09	0.92697	-0.375136
-1190.77	-2805.56	0.926576	-0.376109
-1193.02	-2800.04	0.926386	-0.376575
-1195.07	-2794.98	0.926388	-0.37657
-1197.32	-2789.45	0.926559	-0.376149
-1199.56	-2783.93	0.926888	-0.375339
-1201.79	-2778.4	0.927367	-0.374152
-1204.02	-2772.88	0.927987	-0.372614
-1206.24	-2767.34	0.928735	-0.370745
-1208.25	-2762.27	0.932413	-0.361394
-1210.36	-2756.69	0.939962	-0.34128
-1212.34	-2751.07	0.947088	-0.320973
-1214.35	-2744.93	0.956627	-0.291317
-1215.98	-2739.2	0.967105	-0.254377
-1217.44	-2733.41	0.971986	-0.23504
-1218.82	-2727.61	0.97443	-0.224692
-1220.11	-2721.79	0.979269	-0.202565
-1221.25	-2715.94	0.984421	-0.175828
-1222.16	-2710.55	0.988771	-0.149441
-1222.97	-2704.64	0.992208	-0.124592
-1223.69	-2698.71	0.993547	-0.113419
-1224.32	-2692.78	0.99525	-0.0973559
-1224.83	-2687.34	0.996524	-0.0833021
-1225.27	-2681.39	0.998054	-0.0623578
-1225.6	-2675.43	0.999019	-0.0442902
-1225.82	-2669.46	0.999526	-0.0307763
-1226	-2663.5	0.999563	-0.0295598
-1226.15	-2658.03	0.999765	-0.0216834
-1226.25	-2652.06	0.999978	-0.00663555
-1226.24	-2646.09	0.999962	0.00876218
-1226.16	-2640.12	0.999829	0.0184879
-1226.05	-2634.65	0.999786	0.0207064
-1225.93	-2628.68	0.999681	0.0252554
-1225.75	-2622.71	0.999417	0.0341332
-1225.54	-2616.75	0.99931	0.0371462
-1225.28	-2610.28	0.999025	0.0441507
-1225	-2604.32	0.998971	0.0453568
-1224.74	-2598.36	0.999098	0.0424551
-1224.49	-2592.39	0.998912	0.0466319
-1224.16	-2585.93	0.99867	0.0515489
-1223.86	-2579.97	0.998661	0.0517313
-1223.54	-2574	0.998672	0.0515223
-1223.25	-2568.04	0.998843	0.0480942
-1222.98	-2562.57	0.998682	0.0513217
-1222.66	-2556.61	0.998547	0.053886
-1222.35	-2550.65	0.998767	0.0496378
-1222.07	-2544.68	0.998922	0.0464286
-1221.76	-2538.22	0.998889	0.0471165
-1221.48	-2532.26	0.998707	0.0508281
-1221.18	-2526.79	0.998266	0.0588624
-1220.82	-2520.83	0.998324	0.0578758
-1220.47	-2514.37	0.998682	0.0513233
-1220.17	-2508.41	0.998876	0.0473941
-1219.9	-2502.44	0.998989	0.0449449
-1219.63	-2496.48	0.998856	0.0478245
-1219.33	-2490.51	0.998894	0.0470092
-1219.07	-2484.55	0.99914	0.041474
-1218.83	-2478.58	0.999267	0.0382805
-1218.61	-2472.61	0.999336	0.0364435
-1218.39	-2466.65	0.999308	0.0372001
-1218.19	-2461.17	0.99934	0.0363297
-1217.97	-2455.21	0.999437	0.0335481
-1217.79	-2449.24	0.999664	0.0259133
-1217.65	-2443.27	0.999757	0.0220279
-1217.53	-2437.8	0.999726	0.0234079
-1217.38	-2431.82	0.999701	0.0244573
-1217.24	-2425.85	0.999744	0.0226197
-1217.11	-2419.88	0.999818	0.0190864
-1217.01	-2413.91	0.999783	0.0208094
-1216.87	-2408.43	0.999597	0.0283849
-1216.7	-2402.46	0.999669	0.0257374
-1216.55	-2396.49	0.999665	0.0258783
-1216.4	-2390.52	0.999751	0.022326
-1216.3	-2385.04	0.999895	0.0144907
-1216.22	-2379.07	0.999933	0.0115869
-1216.15	-2373.1	0.999933	0.0115668
-1216.08	-2367.13	0.999955	0.00944293
-1216.04	-2361.15	0.999972	0.00742482
-1215.99	-2355.18	0.999983	0.00583956
-1215.98	-2349.7	1	-0.000494054
-1215.98	-2343.73	0.999996	-0.00283327
-1216.01	-2337.76	0.999991	-0.00433019
-1216.03	-2331.78	1	-1.90709e-05
-1216.01	-2325.8	1	0.000603564
-1216.03	-2320.33	0.999984	-0.00570839
-1216.07	-2314.35	0.999905	-0.0138183
-1216.18	-2308.38	0.999797	-0.0201529
-1216.3	-2302.4	0.999888	-0.0149396
-1216.37	-2296.43	0.999929	-0.0119454
-1216.45	-2290.45	0.999805	-0.0197622
-1216.58	-2284.98	0.99976	-0.0219008
-1216.69	-2279	0.999882	-0.0153549
-1216.78	-2273.02	0.99985	-0.0173222
-1216.9	-2267.05	0.999825	-0.0187251
-1216.99	-2261.57	0.999821	-0.0189151
-1217.13	-2255.59	0.999659	-0.0261025
-1217.28	-2249.62	0.999667	-0.025798
-1217.43	-2243.65	0.9998	-0.0200138
-1217.53	-2237.67	0.999883	-0.0153137
-1217.62	-2231.69	0.999894	-0.0145619
-1217.7	-2225.72	0.999912	-0.0132455
-1217.78	-2220.24	0.999879	-0.0155256
-1217.87	-2214.26	0.999947	-0.0102683
-1217.9	-2208.28	0.999997	-0.00228073
-1217.91	-2202.8	1	0.000348094
-1217.91	-2196.83	1	-0.00066689
-1217.92	-2190.85	1	0.000792887
-1217.89	-2184.87	0.999955	0.00949195
-1217.81	-2178.9	0.999855	0.0170035
-1217.69	-2172.42	0.999825	0.0186831
-1217.58	-2166.45	0.999807	0.0196214
-1217.47	-2160.97	0.999748	0.02247
-1217.33	-2154.99	0.999649	0.0264813
-1217.13	-2148.52	0.999503	0.0315196
-1216.95	-2142.55	0.999451	0.0331303
-1216.74	-2136.57	0.999311	0.0371053
-1216.53	-2131.1	0.999248	0.038784
-1216.29	-2125.13	0.999149	0.0412563
-1216.04	-2119.16	0.998989	0.0449464
-1215.76	-2113.18	0.99894	0.046028
-1215.49	-2107.21	0.998912	0.0466454
-1215.23	-2101.74	0.998847	0.0480144
-1214.94	-2095.77	0.998766	0.0496573
-1214.63	-2089.8	0.998608	0.052742
-1214.31	-2083.83	0.998505	0.0546642
-1213.98	-2077.86	0.998485	0.0550262
-1213.68	-2072.39	0.998465	0.0553894
-1213.35	-2066.42	0.99841	0.0563644
-1213.01	-2060.46	0.998381	0.0568777
-1212.67	-2054.49	0.99834	0.057597
-1212.32	-2048.52	0.998327	0.0578275
-1211.98	-2042.55	0.998327	0.057818
-1211.66	-2037.08	0.998344	0.0575184
-1211.32	-2031.11	0.998354	0.0573483
-1210.98	-2025.14	0.998374	0.0569966
-1210.64	-2019.17	0.998388	0.0567547
-1210.32	-2013.7	0.998416	0.0562601
-1209.99	-2007.73	0.998481	0.0551052
-1209.66	-2001.75	0.998548	0.0538772
-1209.35	-1995.78	0.998618	0.0525475
-1209.03	-1989.8	0.998692	0.0511362
-1208.73	-1983.83	0.998767	0.0496423
-1208.44	-1977.85	0.998845	0.0480557
-1208.16	-1971.87	0.998925	0.0463654
-1207.88	-1965.89	0.999007	0.0445617
-1207.64	-1960.41	0.999083	0.04281
-1207.39	-1954.43	0.999167	0.0408164
-1207.15	-1948.45	0.999249	0.0387465
-1206.92	-1942.47	0.999319	0.0369005
-1206.72	-1936.98	0.999369	0.0355257
-1206.52	-1931	0.999424	0.0339467
-1206.32	-1925.01	0.999478	0.0322966
-1206.13	-1919.03	0.999531	0.0306071
-1205.95	-1913.04	0.999583	0.0288921
-1205.78	-1907.05	0.999631	0.0271554
-1205.61	-1900.56	0.999681	0.0252388
-1205.46	-1894.57	0.999725	0.0234392
-1205.34	-1889.08	0.999763	0.0217831
-1205.21	-1883.09	0.9998	0.0199763
-1205.1	-1877.1	0.999835	0.0181693
-1204.99	-1871.11	0.999866	0.016362
-1204.9	-1865.11	0.999894	0.0145545
-1204.82	-1859.62	0.999917	0.0128975
-1204.75	-1853.63	0.999935	0.0113763
-1204.68	-1847.63	0.999947	0.0102564
-1204.62	-1841.64	0.999958	0.00913635
-1204.57	-1835.64	0.999968	0.00801119
-1204.53	-1830.14	0.999976	0.00696091
-1204.49	-1824.15	0.999983	0.005776
-1204.46	-1818.15	0.99999	0.00455789
-1204.44	-1812.15	0.999995	0.00330659
-1204.42	-1806.15	0.999998	0.00202014
-1204.41	-1800.15	1	0.000710162
-1204.41	-1794.15	1	-0.000623288
-1204.42	-1788.15	0.999999	-0.00170225
-1204.43	-1782.65	0.999997	-0.00238404
-1204.44	-1776.65	0.999995	-0.00324352
-1204.47	-1770.65	0.999991	-0.00423814
-1204.49	-1764.65	0.999987	-0.00507569
-1204.52	-1759.15	0.999985	-0.00556764
-1204.56	-1753.14	0.999981	-0.00615827
-1204.6	-1747.14	0.999977	-0.00676353
-1204.64	-1741.14	0.999973	-0.00737025
-1204.68	-1735.13	0.999968	-0.00798771
-1204.73	-1729.13	0.999963	-0.00862407
-1204.78	-1723.62	0.999957	-0.00923436
-1204.84	-1717.62	0.999951	-0.00993672
-1204.9	-1711.61	0.999943	-0.0106561
-1204.97	-1705.61	0.999935	-0.0113979
-1205.03	-1700.1	0.999927	-0.0121224
-1205.11	-1694.09	0.999916	-0.0129504
-1205.19	-1688.08	0.999905	-0.0137979
-1205.27	-1682.08	0.999892	-0.0146643
-1205.36	-1676.07	0.999879	-0.01554
-1205.46	-1670.06	0.99987	-0.0161309
-1205.55	-1664.55	0.999867	-0.0163035
-1205.64	-1658.54	0.999864	-0.016497
-1205.74	-1652.53	0.999861	-0.016701
-1205.84	-1646.52	0.999857	-0.0169181
-1205.95	-1640.51	0.999853	-0.0171721
-1206.04	-1635	0.999848	-0.017454
-1206.15	-1628.99	0.999847	-0.0175184
-1206.25	-1622.97	0.999852	-0.0172194
-1206.36	-1616.96	0.999856	-0.0169592
-1206.46	-1610.95	0.99986	-0.0167289
-1206.55	-1605.43	0.999863	-0.0165594
-1206.65	-1599.42	0.999865	-0.0164287
-1206.75	-1593.4	0.999866	-0.0163423
-1206.84	-1587.39	0.999868	-0.0162679
-1206.93	-1581.87	0.999869	-0.0161995
-1207.03	-1575.86	0.99987	-0.0161228
-1207.13	-1569.84	0.999871	-0.0160339
-1207.22	-1563.82	0.999873	-0.0159074
-1207.32	-1557.8	0.999876	-0.0157407
-1207.41	-1551.78	0.999879	-0.015564
-1207.5	-1546.27	0.999881	-0.0154037
-1207.59	-1540.25	0.999884	-0.0152449
-1207.68	-1534.23	0.999886	-0.0151218
-1207.77	-1528.21	0.999887	-0.0150237
-1207.86	-1522.69	0.999888	-0.0149363
-1207.95	-1516.66	0.99989	-0.0148393
-1208.04	-1510.64	0.999891	-0.0147394
-1208.12	-1504.62	0.999893	-0.0146379
-1208.21	-1498.6	0.999894	-0.0145331
-1208.31	-1492.07	0.999896	-0.0144171
-1208.39	-1486.05	0.999898	-0.0143097
-1208.48	-1480.02	0.999899	-0.0142023
-1208.56	-1474.5	0.999901	-0.0141039
-1208.64	-1468.47	0.999902	-0.0139963
-1208.73	-1462.45	0.999904	-0.0138884
-1208.81	-1456.42	0.999905	-0.0137808
-1208.89	-1450.9	0.999906	-0.0136824
-1208.97	-1444.37	0.999908	-0.0135659
-1209.06	-1438.34	0.999909	-0.013458
-1209.13	-1432.81	0.999911	-0.0133592
-1209.21	-1426.78	0.999912	-0.0132514
-1209.29	-1420.75	0.999914	-0.0131434
-1209.37	-1414.72	0.999915	-0.013035
-1209.44	-1409.2	0.999916	-0.0129359
-1209.52	-1403.17	0.999918	-0.0128281
-1209.6	-1397.14	0.999919	-0.0127216
-1209.67	-1391.1	0.99992	-0.0126203
-1209.75	-1385.07	0.999922	-0.012524
-1209.82	-1379.04	0.999923	-0.0124278
-1209.89	-1373.51	0.999924	-0.0123393
-1209.97	-1367.47	0.999925	-0.0122425
-1210.04	-1361.44	0.999926	-0.0121461
-1210.12	-1354.9	0.999927	-0.0120463
-1210.19	-1348.87	0.999928	-0.0119699
-1210.26	-1342.83	0.999929	-0.0119127
-1210.34	-1336.8	0.99993	-0.0118735
-1210.41	-1330.76	0.99993	-0.0118716
-1210.47	-1325.23	0.999929	-0.011929
-1210.55	-1319.19	0.999927	-0.0120484
-1210.62	-1313.15	0.999925	-0.0122067
-1210.69	-1307.11	0.999916	-0.0129709
-1210.78	-1301.07	0.999894	-0.0145767
-1210.86	-1295.54	0.999871	-0.0160751
-1210.96	-1289.5	0.999843	-0.017721
-1211.08	-1282.95	0.999826	-0.0186368
-1211.18	-1277.42	0.999834	-0.0182373
-1211.29	-1271.38	0.999842	-0.017801
-1211.4	-1265.34	0.999849	-0.017365
-1211.51	-1258.79	0.999862	-0.0166039
-1211.61	-1252.75	0.99988	-0.0154747
-1211.69	-1247.21	0.999896	-0.0144398
-1211.78	-1241.17	0.999911	-0.0133111
-1211.85	-1235.12	0.999926	-0.012182
-1211.92	-1229.08	0.999939	-0.0110518
-1211.99	-1223.03	0.999951	-0.00992119
-1212.05	-1216.99	0.999961	-0.00879086
-1212.09	-1211.45	0.999968	-0.00804317
-1212.14	-1205.4	0.999971	-0.00760503
-1212.18	-1199.35	0.999974	-0.00716717
-1212.23	-1193.3	0.999977	-0.00672958
-1212.26	-1187.76	0.99998	-0.00632839
-1212.3	-1181.71	0.999983	-0.00589044
-1212.34	-1175.66	0.999985	-0.00545214
-1212.37	-1169.61	0.999987	-0.00501327
-1212.4	-1163.56	0.99999	-0.00457413
-1212.42	-1157.51	0.999991	-0.00413452
-1212.44	-1151.97	0.999993	-0.00373181
-1212.47	-1145.92	0.999995	-0.00329275
-1212.49	-1139.86	0.999996	-0.00285343
-1212.5	-1133.81	0.999997	-0.00241363
-1212.51	-1127.76	0.999998	-0.00197289
-1212.52	-1122.21	0.999999	-0.00156712
-1212.53	-1116.16	0.999999	-0.00112394
-1212.54	-1110.1	1	-0.000681028
-1212.54	-1104.05	1	-0.000238393
-1212.54	-1097.99	1	0.000204501
-1212.54	-1091.94	1	0.000647868
-1212.54	-1086.39	0.999999	0.00105403
-1212.53	-1080.33	0.999999	0.00149841
-1212.52	-1073.26	0.999999	0.00172957
-1212.51	-1067.71	0.999999	0.00150146
-1212.5	-1061.65	0.999999	0.00125232
-1212.49	-1055.6	0.999999	0.00100291
-1212.49	-1049.03	1	0.000732844
-1212.48	-1042.97	1	0.000483889
-1212.48	-1036.91	1	0.00023466
-1212.48	-1030.85	1	-1.48442e-05
-1212.48	-1025.3	1	-0.000241262
-1212.48	-1019.24	1	-0.000483716
-1212.48	-1013.18	1	-0.000726445
-1212.49	-1007.11	1	-0.000969449
-1212.5	-1001.05	0.999999	-0.00121231
-1212.5	-994.99	0.999999	-0.00145485
-1212.51	-989.432	0.999999	-0.00167743
-1212.52	-983.369	0.999998	-0.00192052
-1212.54	-977.305	0.999998	-0.0018652
-1212.55	-971.24	0.999999	-0.00139199
-1212.55	-965.176	1	-0.000919049
-1212.56	-959.11	1	-0.000446386
-1212.56	-953.55	0.999997	0.00252058
-1212.52	-947.484	0.999944	0.0105943
-1212.44	-941.417	0.999826	0.0186672
-1212.3	-935.351	0.999642	0.0267387
-1212.12	-929.286	0.999508	0.0313522
-1211.93	-923.22	0.999535	0.0304823
-1211.75	-917.155	0.999588	0.0287107
-1211.6	-911.595	0.999633	0.0270867
-1211.44	-905.529	0.999692	0.0248325
-1211.3	-899.462	0.99976	0.0219025
-1211.17	-893.396	0.99982	0.018983
-1211.07	-887.834	0.99987	0.0161386
-1210.98	-881.767	0.999919	0.0127232
-1210.91	-875.7	0.999952	0.00983829
-1210.86	-869.632	0.999971	0.00763135
-1210.82	-863.563	0.999984	0.00571637
-1210.79	-857.495	0.999991	0.00420639
-1210.77	-851.931	0.999996	0.00282197
-1210.75	-845.861	0.999999	0.00130944
-1210.75	-839.285	1	-0.000100759
-1210.75	-833.214	1	-0.000921643
-1210.76	-827.143	0.999998	-0.00173391
-1210.77	-821.072	0.999997	-0.00253901
-1210.79	-815	0.999995	-0.00306657
-1210.81	-809.434	0.999995	-0.00318491
-1210.83	-803.361	0.999995	-0.00331425
-1210.85	-796.782	0.999994	-0.0034546
-1210.87	-790.708	0.999994	-0.00358397
-1210.89	-785.14	0.999993	-0.00370233
-1210.91	-779.066	0.999993	-0.00383171
-1210.94	-772.991	0.999992	-0.00395806
-1210.96	-766.41	0.999992	-0.00408976
-1210.98	-760.84	0.999991	-0.00420088
-1211.01	-754.764	0.999991	-0.00432236
-1211.04	-748.688	0.99999	-0.00444405
-1211.07	-742.105	0.99999	-0.00457576
-1211.09	-736.534	0.999989	-0.00468688
-1211.12	-729.949	0.999988	-0.00481851
-1211.15	-724.378	0.999988	-0.00492809
-1211.18	-717.793	0.999987	-0.0050546
-1211.21	-711.714	0.999987	-0.00517096
-1211.25	-705.634	0.999986	-0.00528759
-1211.28	-699.555	0.999985	-0.00540443
-1211.31	-693.474	0.999985	-0.00552113
-1211.35	-687.394	0.999984	-0.00563751
-1211.38	-681.82	0.999984	-0.00574446
-1211.41	-675.738	0.999983	-0.00586051
-1211.45	-669.149	0.999982	-0.00598478
-1211.49	-663.574	0.999981	-0.00608961
-1211.52	-657.491	0.999981	-0.0062042
-1211.56	-650.901	0.99998	-0.00632858
-1211.61	-644.311	0.999979	-0.00645285
-1211.65	-638.227	0.999978	-0.00656722
-1211.68	-632.65	0.999978	-0.0066723
-1211.72	-626.565	0.999977	-0.00678718
-1211.77	-619.466	0.999976	-0.00692045
-1211.81	-613.38	0.999975	-0.00703345
-1211.86	-607.294	0.999974	-0.00714668
-1211.9	-601.715	0.999974	-0.00725069
-1211.94	-595.628	0.999975	-0.00707294
-1211.98	-589.541	0.999979	-0.00648741
-1212.02	-583.453	0.999983	-0.00590215
-1212.05	-577.872	0.999986	-0.00536586
-1212.08	-571.784	0.999989	-0.0047801
-1212.11	-565.695	0.999991	-0.00419324
-1212.14	-559.605	0.999993	-0.0036066
-1212.16	-553.516	0.999995	-0.00302023
-1212.17	-547.933	0.999997	-0.00248256
-1212.19	-541.842	0.999998	-0.00189551
-1212.2	-535.751	0.999999	-0.00130868
-1212.2	-529.66	1	-0.000722127
-1212.21	-523.568	1	-0.000426717
-1212.21	-517.983	1	-0.000529111
-1212.21	-511.89	1	-0.000640424
-1212.22	-505.797	1	-0.000751958
-1212.22	-499.704	1	-0.000863462
-1212.23	-494.117	1	-0.00096552
-1212.23	-487.515	0.999999	-0.0010864
-1212.24	-481.928	0.999999	-0.00118852
-1212.25	-475.833	0.999999	-0.00129965
-1212.25	-469.738	0.999999	-0.00141077
-1212.26	-463.642	0.999999	-0.00152181
-1212.27	-458.053	0.999999	-0.00162467
-1212.28	-451.956	0.999998	-0.00174084
-1212.29	-445.859	0.999998	-0.00186155
-1212.3	-439.762	0.999998	-0.00198809
-1212.32	-433.664	0.999998	-0.00211939
-1212.33	-428.073	0.999997	-0.00223949
-1212.34	-421.975	0.999997	-0.00237057
-1212.36	-415.875	0.999997	-0.0025016
-1212.37	-409.776	0.999997	-0.00263249
-1212.39	-403.676	0.999996	-0.00276307
-1212.41	-398.084	0.999996	-0.00288297
-1212.42	-391.983	0.999995	-0.00301401
-1212.44	-385.882	0.999996	-0.00285292
-1212.46	-379.78	0.999997	-0.00228276
-1212.47	-373.678	0.999999	-0.00171283
-1212.48	-367.576	0.999999	-0.00114289
-1212.48	-361.981	1	-0.000620031
-1212.49	-355.878	1	-4.94053e-05
-1212.49	-349.774	1	0.000520983
-1212.48	-342.653	0.999999	0.00118666
-1212.47	-337.057	0.999999	0.00171009
-1212.46	-330.952	0.999997	0.0022809
-1212.45	-324.847	0.999996	0.00285147
-1212.42	-318.233	0.999995	0.00317769
-1212.41	-312.127	0.999995	0.00304275
-1212.39	-306.529	0.999996	0.00290283
-1212.37	-300.422	0.999996	0.00272459
-1212.35	-293.297	0.999997	0.00250525
-1212.34	-287.19	0.999997	0.00231758
-1212.32	-281.081	0.999998	0.00212969
-1212.31	-274.973	0.999998	0.00194157
-1212.3	-268.355	0.999998	0.00173803
-1212.29	-262.246	0.999999	0.0015506
-1212.28	-256.646	0.999999	0.00137858
-1212.27	-250.536	0.999999	0.00118367
-1212.27	-244.425	1	0.0009565
-1212.26	-238.314	1	0.000675479
-1212.26	-232.203	1	0.000345607
-1212.26	-226.092	1	-2.94163e-05
-1212.26	-220.489	1	-0.00040009
-1212.26	-214.377	1	-0.000807622
-1212.27	-208.264	0.999999	-0.00122018
-1212.28	-202.151	0.999999	-0.00163302
-1212.29	-196.547	0.999998	-0.0020114
-1212.3	-190.433	0.999997	-0.00242405
-1212.32	-184.319	0.999996	-0.00283698
-1212.33	-178.204	0.999995	-0.00324979
-1212.35	-172.089	0.999993	-0.00366231
-1212.38	-166.483	0.999992	-0.00404055
-1212.4	-159.858	0.99999	-0.00448768
-1212.43	-154.251	0.99999	-0.00457297
-1212.46	-148.135	0.999991	-0.00428232
-1212.48	-142.018	0.999992	-0.00399194
-1212.51	-135.9	0.999993	-0.00370179
-1212.53	-130.292	0.999994	-0.00343565
-1212.55	-124.174	0.999995	-0.0031449
-1212.57	-118.056	0.999996	-0.00285443
-1212.58	-112.447	0.999997	-0.00258608
-1212.6	-105.817	0.999997	-0.002264
-1212.61	-99.6977	0.999998	-0.00196625
-1212.62	-94.0876	0.999999	-0.00169351
-1212.63	-87.9671	0.999999	-0.00139626
-1212.64	-81.8462	0.999999	-0.00109883
-1212.64	-75.7249	1	-0.000800992
-1212.65	-69.6032	1	-0.000503377
-1212.65	-63.4811	1	-0.000205922
-1212.65	-57.8689	1	6.70192e-05
-1212.65	-51.746	1	0.000365184
-1212.65	-45.6228	1	0.000663111
-1212.64	-39.4992	1	0.000960818
-1212.63	-33.3752	0.999999	0.00125859
-1212.63	-27.7612	0.999999	0.00153173
-1212.62	-21.6364	0.999998	0.00182948
-1212.61	-15.5112	0.999998	0.0018338
-1212.6	-9.38569	0.999999	0.00142749
-1212.59	-3.77029	0.999999	0.00105092
-1212.58	2.35597	1	0.000632189
-1212.58	8.48265	1	0.000213603
-1212.58	14.6097	1	-0.000204725
-1212.58	20.7371	1	-0.000623327
-1212.59	26.3543	0.999999	-0.00100847
-1212.59	32.9931	0.999999	-0.00148362
-1212.6	38.611	0.999998	-0.00192967
-1212.62	44.7399	0.999997	-0.00246939
-1212.63	50.8692	0.999995	-0.00309616
-1212.65	56.9989	0.999994	-0.00354799
-1212.67	62.618	0.999993	-0.00368185
-1212.7	68.7484	0.999992	-0.00393237
-1212.72	74.8792	0.999991	-0.00424516
-1212.75	81.0104	0.99999	-0.00456459
-1212.78	87.1419	0.999988	-0.00485204
-1212.81	93.2738	0.999987	-0.00506332
-1212.84	99.406	0.999987	-0.00516948
-1212.87	105.539	0.999987	-0.00518776
-1212.9	111.672	0.999987	-0.00512216
-1212.93	117.805	0.999987	-0.00503008
-1212.96	123.939	0.999988	-0.00493828
-1213	130.073	0.999988	-0.00484629
-1213.02	135.696	0.999989	-0.00476162
-1213.05	141.831	0.999989	-0.00466935
-1213.08	147.967	0.99999	-0.00457705
-1213.11	154.102	0.99999	-0.00448456
-1213.13	160.238	0.99999	-0.00439175
-1213.16	165.863	0.999991	-0.00430688
-1213.19	172	0.999991	-0.00421452
-1213.21	178.137	0.999992	-0.00412199
-1213.24	184.275	0.999992	-0.00402908
-1213.26	189.901	0.999992	-0.00394416
-1213.28	196.551	0.999993	-0.00384385
-1213.31	202.178	0.999993	-0.00375861
-1213.33	208.317	0.999993	-0.00366543
-1213.35	214.457	0.999994	-0.00357249
-1213.37	220.597	0.999994	-0.00347935
-1213.39	226.225	0.999994	-0.00339368
-1213.41	232.366	0.999995	-0.00330046
-1213.43	238.506	0.999995	-0.00320747
-1213.45	244.648	0.999995	-0.00311391
-1213.47	250.278	0.999995	-0.00302731
-1213.49	256.931	0.999996	-0.00292523
-1213.51	262.562	0.999996	-0.002829
-1213.52	269.217	0.999996	-0.00268962
-1213.54	275.36	0.999997	-0.00253711
-1213.56	281.503	0.999997	-0.00238484
-1213.57	287.647	0.999998	-0.0022328
-1213.58	293.791	0.999998	-0.00207668
-1213.6	299.936	0.999998	-0.00188701
-1213.61	305.569	0.999999	-0.0016602
-1213.61	311.714	0.999999	-0.00138641
-1213.62	317.86	0.999999	-0.00110244
-1213.63	324.006	1	-0.000811048
-1213.63	329.641	1	-0.000544149
-1213.64	335.787	1	-0.000253217
-1213.64	341.935	1	3.78978e-05
-1213.64	348.082	1	0.000331401
-1213.63	353.718	1	0.000620959
-1213.63	359.866	1	0.000978533
-1213.62	366.015	0.999999	0.0013507
-1213.61	372.164	0.999999	0.00172306
-1213.6	378.313	0.999998	0.0020952
-1213.59	384.463	0.999997	0.0024655
-1213.57	390.1	0.999996	0.0028015
-1213.55	396.251	0.999995	0.00316652
-1213.53	402.402	0.999994	0.00353271
-1213.51	408.553	0.999992	0.00389908
-1213.49	414.704	0.999991	0.00426581
-1213.46	420.856	0.999989	0.00463231
-1213.43	426.496	0.999988	0.00496805
-1213.4	432.648	0.999986	0.00533451
-1213.37	438.801	0.999984	0.00570133
-1213.33	444.954	0.999982	0.00606086
-1213.3	450.595	0.99998	0.00636803
-1213.26	456.749	0.99998	0.00638251
-1213.22	462.903	0.999982	0.00597991
-1213.18	469.058	0.999985	0.00555854
-1213.15	475.213	0.999987	0.00508107
-1213.12	480.856	0.99999	0.00456143
-1213.09	487.011	0.999992	0.00390938
-1213.07	493.168	0.999995	0.00316295
-1213.05	499.324	0.999997	0.00232626
-1213.04	504.968	0.999999	0.00148859
-1213.04	511.125	1	0.000543284
-1213.04	517.283	1	-0.000402295
-1213.04	523.441	0.999999	-0.00128402
-1213.05	529.599	0.999998	-0.0017921
-1213.06	535.245	0.999998	-0.00189491
-1213.07	541.404	0.999998	-0.00200928
-1213.09	547.564	0.999998	-0.00212393
-1213.1	553.724	0.999998	-0.00223412
-1213.11	559.884	0.999997	-0.00233796
-1213.13	565.531	0.999997	-0.00243345
-1213.14	571.693	0.999997	-0.00253744
-1213.16	577.854	0.999997	-0.00264101
-1213.17	583.503	0.999996	-0.00273777
-1213.19	589.665	0.999996	-0.00284901
-1213.21	595.828	0.999996	-0.00297514
-1213.23	601.991	0.999995	-0.00308783
-1213.25	608.155	0.999995	-0.00316228
-1213.27	614.319	0.999995	-0.00323705
-1213.28	619.97	0.999995	-0.00330548
-1213.3	626.135	0.999994	-0.00337966
-1213.33	632.3	0.999994	-0.00345415
-1213.35	638.466	0.999994	-0.00352897
-1213.37	644.632	0.999994	-0.00360357
-1213.39	650.799	0.999993	-0.00367779
-1213.41	656.966	0.999993	-0.00386666
-1213.44	663.133	0.999991	-0.00423353
-1213.47	669.301	0.999989	-0.00463508
-1213.49	674.955	0.999987	-0.00501789
-1213.52	681.123	0.999985	-0.00543841
-1213.56	687.292	0.999983	-0.0058592
-1213.6	693.461	0.999982	-0.00598368
-1213.63	699.116	0.999984	-0.00571743
-1213.66	705.286	0.999986	-0.005372
-1213.7	711.456	0.999988	-0.00494951
-1213.72	717.112	0.99999	-0.00456207
-1213.75	723.283	0.999991	-0.00413892
-1213.77	729.455	0.999993	-0.00371606
-1213.8	735.626	0.999995	-0.00329348
-1213.82	741.798	0.999995	-0.00317032
-1213.84	747.971	0.999994	-0.00346624
-1213.86	754.144	0.999993	-0.00376243
-1213.88	759.803	0.999992	-0.00402777
-1213.91	766.491	0.99999	-0.00456855
-1213.94	772.664	0.999985	-0.00556686
-1213.98	778.839	0.999978	-0.00656546
-1214.02	785.013	0.999971	-0.00755894
-1214.07	791.188	0.999966	-0.00823896
-1214.12	797.364	0.999964	-0.00847385
-1214.17	803.025	0.999963	-0.0086375
-1214.22	809.201	0.999962	-0.00870665
-1214.28	815.377	0.999965	-0.00833366
-1214.32	821.554	0.999973	-0.00734766
-1214.37	827.731	0.999981	-0.00610276
-1214.4	833.394	0.999989	-0.00469013
-1214.42	839.572	0.999996	-0.00278552
-1214.43	845.751	1	-0.0005165
-1214.43	851.93	0.999998	0.00211164
-1214.41	858.109	0.999987	0.0051108
-1214.37	864.289	0.999964	0.00851229
-1214.31	869.954	0.999928	0.0120146
-1214.23	876.134	0.999869	0.016216
-1214.12	882.314	0.999784	0.0207744
-1213.98	888.493	0.999688	0.0249817
-1213.81	894.673	0.999596	0.0284363
-1213.63	900.852	0.999492	0.0318788
-1213.44	906.516	0.999387	0.0350098
-1213.22	912.695	0.999275	0.0380751
-1212.97	918.873	0.999174	0.0406354
-1212.72	925.051	0.99907	0.0431126
-1212.47	930.714	0.998972	0.0453272
-1212.18	936.892	0.998879	0.0473455
-1211.88	943.069	0.998809	0.0487993
-1211.61	948.732	0.998749	0.0500054
-1211.29	954.909	0.998689	0.0511928
-1210.97	961.087	0.998662	0.0517046
-1210.65	967.264	0.998682	0.0513329
-1210.34	973.443	0.998702	0.0509348
-1210.02	979.621	0.998722	0.0505367
-1209.74	985.286	0.998695	0.0510786
-1209.42	991.465	0.998602	0.052857
-1209.09	997.644	0.998506	0.0546351
-1208.74	1003.82	0.998408	0.056413
-1208.42	1009.49	0.998314	0.0580428
-1208.06	1015.66	0.998209	0.0598212
-1207.68	1021.84	0.998101	0.0615943
-1207.29	1028.02	0.997992	0.0633357
-1206.9	1034.2	0.997904	0.0647179
-1206.5	1040.37	0.997845	0.0656199
-1206.09	1046.55	0.997789	0.0664654
-1205.67	1052.73	0.997736	0.0672577
-1205.25	1058.91	0.997685	0.0680023
-1204.83	1065.08	0.997638	0.0686921
-1204.44	1070.75	0.997597	0.0692768
-1204.01	1076.92	0.997554	0.069897
-1203.58	1083.1	0.997528	0.0702734
-1203.14	1089.28	0.997536	0.0701573
-1202.71	1095.46	0.997546	0.0700117
-1202.27	1101.63	0.997558	0.0698389
-1201.88	1107.3	0.997571	0.0696624
-1201.41	1113.99	0.997589	0.0693932
-1201.02	1119.66	0.997611	0.069082
-1200.59	1125.84	0.997641	0.0686534
-1200.17	1132.02	0.997675	0.0681463
-1199.75	1138.2	0.997713	0.0675976
-1199.36	1143.87	0.997747	0.0670876
-1198.95	1150.05	0.997784	0.066531
-1198.53	1156.23	0.997286	0.0736207
-1198.03	1162.41	0.995814	0.0913981
-1197.42	1168.58	0.994026	0.109147
-1196.76	1174.22	0.992108	0.125388
-1195.94	1180.37	0.990822	0.135174
-1195.11	1186.51	0.990995	0.133899
-1194.28	1192.66	0.991169	0.132605
-1193.46	1198.81	0.991357	0.131193
-1192.65	1204.95	0.991732	0.128324
-1191.93	1210.59	0.992301	0.123847
-1191.18	1216.75	0.992935	0.118658
-1190.46	1222.91	0.993664	0.112389
-1189.83	1228.56	0.994423	0.105464
-1189.2	1234.73	0.995196	0.0979042
-1188.61	1240.91	0.995911	0.0903379
-1188.07	1247.09	0.996544	0.0830678
-1187.57	1253.27	0.997091	0.0762154
-1187.12	1259.46	0.997592	0.0693606
-1186.74	1265.13	0.998006	0.0631129
-1186.31	1272.36	0.998433	0.0559606
-1186	1278.04	0.998672	0.051513
-1185.69	1284.24	0.998895	0.0470053
-1185.41	1290.44	0.999083	0.0428114
-1185.15	1296.64	0.999221	0.0394726
-1184.93	1302.32	0.999303	0.0373369
-1184.71	1308.53	0.999385	0.0350715
-1184.5	1314.73	0.999462	0.0328079
-1184.3	1320.93	0.999515	0.0311522
-1184.12	1326.62	0.999537	0.0304192
-1183.92	1333.34	0.999563	0.029574
-1183.74	1339.55	0.999585	0.0288148
-1183.58	1345.24	0.999596	0.0284274
-1183.4	1351.45	0.999597	0.028403
-1183.22	1357.65	0.999597	0.0283785
-1183.05	1363.86	0.999598	0.0283541
-1182.87	1370.07	0.999599	0.0283297
-1182.71	1375.76	0.999599	0.0283073
-1182.53	1381.97	0.9996	0.0282829
-1182.36	1388.18	0.999601	0.0282586
-1182.18	1394.39	0.999601	0.0282343
-1182.01	1400.6	0.999602	0.02821
-1181.83	1406.81	0.999603	0.0281856
-1181.66	1413.02	0.999595	0.0284656
-1181.48	1419.23	0.999574	0.0291716
-1181.31	1424.92	0.999555	0.0298197
-1181.12	1431.13	0.999534	0.03052
-1180.92	1437.86	0.999511	0.0312535
-1180.74	1443.56	0.999493	0.031848
-1180.54	1449.77	0.999473	0.0324557
-1180.33	1455.98	0.999455	0.0329975
-1180.13	1462.19	0.999441	0.0334307
-1179.94	1467.89	0.999432	0.0336877
-1179.73	1474.1	0.99943	0.0337544
-1179.52	1480.31	0.999435	0.0336183
-1179.29	1487.04	0.999485	0.0320839
-1179.12	1492.74	0.999579	0.0290199
-1178.94	1498.95	0.999673	0.0255894
-1178.79	1505.17	0.999755	0.0221319
-1178.66	1511.9	0.999831	0.0183857
-1178.55	1518.12	0.999889	0.0149272
-1178.47	1524.34	0.999934	0.0114683
-1178.4	1530.56	0.999968	0.00800906
-1178.37	1536.26	0.999987	0.00508205
-1178.34	1542.48	0.999997	0.00235324
-1178.33	1548.7	1	-0.000383344
-1178.34	1554.4	0.999996	-0.00290867
-1178.37	1561.14	0.999984	-0.00562132
-1178.41	1566.84	0.999972	-0.00753419
-1178.46	1573.06	0.999954	-0.00964243
-1178.52	1579.29	0.999931	-0.0117578
-1178.6	1585.51	0.999908	-0.0135678
-1178.68	1591.21	0.99989	-0.0148352
-1178.78	1597.43	0.999869	-0.0162164
-1178.88	1603.65	0.999845	-0.0175867
-1179	1609.88	0.999821	-0.0189345
-1179.12	1616.1	0.999795	-0.0202507
-1179.24	1621.8	0.999771	-0.0214185
-1179.38	1628.54	0.999741	-0.0227475
-1179.52	1634.25	0.999723	-0.0235241
-1179.66	1640.47	0.999714	-0.0239172
-1179.81	1646.69	0.999707	-0.0242212
-1179.95	1652.4	0.999702	-0.0244014
-1180.1	1658.62	0.999708	-0.0241685
-1180.25	1664.85	0.999726	-0.0233901
-1180.4	1671.07	0.999746	-0.0225199
-1180.53	1677.3	0.999773	-0.0212858
-1180.66	1683.52	0.999808	-0.0196028
-1180.78	1689.75	0.999839	-0.0179197
-1180.88	1695.46	0.999866	-0.0163768
-1180.98	1701.69	0.999909	-0.013477
-1181.05	1707.91	0.999961	-0.00887368
-1181.09	1714.14	0.999991	-0.00427028
-1181.1	1719.85	1	-5.04582e-05
-1181.09	1726.08	0.99999	0.00455359
-1181.05	1732.31	0.999958	0.00915836
-1180.98	1738.54	0.999905	0.013763
-1180.9	1744.25	0.999838	0.0179839
-1180.75	1751.52	0.999734	0.0230526
-1180.61	1757.23	0.999646	0.0266063
-1180.43	1763.46	0.999535	0.0304827
-1180.23	1769.69	0.99941	0.0343585
-1179.99	1776.44	0.999268	0.0382532
-1179.74	1782.67	0.999143	0.0413997
-1179.5	1788.37	0.999019	0.0442839
-1179.21	1794.6	0.998875	0.04743
-1178.88	1801.35	0.998722	0.0505339
-1178.56	1807.57	0.998597	0.0529497
-1178.26	1813.28	0.998477	0.0551638
-1177.91	1819.5	0.998341	0.0575788
-1177.54	1825.73	0.998235	0.0593842
-1177.17	1831.95	0.998178	0.0603363
-1176.79	1838.18	0.99812	0.0612883
-1176.44	1843.88	0.998066	0.062161
-1176.03	1850.11	0.99605	0.0887902
-1175.31	1856.31	0.988519	0.151095
-1174.2	1862.46	0.977091	0.212821
-1172.85	1868.03	0.963229	0.268682
-1171.03	1874.02	0.952715	0.303867
-1169.13	1879.98	0.952666	0.304018
-1167.23	1885.95	0.952684	0.303963
-1165.48	1891.42	0.95281	0.303567
-1163.59	1897.38	0.954359	0.298662
-1161.75	1903.37	0.958449	0.285265
-1160	1909.38	0.962456	0.271439
-1158.34	1915.42	0.966332	0.257299
-1156.76	1921.49	0.970781	0.239966
-1155.32	1927.58	0.975917	0.218142
-1154.01	1933.71	0.980632	0.19586
-1152.93	1939.35	0.984552	0.17509
-1151.9	1945.53	0.988276	0.152677
-1151	1951.73	0.991407	0.13081
-1150.23	1957.95	0.994068	0.108759
-1149.56	1964.7	0.996274	0.0862409
-1149.07	1970.95	0.997714	0.0675823
-1148.72	1976.69	0.998726	0.0504571
-1148.46	1982.95	0.999496	0.0317575
-1148.3	1989.74	0.999908	0.013601
-1148.25	1996.01	1	-4.01738e-05
-1148.28	2002.28	0.999906	-0.0136814
-1148.4	2008.55	0.999627	-0.0273136
-1148.63	2015.34	0.99924	-0.0389878
-1148.87	2021.08	0.999001	-0.0446843
-1149.16	2027.34	0.998706	-0.0508608
-1149.5	2033.6	0.998376	-0.0569758
-1149.87	2039.86	0.998091	-0.0617569
-1150.27	2046.12	0.997906	-0.0646796
-1150.64	2051.86	0.997734	-0.0672797
-1151.07	2058.12	0.99754	-0.0700927
-1151.52	2064.37	0.997408	-0.0719477
-1151.97	2070.63	0.997374	-0.0724255
-1152.43	2076.89	0.997347	-0.0727965
-1152.88	2083.14	0.997325	-0.0730888
-1153.3	2088.88	0.997375	-0.0724137
-1153.75	2095.14	0.997513	-0.0704767
-1154.19	2101.4	0.997649	-0.068536
-1154.62	2107.66	0.997821	-0.0659807
-1154.99	2113.4	0.998023	-0.0628504
-1155.37	2119.66	0.998234	-0.0594017
-1155.74	2125.93	0.998438	-0.0558687
-1156.08	2132.19	0.998571	-0.0534396
-1156.41	2138.46	0.998614	-0.0526291
-1156.74	2144.73	0.998661	-0.051727
-1157.04	2150.48	0.998709	-0.050801
-1157.35	2156.74	0.998747	-0.0500358
-1157.66	2163.01	0.998767	-0.0496508
-1157.98	2169.28	0.998787	-0.0492295
-1158.26	2175.03	0.998806	-0.0488476
-1158.56	2181.3	0.998826	-0.0484455
-1158.87	2187.58	0.998845	-0.0480547
-1159.17	2193.85	0.998863	-0.0476671
-1159.47	2200.12	0.998896	-0.0469715
-1159.76	2206.39	0.998952	-0.0457667
-1160.02	2212.14	0.999007	-0.0445621
-1160.29	2218.42	0.999064	-0.0432482
-1160.58	2225.22	0.999125	-0.0418245
-1160.84	2231.49	0.999179	-0.0405097
-1161.1	2237.77	0.999232	-0.039195
-1161.32	2243.52	0.999278	-0.0379901
-1161.55	2249.8	0.999327	-0.0366752
-1161.78	2256.08	0.999369	-0.035505
-1162	2262.36	0.999403	-0.0345383
-1162.2	2268.11	0.999434	-0.0336523
-1162.41	2274.39	0.999456	-0.03299
-1162.61	2280.67	0.999463	-0.0327533
-1162.82	2286.95	0.999471	-0.032517
-1163.01	2292.71	0.999478	-0.0323005
-1163.21	2298.99	0.999494	-0.0318205
-1163.41	2305.27	0.999524	-0.030853
-1163.6	2311.56	0.999554	-0.02986
-1163.78	2317.84	0.999584	-0.028831
-1163.96	2324.12	0.999613	-0.0278017
-1164.12	2329.88	0.999639	-0.0268583
-1164.28	2336.17	0.999666	-0.0258294
-1164.46	2342.97	0.999695	-0.0247144
-1164.61	2349.26	0.999719	-0.0236848
-1164.74	2355.02	0.999741	-0.0227411
-1164.88	2361.31	0.999764	-0.021704
-1165.02	2367.59	0.999787	-0.0206555
-1165.14	2373.88	0.999808	-0.0196066
-1165.26	2379.64	0.999826	-0.0186453
-1165.37	2385.93	0.999845	-0.0175911
-1165.48	2392.22	0.999863	-0.0165253
-1165.58	2398.5	0.999881	-0.015459
-1165.67	2404.79	0.999896	-0.014393
-1165.76	2411.08	0.999911	-0.0133271
-1165.84	2416.85	0.999921	-0.0125935
-1165.91	2423.14	0.999925	-0.0122577
-1165.99	2429.43	0.999929	-0.0119221
-1166.06	2435.72	0.999933	-0.0115867
-1166.14	2442.01	0.999937	-0.0112513
-1166.21	2448.3	0.99994	-0.0109157
-1166.27	2454.06	0.999944	-0.0106082
-1166.34	2460.88	0.999948	-0.0102446
-1166.4	2466.65	0.999951	-0.00993559
-1166.46	2473.46	0.999954	-0.00956822
-1166.52	2479.23	0.999957	-0.00925754
-1166.58	2486.05	0.99996	-0.00889022
-1166.64	2492.34	0.999964	-0.00854373
-1166.69	2498.11	0.999966	-0.00821595
-1166.74	2504.4	0.999969	-0.00785622
-1166.79	2511.22	0.999972	-0.00746638
-1166.83	2517.51	0.999975	-0.00710525
-1166.87	2523.28	0.999977	-0.00677318
-1166.92	2529.58	0.999979	-0.00641116
-1166.96	2535.87	0.999982	-0.00604896
-1166.99	2542.17	0.999984	-0.0056864
-1167.03	2548.46	0.999986	-0.00532406
-1167.06	2554.76	0.999988	-0.00496196
-1167.09	2560.53	0.999989	-0.00462989
-1167.12	2566.83	0.999991	-0.00426727
-1167.14	2573.12	0.999992	-0.00390402
-1167.17	2579.42	0.999994	-0.00353972
-1167.19	2585.72	0.999995	-0.00317525
-1167.2	2591.49	0.999996	-0.00284088
-1167.22	2598.31	0.999997	-0.00244592
-1167.24	2604.08	0.999998	-0.00211193
-1167.25	2610.38	0.999998	-0.00174755
-1167.26	2616.68	0.999999	-0.00138297
-1167.27	2622.98	0.999999	-0.00101804
-1167.27	2629.28	1	-0.000652135
-1167.27	2635.59	1	-0.000287046
-1167.28	2641.9	1	7.42824e-05
-1167.27	2648.22	1	0.000431582
-1167.27	2654.55	1	0.000792025
-1167.26	2660.88	0.999999	0.00115848
-1167.26	2666.68	0.999999	0.0014909
-1167.25	2673.02	0.999998	0.00184926
-1167.23	2679.37	0.999998	0.00190004
-1167.22	2685.72	0.999999	0.00152186
-1167.21	2692.08	0.999999	0.00113956
-1167.21	2698.44	1	0.000752986
-1167.2	2704.28	1	0.000398936
-1167.2	2710.65	1	1.41475e-05
-1167.2	2717.03	1	-0.000375676
-1167.21	2723.95	1	-0.000796773
-1167.21	2730.35	0.999999	-0.00117814
-1167.22	2736.75	0.999999	-0.00156412
-1167.23	2743.16	0.999998	-0.00195514
-1167.25	2749.57	0.999998	-0.00202819
-1167.26	2755.99	0.999999	-0.00165414
-1167.27	2762.42	0.999999	-0.00128525
-1167.28	2768.85	1	-0.000921544
-1167.28	2774.76	1	-0.000583562
-1167.28	2781.21	1	-0.000207288
-1167.28	2787.67	1	0.00016379
-1167.28	2794.13	1	0.000529231
-1167.28	2800.06	1	0.000867549
-1167.27	2806.54	0.999999	0.00124639
-1167.26	2813.03	0.999999	0.00162005
-1167.25	2819.51	0.999999	0.00167607
-1167.24	2825.45	0.999999	0.00132321
-1167.23	2832.48	1	0.000905764
-1167.23	2838.96	1	0.000520068
-1167.23	2844.91	1	0.000166949
-1167.23	2851.4	1	-0.000217992
-1167.23	2857.89	1	-0.00060394
-1167.23	2864.38	1	-0.000990972
-1167.24	2870.87	0.999999	-0.00137923
-1167.25	2876.82	0.999998	-0.001735
-1167.26	2883.32	0.999998	-0.00212214
-1167.28	2889.82	0.999997	-0.00251068
-1167.3	2896.32	0.999996	-0.00290083
-1167.31	2902.82	0.999996	-0.00297003
-1167.33	2909.33	0.999997	-0.00258916
-1167.35	2915.3	0.999997	-0.00224225
-1167.36	2921.81	0.999998	-0.00186605
-1167.37	2928.32	0.999999	-0.00148803
-1167.38	2934.84	0.999999	-0.00110647
-1167.39	2941.37	1	-0.000727246
-1167.39	2948.44	1	-0.000314451
-1167.39	2954.42	1	3.85845e-05
-1167.39	2960.95	1	0.000421511
-1167.39	2967.49	1	0.000802111
-1167.38	2974.57	0.999999	0.0012162
-1167.37	2981.11	0.999999	0.00160234
-1167.36	2987.65	0.999998	0.00198614
-1167.35	2993.65	0.999997	0.00233592
-1167.33	3001.29	0.999997	0.00245931
-1167.31	3007.85	0.999998	0.00207023
-1167.3	3014.4	0.999999	0.00167877
-1167.29	3020.41	0.999999	0.00131786
-1167.28	3026.98	1	0.000925219
-1167.28	3033.54	1	0.000535105
-1167.28	3040.11	1	0.000142337
-1167.28	3046.68	1	-0.000253202
-1167.28	3053.26	1	-0.000643964
-1167.28	3059.29	1	-0.000994939
-1167.29	3065.88	0.999999	-0.00138129
-1167.3	3072.47	0.999998	-0.00177109
-1167.31	3079.06	0.999998	-0.00215929
-1167.33	3085.66	0.999997	-0.00254378
-1167.35	3092.26	0.999996	-0.00293193
-1167.37	3098.32	0.999995	-0.00329092
-1167.39	3104.93	0.999994	-0.00335322
-1167.41	3111.55	0.999996	-0.00295258
-1167.43	3118.17	0.999997	-0.00255532
-1167.44	3124.8	0.999998	-0.00216158
-1167.46	3130.88	0.999998	-0.00179856
-1167.47	3137.52	0.999999	-0.00139635
-1167.48	3144.16	1	-0.000997663
-1167.48	3150.8	1	-0.000602506
-1167.48	3156.9	1	-0.000238172
-1167.48	3163.55	1	0.000165599
-1167.48	3170.21	1	0.000566157
-1167.48	3176.87	1	0.000963198
-1167.47	3183.54	0.999999	0.00136151
-1167.46	3190.22	0.999998	0.00176308
-1167.45	3196.34	0.999998	0.00212787
-1167.43	3203.58	0.999998	0.00223005
-1167.42	3210.26	0.999998	0.00184007
-1167.41	3216.95	0.999999	0.00144646
-1167.4	3223.65	0.999999	0.00104943
-1167.39	3230.35	1	0.000654505
-1167.39	3237.05	1	0.000263644
-1167.39	3243.21	1	-9.80809e-05
-1167.39	3249.92	1	-0.000496175
-1167.39	3256.64	1	-0.000892347
-1167.4	3263.36	0.999999	-0.00128364
-1167.41	3269.52	0.999999	-0.00164343
-1167.42	3276.24	0.999998	-0.00203628
-1167.44	3282.96	0.999998	-0.00209397
-1167.45	3289.68	0.999999	-0.00168264
-1167.46	3296.4	0.999999	-0.00127176
-1167.47	3302.57	1	-0.000895513
-1167.47	3309.29	1	-0.000484708
-1167.47	3316.01	1	-7.32243e-05
-1167.47	3322.74	1	0.000337672
-1167.47	3329.47	1	0.000747889
-1167.46	3336.19	0.999999	0.00115882
-1167.45	3342.36	0.999999	0.00153702
-1167.44	3349.08	0.999998	0.00194969
-1167.43	3356.37	0.999998	0.00212922
-1167.41	3363.09	0.999998	0.00173928
-1167.4	3369.82	0.999999	0.00134949
-1167.4	3376.54	1	0.000959788
-1167.39	3383.27	1	0.000570025
-1167.39	3389.43	1	0.000212931
-1167.39	3396.16	1	-0.000175946
-1167.39	3402.88	1	-0.000564695
-1167.39	3409.6	1	-0.000953488
-1167.4	3416.33	0.999999	-0.00134246
-1167.41	3422.49	0.999999	-0.00169889
-1167.42	3429.22	0.999998	-0.00208758
-1167.44	3435.94	0.999998	-0.00214213
-1167.45	3442.66	0.999999	-0.00172854
-1167.46	3449.39	0.999999	-0.00131431
-1167.47	3455.55	1	-0.000934529
-1167.47	3462.27	1	-0.000520314
-1167.48	3468.99	1	-0.000106237
-1167.48	3475.72	1	0.000307986
-1167.47	3482.44	1	0.0007223
-1167.47	3489.16	0.999999	0.00113655
-1167.46	3495.32	0.999999	0.00151618
-1167.45	3502.05	0.999998	0.00193089
-1167.43	3509.33	0.999998	0.00204666
-1167.42	3516.05	0.999999	0.0016598
-1167.41	3522.77	0.999999	0.00127303
-1167.4	3529.49	1	0.000886386
-1167.4	3536.22	1	0.000499697
-1167.4	3542.94	1	0.000112834
-1167.4	3549.1	1	-0.000241666
-1167.4	3555.82	1	-0.000627683
-1167.4	3562.54	0.999999	-0.00101296
-1167.41	3569.26	0.999999	-0.00139836
-1167.42	3575.42	0.999998	-0.00175156
-1167.43	3582.14	0.999998	-0.00213674
-1167.45	3588.86	0.999998	-0.00218783
-1167.46	3595.58	0.999998	-0.00177132
-1167.47	3601.74	0.999999	-0.00138944
-1167.48	3609.02	1	-0.000938024
-1167.49	3615.18	1	-0.000554937
-1167.49	3621.9	1	-0.000135549
-1167.49	3628.62	1	0.000283984
-1167.49	3635.34	1	0.000703417
-1167.48	3642.06	0.999999	0.00112268
-1167.47	3648.22	0.999999	0.00150707
-1167.46	3654.93	0.999998	0.00192652
-1167.45	3661.65	0.999997	0.00234586
-1167.43	3668.37	0.999996	0.00276639
-1167.41	3674.53	0.999995	0.00315373
-1167.39	3681.25	0.999994	0.00357641
-1167.36	3687.97	0.999993	0.00366492
-1167.34	3694.68	0.999995	0.00328547
-1167.32	3701.4	0.999996	0.00290612
-1167.3	3708.12	0.999997	0.00252686
-1167.29	3714.84	0.999998	0.00214753
-1167.27	3720.99	0.999998	0.00179971
-1167.26	3727.71	0.999999	0.00142245
-1167.25	3734.43	0.999999	0.00104822
-1167.25	3740.59	1	0.000705165
-1167.24	3747.3	1	0.000330844
-1167.24	3754.02	1	-4.33934e-05
-1167.24	3760.74	1	-0.000417684
-1167.25	3767.45	1	-0.000792096
-1167.25	3774.17	0.999999	-0.00116642
-1167.26	3780.88	0.999999	-0.00153676
-1167.27	3787.04	0.999998	-0.00187134
-1167.29	3793.76	0.999997	-0.00223647
-1167.3	3800.47	0.999997	-0.00260145
-1167.32	3807.19	0.999996	-0.00296634
-1167.34	3813.34	0.999995	-0.00303341
-1167.36	3820.06	0.999997	-0.00259612
-1167.38	3826.77	0.999998	-0.00215874
-1167.39	3833.49	0.999999	-0.00172123
-1167.4	3840.2	0.999999	-0.0012651
-1167.41	3846.92	1	-0.00078304
-1167.41	3853.07	1	-0.000341069
-1167.41	3859.79	1	0.000141177
-1167.41	3867.06	1	0.000663516
-1167.4	3873.22	0.999999	0.00110533
-1167.39	3879.93	0.999999	0.00158739
-1167.38	3886.64	0.999998	0.00206954
-1167.37	3893.36	0.999999	0.00130854
-1167.37	3899.51	1	-0.000984281
-1167.38	3906.22	0.999994	-0.0034849
-1167.41	3912.94	0.999982	-0.00598491
-1167.46	3919.65	0.999964	-0.00848485
-1167.52	3926.36	0.99994	-0.010985
-1167.59	3932.51	0.999912	-0.0132761
-1167.69	3939.22	0.999876	-0.0157749
-1167.8	3945.93	0.999838	-0.0179959
-1167.93	3952.63	0.999821	-0.0189265
-1168.04	3958.78	0.999827	-0.0186217
-1168.17	3965.49	0.999833	-0.018289
-1168.29	3972.2	0.999845	-0.0176257
-1168.4	3978.9	0.999864	-0.0164996
-1168.51	3985.61	0.999882	-0.0153734
-1168.61	3992.32	0.999903	-0.013917
-1168.7	3999.03	0.999928	-0.0119985
-1168.77	4005.17	0.999948	-0.0102209
-1168.83	4011.88	0.999966	-0.00825679
-1168.89	4019.15	0.999979	-0.00646026
-1168.93	4025.86	0.999986	-0.0052913
-1168.96	4032	0.999991	-0.00421967
-1168.98	4038.71	0.999995	-0.00305051
-1169	4045.42	0.999998	-0.00188144
-1169.01	4052.12	1	-0.000712552
-1169.01	4058.27	1	0.000362307
-1169	4064.98	0.999999	0.00154126
-1168.99	4071.69	0.999997	0.00238821
-1168.97	4078.39	0.999996	0.00277029
-1168.95	4085.1	0.999995	0.00315247
-1168.93	4091.8	0.999994	0.00353474
-1168.91	4098.51	0.999992	0.00391695
-1168.88	4104.66	0.999991	0.00426719
-1168.85	4111.36	0.999989	0.00464938
-1168.81	4119.18	0.999987	0.00509737
-1168.78	4125.33	0.999985	0.00545214
-1168.74	4132.04	0.999983	0.00583926
-1168.7	4138.74	0.999981	0.0062265
-1168.66	4145.45	0.99998	0.00628122
-1168.62	4152.15	0.999983	0.00587028
-1168.58	4158.86	0.999985	0.00545948
-1168.55	4165.56	0.999987	0.00504882
-1168.52	4171.71	0.999989	0.00467331
-1168.49	4178.41	0.999991	0.00426539
-1168.46	4185.11	0.999993	0.00385761
-1168.43	4191.82	0.999994	0.00344996
-1168.41	4197.96	0.999995	0.00307625
-1168.39	4204.67	0.999996	0.00266841
-1168.38	4211.37	0.999997	0.00226067
-1168.36	4218.07	0.999998	0.00185291
-1168.35	4224.78	0.999999	0.00144509
-1168.34	4231.48	0.999999	0.00103845
-1168.34	4238.18	1	0.000633464
-1168.33	4244.89	1	0.000494426
-1168.33	4251.59	1	0.000887225
-1168.32	4258.29	0.999999	0.00128012
-1168.31	4264.99	0.999999	0.0016731
-1168.3	4271.7	0.999998	0.00206602
-1168.29	4278.4	0.999997	0.00245882
-1168.27	4284.54	0.999996	0.00281958
-1168.25	4291.25	0.999995	0.00321402
-1168.23	4297.95	0.999993	0.00360837
-1168.2	4304.65	0.999992	0.00400254
-1168.18	4310.79	0.99999	0.00436394
-1168.15	4317.49	0.999989	0.00475829
-1168.11	4324.19	0.999987	0.00515261
-1168.08	4330.9	0.999985	0.00554687
-1168.04	4337.6	0.999982	0.00594122
-1168	4344.3	0.999982	0.00600352
-1167.96	4350.44	0.999984	0.00563446
-1167.93	4357.14	0.999986	0.00523195
-1167.89	4363.84	0.999988	0.00482953
-1167.86	4370.54	0.99999	0.00442704
-1167.84	4376.68	0.999992	0.00405798
-1167.81	4383.38	0.999993	0.00365546
-1167.79	4390.08	0.999995	0.00325307
-1167.76	4396.78	0.999996	0.00285097
-1167.75	4403.48	0.999997	0.00244927
-1167.73	4410.18	0.999998	0.00204767
-1167.72	4416.88	0.999999	0.00164616
-1167.71	4423.58	0.999999	0.00124459
-1167.7	4430.28	1	0.00084289
-1167.7	4436.42	1	0.000474757
-1167.7	4443.12	1	7.32448e-05
-1167.7	4449.82	1	-0.000327909
-1167.7	4456.52	1	-0.000728597
-1167.7	4462.66	0.999999	-0.00109581
-1167.71	4469.36	0.999999	-0.00123058
-1167.72	4476.06	1	-0.000833753
-1167.72	4482.75	1	-0.000436834
-1167.73	4489.45	1	-3.98228e-05
-1167.73	4496.71	1	0.000390216
-1167.72	4502.85	1	0.00075397
-1167.72	4509.55	0.999999	0.00115106
-1167.71	4516.24	0.999999	0.00154862
-1167.7	4522.94	0.999998	0.00194612
-1167.68	4529.64	0.999997	0.0023435
-1167.66	4536.34	0.999996	0.00274097
-1167.65	4542.48	0.999995	0.00310539
-1167.63	4549.17	0.999995	0.00317059
-1167.61	4555.87	0.999996	0.00277045
-1167.59	4562.57	0.999997	0.0023706
-1167.57	4568.7	0.999998	0.00200439
-1167.56	4575.4	0.999999	0.00160487
-1167.55	4582.1	0.999999	0.00120528
-1167.55	4588.79	1	0.000805781
-1167.54	4595.49	1	0.000406375
-1167.54	4601.63	1	4.024e-05
-1167.54	4608.32	1	-0.000359258
-1167.54	4615.02	1	-0.000758672
-1167.55	4622.83	0.999999	-0.00122455
-1167.56	4628.97	0.999999	-0.00159047
-1167.57	4635.66	0.999998	-0.00198951
-1167.59	4642.36	0.999997	-0.00238846
-1167.6	4649.05	0.999997	-0.00245532
-1167.62	4655.75	0.999998	-0.00205731
-1167.63	4662.44	0.999999	-0.0016592
-1167.64	4668.58	0.999999	-0.00129419
-1167.65	4675.28	1	-0.000895856
-1167.65	4681.97	1	-0.000502835
-1167.65	4688.66	1	-0.000128843
-1167.65	4694.8	1	0.000198016
-1167.65	4701.49	1	0.000552027
-1167.65	4708.19	1	0.000905917
-1167.64	4714.88	0.999999	0.0012599
-1167.63	4722.13	0.999999	0.00164334
-1167.62	4728.83	0.999998	0.00199729
-1167.6	4735.52	0.999997	0.00235155
-1167.59	4742.22	0.999996	0.00270589
-1167.57	4749.47	0.999996	0.00275761
-1167.55	4755.6	0.999997	0.00235162
-1167.54	4762.29	0.999998	0.00191046
-1167.52	4768.99	0.999999	0.00147168
-1167.52	4775.68	0.999999	0.00103285
-1167.51	4782.37	1	0.000603732
-1167.51	4788.51	1	0.000225985
-1167.51	4795.2	1	-0.000180471
-1167.51	4801.89	1	-0.000586988
-1167.51	4808.58	1	-0.000995801
-1167.52	4815.28	0.999999	-0.00140757
-1167.53	4821.97	0.999998	-0.00182088
-1167.55	4828.1	0.999998	-0.00194964
-1167.56	4834.79	0.999999	-0.00161465
-1167.57	4841.49	0.999999	-0.00128944
-1167.58	4848.18	1	-0.000973851
-1167.58	4854.31	1	-0.000707883
-1167.58	4861	1	-0.000455961
-1167.59	4867.69	1	-0.000230237
-1167.59	4874.94	1	9.53936e-06
-1167.59	4881.63	1	0.000192034
-1167.59	4887.77	1	0.00026549
-1167.58	4895.02	1	0.000201503
-1167.58	4901.15	1	3.18401e-05
-1167.58	4907.84	1	-0.000286031
-1167.59	4914.53	1	-0.000790548
-1167.59	4921.22	0.999999	-0.00149544
-1167.61	4927.91	0.999997	-0.002394
-1167.62	4934.04	0.999994	-0.00339964
-1167.65	4940.73	0.999989	-0.00470832
-1167.68	4947.42	0.999981	-0.00616227
-1167.73	4954.11	0.999975	-0.00702439
-1167.77	4960.24	0.999976	-0.00696411
-1167.82	4966.93	0.999976	-0.00691186
-1167.87	4973.62	0.999976	-0.00693583
-1167.91	4980.31	0.999977	-0.00674727
-1167.96	4987	0.999981	-0.00622875
-1168	4993.69	0.999983	-0.00586923
-1168.03	5000.38	0.999986	-0.00535857
-1168.06	5006.51	0.999989	-0.00466161
-1168.09	5013.2	0.999992	-0.00408318
-1168.12	5019.89	0.999993	-0.00362568
-1168.14	5026.58	0.999995	-0.00320563
-1168.16	5032.71	0.999996	-0.00280786
-1168.18	5039.4	0.999997	-0.00241467
-1168.2	5046.08	0.999997	-0.00234439
-1168.23	5052.77	0.999816	-0.0191665
-1168.47	5059.46	0.998237	-0.0593584
-1168.98	5066.13	0.994999	-0.0998801
-1169.76	5072.77	0.990076	-0.140532
-1170.71	5078.83	0.983882	-0.178816
-1172.03	5085.39	0.975116	-0.221694
-1173.63	5091.88	0.964489	-0.264124
-1175.35	5097.77	0.953125	-0.302578
-1177.49	5104.12	0.939531	-0.342463
-1179.88	5110.37	0.925518	-0.378704
-1182.52	5116.52	0.910181	-0.41421
-1185.38	5122.57	0.896923	-0.442186
-1188.39	5128.55	0.887815	-0.460201
-1191.26	5133.98	0.87929	-0.476287
-1194.5	5139.84	0.869834	-0.493344
-1197.84	5145.64	0.86193	-0.507027
-1201.26	5151.39	0.856387	-0.516334
-1204.75	5157.11	0.850896	-0.525334
-1207.99	5162.32	0.845898	-0.533344
-1211.58	5167.97	0.841478	-0.540291
-1215.21	5173.6	0.839083	-0.544003
-1218.86	5179.21	0.836698	-0.547665
-1222.54	5184.8	0.834337	-0.551254
-1226.24	5190.38	0.83293	-0.553378
-1229.63	5195.49	0.832852	-0.553496
-1233.34	5201.07	0.832778	-0.553607
-1237.05	5206.64	0.832699	-0.553726
-1240.75	5212.21	0.833139	-0.553063
-1244.14	5217.33	0.834191	-0.551475
-1247.83	5222.92	0.835243	-0.549881
-1251.5	5228.51	0.836125	-0.548539
-1255.18	5234.11	0.834256	-0.551377
-1258.89	5239.67	0.828524	-0.559953
-1262.66	5245.2	0.822466	-0.568815
-1266.17	5250.24	0.818198	-0.574936
-1270.03	5255.71	0.816282	-0.577654
-1273.9	5261.16	0.814234	-0.580537
-1277.8	5266.61	0.812114	-0.583498
-1281.71	5272.04	0.809982	-0.586454
-1285.64	5277.45	0.807823	-0.589425
-1289.27	5282.4	0.805749	-0.592257
-1293.24	5287.79	0.803308	-0.595564
-1297.58	5293.59	0.789103	-0.614261
-1301.8	5298.79	0.757708	-0.652594
-1306.27	5303.77	0.724443	-0.689335
-1310.58	5308.14	0.69238	-0.721533
-1315.93	5313.04	0.651735	-0.758447
-1321.11	5317.29	0.610497	-0.792018
-1326.5	5321.26	0.567539	-0.823346
-1332.1	5324.94	0.522973	-0.852349
-1337.4	5328.05	0.48335	-0.875427
-1343.32	5331.18	0.443926	-0.896063
-1349.39	5334.04	0.403704	-0.91489
-1355.57	5336.63	0.362925	-0.931818
-1361.85	5338.97	0.33761	-0.941286
-1367.64	5341.04	0.334843	-0.942274
-1373.96	5343.27	0.332144	-0.943229
-1380.29	5345.49	0.329812	-0.944046
-1386.62	5347.7	0.323369	-0.946273
-1392.98	5349.83	0.310974	-0.950418
-1398.83	5351.71	0.299784	-0.954007
-1405.24	5353.69	0.288778	-0.957396
-1406.31	5354.01	0.288043	-0.957618
-1406.31	5354.01	0.288043	-0.957618
-1406.31	5354.01	0.288043	-0.957618
-1406.31	5354.01	0.288043	-0.957618
-1406.31	5354.01	0.288043	-0.957618
-1406.31	5354.01	0.288043	-0.957618
-1406.31	5354.01	0.288043	-0.957618
-1406.31	5354.01	0.288043	-0.957618
-1406.31	5354.01	0.288043	-0.957618
-1406.31	5354.01	0.288043	-0.957618
-1406.31	5354.01	0.288043	-0.957618
-1406.31	5354.01	0.288043	-0.957618
-1406.31	5354.01	0.288043	-0.957618
-1406.31	5354.01	0.288043	-0.957618
-1406.31	5354.01	0.288043	-0.957618
-1406.31	5354.01	0.288043	-0.957618
-1406.31	5354.01	0.288043	-0.957618
-1406.31	5354.01	0.288043	-0.957618
-1406.31	5354.01	0.288043	-0.957618
-1406.31	5354.01	0.288043	-0.957618
-1406.31	5354.01	0.288043	-0.957618
-1406.31	5354.01	0.288043	-0.957618
-1406.31	5354.01	0.288043	-0.957618
-1406.31	5354.01	0.288043	-0.957618
-1406.31	5354.01	0.288043	-0.957618
-1406.31	5354.01	0.288043	-0.957618
-1406.31	5354.01	0.288043	-0.957618
-1406.31	5354.01	0.288043	-0.957618
-1406.31	5354.01	0.288043	-0.957618
-1406.31	5354.01	0.288043	-0.957618
-1406.31	5354.01	0.288043	-0.957618
-1406.31	5354.01	0.288043	-0.957618
-1406.31	5354.01	0.288043	-0.957618
-1406.31	5354.01	0.288043	-0.957618
-1406.31	5354.01	0.288043	-0.957618
-1406.31	5354.01	0.288043	-0.957618
-1406.31	5354.01	0.288043	-0.957618
-1406.31	5354.01	0.288043	-0.957618
-1406.31	5354.01	0.288043	-0.957618
-1406.31	5354.01	0.288043	-0.957618
-1406.31	5354.01	0.288043	-0.957618
-1406.31	5354.01	0.288043	-0.957618
-1406.31	5354.01	0.288043	-0.957618
-1406.31	5354.01	0.288043	-0.957618
-1406.31	5354.01	0.288043	-0.957618
-1406.31	5354.01	0.288043	-0.957618
-1406.31	5354.01	0.288043	-0.957618
-1406.31	5354.01	0.288043	-0.957618
-1406.31	5354.01	0.288043	-0.957618
-1406.31	5354.01	0.288043	-0.957618
-1406.31	5354.01	0.288043	-0.957618
-1406.31	5354.01	0.288043	-0.957618
-1406.31	5354.01	0.288043	-0.957618
-1406.31	5354.01	0.288043	-0.957618
-1406.31	5354.01	0.288043	-0.957618
-1406.31	5354.01	0.288043	-0.957618
-1406.31	5354.01	0.288043	-0.957618
-1406.31	5354.01	0.288043	-0.957618
-1406.31	5354.01	0.288043	-0.957618
-1406.31	5354.01	0.288043	-0.957618
-1406.31	5354.01	0.288043	-0.957618
-1406.31	5354.01	0.288043	-0.957618
-1406.31	5354.01	0.288043	-0.957618
-1406.31	5354.01	0.288043	-0.957618
-1406.31	5354.01	0.288043	-0.957618
-1406.31	5354.01	0.288043	-0.957618
-1406.31	5354.01	0.288043	-0.957618
-1406.31	5354.01	0.288043	-0.957618
-1406.31	5354.01	0.288043	-0.957618
-1406.31	5354.01	0.288043	-0.957618
-1406.31	5354.01	0.288043	-0.957618
-1406.31	5354.01	0.288043	-0.957618
-1406.31	5354.01	0.288043	-0.957618
-1406.31	5354.01	0.288043	-0.957618
-1406.31	5354.01	0.288043	-0.957618
-1406.31	5354.01	0.288043	-0.957618
-1406.31	5354.01	0.288043	-0.957618
-1406.31	5354.01	0.288043	-0.957618
-1406.31	5354.01	0.288043	-0.957618
-1406.31	5354.01	0.288043	-0.957618
-1406.31	5354.01	0.288043	-0.957618
-1406.31	5354.01	0.288043	-0.957618
-1406.31	5354.01	0.288043	-0.957618
-1406.31	5354.01	0.288043	-0.957618
-1406.31	5354.01	0.288043	-0.957618
-1406.31	5354.01	0.288043	-0.957618
-1406.31	5354.01	0.288043	-0.957618
-1406.31	5354.01	0.288043	-0.957618
-1406.31	5354.01	0.288043	-0.957618
-1406.31	5354.01	0.288043	-0.957618
-1406.31	5354.01	0.288043	-0.957618
-1406.31	5354.01	0.288043	-0.957618
-1406.31	5354.01	0.288043	-0.957618
-1406.31	5354.01	0.288043	-0.957618
-1406.31	5354.01	0.288043	-0.957618
-1406.31	5354.01	0.288043	-0.957618
-1406.31	5354.01	0.288043	-0.957618
-1406.31	5354.01	0.288043	-0.957618
-1406.31	5354.01	0.288043	-0.957618
-1406.31	5354.01	0.288043	-0.957618
-1406.31	5354.01	0.288043	-0.957618
-1406.31	5354.01	0.288043	-0.957618
-1406.31	5354.01	0.288043	-0.957618
-1406.31	5354.01	0.288043	-0.957618
-1406.31	5354.01	0.288043	-0.957618
-1406.31	5354.01	0.288043	-0.957618
-1406.31	5354.01	0.288043	-0.957618
-1406.31	5354.01	0.288043	-0.957618
-1406.31	5354.01	0.288043	-0.957618
-1406.31	5354.01	0.288043	-0.957618
-1406.31	5354.01	0.288043	-0.957618
-1406.31	5354.01	0.288043	-0.957618
-1406.31	5354.01	0.288043	-0.957618
-1406.31	5354.01	0.288043	-0.957618
-1406.31	5354.01	0.288043	-0.957618
-1406.31	5354.01	0.288043	-0.957618
-1406.31	5354.01	0.288043	-0.957618
-1406.31	5354.01	0.288043	-0.957618
-1406.31	5354.01	0.288043	-0.957618
-1406.31	5354.01	0.288043	-0.957618
-1406.31	5354.01	0.288043	-0.957618
-1406.31	5354.01	0.288043	-0.957618
-1406.31	5354.01	0.288043	-0.957618
-1406.31	5354.01	0.288043	-0.957618
-1406.31	5354.01	0.288043	-0.957618
-1406.31	5354.01	0.288043	-0.957618
-1406.31	5354.01	0.288043	-0.957618
-1406.31	5354.01	0.288043	-0.957618
-1406.31	5354.01	0.288043	-0.957618
-1406.31	5354.01	0.288043	-0.957618
-1406.31	5354.01	0.288043	-0.957618
-1406.31	5354.01	0.288043	-0.957618
-1406.31	5354.01	0.288043	-0.957618
-1406.31	5354.01	0.288043	-0.957618
-1406.31	5354.01	0.288043	-0.957618
-1406.31	5354.01	0.288043	-0.957618
-1406.31	5354.01	0.288043	-0.957618
-1406.31	5354.01	0.288043	-0.957618
-1406.31	5354.01	0.288043	-0.957618
-1406.31	5354.01	0.288043	-0.957618
-1406.31	5354.01	0.288043	-0.957618
-1406.31	5354.01	0.288043	-0.957618
-1406.31	5354.01	0.288043	-0.957618
-1406.31	5354.01	0.288043	-0.957618
-1406.31	5354.01	0.288043	-0.957618
-1406.31	5354.01	0.288043	-0.957618
-1406.31	5354.01	0.288043	-0.957618
-1406.31	5354.01	0.288043	-0.957618
-1406.31	5354.01	0.288043	-0.957618
-1406.31	5354.01	0.288043	-0.957618
-1406.31	5354.01	0.288043	-0.957618
-1406.31	5354.01	0.288043	-0.957618
-1406.31	5354.01	0.288043	-0.957618
-1406.31	5354.01	0.288043	-0.957618
-1406.31	5354.01	0.288043	-0.957618
-1406.31	5354.01	0.288043	-0.957618
-1406.31	5354.01	0.288043	-0.957618
-1406.31	5354.01	0.288043	-0.957618
-1406.31	5354.01	0.288043	-0.957618
-1406.31	5354.01	0.288043	-0.957618
-1406.31	5354.01	0.288043	-0.957618
-1406.31	5354.01	0.288043	-0.957618
-1406.31	5354.01	0.288043	-0.957618
-1406.31	5354.01	0.288043	-0.957618
-1406.31	5354.01	0.288043	-0.957618
-1406.31	5354.01	0.288043	-0.957618
-1406.31	5354.01	0.288043	-0.957618
-1406.31	5354.01	0.288043	-0.957618
-1406.31	5354.01	0.288043	-0.957618
-1406.31	5354.01	0.288043	-0.957618
-1406.31	5354.01	0.288043	-0.957618
-1406.31	5354.01	0.288043	-0.957618
-1406.31	5354.01	0.288043	-0.957618
-1406.31	5354.01	0.288043	-0.957618
-1406.31	5354.01	0.288043	-0.957618
-1406.31	5354.01	0.288043	-0.957618
-1406.31	5354.01	0.288043	-0.957618
-1406.31	5354.01	0.288043	-0.957618
-1406.31	5354.01	0.288043	-0.957618
-1406.31	5354.01	0.288043	-0.957618
-1406.31	5354.01	0.288043	-0.957618
-1406.31	5354.01	0.288043	-0.957618
-1406.31	5354.01	0.288043	-0.957618
-1406.31	5354.01	0.288043	-0.957618
-1406.31	5354.01	0.288043	-0.957618
-1406.31	5354.01	0.288043	-0.957618
-1406.31	5354.01	0.288043	-0.957618
-1406.31	5354.01	0.288043	-0.957618
-1406.31	5354.01	0.288043	-0.957618
-1406.31	5354.01	0.288043	-0.957618
-1406.31	5354.01	0.288043	-0.957618
-1406.31	5354.01	0.288043	-0.957618
-1406.31	5354.01	0.288043	-0.957618
-1406.31	5354.01	0.288043	-0.957618
-1406.31	5354.01	0.288043	-0.957618
-1406.31	5354.01	0.288043	-0.957618
-1406.31	5354.01	0.288043	-0.957618
-1406.31	5354.01	0.288043	-0.957618
-1406.31	5354.01	0.288043	-0.957618
-1406.31	5354.01	0.288043	-0.957618
-1406.31	5354.01	0.288043	-0.957618
-1406.31	5354.01	0.288043	-0.957618
-1406.31	5354.01	0.288043	-0.957618
-1406.31	5354.01	0.288043	-0.957618
-1406.31	5354.01	0.288043	-0.957618
-1406.31	5354.01	0.288043	-0.957618
