1170	-5100	1	0
1170	-5100	1	0
1170	-5100	1	0
1170	-5100	1	0
1170	-5100	1	0
1170	-5100	1	0
1170	-5100	1	0
1170	-5100	1	-0.000589905
1170	-5099.99	0.999999	-0.00141577
1170	-5099.98	0.999998	-0.00188769
1170	-5099.98	0.999996	-0.00271356
1170	-5099.98	0.999996	-0.00271356
1170	-5099.97	0.999995	-0.003186
1170	-5099.96	0.999992	-0.00401277
1170	-5099.96	0.999992	-0.00401277
1170	-5099.96	0.999989	-0.00460235
1170	-5099.95	0.999985	-0.00542776
1170	-5099.95	0.999985	-0.00542776
1170	-5099.95	0.999985	-0.00542776
1170	-5099.95	0.999983	-0.00590058
1170	-5099.94	0.999977	-0.00684624
1170	-5099.94	0.999977	-0.00684624
1170	-5099.94	0.999977	-0.00684624
1170	-5099.94	0.999972	-0.0074363
1170	-5099.93	0.999967	-0.00814437
1170	-5099.93	0.999967	-0.00814437
1170	-5099.93	0.999967	-0.00814437
1170	-5099.93	0.999967	-0.00814437
1170	-5099.92	0.999962	-0.00873589
1170	-5099.92	0.999954	-0.00956402
1170	-5099.92	0.999954	-0.00956402
1170	-5099.92	0.999954	-0.00956402
1170	-5099.92	0.999954	-0.00956402
1170	-5099.91	0.999948	-0.0101555
1170	-5099.9	0.99994	-0.0109836
1170	-5099.9	0.99994	-0.0109836
1170	-5099.9	0.99994	-0.0109836
1170	-5099.9	0.99994	-0.0109836
1170	-5099.9	0.99994	-0.0109836
1170	-5099.9	0.99994	-0.0109836
1170	-5099.9	0.999933	-0.0115747
1170	-5099.89	0.999923	-0.0124022
1170	-5099.89	0.999923	-0.0124022
1170	-5099.89	0.999923	-0.0124022
1170	-5099.89	0.999923	-0.0124022
1170	-5099.89	0.999916	-0.0129935
1170	-5099.88	0.999903	-0.0139395
1170	-5099.88	0.999903	-0.0139395
1170	-5099.88	0.999903	-0.0139395
1170	-5099.88	0.999903	-0.0139395
1170	-5099.87	0.999894	-0.0145332
1170	-5099.86	0.999869	-0.0162091
1170	-5099.84	0.999824	-0.0187782
1170	-5099.81	0.999764	-0.0217329
1170	-5099.78	0.999669	-0.0257222
1170	-5099.73	0.99952	-0.0309829
1169.99	-5099.68	0.9993	-0.0374083
1169.99	-5099.61	0.998981	-0.0451411
1169.99	-5099.54	0.998567	-0.0535215
1169.98	-5099.45	0.99794	-0.0641581
1169.98	-5099.34	0.997079	-0.0763831
1169.97	-5099.22	0.995921	-0.0902333
1169.95	-5099.08	0.994335	-0.106296
1169.94	-5098.94	0.992411	-0.122964
1169.91	-5098.76	0.989713	-0.143066
1169.88	-5098.56	0.986007	-0.166703
1169.84	-5098.35	0.981688	-0.190494
1169.8	-5098.13	0.976239	-0.216697
1169.74	-5097.88	0.972569	-0.232613
1169.67	-5097.6	0.972592	-0.232517
1169.61	-5097.32	0.972656	-0.232252
1169.54	-5097.03	0.972685	-0.23213
1169.47	-5096.74	0.972693	-0.232096
1169.38	-5096.36	0.972776	-0.231746
1169.29	-5096.01	0.972903	-0.231214
1169.21	-5095.64	0.972955	-0.230993
1169.12	-5095.28	0.972966	-0.23095
1169.02	-5094.87	0.973053	-0.230582
1168.92	-5094.44	0.973231	-0.229831
1168.82	-5093.99	0.973384	-0.229181
1168.71	-5093.52	0.973432	-0.228976
1168.59	-5093.03	0.973507	-0.228658
1168.47	-5092.52	0.973714	-0.227772
1168.36	-5092.03	0.973856	-0.227165
1168.23	-5091.48	0.973945	-0.226784
1168.09	-5090.9	0.974023	-0.226448
1167.96	-5090.35	0.974112	-0.226067
1167.82	-5089.73	0.974318	-0.225177
1167.67	-5089.1	0.974471	-0.224515
1167.52	-5088.44	0.974622	-0.223858
1167.37	-5087.76	0.974792	-0.223116
1167.22	-5087.12	0.975023	-0.222103
1167.06	-5086.41	0.975128	-0.221642
1166.89	-5085.67	0.975264	-0.221042
1166.74	-5084.98	0.975504	-0.219981
1166.56	-5084.21	0.975689	-0.219159
1166.39	-5083.43	0.975835	-0.21851
1166.21	-5082.63	0.975865	-0.218375
1166.03	-5081.81	0.976001	-0.217764
1165.84	-5080.98	0.976277	-0.216527
1165.67	-5080.21	0.976454	-0.215726
1165.48	-5079.34	0.976574	-0.215182
1165.29	-5078.47	0.97681	-0.214106
1165.11	-5077.65	0.977027	-0.213113
1164.91	-5076.75	0.977289	-0.211913
1164.71	-5075.84	0.977439	-0.211216
1164.51	-5074.91	0.977573	-0.210596
1164.31	-5073.96	0.977737	-0.209836
1164.12	-5073.08	0.978074	-0.208257
1163.91	-5072.11	0.978302	-0.207185
1163.71	-5071.12	0.978449	-0.206487
1163.49	-5070.11	0.978577	-0.205882
1163.3	-5069.18	0.978777	-0.204928
1163.08	-5068.14	0.97924	-0.202704
1162.86	-5067.09	0.979579	-0.201061
1162.65	-5066.02	0.979837	-0.199797
1162.42	-5064.94	0.979872	-0.199627
1162.22	-5063.93	0.980192	-0.198051
1162	-5062.82	0.98069	-0.195568
1161.77	-5061.69	0.981082	-0.193592
1161.55	-5060.55	0.981315	-0.192407
1161.34	-5059.49	0.981314	-0.192411
1161.11	-5058.32	0.981692	-0.190477
1160.88	-5057.13	0.982067	-0.188533
1160.65	-5055.93	0.982199	-0.187844
1160.42	-5054.71	0.982278	-0.187431
1160.18	-5053.48	0.982408	-0.186748
1159.97	-5052.33	0.982898	-0.184149
1159.73	-5051.07	0.983196	-0.182554
1159.5	-5049.8	0.983223	-0.182409
1159.28	-5048.61	0.983386	-0.181526
1159.04	-5047.31	0.983604	-0.18034
1158.79	-5045.99	0.983492	-0.180951
1158.55	-5044.65	0.983803	-0.179251
1158.3	-5043.3	0.984049	-0.177896
1158.08	-5042.05	0.983846	-0.179018
1157.82	-5040.67	0.983034	-0.183424
1157.56	-5039.27	0.981977	-0.188999
1157.31	-5037.98	0.981179	-0.193102
1157.03	-5036.56	0.979977	-0.199112
1156.73	-5035.13	0.97884	-0.204629
1156.43	-5033.68	0.97786	-0.209259
1156.08	-5032.1	0.976497	-0.215532
1155.76	-5030.63	0.975148	-0.221553
1155.41	-5029.15	0.973728	-0.227716
1155.09	-5027.78	0.972609	-0.232448
1154.73	-5026.27	0.971355	-0.237633
1154.35	-5024.75	0.9701	-0.242705
1153.96	-5023.22	0.968416	-0.249341
1153.56	-5021.67	0.966765	-0.255668
1153.15	-5020.12	0.965442	-0.260618
1152.75	-5018.67	0.964287	-0.264859
1152.31	-5017.08	0.962736	-0.270442
1151.86	-5015.48	0.960843	-0.277092
1151.43	-5014.01	0.959091	-0.283096
1150.94	-5012.38	0.95752	-0.288366
1150.44	-5010.74	0.956062	-0.293163
1149.93	-5009.07	0.95426	-0.298976
1149.4	-5007.4	0.952254	-0.305305
1148.9	-5005.85	0.950507	-0.310702
1148.34	-5004.15	0.94867	-0.316269
1147.76	-5002.43	0.946957	-0.32136
1147.17	-5000.7	0.944955	-0.327199
1146.61	-4999.09	0.943102	-0.332505
1145.98	-4997.33	0.941136	-0.338029
1145.34	-4995.56	0.939123	-0.343581
1144.68	-4993.76	0.937106	-0.349044
1144.06	-4992.11	0.935075	-0.354449
1143.37	-4990.3	0.932937	-0.36004
1142.66	-4988.47	0.930702	-0.365778
1141.93	-4986.63	0.928446	-0.371467
1141.24	-4984.92	0.926439	-0.376445
1140.47	-4983.05	0.924106	-0.382136
1139.62	-4981	0.921621	-0.388092
1138.82	-4979.1	0.919253	-0.393666
1138.06	-4977.35	0.917057	-0.398757
1137.22	-4975.42	0.91466	-0.404224
1136.35	-4973.48	0.912254	-0.409624
1135.47	-4971.53	0.909886	-0.414857
1134.57	-4969.56	0.907422	-0.420221
1133.72	-4967.75	0.905099	-0.425202
1132.78	-4965.76	0.902695	-0.430281
1131.82	-4963.76	0.90023	-0.435414
1130.92	-4961.91	0.897717	-0.440572
1129.92	-4959.88	0.895148	-0.445769
1128.9	-4957.84	0.892839	-0.450376
1127.86	-4955.79	0.890425	-0.455129
1126.8	-4953.73	0.887393	-0.461013
1125.8	-4951.82	0.884662	-0.466233
1124.69	-4949.73	0.88225	-0.470781
1123.57	-4947.63	0.880026	-0.474926
1122.43	-4945.52	0.877324	-0.479899
1121.16	-4943.23	0.873686	-0.486491
1119.96	-4941.1	0.870685	-0.49184
1118.75	-4938.95	0.868176	-0.496256
1117.51	-4936.8	0.865008	-0.501757
1116.36	-4934.82	0.859606	-0.510957
1115.06	-4932.67	0.850233	-0.526407
1113.71	-4930.53	0.843196	-0.537606
1112.44	-4928.55	0.838169	-0.545411
1111.02	-4926.39	0.831406	-0.555666
1109.55	-4924.23	0.823195	-0.567759
1108.05	-4922.08	0.813012	-0.582246
1106.49	-4919.94	0.805608	-0.592449
1105.03	-4917.97	0.798825	-0.601563
1103.4	-4915.83	0.788151	-0.615482
1101.73	-4913.72	0.777897	-0.628392
1100	-4911.61	0.77008	-0.637947
1098.39	-4909.68	0.762189	-0.647354
1096.59	-4907.59	0.751684	-0.659524
1094.74	-4905.51	0.743607	-0.668617
1092.85	-4903.43	0.735797	-0.677202
1090.93	-4901.36	0.72526	-0.688475
1089.13	-4899.48	0.716559	-0.697527
1087.12	-4897.44	0.708758	-0.705451
1085.07	-4895.4	0.700136	-0.71401
1083.16	-4893.55	0.691722	-0.722164
1081.04	-4891.54	0.681535	-0.731786
1078.87	-4889.55	0.672521	-0.740078
1076.67	-4887.56	0.664576	-0.747221
1074.43	-4885.59	0.655611	-0.755099
1072.34	-4883.78	0.648318	-0.761369
1070.02	-4881.83	0.639601	-0.768707
1067.68	-4879.9	0.630982	-0.775797
1065.5	-4878.14	0.623909	-0.781497
1063.07	-4876.22	0.617093	-0.78689
1060.62	-4874.31	0.60938	-0.792878
1058.14	-4872.42	0.601232	-0.799075
1055.62	-4870.54	0.593182	-0.805068
1053.29	-4868.84	0.585916	-0.810372
1050.72	-4866.99	0.579397	-0.815046
1048.1	-4865.14	0.573865	-0.81895
1045.46	-4863.31	0.568566	-0.822638
1043.02	-4861.62	0.563682	-0.825992
1040.33	-4859.8	0.559006	-0.829164
1037.61	-4857.98	0.554401	-0.83225
1034.86	-4856.16	0.549775	-0.835313
1032.1	-4854.34	0.546183	-0.837666
1029.55	-4852.69	0.543206	-0.8396
1026.74	-4850.88	0.539889	-0.841736
1023.92	-4849.07	0.536842	-0.843683
1021.08	-4847.27	0.535097	-0.844791
1018.46	-4845.61	0.533325	-0.84591
1015.59	-4843.81	0.530618	-0.847611
1012.7	-4842	0.528862	-0.848708
1009.79	-4840.19	0.527431	-0.849598
1006.88	-4838.39	0.526283	-0.85031
1004.19	-4836.73	0.524868	-0.851184
1001.24	-4834.91	0.523881	-0.851791
998.283	-4833.09	0.523282	-0.852159
995.318	-4831.27	0.52324	-0.852185
992.59	-4829.6	0.523118	-0.85226
989.6	-4827.76	0.522966	-0.852353
986.601	-4825.92	0.52291	-0.852388
983.593	-4824.08	0.522855	-0.852422
980.573	-4822.23	0.522762	-0.852479
977.545	-4820.37	0.522707	-0.852513
974.758	-4818.66	0.522631	-0.852559
971.706	-4816.79	0.522802	-0.852454
968.647	-4814.91	0.523233	-0.85219
965.577	-4813.02	0.526011	-0.850478
962.765	-4811.27	0.530997	-0.847374
959.697	-4809.34	0.536699	-0.843774
956.636	-4807.38	0.541831	-0.840487
953.567	-4805.4	0.54519	-0.838312
950.498	-4803.39	0.550674	-0.83472
947.43	-4801.35	0.557199	-0.830379
944.629	-4799.46	0.565764	-0.824567
941.584	-4797.35	0.5717	-0.820463
938.532	-4795.22	0.57564	-0.817703
935.485	-4793.06	0.583242	-0.812298
932.708	-4791.04	0.593724	-0.804669
929.699	-4788.79	0.603856	-0.797093
926.696	-4786.5	0.60871	-0.793393
923.689	-4784.19	0.614805	-0.788679
920.7	-4781.83	0.627266	-0.778805
917.99	-4779.61	0.638364	-0.769735
915.052	-4777.15	0.648232	-0.761443
912.139	-4774.64	0.656688	-0.754162
909.231	-4772.1	0.664388	-0.747388
906.594	-4769.72	0.674479	-0.738294
903.73	-4767.09	0.681618	-0.731708
900.89	-4764.41	0.692792	-0.721138
898.088	-4761.68	0.701805	-0.712369
895.298	-4758.92	0.707388	-0.706825
892.534	-4756.12	0.715757	-0.698349
890.018	-4753.53	0.720628	-0.693322
887.285	-4750.67	0.727224	-0.686401
884.582	-4747.77	0.73588	-0.677112
881.899	-4744.84	0.74043	-0.672133
879.44	-4742.12	0.743839	-0.668358
876.773	-4739.13	0.750056	-0.661374
874.122	-4736.1	0.756483	-0.654014
871.496	-4733.03	0.76208	-0.647482
869.086	-4730.19	0.763548	-0.645751
866.455	-4727.07	0.766892	-0.641776
863.837	-4723.92	0.773	-0.634407
861.464	-4721	0.779578	-0.626305
858.897	-4717.78	0.783749	-0.621077
856.327	-4714.53	0.784726	-0.619843
853.746	-4711.26	0.786129	-0.618062
851.171	-4707.97	0.790576	-0.612364
848.831	-4704.93	0.795505	-0.605947
846.299	-4701.58	0.800649	-0.599133
843.792	-4698.2	0.805129	-0.593099
841.29	-4694.8	0.806603	-0.591093
838.78	-4691.37	0.808141	-0.588989
836.278	-4687.92	0.810836	-0.585273
833.987	-4684.74	0.813584	-0.581448
831.509	-4681.24	0.818402	-0.574646
829.047	-4677.72	0.820429	-0.571748
826.58	-4674.18	0.821228	-0.570601
824.116	-4670.62	0.824168	-0.566346
821.669	-4667.03	0.827132	-0.562007
819.428	-4663.73	0.828587	-0.55986
816.988	-4660.11	0.829863	-0.557967
814.541	-4656.47	0.830969	-0.556319
812.307	-4653.12	0.83391	-0.5519
809.886	-4649.44	0.836491	-0.547981
807.467	-4645.74	0.837013	-0.547183
805.04	-4642.03	0.838224	-0.545326
802.626	-4638.29	0.841093	-0.540891
800.421	-4634.86	0.842367	-0.538904
798.013	-4631.09	0.843722	-0.53678
795.616	-4627.3	0.846331	-0.532657
793.23	-4623.5	0.847682	-0.530504
791.036	-4619.99	0.847701	-0.530474
788.64	-4616.16	0.848983	-0.52842
786.248	-4612.3	0.850216	-0.526434
783.856	-4608.44	0.851484	-0.524381
781.476	-4604.55	0.853562	-0.520992
779.299	-4600.98	0.854048	-0.520195
776.92	-4597.08	0.853907	-0.520425
774.539	-4593.17	0.854951	-0.518708
772.168	-4589.25	0.856677	-0.515854
769.803	-4585.31	0.857828	-0.513937
767.442	-4581.36	0.858385	-0.513007
765.073	-4577.4	0.858339	-0.513083
762.702	-4573.43	0.859335	-0.511413
760.141	-4569.11	0.860663	-0.509175
757.975	-4565.45	0.861806	-0.507239
755.618	-4561.43	0.86295	-0.505289
753.257	-4557.4	0.863335	-0.50463
751.096	-4553.69	0.865214	-0.501403
748.754	-4549.63	0.867415	-0.497585
746.419	-4545.55	0.868941	-0.494916
744.097	-4541.45	0.871481	-0.490429
741.794	-4537.34	0.873341	-0.48711
739.681	-4533.55	0.873325	-0.487138
737.368	-4529.4	0.873645	-0.486563
735.059	-4525.24	0.875474	-0.483265
732.767	-4521.07	0.877599	-0.479395
730.674	-4517.23	0.878378	-0.477967
728.386	-4513.02	0.879046	-0.476737
726.106	-4508.81	0.880322	-0.474376
723.826	-4504.57	0.88072	-0.473637
721.737	-4500.68	0.881749	-0.471719
719.468	-4496.42	0.883234	-0.468932
717.204	-4492.15	0.883782	-0.467898
714.934	-4487.87	0.883777	-0.467907
712.851	-4483.93	0.884634	-0.466285
710.586	-4479.62	0.88566	-0.464334
707.942	-4474.57	0.885976	-0.463732
705.865	-4470.6	0.886388	-0.462943
703.595	-4466.25	0.886398	-0.462924
701.318	-4461.89	0.886509	-0.462712
698.853	-4457.16	0.887084	-0.461607
696.575	-4452.78	0.887301	-0.46119
694.298	-4448.4	0.887936	-0.459966
692.212	-4444.37	0.887944	-0.459951
689.733	-4439.59	0.887045	-0.461683
687.431	-4435.17	0.88675	-0.46225
685.126	-4430.75	0.887149	-0.461482
682.824	-4426.32	0.887804	-0.460221
680.713	-4422.24	0.887415	-0.460971
678.393	-4417.79	0.886308	-0.463095
676.061	-4413.33	0.886066	-0.463559
673.921	-4409.24	0.885876	-0.463923
671.376	-4404.4	0.884765	-0.466037
669.013	-4399.92	0.883592	-0.468258
666.828	-4395.81	0.882521	-0.470273
664.439	-4391.32	0.882702	-0.469933
662.045	-4386.83	0.882306	-0.470676
659.638	-4382.32	0.881267	-0.472619
657.214	-4377.81	0.880688	-0.473697
654.786	-4373.3	0.879939	-0.475086
652.539	-4369.15	0.879456	-0.475981
650.096	-4364.62	0.880749	-0.473584
647.648	-4360.07	0.879816	-0.475315
645.387	-4355.9	0.879378	-0.476123
642.926	-4351.33	0.880744	-0.473593
640.462	-4346.75	0.879246	-0.476367
637.964	-4342.17	0.87763	-0.479339
635.255	-4337.2	0.877944	-0.478763
632.743	-4332.6	0.87838	-0.477962
630.448	-4328.37	0.877888	-0.478865
627.907	-4323.76	0.873939	-0.486036
625.108	-4318.76	0.869819	-0.493371
622.476	-4314.16	0.864769	-0.50217
619.795	-4309.59	0.85962	-0.510934
617.292	-4305.42	0.854552	-0.519366
614.507	-4300.88	0.849105	-0.528224
611.673	-4296.37	0.843277	-0.537479
608.773	-4291.87	0.836668	-0.547711
605.817	-4287.4	0.830208	-0.557454
602.79	-4282.96	0.817145	-0.576433
599.893	-4278.96	0.799671	-0.600438
596.605	-4274.68	0.785313	-0.619099
593.218	-4270.46	0.772178	-0.635406
589.721	-4266.3	0.754329	-0.656497
586.406	-4262.58	0.734972	-0.678097
582.658	-4258.62	0.714986	-0.699138
578.802	-4254.76	0.695794	-0.718241
574.823	-4251.01	0.673757	-0.738953
570.735	-4247.36	0.65703	-0.753864
566.909	-4244.07	0.641391	-0.767214
562.642	-4240.58	0.621805	-0.783172
558.286	-4237.19	0.604743	-0.796421
554.226	-4234.15	0.590772	-0.806839
549.728	-4230.91	0.575975	-0.817467
545.165	-4227.75	0.561777	-0.827289
540.545	-4224.65	0.549483	-0.835505
535.865	-4221.62	0.537195	-0.843458
531.133	-4218.64	0.524818	-0.851214
526.352	-4215.73	0.51418	-0.857682
521.935	-4213.11	0.508065	-0.861319
517.093	-4210.26	0.50344	-0.86403
512.228	-4207.44	0.497208	-0.867631
506.91	-4204.43	0.488841	-0.872373
501.976	-4201.68	0.485865	-0.874034
497.44	-4199.16	0.482312	-0.876
492.462	-4196.44	0.476779	-0.879023
487.467	-4193.74	0.475882	-0.879509
482.885	-4191.26	0.475473	-0.87973
477.862	-4188.56	0.468845	-0.883281
472.801	-4185.9	0.464111	-0.885777
467.734	-4183.24	0.465828	-0.884875
462.66	-4180.56	0.464074	-0.885796
457.986	-4178.13	0.460102	-0.887866
452.874	-4175.48	0.46151	-0.887135
447.761	-4172.81	0.460364	-0.88773
442.613	-4170.17	0.453658	-0.891176
437.442	-4167.54	0.45342	-0.891297
432.703	-4165.12	0.457534	-0.889192
427.541	-4162.45	0.459148	-0.88836
422.357	-4159.79	0.455856	-0.890054
417.155	-4157.13	0.45192	-0.892058
411.921	-4154.5	0.449987	-0.893035
407.13	-4152.06	0.456415	-0.889767
401.911	-4149.37	0.458308	-0.888794
396.683	-4146.68	0.459231	-0.888317
391.021	-4143.74	0.460211	-0.887809
385.776	-4141.03	0.461408	-0.887188
380.975	-4138.52	0.462354	-0.886696
375.706	-4135.79	0.457293	-0.889316
370.428	-4133.07	0.462094	-0.886831
365.166	-4130.31	0.4667	-0.884415
360.336	-4127.76	0.467246	-0.884127
355.072	-4124.96	0.473829	-0.880617
349.827	-4122.12	0.47505	-0.879959
344.562	-4119.3	0.470181	-0.88257
339.294	-4116.49	0.469353	-0.88301
334.459	-4113.93	0.471132	-0.882063
329.203	-4111.09	0.478993	-0.877819
323.964	-4108.22	0.47954	-0.87752
318.716	-4105.37	0.475752	-0.87958
313.899	-4102.77	0.474015	-0.880517
308.2	-4099.71	0.473587	-0.880747
303.381	-4097.11	0.475419	-0.879759
298.13	-4094.27	0.477511	-0.878626
292.886	-4091.41	0.479704	-0.87743
287.65	-4088.54	0.481974	-0.876185
282.422	-4085.65	0.484349	-0.874875
277.201	-4082.76	0.486504	-0.873678
272.422	-4080.09	0.488218	-0.872722
267.214	-4077.17	0.489839	-0.871813
262.011	-4074.24	0.49112	-0.871092
256.812	-4071.31	0.492045	-0.87057
251.616	-4068.37	0.492818	-0.870133
246.855	-4065.67	0.493361	-0.869825
241.663	-4062.73	0.493682	-0.869642
236.473	-4059.78	0.493817	-0.869566
231.283	-4056.83	0.494063	-0.869426
226.094	-4053.88	0.494549	-0.86915
221.34	-4051.17	0.495036	-0.868872
216.155	-4048.22	0.495642	-0.868527
210.973	-4045.26	0.496486	-0.868045
205.794	-4042.29	0.497689	-0.867355
200.621	-4039.32	0.503703	-0.863877
195.907	-4036.54	0.508124	-0.861284
190.764	-4033.51	0.514486	-0.857499
185.673	-4030.39	0.530031	-0.847979
180.618	-4027.21	0.530029	-0.84798
175.543	-4024.07	0.525257	-0.850944
170.893	-4021.18	0.532654	-0.846333
165.858	-4017.98	0.537157	-0.843482
160.815	-4014.78	0.54078	-0.841164
156.237	-4011.78	0.554415	-0.832241
151.274	-4008.46	0.556505	-0.830844
146.315	-4005.14	0.560003	-0.828491
141.385	-4001.77	0.571278	-0.820757
136.504	-3998.33	0.577157	-0.816633
131.621	-3994.9	0.574446	-0.818542
127.146	-3991.75	0.578446	-0.815721
122.293	-3988.27	0.590908	-0.806739
117.506	-3984.7	0.605569	-0.795793
113.164	-3981.37	0.612469	-0.790494
108.447	-3977.7	0.613227	-0.789906
103.731	-3974.04	0.615124	-0.788431
99.0367	-3970.35	0.623543	-0.781789
94.3898	-3966.6	0.634003	-0.773331
90.1678	-3963.12	0.638253	-0.769827
85.5721	-3959.3	0.640829	-0.767683
81.0002	-3955.46	0.645483	-0.763775
76.4457	-3951.6	0.650714	-0.759323
72.3041	-3948.02	0.657603	-0.753364
67.8132	-3944.08	0.662852	-0.74875
63.3549	-3940.1	0.667579	-0.744539
58.9091	-3936.11	0.669594	-0.742727
54.4833	-3932.1	0.67321	-0.739451
50.0713	-3928.08	0.676864	-0.736108
45.6871	-3924.02	0.681599	-0.731726
41.6825	-3920.28	0.683022	-0.730398
37.3213	-3916.2	0.684246	-0.729251
32.9672	-3912.1	0.685468	-0.728103
28.9821	-3908.35	0.68635	-0.727271
24.6388	-3904.25	0.686861	-0.726788
20.2987	-3900.14	0.687372	-0.726305
15.9617	-3896.04	0.687869	-0.725835
11.6274	-3891.93	0.688035	-0.725678
7.29293	-3887.82	0.687763	-0.725935
3.31853	-3884.05	0.687508	-0.726177
-1.01843	-3879.95	0.687214	-0.726455
-5.35607	-3875.85	0.687919	-0.725787
-9.32422	-3872.08	0.68987	-0.723933
-13.6413	-3867.95	0.691991	-0.721906
-18.3041	-3863.47	0.694281	-0.719704
-22.5953	-3859.32	0.696389	-0.717664
-26.874	-3855.16	0.698491	-0.715619
-30.7853	-3851.33	0.700408	-0.713743
-35.0361	-3847.14	0.710402	-0.703797
-39.1769	-3842.84	0.731022	-0.682354
-43.2073	-3838.43	0.753132	-0.65787
-47.0332	-3833.84	0.795119	-0.606454
-50.5071	-3828.98	0.824987	-0.565151
-53.8914	-3824.04	0.823595	-0.567178
-57.0085	-3819.53	0.821718	-0.569895
-60.4244	-3814.62	0.819819	-0.572623
-63.8633	-3809.72	0.812726	-0.582646
-67.0986	-3805.29	0.801195	-0.598404
-70.7095	-3800.52	0.792586	-0.60976
-74.3826	-3795.8	0.783995	-0.620768
-78.1271	-3791.14	0.774616	-0.632431
-81.9402	-3786.53	0.761325	-0.648371
-85.8753	-3782.02	0.745437	-0.666577
-89.5557	-3777.95	0.7335	-0.679689
-93.6678	-3773.6	0.719892	-0.694086
-97.842	-3769.31	0.711831	-0.702351
-101.715	-3765.42	0.703635	-0.710562
-105.993	-3761.23	0.694582	-0.719414
-110.322	-3757.09	0.687561	-0.726127
-114.683	-3752.98	0.683479	-0.729971
-119.067	-3748.9	0.6793	-0.733861
-123.476	-3744.84	0.674996	-0.737821
-127.539	-3741.13	0.671761	-0.740768
-131.988	-3737.11	0.669201	-0.743081
-136.451	-3733.1	0.666524	-0.745483
-140.93	-3729.11	0.664598	-0.747201
-145.042	-3725.46	0.663834	-0.74788
-149.534	-3721.47	0.662891	-0.748716
-154.032	-3717.49	0.661863	-0.749625
-158.537	-3713.52	0.661083	-0.750313
-163.045	-3709.55	0.660695	-0.750655
-167.181	-3705.91	0.660338	-0.750969
-171.695	-3701.95	0.659948	-0.751312
-176.589	-3697.65	0.659525	-0.751683
-181.11	-3693.68	0.659129	-0.75203
-185.634	-3689.72	0.658706	-0.752401
-190.162	-3685.76	0.658252	-0.752798
-194.693	-3681.8	0.658356	-0.752707
-198.844	-3678.16	0.659173	-0.751991
-203.369	-3674.19	0.660036	-0.751234
-207.891	-3670.22	0.660833	-0.750533
-212.41	-3666.23	0.661577	-0.749877
-216.55	-3662.58	0.662239	-0.749292
-221.064	-3658.59	0.662952	-0.748662
-225.575	-3654.59	0.663664	-0.748031
-230.083	-3650.59	0.664095	-0.747648
-234.592	-3646.58	0.664132	-0.747615
-239.101	-3642.57	0.66417	-0.747582
-243.235	-3638.9	0.664204	-0.747551
-247.746	-3634.89	0.664242	-0.747517
-252.258	-3630.88	0.66428	-0.747484
-256.771	-3626.87	0.664312	-0.747456
-261.285	-3622.86	0.664332	-0.747438
-265.423	-3619.18	0.664345	-0.747426
-269.939	-3615.17	0.66436	-0.747413
-274.455	-3611.16	0.664373	-0.747401
-278.973	-3607.14	0.664387	-0.747389
-283.491	-3603.12	0.664393	-0.747383
-287.634	-3599.44	0.664371	-0.747403
-292.155	-3595.42	0.664303	-0.747463
-296.677	-3591.4	0.664475	-0.747311
-301.198	-3587.38	0.665016	-0.746829
-305.341	-3583.69	0.663595	-0.748092
-309.879	-3579.69	0.660774	-0.750585
-314.423	-3575.69	0.65753	-0.753428
-318.998	-3571.73	0.654391	-0.756156
-323.569	-3567.75	0.655799	-0.754935
-328.149	-3563.8	0.648397	-0.761303
-332.395	-3560.23	0.637402	-0.770532
-337.074	-3556.39	0.633582	-0.773675
-341.751	-3552.54	0.634789	-0.772685
-346.435	-3548.71	0.633058	-0.774105
-350.732	-3545.19	0.631323	-0.77552
-355.442	-3541.39	0.62124	-0.78362
-360.213	-3537.67	0.608024	-0.793919
-365.035	-3534.01	0.603841	-0.797105
-369.846	-3530.34	0.609769	-0.792579
-374.645	-3526.65	0.604204	-0.79683
-379.497	-3523.03	0.591829	-0.806064
-384.384	-3519.46	0.590703	-0.806889
-389.261	-3515.87	0.5897	-0.807622
-393.755	-3512.62	0.584413	-0.811457
-398.664	-3509.08	0.589942	-0.807446
-403.536	-3505.48	0.589895	-0.80748
-408.043	-3502.25	0.577474	-0.816409
-412.988	-3498.75	0.581262	-0.813716
-417.89	-3495.2	0.593002	-0.805201
-422.759	-3491.6	0.59052	-0.807023
-427.674	-3488.06	0.57688	-0.816829
-432.225	-3484.88	0.563493	-0.826121
-437.257	-3481.52	0.546648	-0.837362
-442.348	-3478.24	0.535094	-0.844792
-447.05	-3475.29	0.524756	-0.851253
-452.228	-3472.15	0.510939	-0.859617
-457.891	-3468.84	0.494808	-0.869003
-463.18	-3465.89	0.476171	-0.879353
-468.524	-3463.04	0.464766	-0.885434
-473.893	-3460.24	0.45784	-0.889035
-479.291	-3457.5	0.445302	-0.895381
-484.275	-3455.05	0.435946	-0.899973
-489.732	-3452.43	0.425608	-0.904908
-495.231	-3449.9	0.410192	-0.911999
-500.762	-3447.44	0.406131	-0.913815
-506.292	-3444.97	0.403887	-0.914809
-511.38	-3442.75	0.397283	-0.917696
-516.94	-3440.35	0.389731	-0.920929
-522.531	-3438.03	0.379302	-0.925273
-527.665	-3435.92	0.383581	-0.923507
-533.247	-3433.57	0.389231	-0.92114
-538.831	-3431.23	0.379365	-0.925247
-544.447	-3428.97	0.372537	-0.928017
-550.06	-3426.7	0.373171	-0.927762
-555.683	-3424.46	0.374099	-0.927389
-560.821	-3422.35	0.382592	-0.923918
-566.416	-3420.04	0.377585	-0.925975
-572.036	-3417.79	0.367944	-0.929848
-577.665	-3415.56	0.373546	-0.927612
-582.804	-3413.46	0.378986	-0.925402
-588.413	-3411.17	0.379375	-0.925243
-594.009	-3408.86	0.380088	-0.92495
-599.619	-3406.58	0.374969	-0.927037
-605.226	-3404.29	0.3851	-0.922875
-610.337	-3402.13	0.394191	-0.919029
-615.903	-3399.74	0.390675	-0.920529
-621.485	-3397.39	0.389799	-0.9209
-626.587	-3395.21	0.39592	-0.918285
-632.148	-3392.81	0.402111	-0.915591
-637.676	-3390.33	0.409681	-0.912229
-643.206	-3387.87	0.408648	-0.912692
-648.725	-3385.37	0.414777	-0.909923
-654.228	-3382.85	0.424161	-0.905587
-659.696	-3380.24	0.434422	-0.90071
-664.694	-3377.82	0.439898	-0.898048
-670.121	-3375.13	0.445943	-0.895061
-675.543	-3372.44	0.44813	-0.893968
-680.945	-3369.7	0.459564	-0.888144
-685.862	-3367.11	0.470673	-0.882308
-691.199	-3364.25	0.474056	-0.880495
-696.975	-3361.14	0.477758	-0.878491
-702.284	-3358.22	0.484325	-0.874888
-707.136	-3355.53	0.490745	-0.871303
-712.398	-3352.52	0.500822	-0.86555
-718.503	-3348.96	0.505864	-0.862613
-723.727	-3345.9	0.506962	-0.861968
-728.508	-3343.07	0.511462	-0.859306
-733.703	-3339.96	0.516053	-0.856557
-738.889	-3336.83	0.5186	-0.855017
-744.063	-3333.68	0.520589	-0.853807
-748.803	-3330.79	0.520979	-0.853569
-753.97	-3327.63	0.523816	-0.851831
-759.554	-3324.18	0.526491	-0.850181
-764.704	-3320.99	0.526094	-0.850427
-769.855	-3317.81	0.526408	-0.850232
-774.572	-3314.88	0.52787	-0.849325
-779.712	-3311.68	0.535345	-0.844633
-784.805	-3308.4	0.544789	-0.838573
-789.883	-3305.1	0.548275	-0.836298
-794.934	-3301.76	0.555195	-0.83172
-800.381	-3298.1	0.56268	-0.826674
-804.955	-3294.95	0.571599	-0.820533
-809.912	-3291.47	0.582138	-0.81309
-814.813	-3287.91	0.591224	-0.806507
-819.697	-3284.33	0.593055	-0.805162
-824.158	-3281.02	0.600144	-0.799892
-828.986	-3277.36	0.607359	-0.794427
-833.79	-3273.67	0.614718	-0.788747
-838.15	-3270.23	0.624653	-0.780903
-842.872	-3266.43	0.62865	-0.777689
-847.58	-3262.62	0.629349	-0.777123
-852.286	-3258.81	0.630489	-0.776198
-856.979	-3254.98	0.63519	-0.772356
-861.645	-3251.12	0.641067	-0.767485
-865.898	-3247.54	0.646297	-0.763086
-870.511	-3243.61	0.650977	-0.759097
-875.105	-3239.66	0.654321	-0.756217
-879.683	-3235.68	0.65755	-0.753411
-883.865	-3232.02	0.660426	-0.750891
-889.17	-3227.34	0.663471	-0.748202
-893.705	-3223.31	0.665237	-0.746632
-897.855	-3219.6	0.666845	-0.745197
-902.375	-3215.55	0.66856	-0.743659
-906.886	-3211.49	0.669645	-0.742682
-911.395	-3207.42	0.669874	-0.742475
-915.905	-3203.35	0.67003	-0.742334
-920.038	-3199.62	0.670127	-0.742246
-924.549	-3195.55	0.669674	-0.742655
-929.065	-3191.48	0.668436	-0.74377
-933.59	-3187.42	0.66584	-0.746095
-938.133	-3183.39	0.661744	-0.74973
-942.316	-3179.71	0.658758	-0.752355
-946.895	-3175.71	0.655359	-0.755318
-951.494	-3171.74	0.650682	-0.75935
-956.119	-3167.8	0.646192	-0.763175
-960.375	-3164.21	0.64311	-0.765774
-965.037	-3160.31	0.638697	-0.769458
-969.721	-3156.45	0.634313	-0.773076
-974.426	-3152.6	0.631063	-0.775732
-979.146	-3148.77	0.627547	-0.778579
-983.49	-3145.29	0.623776	-0.781603
-988.245	-3141.51	0.620448	-0.784248
-993.813	-3137.12	0.617164	-0.786835
-998.198	-3133.69	0.615387	-0.788225
-1002.99	-3129.95	0.614317	-0.789059
-1007.79	-3126.22	0.613121	-0.789989
-1012.59	-3122.5	0.612352	-0.790585
-1017.39	-3118.78	0.612226	-0.790683
-1022.2	-3115.06	0.612281	-0.79064
-1027	-3111.34	0.612384	-0.79056
-1031.8	-3107.61	0.612725	-0.790296
-1036.2	-3104.2	0.613305	-0.789846
-1041	-3100.47	0.614177	-0.789169
-1045.79	-3096.74	0.615226	-0.788351
-1050.58	-3092.99	0.626761	-0.779212
-1054.88	-3089.45	0.642587	-0.766213
-1059.52	-3085.52	0.661364	-0.750065
-1063.99	-3081.41	0.690048	-0.723764
-1068.36	-3077.18	0.710391	-0.703807
-1072.56	-3072.78	0.736222	-0.67674
-1076.3	-3068.64	0.746807	-0.66504
-1080.32	-3064.09	0.756308	-0.654216
-1084.25	-3059.44	0.77682	-0.629722
-1088.01	-3054.66	0.794667	-0.607046
-1091.36	-3050.21	0.809719	-0.586818
-1094.84	-3045.22	0.827019	-0.562174
-1098.25	-3040.18	0.833949	-0.551841
-1101.55	-3035.06	0.849953	-0.526859
-1104.69	-3029.85	0.864304	-0.502969
-1107.46	-3025	0.876041	-0.482237
-1110.32	-3019.63	0.887131	-0.461517
-1113.11	-3014.21	0.895646	-0.444769
-1115.75	-3008.73	0.906471	-0.422267
-1118.08	-3003.65	0.912488	-0.409104
-1120.53	-2998.08	0.916789	-0.399373
-1122.96	-2992.49	0.919835	-0.392306
-1125.31	-2986.87	0.925387	-0.379023
-1127.6	-2981.22	0.928919	-0.370283
-1129.83	-2975.56	0.932243	-0.361833
-1131.83	-2970.34	0.935175	-0.354185
-1133.97	-2964.64	0.938262	-0.345926
-1136.06	-2958.91	0.940539	-0.339685
-1138.12	-2953.18	0.941782	-0.336225
-1139.99	-2947.92	0.942885	-0.333119
-1142.01	-2942.17	0.944063	-0.329766
-1144.01	-2936.41	0.945014	-0.327031
-1146	-2930.65	0.945646	-0.325197
-1147.98	-2924.88	0.946236	-0.323478
-1149.95	-2919.11	0.946801	-0.321819
-1151.91	-2913.34	0.947078	-0.321002
-1153.7	-2908.04	0.946971	-0.321318
-1155.66	-2902.27	0.946854	-0.321663
-1157.63	-2896.5	0.946738	-0.322004
-1159.43	-2891.2	0.946407	-0.322976
-1161.4	-2885.43	0.945612	-0.325298
-1163.39	-2879.67	0.94481	-0.327618
-1165.4	-2873.91	0.944004	-0.329933
-1167.41	-2868.15	0.943006	-0.332776
-1169.45	-2862.4	0.941749	-0.336315
-1171.51	-2856.66	0.940521	-0.339735
-1173.42	-2851.4	0.939423	-0.34276
-1175.52	-2845.68	0.938256	-0.345942
-1177.64	-2839.95	0.937141	-0.348952
-1179.78	-2834.24	0.936101	-0.35173
-1181.75	-2829	0.935223	-0.35406
-1183.92	-2823.3	0.934352	-0.356352
-1186.1	-2817.6	0.933542	-0.358468
-1188.29	-2811.9	0.93275	-0.360524
-1190.5	-2806.21	0.93185	-0.362843
-1192.72	-2800.52	0.93083	-0.365452
-1194.95	-2794.84	0.929893	-0.367829
-1197.21	-2789.17	0.929042	-0.369973
-1199.28	-2783.97	0.928431	-0.371505
-1201.55	-2778.3	0.927989	-0.372608
-1203.83	-2772.64	0.927655	-0.373438
-1206.11	-2766.97	0.927434	-0.373988
-1208.58	-2760.83	0.931538	-0.363644
-1210.56	-2755.6	0.940408	-0.340047
-1212.57	-2749.83	0.949472	-0.313853
-1214.42	-2744	0.957859	-0.287239
-1216.37	-2737.15	0.967004	-0.254761
-1217.74	-2731.71	0.973758	-0.227584
-1219.05	-2725.74	0.980247	-0.197777
-1220.19	-2719.73	0.985811	-0.167857
-1221.14	-2713.69	0.990207	-0.13961
-1221.93	-2707.63	0.992899	-0.11896
-1222.56	-2702.05	0.995418	-0.0956164
-1223.06	-2695.96	0.997475	-0.0710191
-1223.48	-2689.85	0.998084	-0.061874
-1223.79	-2684.26	0.999029	-0.0440607
-1224	-2678.14	0.99966	-0.0260701
-1224.14	-2672.02	0.999864	-0.0164891
-1224.21	-2665.91	0.999994	-0.00336833
-1224.18	-2659.79	0.99986	0.0167409
-1224.04	-2653.67	0.999658	0.0261547
-1223.88	-2647.55	0.999632	0.0271262
-1223.7	-2641.43	0.999423	0.0339648
-1223.47	-2635.32	0.999183	0.0404125
-1223.22	-2629.2	0.998893	0.0470457
-1222.9	-2623.09	0.998412	0.0563329
-1222.54	-2616.98	0.998344	0.0575275
-1222.23	-2611.38	0.99839	0.0567261
-1221.87	-2605.27	0.998219	0.059649
-1221.5	-2599.16	0.997874	0.0651705
-1221.12	-2593.56	0.997696	0.0678375
-1220.71	-2587.46	0.997925	0.0643841
-1220.33	-2581.35	0.998069	0.062122
-1219.94	-2575.24	0.997954	0.063932
-1219.55	-2569.13	0.997912	0.0645907
-1219.19	-2563.54	0.99809	0.0617716
-1218.82	-2557.43	0.998237	0.0593548
-1218.46	-2551.32	0.998281	0.0586107
-1218.13	-2545.72	0.998329	0.0577813
-1217.78	-2539.61	0.998353	0.0573732
-1217.44	-2533.5	0.998505	0.0546546
-1217.1	-2527.4	0.998556	0.0537137
-1216.78	-2521.29	0.998588	0.0531144
-1216.45	-2515.18	0.99851	0.054575
-1216.14	-2509.57	0.998512	0.0545368
-1215.81	-2503.46	0.998704	0.0508974
-1215.51	-2497.35	0.998847	0.0480077
-1215.22	-2491.24	0.998813	0.0487101
-1214.94	-2485.64	0.998781	0.0493692
-1214.65	-2479.53	0.998846	0.0480185
-1214.35	-2473.41	0.998941	0.0460099
-1214.08	-2467.3	0.999119	0.0419661
-1213.83	-2461.19	0.999157	0.0410622
-1213.6	-2455.58	0.999094	0.0425483
-1213.34	-2449.47	0.999129	0.041717
-1213.09	-2443.35	0.99921	0.0397447
-1212.85	-2437.24	0.999297	0.0374967
-1212.65	-2431.64	0.999413	0.0342659
-1212.44	-2425.52	0.999436	0.0335725
-1212.23	-2419.41	0.999164	0.04088
-1211.94	-2413.29	0.998639	0.0521472
-1211.61	-2407.18	0.998658	0.0517814
-1211.31	-2401.07	0.998606	0.0527868
-1210.96	-2394.97	0.998279	0.0586493
-1210.61	-2388.86	0.998461	0.0554533
-1210.28	-2382.75	0.998538	0.054049
-1209.95	-2376.64	0.998613	0.0526465
-1209.63	-2370.53	0.998716	0.0506689
-1209.33	-2364.42	0.998853	0.0478821
-1209.06	-2358.81	0.998971	0.0453548
-1208.79	-2352.7	0.999091	0.0426334
-1208.54	-2346.59	0.999203	0.0399114
-1208.32	-2340.98	0.9993	0.0374158
-1208.1	-2334.86	0.999398	0.0346929
-1207.89	-2328.75	0.999489	0.0319696
-1207.71	-2322.63	0.999572	0.0292458
-1207.53	-2316.51	0.999648	0.0265217
-1207.38	-2310.39	0.999717	0.0237972
-1207.25	-2304.78	0.999773	0.0212995
-1207.12	-2298.66	0.999762	0.021799
-1206.98	-2292.53	0.99964	0.0268124
-1206.8	-2286.41	0.999493	0.0318251
-1206.58	-2279.78	0.999411	0.0343255
-1206.39	-2274.17	0.999473	0.0324752
-1206.19	-2268.05	0.999536	0.0304564
-1206.01	-2261.93	0.999596	0.0284375
-1205.84	-2255.8	0.999659	0.0261237
-1205.7	-2250.19	0.999721	0.0236245
-1205.57	-2244.06	0.999782	0.0208978
-1205.44	-2237.94	0.999835	0.0181707
-1205.34	-2231.81	0.999881	0.0154432
-1205.25	-2225.69	0.999919	0.0127154
-1205.19	-2220.07	0.999948	0.0102147
-1205.13	-2213.94	0.999972	0.00748642
-1205.09	-2207.81	0.999987	0.00505287
-1205.07	-2201.68	0.999995	0.00303187
-1205.05	-2196.07	0.999999	0.00120531
-1205.05	-2189.94	1	-0.000737518
-1205.06	-2183.81	0.999997	-0.00237909
-1205.08	-2177.67	0.999994	-0.00358856
-1205.1	-2171.54	0.999989	-0.0047819
-1205.14	-2165.41	0.999982	-0.00597254
-1205.17	-2159.79	0.999977	-0.00676399
-1205.21	-2153.66	0.999974	-0.00723491
-1205.26	-2147.53	0.99997	-0.00770602
-1205.3	-2141.91	0.999967	-0.00813783
-1205.36	-2135.77	0.999963	-0.00860875
-1205.41	-2129.64	0.999959	-0.00907985
-1205.47	-2123.5	0.999954	-0.00955112
-1205.53	-2117.37	0.99995	-0.0100224
-1205.59	-2111.23	0.999945	-0.0104932
-1205.65	-2105.61	0.99994	-0.0109246
-1205.72	-2099.48	0.999935	-0.0113954
-1205.79	-2093.34	0.99993	-0.0118662
-1205.86	-2087.71	0.999924	-0.0122976
-1205.93	-2081.58	0.999918	-0.0127684
-1206.01	-2075.44	0.999912	-0.0132394
-1206.09	-2069.3	0.99991	-0.0134103
-1206.18	-2063.17	0.999913	-0.0131607
-1206.26	-2057.03	0.999917	-0.0129095
-1206.33	-2051.4	0.99992	-0.012674
-1206.41	-2045.26	0.999923	-0.0124126
-1206.48	-2039.12	0.999926	-0.0121441
-1206.55	-2032.98	0.99993	-0.0118254
-1206.62	-2027.35	0.999935	-0.0113917
-1206.69	-2021.21	0.999944	-0.0106022
-1206.75	-2015.07	0.999955	-0.00945718
-1206.81	-2008.93	0.999968	-0.00797487
-1206.85	-2002.79	0.999981	-0.00620463
-1206.88	-1996.64	0.999991	-0.00420258
-1206.9	-1990.5	0.999998	-0.00202678
-1206.91	-1984.87	1	0.000139626
-1206.9	-1978.21	0.999996	0.00289264
-1206.88	-1972.58	0.999986	0.00536291
-1206.84	-1966.43	0.999967	0.00810919
-1206.78	-1960.29	0.999941	0.0108557
-1206.72	-1954.65	0.999914	0.0131333
-1206.63	-1948.51	0.999885	0.0151593
-1206.53	-1942.36	0.999852	0.0171852
-1206.42	-1936.22	0.999815	0.0192111
-1206.3	-1930.07	0.999781	0.0209363
-1206.18	-1924.44	0.999755	0.022125
-1206.04	-1918.29	0.999726	0.023401
-1205.89	-1912.14	0.999696	0.0246604
-1205.74	-1906	0.999672	0.025619
-1205.58	-1899.85	0.999658	0.0261566
-1205.43	-1894.21	0.999645	0.0266494
-1205.26	-1888.07	0.99963	0.027187
-1205.09	-1881.92	0.999616	0.0277245
-1204.92	-1875.77	0.999601	0.0282622
-1204.75	-1869.62	0.999585	0.0287998
-1204.57	-1863.47	0.999578	0.0290362
-1204.41	-1857.83	0.999583	0.0288662
-1204.23	-1851.68	0.999589	0.0286809
-1204.05	-1845.53	0.999594	0.0284955
-1203.88	-1839.38	0.999599	0.0283101
-1203.7	-1833.23	0.999604	0.0281247
-1203.53	-1827.08	0.99961	0.0279393
-1203.36	-1820.93	0.999615	0.0277539
-1203.19	-1814.77	0.999628	0.0272668
-1203.04	-1809.13	0.999651	0.026433
-1202.88	-1802.98	0.999674	0.0255232
-1202.72	-1796.83	0.999697	0.0246131
-1202.57	-1790.67	0.999719	0.0237029
-1202.43	-1784.52	0.99974	0.0227925
-1202.29	-1778.36	0.999761	0.0218821
-1202.16	-1772.2	0.99978	0.0209717
-1202.04	-1766.56	0.999797	0.020137
-1201.92	-1760.4	0.999815	0.0192263
-1201.81	-1754.24	0.999832	0.0183145
-1201.69	-1748.09	0.999843	0.0177051
-1201.6	-1742.44	0.999846	0.0175367
-1201.49	-1736.28	0.999849	0.017353
-1201.38	-1730.12	0.999853	0.0171693
-1201.28	-1723.96	0.999856	0.0169854
-1201.17	-1717.8	0.999859	0.0168016
-1201.07	-1711.64	0.999862	0.0166178
-1200.97	-1705.48	0.999865	0.0164312
-1200.87	-1699.83	0.999868	0.0162566
-1200.77	-1693.67	0.999871	0.0160661
-1200.68	-1687.51	0.999874	0.0158756
-1200.58	-1681.34	0.999877	0.015685
-1200.49	-1675.69	0.999883	0.0152725
-1200.4	-1669.53	0.999897	0.0143687
-1200.31	-1663.37	0.999909	0.0134649
-1200.23	-1657.2	0.999921	0.012561
-1200.16	-1651.04	0.999932	0.0116549
-1200.09	-1644.87	0.999942	0.0107458
-1200.03	-1639.22	0.999951	0.00991253
-1199.97	-1633.05	0.999959	0.00900346
-1199.92	-1626.89	0.999967	0.00809429
-1199.87	-1620.72	0.999974	0.00718502
-1199.83	-1615.07	0.99998	0.00635151
-1199.79	-1608.9	0.999984	0.00573099
-1199.76	-1602.73	0.999985	0.0054599
-1199.73	-1596.56	0.999987	0.00502121
-1199.7	-1590.39	0.99999	0.0043681
-1199.67	-1583.71	0.999994	0.00347157
-1199.65	-1577.54	0.999997	0.00249048
-1199.64	-1571.89	0.999999	0.00143266
-1199.63	-1565.72	1	5.17122e-05
-1199.64	-1559.54	0.999999	-0.00156826
-1199.65	-1553.37	0.999994	-0.00342243
-1199.68	-1547.2	0.999985	-0.00543564
-1199.71	-1541.55	0.999973	-0.00736936
-1199.76	-1535.37	0.999957	-0.00927215
-1199.82	-1529.2	0.999941	-0.0108201
-1199.9	-1523.03	0.999923	-0.012382
-1199.97	-1517.37	0.999905	-0.0138138
-1200.06	-1511.2	0.999882	-0.0153759
-1200.16	-1505.02	0.999857	-0.01694
-1200.27	-1498.85	0.999829	-0.0185184
-1200.38	-1492.68	0.999798	-0.0201231
-1200.51	-1486.5	0.99977	-0.0214559
-1200.64	-1480.84	0.999752	-0.0222799
-1200.78	-1474.67	0.999731	-0.0231746
-1200.92	-1468.5	0.99971	-0.0240853
-1201.07	-1462.32	0.999688	-0.0249931
-1201.22	-1456.66	0.999665	-0.0258714
-1201.38	-1450.48	0.99964	-0.026825
-1201.55	-1444.31	0.999621	-0.0275312
-1201.72	-1438.13	0.999612	-0.0278715
-1201.89	-1431.96	0.999603	-0.02819
-1202.06	-1425.78	0.999595	-0.0284724
-1202.23	-1420.12	0.999587	-0.0287471
-1202.41	-1413.94	0.999578	-0.0290535
-1202.59	-1407.76	0.999569	-0.0293602
-1202.77	-1401.59	0.99956	-0.029667
-1202.94	-1395.92	0.999559	-0.0297022
-1203.12	-1389.74	0.999572	-0.0292709
-1203.3	-1383.56	0.999584	-0.0288465
-1203.48	-1377.38	0.999596	-0.0284352
-1203.65	-1371.2	0.999607	-0.0280284
-1203.82	-1365.02	0.999618	-0.0276213
-1203.98	-1359.36	0.999629	-0.0272483
-1204.15	-1353.18	0.99964	-0.0268416
-1204.31	-1346.99	0.999659	-0.0261278
-1204.46	-1341.33	0.999685	-0.0250788
-1204.61	-1335.14	0.999714	-0.023934
-1204.75	-1328.96	0.99974	-0.0227889
-1204.89	-1322.77	0.999766	-0.0216434
-1205.02	-1316.59	0.99979	-0.0204995
-1205.15	-1310.4	0.999812	-0.0193659
-1205.25	-1304.73	0.999832	-0.018354
-1205.37	-1298.55	0.99985	-0.0172952
-1205.47	-1292.36	0.999867	-0.0163021
-1205.57	-1286.17	0.999881	-0.0154027
-1205.67	-1279.47	0.999894	-0.0145593
-1205.76	-1273.28	0.999903	-0.0139462
-1205.84	-1267.09	0.999909	-0.0135115
-1205.93	-1260.9	0.999912	-0.0132523
-1206	-1255.22	0.999909	-0.0134859
-1206.09	-1249.03	0.999898	-0.0142832
-1206.18	-1242.84	0.999885	-0.0151949
-1206.26	-1237.17	0.99987	-0.0161007
-1206.37	-1230.98	0.999853	-0.0171469
-1206.48	-1224.79	0.999834	-0.0182272
-1206.59	-1218.59	0.999813	-0.019333
-1206.71	-1212.4	0.99979	-0.0204783
-1206.84	-1206.21	0.999772	-0.021348
-1206.98	-1200.02	0.999762	-0.021805
-1207.1	-1194.34	0.999753	-0.0222242
-1207.24	-1188.14	0.999743	-0.0226815
-1207.38	-1181.95	0.999773	-0.0213007
-1207.5	-1175.76	0.99985	-0.0173484
-1207.59	-1170.08	0.999906	-0.0137291
-1207.67	-1163.88	0.999952	-0.00978309
-1207.72	-1157.68	0.999973	-0.0073674
-1207.76	-1151.49	0.999975	-0.00709433
-1207.81	-1145.29	0.999977	-0.00682153
-1207.85	-1139.61	0.999976	-0.00687877
-1207.89	-1133.41	0.999973	-0.00734341
-1207.94	-1127.21	0.99997	-0.00780832
-1207.99	-1121.01	0.999966	-0.00827351
-1208.03	-1115.32	0.99996	-0.00894641
-1208.09	-1109.12	0.999948	-0.0101508
-1208.16	-1102.92	0.999936	-0.0113555
-1208.23	-1096.72	0.999921	-0.0125605
-1208.31	-1090.52	0.999905	-0.0137654
-1208.4	-1084.32	0.999888	-0.01497
-1208.49	-1078.64	0.999871	-0.0160743
-1208.59	-1072.43	0.999851	-0.0172792
-1208.71	-1065.71	0.999889	-0.0149202
-1208.78	-1060.03	0.999968	-0.00796251
-1208.81	-1053.82	1	-0.000372032
-1208.79	-1047.62	0.999974	0.00721828
-1208.74	-1041.93	0.999931	0.0117374
-1208.66	-1035.72	0.999928	0.0120186
-1208.59	-1029.52	0.999924	0.0123207
-1208.51	-1023.31	0.99992	0.0126395
-1208.43	-1017.11	0.999924	0.0123396
-1208.36	-1010.9	0.999938	0.0111669
-1208.3	-1005.21	0.999949	0.0100829
-1208.24	-999.001	0.999966	0.00828219
-1208.19	-992.792	0.999984	0.00561961
-1208.16	-986.583	0.999996	0.00299839
-1208.15	-980.892	1	0.000689896
-1208.15	-974.682	0.999999	-0.00142003
-1208.17	-968.472	0.999996	-0.00280725
-1208.19	-962.261	0.999992	-0.00400781
-1208.21	-956.05	0.999987	-0.00503871
-1208.25	-949.839	0.999996	-0.00277905
-1208.25	-943.627	0.999992	0.00404956
-1208.2	-937.415	0.999938	0.0111221
-1208.12	-931.721	0.999841	0.017818
-1208	-925.509	0.999744	0.0226065
-1207.85	-919.297	0.999717	0.0238048
-1207.7	-913.085	0.999683	0.0251876
-1207.55	-907.39	0.999649	0.0264775
-1207.39	-901.178	0.999626	0.0273302
-1207.22	-894.965	0.999633	0.0270813
-1207.05	-888.752	0.999642	0.026773
-1206.88	-882.538	0.99965	0.0264577
-1206.71	-875.806	0.999667	0.0258064
-1206.55	-869.592	0.999694	0.0247475
-1206.4	-863.377	0.999719	0.0236885
-1206.27	-857.679	0.999742	0.0227176
-1206.13	-851.463	0.999765	0.0216583
-1206	-845.246	0.999788	0.0205989
-1205.87	-839.029	0.999809	0.0195532
-1205.75	-832.811	0.999827	0.0185915
-1205.64	-826.593	0.999841	0.0178285
-1205.53	-820.374	0.99985	0.0173388
-1205.43	-814.673	0.999852	0.01718
-1205.32	-808.454	0.99985	0.0173081
-1205.21	-802.234	0.999843	0.017724
-1205.1	-796.014	0.999832	0.018342
-1205	-790.312	0.99982	0.0189721
-1204.88	-784.091	0.999807	0.0196617
-1204.75	-777.87	0.999793	0.0203513
-1204.61	-771.131	0.999777	0.0210985
-1204.48	-764.909	0.999762	0.0218168
-1204.34	-758.687	0.999744	0.0226335
-1204.21	-752.984	0.999724	0.0234967
-1204.05	-746.243	0.999697	0.0246291
-1203.91	-740.539	0.999671	0.0256303
-1203.74	-734.316	0.999643	0.0267073
-1203.58	-728.093	0.999615	0.0277399
-1203.4	-721.87	0.999596	0.028419
-1203.22	-715.647	0.99959	0.0286492
-1203.04	-709.423	0.999583	0.0288794
-1202.88	-703.718	0.999577	0.0290889
-1202.7	-697.493	0.99958	0.0289899
-1202.52	-691.268	0.999596	0.0284143
-1202.36	-685.562	0.999612	0.0278512
-1202.19	-679.336	0.99963	0.0272175
-1202.02	-673.11	0.999647	0.0265818
-1201.85	-666.883	0.999663	0.0259459
-1201.69	-660.656	0.99968	0.0253099
-1201.54	-654.428	0.999696	0.0246739
-1201.4	-648.719	0.99971	0.0240909
-1201.25	-642.491	0.999725	0.0234548
-1201.11	-636.262	0.99974	0.0228186
-1200.98	-630.551	0.999753	0.0222354
-1200.84	-624.321	0.999767	0.0215992
-1200.71	-618.091	0.99978	0.0209628
-1200.58	-611.86	0.999793	0.0203263
-1200.45	-605.629	0.999806	0.0196898
-1200.33	-599.397	0.999818	0.0190532
-1200.21	-593.165	0.99983	0.0184166
-1200.11	-587.452	0.999841	0.0178329
-1200	-581.219	0.999852	0.0171962
-1199.9	-574.985	0.999863	0.0165594
-1199.79	-568.752	0.999873	0.0159226
-1199.7	-563.037	0.999882	0.0153387
-1199.61	-556.802	0.999892	0.0147018
-1199.52	-550.567	0.999901	0.0140648
-1199.43	-544.331	0.999914	0.0131165
-1199.36	-538.095	0.999931	0.0117303
-1199.29	-532.379	0.999945	0.0104488
-1199.23	-526.142	0.999959	0.0090198
-1199.18	-519.904	0.999969	0.00786036
-1199.13	-513.667	0.999975	0.00711752
-1199.09	-507.429	0.99998	0.00637464
-1199.05	-501.71	0.999984	0.00569362
-1199.02	-495.471	0.999986	0.00526218
-1198.99	-489.232	0.999986	0.00526685
-1198.95	-482.992	0.999986	0.00527152
-1198.92	-476.752	0.999986	0.00525311
-1198.87	-471.031	0.99957	0.0293207
-1198.54	-464.795	0.996203	0.087057
-1197.84	-458.585	0.989502	0.144519
-1196.9	-452.931	0.984112	0.177551
-1195.8	-446.776	0.984262	0.176714
-1194.69	-440.62	0.984412	0.175878
-1193.59	-434.462	0.984561	0.175041
-1192.51	-428.303	0.985508	0.169629
-1191.48	-422.133	0.987472	0.157796
-1190.6	-416.466	0.989147	0.146929
-1189.71	-410.273	0.990838	0.135053
-1188.83	-403.551	0.992621	0.121261
-1188.11	-397.336	0.99424	0.107173
-1187.47	-391.11	0.99566	0.0930636
-1186.93	-384.875	0.99688	0.0789352
-1186.51	-379.153	0.997782	0.0665712
-1186.12	-372.906	0.998549	0.0538592
-1185.82	-366.653	0.999153	0.0411382
-1185.59	-360.397	0.999596	0.0284178
-1185.46	-354.659	0.999838	0.0179866
-1185.37	-348.399	0.99996	0.00894159
-1185.34	-342.137	1	-0.000104195
-1185.36	-335.875	0.999958	-0.0091501
-1185.44	-329.613	0.999852	-0.0172227
-1185.55	-323.873	0.999727	-0.0233737
-1185.72	-317.612	0.999547	-0.0300828
-1185.92	-311.352	0.999367	-0.0355664
-1186.15	-305.092	0.999226	-0.0393357
-1186.39	-299.355	0.999084	-0.042791
-1186.67	-293.097	0.998916	-0.0465599
-1186.97	-286.839	0.998779	-0.0494061
-1187.28	-280.582	0.998701	-0.0509611
-1187.6	-274.325	0.99862	-0.0525161
-1187.94	-268.068	0.998537	-0.0540709
-1188.28	-261.812	0.998486	-0.0550101
-1188.6	-256.077	0.998482	-0.055081
-1188.94	-249.82	0.998478	-0.0551583
-1189.29	-243.563	0.998473	-0.0552372
-1189.6	-237.827	0.998482	-0.0550761
-1189.95	-231.569	0.998516	-0.0544633
-1190.29	-225.31	0.998547	-0.0538864
-1190.62	-219.052	0.998573	-0.0534038
-1190.96	-212.792	0.998607	-0.0527702
-1191.29	-206.533	0.998656	-0.0518253
-1191.58	-200.794	0.998698	-0.0510115
-1191.95	-193.489	0.99875	-0.0499922
-1192.24	-187.75	0.998789	-0.0491932
-1192.54	-181.488	0.998831	-0.0483392
-1192.84	-175.225	0.998869	-0.0475456
-1193.14	-168.962	0.998902	-0.0468559
-1193.43	-162.698	0.998927	-0.0463086
-1193.7	-156.956	0.998944	-0.0459358
-1193.98	-150.692	0.99896	-0.0456009
-1194.27	-144.427	0.998974	-0.0452923
-1194.55	-138.162	0.998988	-0.0449879
-1194.81	-132.419	0.999	-0.0447077
-1195.09	-126.153	0.999014	-0.0444068
-1195.37	-119.887	0.999037	-0.0438866
-1195.64	-113.62	0.999071	-0.0430886
-1195.91	-107.353	0.999102	-0.0423771
-1196.17	-101.086	0.999126	-0.0418011
-1196.41	-95.3407	0.999121	-0.041918
-1196.68	-89.0747	0.999022	-0.0442092
-1196.97	-82.8105	0.998976	-0.0452338
-1197.24	-76.5443	0.999074	-0.0430347
-1197.49	-70.8003	0.999035	-0.0439233
-1197.77	-64.5367	0.998862	-0.0476978
-1198.08	-58.2757	0.998756	-0.0498739
-1198.44	-50.9694	0.998891	-0.0470855
-1198.7	-45.2268	0.998955	-0.0457114
-1199	-38.9634	0.998835	-0.0482585
-1199.31	-32.7027	0.998707	-0.0508323
-1199.63	-26.4426	0.99867	-0.0515549
-1199.93	-20.7047	0.998747	-0.0500444
-1200.22	-14.442	0.998988	-0.0449881
-1200.5	-8.1781	0.999043	-0.0437412
-1200.8	-1.39334	0.999015	-0.0443688
-1201.08	4.86891	0.998981	-0.0451231
-1201.37	11.1295	0.998988	-0.0449831
-1201.63	17.3924	0.999157	-0.0410484
-1201.87	23.1329	0.999145	-0.0413449
-1202.13	29.3935	0.999162	-0.0409266
-1202.38	35.6553	0.999294	-0.0375709
-1202.61	41.9181	0.999427	-0.0338423
-1202.8	48.183	0.999555	-0.0298129
-1202.97	53.9254	0.999612	-0.0278609
-1203.14	60.1896	0.99966	-0.0260694
-1203.3	66.4525	0.999702	-0.0244214
-1203.44	72.7175	0.999816	-0.0191706
-1203.54	78.4619	0.999884	-0.0152292
-1203.63	84.7279	0.999913	-0.0132151
-1203.71	91.5155	0.999937	-0.0111888
-1203.78	97.7801	0.999956	-0.00941819
-1203.83	104.046	0.999983	-0.00579334
-1203.86	110.312	0.999995	-0.00320951
-1203.87	116.056	0.999999	-0.00123408
-1203.88	122.32	0.999999	-0.0013195
-1203.89	128.583	1	-0.000240051
-1203.88	134.847	0.999997	0.00241669
-1203.86	141.112	0.999988	0.004885
-1203.83	146.855	0.999982	0.00600093
-1203.79	153.12	0.999977	0.00682588
-1203.75	159.383	0.999978	0.00661104
-1203.7	165.645	0.99997	0.0077448
-1203.65	171.387	0.999954	0.00958084
-1203.59	177.651	0.999939	0.0110209
-1203.52	183.916	0.999926	0.012132
-1203.44	190.178	0.999928	0.0120272
-1203.37	196.439	0.99993	0.0118226
-1203.3	202.178	0.999923	0.0124485
-1203.22	208.441	0.999911	0.0133779
-1203.13	214.703	0.999909	0.0134608
-1203.05	220.963	0.999909	0.0135058
-1202.97	226.702	0.999901	0.0140627
-1202.88	232.964	0.999899	0.0141949
-1202.79	239.226	0.999902	0.014027
-1202.71	245.488	0.999906	0.0137414
-1202.62	251.749	0.99991	0.0134519
-1202.54	258.01	0.999914	0.0131461
-1202.46	263.75	0.999915	0.0130202
-1202.38	270.012	0.999919	0.0127536
-1202.3	276.273	0.999922	0.0124592
-1202.22	282.533	0.999928	0.0120062
-1202.15	288.792	0.999932	0.0117006
-1202.08	294.53	0.999932	0.0116581
-1202.01	300.791	0.999934	0.0114581
-1201.94	307.051	0.999939	0.0110637
-1201.87	313.31	0.999943	0.0106677
-1201.81	319.567	0.999946	0.0103736
-1201.74	325.825	0.999949	0.010139
-1201.68	331.563	0.999949	0.0100881
-1201.62	337.823	0.999952	0.00979879
-1201.56	344.08	0.999956	0.00936758
-1201.5	350.338	0.999958	0.00919154
-1201.45	356.076	0.999959	0.00905737
-1201.4	362.334	0.999962	0.00872924
-1201.34	368.592	0.999964	0.00852463
-1201.28	375.372	0.999968	0.0080006
-1201.24	381.108	0.999972	0.00743183
-1201.19	387.367	0.999975	0.00707957
-1201.15	393.625	0.99998	0.00639208
-1201.11	399.882	0.999984	0.00566128
-1201.08	406.138	0.999988	0.00490113
-1201.05	412.394	0.999991	0.00433293
-1201.03	418.129	0.999993	0.00384982
-1201	424.387	0.999995	0.0030157
-1200.99	430.644	0.999999	0.00133258
-1200.99	436.379	1	-0.000642326
-1201	442.634	0.999996	-0.0028349
-1201.02	448.89	0.999993	-0.00378798
-1201.05	455.146	0.999986	-0.0052184
-1201.08	461.403	0.999976	-0.00685666
-1201.13	467.136	0.999942	-0.0107698
-1201.21	473.39	0.999919	-0.0127013
-1201.28	479.645	0.999932	-0.0116438
-1201.35	485.901	0.999929	-0.0119517
-1201.42	491.635	0.999922	-0.0124945
-1201.51	497.89	0.999862	-0.0165836
-1201.63	504.143	0.999815	-0.0192113
-1201.74	510.398	0.999805	-0.0197679
-1201.88	516.651	0.999746	-0.0225255
-1202.01	522.383	0.999668	-0.0257569
-1202.19	528.633	0.999494	-0.0318202
-1202.4	534.882	0.999397	-0.0347091
-1202.6	540.61	0.999387	-0.0350069
-1202.81	546.861	0.999358	-0.0358357
-1203.05	553.11	0.999268	-0.0382625
-1203.29	559.359	0.999167	-0.0408088
-1203.56	565.605	0.998934	-0.0461598
-1203.83	571.331	0.999031	-0.0440164
-1204.09	577.58	0.999139	-0.0414785
-1204.36	583.827	0.99892	-0.046473
-1204.69	590.591	0.998719	-0.0505989
-1205	596.835	0.998731	-0.0503623
-1205.33	603.078	0.99875	-0.04999
-1205.62	609.325	0.998969	-0.0453905
-1205.91	615.571	0.998831	-0.0483347
-1206.2	621.293	0.998606	-0.0527745
-1206.53	627.534	0.99849	-0.0549365
-1206.88	633.774	0.99856	-0.0536428
-1207.17	639.497	0.998894	-0.0470201
-1207.45	645.743	0.999057	-0.0434252
-1207.72	651.989	0.999036	-0.0438901
-1208.01	658.233	0.998795	-0.049075
-1208.33	664.473	0.998575	-0.0533725
-1208.63	670.192	0.9987	-0.0509798
-1208.94	676.433	0.998718	-0.0506288
-1209.27	682.671	0.998709	-0.0508057
-1209.54	688.393	0.999024	-0.044177
-1209.81	694.636	0.999035	-0.0439203
-1210.09	700.877	0.99898	-0.0451637
-1210.37	707.119	0.999051	-0.0435494
-1210.64	713.36	0.999071	-0.0430921
-1210.91	719.601	0.999118	-0.041999
-1211.17	725.842	0.999164	-0.0408745
-1211.4	731.563	0.999198	-0.0400417
-1211.65	737.796	0.999223	-0.0394102
-1211.89	744.006	0.999248	-0.0387745
-1212.13	750.191	0.999367	-0.0355645
-1212.32	755.839	0.999471	-0.0325139
-1212.52	761.949	0.999509	-0.0313238
-1212.7	768.019	0.999544	-0.0301986
-1212.89	774.033	0.999562	-0.0296026
-1213.05	780.541	0.999779	-0.0210012
-1213.17	786.526	0.999892	-0.0146663
-1213.23	792.016	0.999987	-0.00502437
-1213.23	798.008	0.999985	0.00549559
-1213.17	804.003	0.99988	0.0155149
-1213.05	809.999	0.999692	0.0248322
-1212.88	815.997	0.999417	0.0341483
-1212.67	821.495	0.999089	0.0426862
-1212.4	827.495	0.998721	0.0505506
-1212.08	833.494	0.998409	0.0563876
-1211.72	839.495	0.998062	0.0622232
-1211.37	844.996	0.997714	0.0675711
-1210.95	850.997	0.997443	0.0714608
-1210.52	857	0.997359	0.0726303
-1210.08	863.006	0.997273	0.0737998
-1209.63	869.013	0.997186	0.0749693
-1209.18	875.022	0.997208	0.0746753
-1208.77	880.534	0.997366	0.0725271
-1208.34	886.551	0.997534	0.070183
-1207.92	892.571	0.997696	0.0678384
-1207.55	898.092	0.997866	0.0652959
-1207.16	904.119	0.99809	0.0617716
-1206.8	910.151	0.998302	0.0582461
-1206.45	916.186	0.998502	0.0547196
-1206.13	922.224	0.998689	0.0511896
-1205.83	928.267	0.998864	0.0476552
-1205.55	934.313	0.999026	0.0441198
-1205.29	940.363	0.999176	0.0405836
-1205.08	945.911	0.999284	0.0378307
-1204.85	951.967	0.999371	0.0354679
-1204.64	958.027	0.999452	0.0331046
-1204.46	963.583	0.999521	0.0309379
-1204.28	969.649	0.999578	0.0290655
-1204.11	975.717	0.999611	0.0278812
-1203.94	981.787	0.999644	0.0266968
-1203.78	987.861	0.999675	0.0255122
-1203.64	993.43	0.999651	0.0264028
-1203.47	999.509	0.999551	0.0299618
-1203.28	1005.59	0.999438	0.0335208
-1203.09	1011.16	0.999323	0.0367831
-1202.85	1017.25	0.999166	0.0408389
-1202.59	1023.33	0.99896	0.0455901
-1202.3	1029.42	0.998732	0.0503407
-1201.98	1035.51	0.998481	0.0550905
-1201.61	1042.1	0.998214	0.0597433
-1201.23	1048.19	0.997994	0.0633113
-1200.87	1053.77	0.997781	0.0665815
-1200.46	1059.86	0.997537	0.0701485
-1199.98	1066.46	0.99733	0.0730224
-1199.53	1072.56	0.997242	0.0742134
-1199.11	1078.15	0.997161	0.0753051
-1198.65	1084.24	0.99707	0.0764961
-1198.18	1090.34	0.997016	0.0771909
-1197.71	1096.45	0.997016	0.0771909
-1197.27	1102.04	0.997016	0.0771909
-1196.8	1108.15	0.997016	0.0771909
-1196.33	1114.26	0.997055	0.0766929
-1195.9	1119.86	0.997138	0.0755971
-1195.44	1125.98	0.997228	0.0744014
-1194.99	1132.1	0.997317	0.0732056
-1194.54	1138.22	0.997404	0.0720088
-1194.1	1144.34	0.99749	0.0708106
-1193.7	1149.96	0.997567	0.0697121
-1193.28	1156.09	0.99765	0.0685135
-1192.85	1162.22	0.996716	0.0809797
-1192.33	1167.83	0.993943	0.109893
-1191.57	1173.94	0.989962	0.141331
-1190.62	1180.02	0.984986	0.172632
-1189.49	1186.08	0.981722	0.19032
-1188.32	1192.12	0.981951	0.189135
-1187.25	1197.67	0.98216	0.188049
-1186.09	1203.73	0.982386	0.186864
-1184.95	1209.79	0.983257	0.182223
-1183.94	1215.36	0.98483	0.173524
-1182.89	1221.44	0.986457	0.164018
-1181.9	1227.54	0.988526	0.151051
-1181.02	1233.65	0.991086	0.133222
-1180.24	1239.78	0.993325	0.115349
-1179.62	1245.42	0.995094	0.0989298
-1179.06	1251.58	0.996595	0.0824558
-1178.58	1257.75	0.997684	0.0680175
-1178.23	1263.41	0.998499	0.0547688
-1177.93	1269.6	0.999187	0.0403034
-1177.7	1276.31	0.999646	0.026615
-1177.56	1282.5	0.999857	0.0169183
-1177.48	1288.19	0.999968	0.00802753
-1177.46	1294.39	0.999997	-0.00253284
-1177.51	1300.59	0.999898	-0.0143021
-1177.62	1306.8	0.999743	-0.0226914
-1177.77	1313	0.999584	-0.0288431
-1177.96	1318.68	0.999255	-0.0385876
-1178.23	1324.88	0.998923	-0.0464063
-1178.52	1331.08	0.998909	-0.0467033
-1178.81	1337.29	0.998793	-0.0491111
-1179.1	1342.97	0.998666	-0.0516335
-1179.4	1349.17	0.99887	-0.0475298
-1179.71	1355.38	0.998582	-0.0532353
-1180.06	1361.58	0.998293	-0.0584101
-1180.42	1367.78	0.998245	-0.0592137
-1180.81	1373.97	0.997598	-0.0692679
-1181.23	1379.65	0.996842	-0.079408
-1181.74	1385.83	0.996265	-0.0863497
-1182.3	1392.01	0.995913	-0.0903195
-1182.85	1398.2	0.995797	-0.0915834
-1183.39	1403.86	0.995364	-0.09618
-1183.99	1410.03	0.994863	-0.101228
-1184.64	1416.2	0.994811	-0.10174
-1185.23	1422.38	0.995851	-0.0909959
-1185.79	1428.56	0.995698	-0.0926527
-1186.33	1434.22	0.99533	-0.0965307
-1186.94	1440.39	0.995045	-0.0994276
-1187.56	1446.56	0.994751	-0.102325
-1188.21	1452.73	0.994304	-0.106583
-1188.82	1458.38	0.993886	-0.110411
-1189.63	1465.56	0.993738	-0.111738
-1190.31	1471.72	0.994407	-0.105615
-1190.95	1477.88	0.994585	-0.103925
-1191.55	1483.52	0.994056	-0.108872
-1192.23	1489.68	0.993887	-0.110399
-1192.92	1495.83	0.993848	-0.110748
-1193.6	1501.98	0.994007	-0.109314
-1194.21	1507.61	0.994352	-0.106133
-1194.86	1513.76	0.994783	-0.102018
-1195.48	1519.91	0.995244	-0.0974134
-1196.06	1526.07	0.996107	-0.0881509
-1196.57	1532.23	0.997025	-0.0770759
-1197.03	1538.4	0.997862	-0.0653541
-1197.36	1544.06	0.998509	-0.054584
-1197.7	1550.23	0.998782	-0.0493454
-1197.97	1556.4	0.999265	-0.0383446
-1198.18	1562.58	0.999637	-0.0269564
-1198.31	1568.77	0.999946	-0.0103567
-1198.33	1574.44	0.999998	0.00218842
-1198.31	1580.62	0.999991	0.00425415
-1198.28	1586.8	0.999962	0.00876004
-1198.2	1592.98	0.999834	0.0182266
-1198.07	1599.17	0.999598	0.0283424
-1197.86	1605.35	0.99931	0.037134
-1197.63	1611.52	0.999243	0.0388904
-1197.4	1617.19	0.999109	0.0422118
-1197.13	1623.36	0.998887	0.047168
-1196.81	1629.54	0.998525	0.054303
-1196.47	1635.71	0.998302	0.0582567
-1196.13	1641.37	0.998165	0.0605537
-1195.76	1647.54	0.998177	0.0603548
-1195.38	1653.71	0.997995	0.0633005
-1194.97	1659.88	0.997716	0.0675535
-1194.55	1666.05	0.997572	0.0696498
-1194.15	1671.71	0.997507	0.0705675
-1193.72	1677.87	0.997515	0.0704584
-1193.28	1684.04	0.997255	0.0740451
-1192.8	1690.2	0.996899	0.078692
-1192.35	1695.85	0.996748	0.0805835
-1191.85	1702.01	0.996592	0.0824926
-1191.34	1708.17	0.996479	0.0838392
-1190.81	1714.33	0.996038	0.0889306
-1190.24	1720.49	0.995641	0.0932723
-1189.66	1726.65	0.995502	0.0947383
-1189.12	1732.29	0.995449	0.0952933
-1188.53	1738.44	0.995406	0.095742
-1187.94	1744.59	0.995363	0.0961908
-1187.4	1750.22	0.995323	0.0966023
-1186.8	1756.37	0.995303	0.0968111
-1186.2	1762.52	0.995268	0.09717
-1185.6	1768.66	0.995214	0.0977235
-1185	1774.81	0.995154	0.0983326
-1184.38	1780.95	0.994958	0.100292
-1183.76	1787.1	0.994854	0.101323
-1183.14	1793.24	0.994885	0.101013
-1182.51	1799.38	0.994753	0.10231
-1181.93	1805.01	0.994614	0.10365
-1181.29	1811.16	0.994633	0.103466
-1180.65	1817.3	0.994689	0.102924
-1180.07	1822.93	0.994666	0.103144
-1179.43	1829.07	0.994654	0.103267
-1178.79	1835.21	0.994696	0.102856
-1178.16	1841.35	0.994736	0.102474
-1177.53	1847.49	0.994813	0.10172
-1176.9	1853.63	0.994854	0.101323
-1176.33	1859.26	0.994875	0.101114
-1175.7	1865.41	0.994903	0.100835
-1175.08	1871.55	0.994954	0.100328
-1174.46	1877.7	0.995025	0.0996276
-1173.9	1883.33	0.995178	0.098083
-1173.3	1889.48	0.995443	0.0953596
-1172.72	1895.63	0.995594	0.0937642
-1172.14	1901.78	0.99578	0.0917779
-1171.58	1907.93	0.996008	0.0892636
-1171.08	1913.57	0.99622	0.0868604
-1170.55	1919.72	0.996451	0.0841803
-1170.04	1925.88	0.996675	0.0814808
-1169.55	1932.03	0.996894	0.0787592
-1169.1	1937.68	0.997091	0.0762265
-1168.64	1943.84	0.9973	0.0734388
-1168.19	1950	0.99748	0.0709471
-1167.76	1956.17	0.997626	0.0688701
-1167.34	1962.33	0.997767	0.0667928
-1166.93	1968.5	0.997904	0.0647152
-1166.57	1974.15	0.998007	0.0631073
-1166.18	1980.32	0.998092	0.0617416
-1165.81	1986.49	0.998176	0.0603758
-1165.44	1992.66	0.998257	0.0590097
-1165.11	1998.31	0.998331	0.0577573
-1164.75	2004.49	0.998409	0.0563909
-1164.41	2010.66	0.998485	0.0550242
-1164.07	2016.83	0.998559	0.0536575
-1163.74	2023	0.998616	0.0525878
-1163.45	2028.66	0.998648	0.0519886
-1163.13	2034.84	0.998682	0.0513348
-1162.81	2041.01	0.998716	0.0506666
-1162.5	2047.19	0.998739	0.0502057
-1162.21	2052.85	0.998751	0.0499735
-1161.91	2059.03	0.99878	0.0493889
-1161.6	2065.2	0.998825	0.0484634
-1161.31	2071.38	0.998882	0.0472753
-1161.02	2077.56	0.998942	0.0459835
-1160.76	2083.22	0.999	0.0447171
-1160.49	2089.4	0.999066	0.0432217
-1160.22	2095.58	0.999133	0.0416229
-1159.97	2101.77	0.999202	0.0399353
-1159.75	2107.43	0.999266	0.0383028
-1159.51	2113.61	0.999328	0.0366643
-1159.29	2119.8	0.999372	0.0354433
-1159.07	2125.98	0.999415	0.0342028
-1158.87	2132.17	0.999456	0.0329708
-1158.67	2138.35	0.999533	0.0305685
-1158.49	2144.54	0.999648	0.0265126
-1158.35	2150.21	0.99974	0.0227968
-1158.22	2156.4	0.999824	0.0187425
-1158.11	2162.58	0.999892	0.0146877
-1158.03	2168.77	0.999943	0.0106325
-1157.98	2174.45	0.999976	0.00691505
-1157.95	2180.64	0.999996	0.0028592
-1157.94	2186.83	1	-0.000898742
-1157.95	2193.02	0.999991	-0.00423938
-1157.99	2199.21	0.999971	-0.00757867
-1158.04	2205.4	0.99994	-0.010916
-1158.11	2211.08	0.99991	-0.013379
-1158.2	2217.27	0.999883	-0.0152854
-1158.3	2223.46	0.999852	-0.0171918
-1158.41	2229.65	0.999818	-0.0190969
-1158.52	2235.33	0.999788	-0.020603
-1158.65	2241.52	0.999763	-0.0217645
-1158.79	2247.71	0.999741	-0.0227679
-1158.93	2253.9	0.999733	-0.0231261
-1159.08	2260.1	0.999745	-0.0225702
-1159.21	2266.29	0.99977	-0.0214284
-1159.33	2271.97	0.999802	-0.019892
-1159.45	2278.16	0.999846	-0.0175691
-1159.55	2284.36	0.999893	-0.0145977
-1159.63	2290.55	0.999935	-0.0113996
-1159.69	2296.23	0.999967	-0.0081851
-1159.73	2302.43	0.99999	-0.00438503
-1159.75	2308.62	1	-0.00034433
-1159.74	2314.82	0.999993	0.00381262
-1159.71	2321.02	0.999968	0.00798459
-1159.65	2326.7	0.999937	0.0112132
-1159.57	2332.9	0.999903	0.0139554
-1159.48	2339.1	0.999861	0.0166976
-1159.37	2345.29	0.999811	0.0194309
-1159.25	2350.97	0.999765	0.0216781
-1159.12	2357.17	0.99972	0.0236578
-1158.96	2363.37	0.999671	0.0256374
-1158.8	2369.57	0.999619	0.0276169
-1158.62	2375.76	0.999571	0.0292799
-1158.44	2381.96	0.999536	0.0304649
-1158.26	2387.64	0.999505	0.0314708
-1158.07	2393.84	0.999481	0.0322026
-1157.86	2400.04	0.999472	0.0324869
-1157.66	2406.24	0.999463	0.0327712
-1157.48	2411.92	0.999454	0.0330318
-1157.27	2418.12	0.999455	0.0330157
-1157.07	2424.32	0.99947	0.0325611
-1156.87	2430.52	0.999488	0.0319955
-1156.67	2436.72	0.999513	0.0311946
-1156.48	2442.92	0.999547	0.0301016
-1156.31	2448.6	0.999583	0.0288764
-1156.13	2454.8	0.999625	0.0273924
-1155.97	2461.01	0.99967	0.025684
-1155.83	2466.69	0.99972	0.0236681
-1155.69	2472.89	0.999782	0.0208795
-1155.57	2479.1	0.999837	0.0180549
-1155.46	2485.3	0.999884	0.0152123
-1155.37	2491.51	0.99992	0.0126399
-1155.3	2497.71	0.999946	0.0104254
-1155.25	2503.4	0.999966	0.0082874
-1155.2	2509.61	0.999983	0.00577033
-1155.17	2515.82	0.999995	0.00302475
-1155.16	2521.51	1	0.000354141
-1155.17	2527.71	0.999997	-0.002626
-1155.2	2534.96	0.999983	-0.00580668
-1155.23	2540.65	0.999969	-0.00788239
-1155.29	2546.85	0.999949	-0.0101469
-1155.36	2553.06	0.999923	-0.0124115
-1155.44	2559.27	0.999897	-0.0143766
-1155.53	2565.48	0.999873	-0.0159226
-1155.64	2571.69	0.999847	-0.0174687
-1155.74	2577.38	0.999822	-0.0188861
-1155.86	2583.59	0.999796	-0.0201927
-1155.99	2589.8	0.999779	-0.02102
-1156.12	2596.01	0.999761	-0.0218475
-1156.26	2602.22	0.999743	-0.0226751
-1156.4	2608.43	0.999724	-0.0235027
-1156.55	2614.64	0.999704	-0.0243302
-1156.7	2620.85	0.999683	-0.0251578
-1156.85	2626.54	0.999664	-0.0259165
-1157.01	2632.75	0.999658	-0.0261458
-1157.17	2638.96	0.999674	-0.025537
-1157.33	2645.17	0.999689	-0.0249284
-1157.49	2651.9	0.999704	-0.0243358
-1157.63	2657.59	0.99971	-0.0240642
-1157.78	2663.8	0.999711	-0.024042
-1157.93	2670.02	0.999707	-0.0242203
-1158.08	2676.23	0.999699	-0.0245511
-1158.22	2681.92	0.999689	-0.024952
-1158.38	2688.14	0.999674	-0.0255211
-1158.54	2694.35	0.999656	-0.026233
-1158.7	2700.56	0.999634	-0.0270386
-1158.88	2706.78	0.99961	-0.0279093
-1159.05	2712.99	0.999584	-0.0288432
-1159.23	2719.21	0.999554	-0.029872
-1159.42	2725.42	0.999519	-0.0310095
-1159.62	2731.63	0.99948	-0.0322342
-1159.8	2737.33	0.999441	-0.0334312
-1160.02	2743.54	0.999393	-0.0348432
-1160.24	2749.76	0.999349	-0.0360809
-1160.46	2755.97	0.999315	-0.0369993
-1160.68	2761.67	0.999282	-0.0378922
-1160.91	2767.88	0.999245	-0.0388581
-1161.16	2774.1	0.999222	-0.0394471
-1161.4	2780.31	0.99922	-0.0394829
-1161.65	2786.53	0.999225	-0.0393552
-1161.89	2792.74	0.999239	-0.0390149
-1162.11	2798.44	0.999261	-0.0384482
-1162.35	2804.66	0.999295	-0.0375506
-1162.58	2810.87	0.99934	-0.036338
-1162.82	2817.61	0.999409	-0.034384
-1163.03	2823.83	0.999495	-0.0317762
-1163.22	2830.04	0.999586	-0.02877
-1163.38	2835.75	0.999671	-0.0256324
-1163.53	2841.97	0.999762	-0.0218076
-1163.65	2848.19	0.999846	-0.0175565
-1163.75	2854.41	0.999917	-0.0128834
-1163.82	2860.63	0.999969	-0.00781717
-1163.85	2867.38	0.999997	-0.00227532
-1163.86	2873.08	0.999997	0.00224141
-1163.83	2879.31	0.999974	0.00724703
-1163.77	2885.53	0.999925	0.0122525
-1163.68	2891.75	0.999861	0.0166598
-1163.58	2897.46	0.999801	0.0199323
-1163.45	2903.68	0.999724	0.023502
-1163.29	2909.91	0.999634	0.0270714
-1163.11	2916.13	0.99954	0.0303407
-1162.92	2922.35	0.999449	0.0331898
-1162.7	2928.58	0.99935	0.0360388
-1162.49	2934.28	0.999253	0.0386501
-1162.24	2940.5	0.999151	0.0411983
-1161.98	2946.73	0.999061	0.0433274
-1161.73	2952.43	0.998974	0.0452808
-1161.39	2959.69	0.998887	0.0471647
-1161.12	2965.39	0.998857	0.0477934
-1160.82	2971.61	0.998824	0.0484793
-1160.52	2977.83	0.998791	0.0491652
-1160.21	2984.05	0.998772	0.0495498
-1159.93	2989.76	0.998773	0.0495159
-1159.62	2995.98	0.998775	0.049479
-1159.31	3002.2	0.998777	0.0494423
-1159	3008.42	0.998794	0.0491027
-1158.7	3014.65	0.998831	0.0483389
-1158.42	3020.35	0.998865	0.0476387
-1158.13	3026.58	0.998901	0.0468748
-1157.84	3032.8	0.998939	0.0460466
-1157.56	3039.03	0.998987	0.0449902
-1157.3	3044.73	0.999042	0.0437552
-1157.03	3050.96	0.999124	0.0418393
-1156.78	3057.19	0.999229	0.0392722
-1156.54	3063.42	0.999334	0.0364914
-1156.32	3069.64	0.999437	0.0335404
-1156.12	3075.87	0.999527	0.0307576
-1155.93	3082.11	0.9996	0.0282747
-1155.78	3087.82	0.999665	0.0258859
-1155.62	3094.05	0.999732	0.0231402
-1155.49	3100.28	0.999796	0.0202195
-1155.37	3106.51	0.999854	0.0170924
-1155.28	3112.23	0.999901	0.0140508
-1155.2	3118.46	0.999944	0.0106215
-1155.14	3124.7	0.999972	0.00747415
-1155.1	3130.93	0.999989	0.00474451
-1155.08	3137.17	0.999998	0.0019857
-1155.07	3143.4	1	-0.000830459
-1155.09	3149.12	0.999994	-0.00345532
-1155.11	3155.36	0.99998	-0.00636015
-1155.16	3161.59	0.999957	-0.00929847
-1155.23	3167.83	0.999925	-0.012262
-1155.3	3173.55	0.999894	-0.0145356
-1155.4	3179.78	0.999869	-0.0161582
-1155.5	3186.02	0.999841	-0.01783
-1155.62	3192.26	0.999815	-0.0192582
-1155.74	3198.49	0.999793	-0.0203224
-1155.87	3204.73	0.99977	-0.0214305
-1156.01	3210.97	0.999745	-0.0225761
-1156.14	3216.68	0.99972	-0.0236478
-1156.29	3222.92	0.999692	-0.0248208
-1156.45	3229.16	0.999662	-0.025994
-1156.61	3235.4	0.999631	-0.0271709
-1156.77	3241.11	0.999614	-0.0277799
-1156.94	3247.35	0.99962	-0.0275494
-1157.12	3253.59	0.999626	-0.0273441
-1157.29	3259.83	0.999631	-0.0271591
-1157.45	3266.07	0.999636	-0.0269834
-1157.62	3272.31	0.999641	-0.0268075
-1157.78	3278.02	0.999645	-0.0266463
-1157.94	3284.26	0.999649	-0.0264743
-1158.11	3290.5	0.999654	-0.0263108
-1158.26	3296.22	0.999657	-0.0261711
-1158.42	3302.46	0.999661	-0.026035
-1158.58	3308.7	0.999664	-0.0259053
-1158.74	3314.95	0.999668	-0.0257742
-1158.9	3321.19	0.999671	-0.0256431
-1159.06	3327.43	0.999675	-0.0255121
-1159.21	3333.15	0.999678	-0.0253918
-1159.37	3339.39	0.999681	-0.0252605
-1159.52	3345.63	0.999684	-0.0251293
-1159.68	3351.88	0.999687	-0.0249982
-1159.82	3357.6	0.999691	-0.0248776
-1159.98	3363.84	0.999694	-0.024745
-1160.13	3370.09	0.999697	-0.0246126
-1160.29	3376.33	0.9997	-0.0244804
-1160.45	3383.09	0.999711	-0.0240367
-1160.6	3389.34	0.999731	-0.0231836
-1160.73	3395.06	0.999749	-0.0224017
-1160.87	3401.31	0.999768	-0.0215488
-1161	3407.55	0.999786	-0.0206957
-1161.13	3413.8	0.999803	-0.0198419
-1161.25	3420.05	0.99982	-0.0189877
-1161.37	3426.29	0.999836	-0.0181356
-1161.47	3432.02	0.999849	-0.0173643
-1161.57	3438.27	0.999863	-0.0165356
-1161.68	3444.51	0.999877	-0.015712
-1161.77	3450.76	0.999889	-0.0148887
-1161.85	3456.49	0.9999	-0.014135
-1161.94	3462.74	0.999911	-0.0133163
-1162.02	3468.99	0.999922	-0.0124994
-1162.1	3475.24	0.999932	-0.0116824
-1162.17	3481.49	0.999941	-0.010865
-1162.23	3487.74	0.99995	-0.0100478
-1162.29	3493.47	0.999957	-0.00929882
-1162.35	3500.24	0.999963	-0.0086541
-1162.41	3506.49	0.999963	-0.0085582
-1162.46	3512.74	0.999964	-0.00846242
-1162.51	3518.99	0.999965	-0.00836859
-1162.56	3525.24	0.999966	-0.00827712
-1162.61	3531.49	0.999966	-0.00818542
-1162.66	3537.22	0.999967	-0.0081015
-1162.71	3543.48	0.999968	-0.00801011
-1162.76	3549.73	0.999969	-0.00791865
-1162.81	3555.46	0.999969	-0.00783459
-1162.86	3561.71	0.99997	-0.00774303
-1162.9	3567.97	0.999971	-0.00765145
-1162.95	3574.22	0.999971	-0.00755953
-1163	3580.48	0.999972	-0.00746738
-1163.04	3586.73	0.999973	-0.00737535
-1163.09	3592.46	0.999973	-0.00729117
-1163.13	3598.72	0.999974	-0.00719929
-1163.18	3604.97	0.999975	-0.00710726
-1163.22	3611.23	0.999975	-0.00701538
-1163.27	3618.01	0.999976	-0.00691575
-1163.31	3624.26	0.999977	-0.00682345
-1163.35	3630.52	0.999977	-0.00673106
-1163.39	3636.25	0.999978	-0.0066465
-1163.43	3642.51	0.999979	-0.00655416
-1163.47	3648.77	0.999979	-0.00646164
-1163.51	3654.5	0.99998	-0.00637694
-1163.55	3660.76	0.99998	-0.0062847
-1163.59	3667.02	0.999981	-0.00619235
-1163.63	3673.27	0.999981	-0.00609966
-1163.67	3679.53	0.999982	-0.00600696
-1163.7	3685.79	0.999983	-0.00591439
-1163.74	3692.05	0.999983	-0.00582173
-1163.78	3698.31	0.999984	-0.00572884
-1163.81	3704.57	0.999984	-0.00563609
-1163.85	3710.83	0.999985	-0.00554347
-1163.88	3716.56	0.999985	-0.00546
-1163.91	3722.82	0.999986	-0.00537066
-1163.95	3729.08	0.999986	-0.00528129
-1163.98	3734.82	0.999986	-0.0051995
-1164.01	3741.08	0.999988	-0.00486918
-1164.04	3747.34	0.999992	-0.00405664
-1164.06	3753.6	0.999995	-0.00324425
-1164.08	3760.39	0.999997	-0.0023636
-1164.09	3766.66	0.999999	-0.00155097
-1164.1	3772.42	1	-0.000809227
-1164.1	3778.71	1	-5.67615e-06
-1164.1	3785.02	1	0.00049884
-1164.1	3791.34	1	0.000586212
-1164.09	3797.68	1	0.000665222
-1164.09	3804.03	1	0.000735291
-1164.08	3809.87	1	0.000805954
-1164.08	3816.25	1	0.00089402
-1164.07	3822.66	1	0.000972877
-1164.07	3829.07	0.999999	0.00104517
-1164.06	3834.97	0.999999	0.00111946
-1164.05	3841.42	0.999999	0.00121498
-1164.05	3847.89	0.999999	0.00130135
-1164.04	3854.37	0.999999	0.00137855
-1164.03	3860.87	0.999999	0.0014624
-1164.02	3867.39	0.999999	0.0015592
-1164.01	3873.38	0.999999	0.00163923
-1164	3879.92	0.999999	0.00171772
-1163.99	3886.49	0.999998	0.00179896
-1163.97	3892.52	0.999998	0.00188075
-1163.96	3899.11	0.999998	0.00196034
-1163.95	3905.72	0.999998	0.00204653
-1163.93	3912.35	0.999998	0.00214566
-1163.92	3919	0.999998	0.00223569
-1163.91	3925.66	0.999997	0.00231656
-1163.89	3932.33	0.999997	0.00240399
-1163.87	3939.02	0.999997	0.00250446
-1163.86	3945.73	0.999997	0.00259604
-1163.84	3952.46	0.999996	0.00267851
-1163.82	3958.63	0.999996	0.00276112
-1163.8	3965.39	0.999996	0.002863
-1163.78	3972.16	0.999996	0.00295581
-1163.76	3978.95	0.999995	0.00303955
-1163.74	3985.18	0.999995	0.00312097
-1163.72	3992	0.999995	0.00322412
-1163.7	3998.84	0.999994	0.00331833
-1163.68	4005.69	0.999994	0.00340363
-1163.65	4012.55	0.999994	0.00349159
-1163.63	4018.86	0.999994	0.00357858
-1163.61	4025.75	0.999993	0.00366528
-1163.58	4033.23	0.999993	0.00376325
-1163.55	4040.13	0.999993	0.00387124
-1163.52	4047.03	0.999992	0.00397798
-1163.5	4053.94	0.999992	0.00408505
-1163.47	4061.41	0.999991	0.00420215
-1163.44	4068.31	0.999991	0.00431145
-1163.41	4074.64	0.99999	0.00441183
-1163.38	4081.54	0.99999	0.00452158
-1163.35	4088.44	0.999989	0.00463118
-1163.31	4095.34	0.999989	0.00473639
-1163.28	4102.24	0.999988	0.00483612
-1163.25	4109.14	0.999988	0.00493631
-1163.22	4115.46	0.999987	0.00502827
-1163.18	4122.36	0.999987	0.00512832
-1163.15	4129.26	0.999986	0.00522855
-1163.11	4136.16	0.999986	0.00532901
-1163.08	4142.48	0.999985	0.00542109
-1163.04	4149.37	0.999985	0.00552132
-1163	4156.27	0.999984	0.00561945
-1162.96	4163.17	0.999986	0.00537436
-1162.93	4170.06	0.999989	0.00465339
-1162.9	4176.96	0.999992	0.0039329
-1162.87	4183.28	0.999995	0.00327267
-1162.85	4190.75	0.999997	0.00249231
-1162.84	4197.64	0.999998	0.00177178
-1162.83	4204.54	0.999999	0.00105147
-1162.82	4211.43	1	0.00033139
-1162.82	4218.32	1	-4.90721e-05
-1162.82	4224.64	1	3.82158e-05
-1162.82	4231.53	1	0.000133965
-1162.82	4238.43	1	0.000229897
-1162.82	4244.74	1	0.000317719
-1162.81	4251.63	1	0.000413193
-1162.81	4258.53	1	0.000508888
-1162.81	4265.42	1	0.00060482
-1162.8	4272.31	1	0.000700592
-1162.8	4279.2	1	0.000796066
-1162.79	4285.51	1	0.000884102
-1162.79	4292.4	1	0.000980766
-1162.78	4299.29	0.999999	0.00107727
-1162.77	4306.18	0.999999	0.00117348
-1162.76	4312.49	0.999999	0.00126183
-1162.75	4319.38	0.999999	0.00135844
-1162.75	4326.27	0.999999	0.00145502
-1162.73	4333.16	0.999999	0.00155141
-1162.72	4340.04	0.999999	0.00164859
-1162.71	4346.93	0.999998	0.00174647
-1162.7	4353.24	0.999998	0.00183592
-1162.69	4360.13	0.999998	0.00193368
-1162.67	4367.01	0.999998	0.00203163
-1162.66	4373.9	0.999998	0.00212942
-1162.65	4380.78	0.999998	0.00222694
-1162.63	4387.66	0.999997	0.00232471
-1162.61	4394.55	0.999997	0.00242265
-1162.6	4400.86	0.999997	0.00251281
-1162.58	4407.74	0.999997	0.0026118
-1162.56	4414.62	0.999996	0.00271103
-1162.54	4421.51	0.999996	0.00281044
-1162.52	4428.39	0.999996	0.00290969
-1162.5	4435.27	0.999995	0.00300864
-1162.48	4441.58	0.999995	0.00309956
-1162.46	4448.46	0.999995	0.00319897
-1162.44	4455.34	0.999995	0.00302341
-1162.42	4461.65	0.999997	0.00250953
-1162.41	4468.53	0.999998	0.00194912
-1162.4	4475.41	0.999999	0.00138889
-1162.39	4482.29	1	0.000828659
-1162.38	4489.17	1	0.000268341
-1162.38	4496.05	1	-0.000291794
-1162.39	4502.35	1	-0.000460571
-1162.39	4509.23	1	-0.000193527
-1162.39	4516.11	1	7.50734e-05
-1162.39	4522.98	1	0.000345741
-1162.38	4529.29	1	0.00059372
-1162.38	4536.17	1	0.000863968
-1162.37	4543.04	0.999999	0.0011344
-1162.36	4549.92	0.999999	0.00140501
-1162.35	4556.79	0.999999	0.00167551
-1162.34	4563.1	0.999998	0.0019232
-1162.33	4569.97	0.999998	0.00219724
-1162.31	4576.85	0.999997	0.00247664
-1162.29	4583.72	0.999996	0.00275589
-1162.28	4590.02	0.999995	0.00301158
-1162.26	4596.9	0.999995	0.0032907
-1162.23	4603.77	0.999994	0.00357002
-1162.21	4610.65	0.999994	0.00350432
-1162.18	4617.52	0.999996	0.00295554
-1162.17	4623.82	0.999997	0.00245266
-1162.15	4630.69	0.999998	0.00191131
-1162.14	4637.56	0.999999	0.00137982
-1162.13	4644.44	1	0.000848251
-1162.13	4650.74	1	0.000361138
-1162.13	4657.61	1	-0.000170334
-1162.13	4664.48	1	-0.000701996
-1162.14	4671.35	0.999999	-0.00123347
-1162.15	4678.22	0.999998	-0.00176477
-1162.16	4684.52	0.999998	-0.00184753
-1162.17	4691.39	0.999999	-0.00140864
-1162.18	4698.26	1	-0.000969604
-1162.18	4704.56	1	-0.000567047
-1162.19	4711.42	1	-0.00012793
-1162.19	4718.29	1	0.000310921
-1162.18	4725.16	1	0.000749901
-1162.18	4732.03	0.999999	0.00118903
-1162.17	4738.9	0.999999	0.00162801
-1162.15	4745.77	0.999998	0.00195718
-1162.14	4752.06	0.999998	0.00211838
-1162.13	4758.93	0.999997	0.00229442
-1162.11	4765.8	0.999997	0.00247042
-1162.09	4772.09	0.999997	0.00263161
-1162.08	4778.96	0.999996	0.00280765
-1162.06	4785.82	0.999997	0.00264273
-1162.04	4792.69	0.999998	0.00200038
-1162.03	4799.56	0.999999	0.00137798
-1162.02	4806.42	1	0.000783417
-1162.02	4812.71	1	0.000238312
-1162.02	4819.58	1	-0.000356521
-1162.02	4826.44	1	-0.000951172
-1162.03	4833.31	0.999999	-0.00154564
-1162.04	4839.6	0.999998	-0.0018166
-1162.05	4846.46	0.999999	-0.00158933
-1162.06	4853.32	0.999999	-0.00136193
-1162.07	4860.19	0.999999	-0.00113061
-1162.08	4867.05	1	-0.000894172
-1162.08	4873.34	1	-0.000677658
-1162.09	4880.2	1	-0.000441322
-1162.09	4887.06	1	-0.000204857
-1162.09	4893.92	1	3.14866e-05
-1162.09	4900.21	1	0.00024781
-1162.09	4907.06	1	0.00048523
-1162.08	4913.89	1	0.000730568
-1162.08	4920.7	1	0.000975914
-1162.07	4927.5	0.999999	0.00120235
-1162.06	4933.69	0.999999	0.00137859
-1162.05	4940.41	0.999999	0.00151941
-1162.04	4947.06	0.999998	0.00187661
-1162.03	4953.65	0.999997	0.00250141
-1162.01	4960.16	0.999996	0.00289434
-1161.99	4966.07	0.999995	0.00314594
-1161.97	4972.42	0.999994	0.00333223
-1161.95	4978.7	0.999995	0.00320033
-1161.93	4984.88	0.999996	0.00294506
-1161.91	4990.96	0.999997	0.0025478
-1161.9	4996.95	0.999998	0.00198338
-1161.89	5002.34	0.999999	0.00144525
-1161.88	5008.1	1	0.000790154
-1161.88	5013.74	1	-0.000112984
-1161.88	5019.25	0.999999	-0.00130907
-1161.89	5024.17	0.999997	-0.00247969
-1161.91	5029.39	0.999993	-0.00383256
-1161.94	5034.47	0.999873	-0.0159059
-1162.07	5039.41	0.999081	-0.0428559
-1162.33	5044.21	0.997575	-0.0695998
-1162.71	5048.87	0.995368	-0.0961415
-1163.15	5053.01	0.992786	-0.1199
-1163.73	5057.4	0.989417	-0.145103
-1164.4	5061.66	0.985437	-0.170041
-1165.09	5065.47	0.981268	-0.192647
-1165.93	5069.53	0.976571	-0.215197
-1166.84	5073.51	0.971994	-0.235006
-1167.83	5077.45	0.967015	-0.254721
-1168.9	5081.37	0.961942	-0.273253
-1170.04	5085.26	0.956975	-0.290169
-1171.14	5088.81	0.952187	-0.305515
-1172.41	5092.67	0.94672	-0.322058
-1173.74	5096.51	0.941527	-0.336939
-1175.14	5100.33	0.936883	-0.349642
-1176.46	5103.82	0.932486	-0.361205
-1177.95	5107.61	0.92753	-0.373749
-1179.63	5111.7	0.92238	-0.386284
-1181.08	5115.14	0.918463	-0.395506
-1182.71	5118.88	0.914092	-0.405507
-1184.39	5122.6	0.909614	-0.415455
-1186.1	5126.31	0.905334	-0.424701
-1187.85	5130.01	0.901397	-0.432994
-1189.64	5133.69	0.897386	-0.441246
-1191.3	5137.05	0.893645	-0.448775
-1193.16	5140.7	0.889831	-0.45629
-1195.04	5144.34	0.886431	-0.462861
-1196.95	5147.97	0.882985	-0.469401
-1198.72	5151.29	0.879797	-0.475349
-1200.68	5154.89	0.87672	-0.481
-1202.67	5158.49	0.874236	-0.485502
-1204.67	5162.08	0.871719	-0.490006
-1206.69	5165.66	0.869458	-0.494007
-1208.73	5169.23	0.867557	-0.497337
-1210.61	5172.5	0.86581	-0.500373
-1212.68	5176.07	0.863882	-0.503694
-1214.93	5179.92	0.861978	-0.506946
-1217.03	5183.47	0.860477	-0.509489
-1219.13	5187.02	0.858979	-0.512012
-1221.25	5190.56	0.85746	-0.51455
-1223.38	5194.1	0.85604	-0.516909
-1225.52	5197.64	0.854734	-0.519066
-1227.49	5200.88	0.853526	-0.52105
-1229.65	5204.41	0.852165	-0.523273
-1231.82	5207.93	0.850963	-0.525225
-1233.82	5211.16	0.850066	-0.526677
-1236.01	5214.69	0.849082	-0.528261
-1238.2	5218.21	0.848069	-0.529886
-1240.4	5221.72	0.845675	-0.533698
-1242.63	5225.23	0.841261	-0.54063
-1244.89	5228.71	0.836782	-0.547537
-1246.98	5231.89	0.832594	-0.553883
-1249.3	5235.35	0.827887	-0.560895
-1251.65	5238.79	0.822964	-0.568093
-1253.82	5241.92	0.818277	-0.574824
-1256.64	5245.88	0.813424	-0.581671
-1259.07	5249.27	0.811187	-0.584787
-1261.31	5252.37	0.809054	-0.587734
-1263.76	5255.74	0.806674	-0.590997
-1266.44	5259.38	0.804567	-0.593862
-1268.93	5262.74	0.803397	-0.595443
-1271.42	5266.1	0.802135	-0.597142
-1273.92	5269.45	0.800861	-0.59885
-1276.22	5272.52	0.799901	-0.600132
-1278.73	5275.87	0.799166	-0.60111
-1281.25	5279.22	0.798412	-0.602112
-1283.78	5282.56	0.797681	-0.603079
-1286.1	5285.63	0.797047	-0.603918
-1288.63	5288.97	0.796564	-0.604555
-1291.17	5292.31	0.796103	-0.605162
-1293.72	5295.66	0.795614	-0.605804
-1296.06	5298.72	0.787813	-0.615915
-1298.69	5302	0.76914	-0.639081
-1301.42	5305.21	0.749873	-0.661582
-1304.25	5308.33	0.728756	-0.684773
-1307.19	5311.37	0.706083	-0.708129
-1309.97	5314.09	0.688522	-0.725216
-1313.09	5316.99	0.666458	-0.745543
-1316.33	5319.79	0.643164	-0.765728
-1319.35	5322.3	0.627045	-0.778983
-1322.74	5324.95	0.602436	-0.798167
-1326.21	5327.5	0.576446	-0.817135
-1329.77	5329.93	0.54824	-0.836321
-1333.41	5332.27	0.528841	-0.848721
-1337.1	5334.52	0.513394	-0.858153
-1340.51	5336.53	0.498481	-0.866901
-1344.27	5338.65	0.479744	-0.877409
-1348.08	5340.7	0.46379	-0.885945
-1351.61	5342.51	0.449485	-0.893288
-1355.49	5344.43	0.431939	-0.901903
-1359.41	5346.27	0.413916	-0.910315
-1363.37	5348.02	0.393158	-0.919471
-1367.37	5349.69	0.376398	-0.926458
-1371.05	5351.16	0.358706	-0.933451
-1375.12	5352.67	0.338138	-0.941097
-1379.21	5354.12	0.325082	-0.945686
-1382.98	5355.39	0.313105	-0.949719
-1387.1	5356.72	0.299716	-0.954028
-1391.25	5358	0.290613	-0.956841
-1395.41	5359.26	0.283419	-0.958996
-1399.58	5360.47	0.274402	-0.961615
-1403.76	5361.65	0.265663	-0.964066
-1404.46	5361.84	0.264662	-0.964341
-1404.46	5361.84	0.264662	-0.964341
-1404.46	5361.84	0.264662	-0.964341
-1404.46	5361.84	0.264662	-0.964341
-1404.46	5361.84	0.264662	-0.964341
-1404.46	5361.84	0.264662	-0.964341
-1404.46	5361.84	0.264662	-0.964341
-1404.46	5361.84	0.264662	-0.964341
-1404.46	5361.84	0.264662	-0.964341
-1404.46	5361.84	0.264662	-0.964341
-1404.46	5361.84	0.264662	-0.964341
-1404.46	5361.84	0.264662	-0.964341
-1404.46	5361.84	0.264662	-0.964341
-1404.46	5361.84	0.264662	-0.964341
-1404.46	5361.84	0.264662	-0.964341
-1404.46	5361.84	0.264662	-0.964341
-1404.46	5361.84	0.264662	-0.964341
-1404.46	5361.84	0.264662	-0.964341
-1404.46	5361.84	0.264662	-0.964341
-1404.46	5361.84	0.264662	-0.964341
-1404.46	5361.84	0.264662	-0.964341
-1404.46	5361.84	0.264662	-0.964341
-1404.46	5361.84	0.264662	-0.964341
-1404.46	5361.84	0.264662	-0.964341
-1404.46	5361.84	0.264662	-0.964341
-1404.46	5361.84	0.264662	-0.964341
-1404.46	5361.84	0.264662	-0.964341
-1404.46	5361.84	0.264662	-0.964341
-1404.46	5361.84	0.264662	-0.964341
-1404.46	5361.84	0.264662	-0.964341
-1404.46	5361.84	0.264662	-0.964341
-1404.46	5361.84	0.264662	-0.964341
-1404.46	5361.84	0.264662	-0.964341
-1404.46	5361.84	0.264662	-0.964341
-1404.46	5361.84	0.264662	-0.964341
-1404.46	5361.84	0.264662	-0.964341
-1404.46	5361.84	0.264662	-0.964341
-1404.46	5361.84	0.264662	-0.964341
-1404.46	5361.84	0.264662	-0.964341
-1404.46	5361.84	0.264662	-0.964341
-1404.46	5361.84	0.264662	-0.964341
-1404.46	5361.84	0.264662	-0.964341
-1404.46	5361.84	0.264662	-0.964341
-1404.46	5361.84	0.264662	-0.964341
-1404.46	5361.84	0.264662	-0.964341
-1404.46	5361.84	0.264662	-0.964341
-1404.46	5361.84	0.264662	-0.964341
-1404.46	5361.84	0.264662	-0.964341
-1404.46	5361.84	0.264662	-0.964341
-1404.46	5361.84	0.264662	-0.964341
-1404.46	5361.84	0.264662	-0.964341
-1404.46	5361.84	0.264662	-0.964341
-1404.46	5361.84	0.264662	-0.964341
-1404.46	5361.84	0.264662	-0.964341
-1404.46	5361.84	0.264662	-0.964341
-1404.46	5361.84	0.264662	-0.964341
-1404.46	5361.84	0.264662	-0.964341
-1404.46	5361.84	0.264662	-0.964341
-1404.46	5361.84	0.264662	-0.964341
-1404.46	5361.84	0.264662	-0.964341
-1404.46	5361.84	0.264662	-0.964341
-1404.46	5361.84	0.264662	-0.964341
-1404.46	5361.84	0.264662	-0.964341
-1404.46	5361.84	0.264662	-0.964341
-1404.46	5361.84	0.264662	-0.964341
-1404.46	5361.84	0.264662	-0.964341
-1404.46	5361.84	0.264662	-0.964341
-1404.46	5361.84	0.264662	-0.964341
-1404.46	5361.84	0.264662	-0.964341
-1404.46	5361.84	0.264662	-0.964341
-1404.46	5361.84	0.264662	-0.964341
-1404.46	5361.84	0.264662	-0.964341
-1404.46	5361.84	0.264662	-0.964341
-1404.46	5361.84	0.264662	-0.964341
-1404.46	5361.84	0.264662	-0.964341
-1404.46	5361.84	0.264662	-0.964341
-1404.46	5361.84	0.264662	-0.964341
-1404.46	5361.84	0.264662	-0.964341
-1404.46	5361.84	0.264662	-0.964341
-1404.46	5361.84	0.264662	-0.964341
-1404.46	5361.84	0.264662	-0.964341
-1404.46	5361.84	0.264662	-0.964341
-1404.46	5361.84	0.264662	-0.964341
-1404.46	5361.84	0.264662	-0.964341
-1404.46	5361.84	0.264662	-0.964341
-1404.46	5361.84	0.264662	-0.964341
-1404.46	5361.84	0.264662	-0.964341
-1404.46	5361.84	0.264662	-0.964341
-1404.46	5361.84	0.264662	-0.964341
-1404.46	5361.84	0.264662	-0.964341
-1404.46	5361.84	0.264662	-0.964341
-1404.46	5361.84	0.264662	-0.964341
-1404.46	5361.84	0.264662	-0.964341
-1404.46	5361.84	0.264662	-0.964341
-1404.46	5361.84	0.264662	-0.964341
-1404.46	5361.84	0.264662	-0.964341
-1404.46	5361.84	0.264662	-0.964341
-1404.46	5361.84	0.264662	-0.964341
-1404.46	5361.84	0.264662	-0.964341
-1404.46	5361.84	0.264662	-0.964341
-1404.46	5361.84	0.264662	-0.964341
-1404.46	5361.84	0.264662	-0.964341
-1404.46	5361.84	0.264662	-0.964341
-1404.46	5361.84	0.264662	-0.964341
-1404.46	5361.84	0.264662	-0.964341
-1404.46	5361.84	0.264662	-0.964341
-1404.46	5361.84	0.264662	-0.964341
-1404.46	5361.84	0.264662	-0.964341
-1404.46	5361.84	0.264662	-0.964341
-1404.46	5361.84	0.264662	-0.964341
-1404.46	5361.84	0.264662	-0.964341
-1404.46	5361.84	0.264662	-0.964341
-1404.46	5361.84	0.264662	-0.964341
-1404.46	5361.84	0.264662	-0.964341
-1404.46	5361.84	0.264662	-0.964341
-1404.46	5361.84	0.264662	-0.964341
-1404.46	5361.84	0.264662	-0.964341
-1404.46	5361.84	0.264662	-0.964341
-1404.46	5361.84	0.264662	-0.964341
-1404.46	5361.84	0.264662	-0.964341
-1404.46	5361.84	0.264662	-0.964341
-1404.46	5361.84	0.264662	-0.964341
-1404.46	5361.84	0.264662	-0.964341
-1404.46	5361.84	0.264662	-0.964341
-1404.46	5361.84	0.264662	-0.964341
-1404.46	5361.84	0.264662	-0.964341
-1404.46	5361.84	0.264662	-0.964341
-1404.46	5361.84	0.264662	-0.964341
-1404.46	5361.84	0.264662	-0.964341
-1404.46	5361.84	0.264662	-0.964341
-1404.46	5361.84	0.264662	-0.964341
-1404.46	5361.84	0.264662	-0.964341
-1404.46	5361.84	0.264662	-0.964341
-1404.46	5361.84	0.264662	-0.964341
-1404.46	5361.84	0.264662	-0.964341
-1404.46	5361.84	0.264662	-0.964341
-1404.46	5361.84	0.264662	-0.964341
-1404.46	5361.84	0.264662	-0.964341
-1404.46	5361.84	0.264662	-0.964341
-1404.46	5361.84	0.264662	-0.964341
-1404.46	5361.84	0.264662	-0.964341
-1404.46	5361.84	0.264662	-0.964341
-1404.46	5361.84	0.264662	-0.964341
-1404.46	5361.84	0.264662	-0.964341
-1404.46	5361.84	0.264662	-0.964341
-1404.46	5361.84	0.264662	-0.964341
-1404.46	5361.84	0.264662	-0.964341
-1404.46	5361.84	0.264662	-0.964341
-1404.46	5361.84	0.264662	-0.964341
-1404.46	5361.84	0.264662	-0.964341
-1404.46	5361.84	0.264662	-0.964341
-1404.46	5361.84	0.264662	-0.964341
-1404.46	5361.84	0.264662	-0.964341
-1404.46	5361.84	0.264662	-0.964341
-1404.46	5361.84	0.264662	-0.964341
-1404.46	5361.84	0.264662	-0.964341
