1170	-5100	1	0
1170	-5100	1	0
1170	-5100	1	0
1170	-5100	1	0
1170	-5100	1	0
1170	-5100	1	0
1170	-5100	1	0
1170	-5100	1	-0.00059467
1170	-5099.99	0.999999	-0.00142721
1170	-5099.98	0.999998	-0.00202188
1170	-5099.97	0.999996	-0.00297335
1170	-5099.97	0.999996	-0.00297335
1170	-5099.97	0.999994	-0.00356801
1170	-5099.96	0.99999	-0.00440055
1170	-5099.96	0.99999	-0.00440055
1170	-5099.96	0.99999	-0.00440055
1170	-5099.96	0.99999	-0.00440055
1170	-5099.96	0.99999	-0.00440055
1170	-5099.96	0.999987	-0.00500561
1170	-5099.94	0.999973	-0.00732687
1170	-5099.9	0.999923	-0.0123782
1170	-5099.83	0.999801	-0.0199414
1170	-5099.73	0.999493	-0.0318337
1169.99	-5099.6	0.998906	-0.0467704
1169.98	-5099.46	0.997987	-0.063411
1169.97	-5099.29	0.996569	-0.0827637
1169.95	-5099.1	0.994496	-0.104779
1169.93	-5098.91	0.991917	-0.126885
1169.9	-5098.68	0.988032	-0.15425
1169.85	-5098.41	0.985162	-0.171628
1169.81	-5098.13	0.98514	-0.171755
1169.76	-5097.86	0.985121	-0.171863
1169.7	-5097.54	0.985113	-0.171907
1169.64	-5097.18	0.985116	-0.171889
1169.57	-5096.79	0.985135	-0.171781
1169.5	-5096.39	0.985173	-0.171565
1169.43	-5095.98	0.985214	-0.171326
1169.36	-5095.57	0.985233	-0.171218
1169.28	-5095.09	0.985266	-0.171031
1169.19	-5094.61	0.985336	-0.170624
1169.1	-5094.05	0.985384	-0.170351
1169	-5093.52	0.985415	-0.170166
1168.92	-5093	0.985475	-0.169822
1168.82	-5092.43	0.98553	-0.169498
1168.7	-5091.77	0.985566	-0.169292
1168.6	-5091.19	0.98562	-0.168976
1168.49	-5090.54	0.985683	-0.168608
1168.38	-5089.87	0.985778	-0.168055
1168.26	-5089.18	0.985857	-0.16759
1168.15	-5088.53	0.985914	-0.167251
1168.02	-5087.78	0.985935	-0.167128
1167.89	-5087.02	0.98602	-0.166624
1167.76	-5086.23	0.986109	-0.1661
1167.62	-5085.42	0.986165	-0.165769
1167.5	-5084.66	0.986267	-0.165161
1167.36	-5083.81	0.98635	-0.164662
1167.21	-5082.93	0.986376	-0.164505
1167.07	-5082.11	0.986459	-0.164011
1166.92	-5081.19	0.986597	-0.163176
1166.76	-5080.26	0.986707	-0.162511
1166.61	-5079.29	0.986772	-0.162114
1166.44	-5078.3	0.986834	-0.161737
1166.28	-5077.29	0.986907	-0.161292
1166.12	-5076.34	0.987026	-0.160558
1165.95	-5075.29	0.987139	-0.159864
1165.78	-5074.22	0.987325	-0.158713
1165.61	-5073.13	0.987448	-0.157947
1165.41	-5071.92	0.987478	-0.157756
1165.24	-5070.87	0.987612	-0.156916
1165.06	-5069.7	0.98783	-0.155534
1164.87	-5068.51	0.988065	-0.15404
1164.69	-5067.31	0.98826	-0.152781
1164.51	-5066.17	0.988332	-0.152312
1164.32	-5064.92	0.988611	-0.150496
1164.13	-5063.65	0.988851	-0.148908
1163.93	-5062.35	0.98902	-0.147783
1163.73	-5061.03	0.989255	-0.146198
1163.55	-5059.81	0.98949	-0.144602
1163.36	-5058.45	0.989704	-0.143131
1163.16	-5057.06	0.989801	-0.142457
1162.97	-5055.77	0.989969	-0.141287
1162.77	-5054.33	0.990181	-0.139789
1162.56	-5052.89	0.990525	-0.137329
1162.36	-5051.42	0.990764	-0.135599
1162.16	-5049.92	0.99086	-0.134897
1161.97	-5048.53	0.990988	-0.13395
1161.76	-5046.99	0.991335	-0.131355
1161.56	-5045.43	0.991542	-0.129788
1161.35	-5043.85	0.991683	-0.128706
1161.16	-5042.38	0.991935	-0.126746
1160.96	-5040.76	0.992186	-0.124771
1160.75	-5039.1	0.991962	-0.126539
1160.53	-5037.42	0.991267	-0.131872
1160.3	-5035.73	0.990168	-0.139887
1160.07	-5034.17	0.989385	-0.145321
1159.82	-5032.43	0.989215	-0.146469
1159.55	-5030.66	0.988598	-0.150576
1159.28	-5028.88	0.987355	-0.158523
1159.01	-5027.24	0.985909	-0.167283
1158.69	-5025.43	0.984675	-0.174402
1158.36	-5023.59	0.98418	-0.177171
1158.03	-5021.73	0.983338	-0.181786
1157.67	-5019.85	0.981932	-0.189235
1157.3	-5017.95	0.981066	-0.193676
1156.92	-5016.03	0.979332	-0.202262
1156.55	-5014.26	0.977366	-0.211558
1156.12	-5012.32	0.976256	-0.216618
1155.68	-5010.34	0.975788	-0.218719
1155.27	-5008.52	0.974325	-0.225147
1154.79	-5006.51	0.972408	-0.233286
1154.3	-5004.48	0.971366	-0.237588
1153.8	-5002.44	0.969515	-0.245033
1153.27	-5000.38	0.968228	-0.25007
1152.77	-4998.46	0.967257	-0.253798
1152.21	-4996.36	0.965022	-0.262168
1151.63	-4994.25	0.963234	-0.268664
1151.08	-4992.29	0.961551	-0.274626
1150.46	-4990.14	0.959956	-0.280151
1149.82	-4987.98	0.957999	-0.286772
1149.16	-4985.79	0.957188	-0.289467
1148.49	-4983.58	0.954684	-0.297621
1147.79	-4981.37	0.952091	-0.305815
1147.07	-4979.14	0.950148	-0.311798
1146.32	-4976.89	0.948545	-0.316643
1145.56	-4974.62	0.94814	-0.317853
1144.85	-4972.51	0.946239	-0.323467
1144.06	-4970.21	0.943253	-0.332076
1143.23	-4967.9	0.940762	-0.339068
1142.46	-4965.77	0.938534	-0.345188
1141.52	-4963.23	0.937448	-0.348126
1140.71	-4961.06	0.936138	-0.351633
1139.81	-4958.68	0.933503	-0.358568
1138.88	-4956.28	0.931949	-0.36259
1137.94	-4953.87	0.928917	-0.370287
1136.96	-4951.45	0.926606	-0.376033
1136.05	-4949.21	0.925288	-0.379264
1135.04	-4946.76	0.922745	-0.385411
1134	-4944.3	0.91708	-0.398704
1132.99	-4942.05	0.909432	-0.415853
1131.86	-4939.58	0.905103	-0.425193
1130.67	-4937.1	0.900753	-0.434331
1129.46	-4934.6	0.896457	-0.443131
1128.2	-4932.11	0.884807	-0.465957
1126.87	-4929.64	0.874067	-0.485806
1125.59	-4927.38	0.865501	-0.500907
1124.14	-4924.93	0.856435	-0.516255
1122.65	-4922.48	0.851028	-0.52512
1121.25	-4920.23	0.846025	-0.533143
1119.68	-4917.75	0.841512	-0.540239
1118.07	-4915.29	0.829466	-0.558558
1116.4	-4912.85	0.818586	-0.574384
1114.67	-4910.41	0.814815	-0.579721
1113.07	-4908.17	0.808693	-0.588231
1111.26	-4905.74	0.796319	-0.604878
1109.4	-4903.32	0.789377	-0.613909
1107.67	-4901.1	0.783194	-0.621778
1105.73	-4898.69	0.773496	-0.633801
1103.74	-4896.28	0.769717	-0.638385
1101.73	-4893.86	0.76347	-0.645843
1099.66	-4891.46	0.753256	-0.657727
1097.73	-4889.26	0.747611	-0.664137
1095.58	-4886.88	0.736079	-0.676895
1093.38	-4884.52	0.727219	-0.686405
1091.33	-4882.36	0.72313	-0.690712
1089.06	-4880	0.713274	-0.700885
1086.74	-4877.67	0.702634	-0.711552
1084.37	-4875.36	0.69168	-0.722204
1081.95	-4873.06	0.685647	-0.727934
1079.7	-4870.96	0.68106	-0.732228
1077.22	-4868.66	0.674683	-0.738108
1074.7	-4866.39	0.660974	-0.750408
1072.34	-4864.33	0.65212	-0.758116
1069.72	-4862.1	0.648613	-0.761118
1067.08	-4859.85	0.644136	-0.764911
1064.4	-4857.61	0.63657	-0.771219
1061.68	-4855.39	0.628877	-0.777504
1058.93	-4853.19	0.617683	-0.786427
1056.36	-4851.19	0.613678	-0.789556
1053.54	-4848.99	0.60775	-0.794129
1050.91	-4847.01	0.598128	-0.801401
1048.01	-4844.86	0.592151	-0.805827
1045.08	-4842.72	0.586318	-0.810081
1042.11	-4840.58	0.582716	-0.812676
1039.12	-4838.44	0.579684	-0.814841
1036.35	-4836.48	0.576048	-0.817416
1033.3	-4834.35	0.569587	-0.821931
1030.22	-4832.22	0.565527	-0.82473
1027.38	-4830.28	0.560748	-0.827987
1024.26	-4828.18	0.55711	-0.830439
1021.1	-4826.06	0.556341	-0.830954
1017.92	-4823.94	0.553822	-0.832635
1014.71	-4821.81	0.548955	-0.835852
1011.49	-4819.71	0.543218	-0.839592
1008.23	-4817.61	0.540259	-0.841499
1005.22	-4815.68	0.538958	-0.842333
1001.91	-4813.57	0.534557	-0.845132
998.582	-4811.48	0.530043	-0.847971
995.503	-4809.56	0.5277	-0.849431
992.114	-4807.46	0.52524	-0.850954
988.7	-4805.36	0.522839	-0.852431
985.268	-4803.26	0.517847	-0.855473
981.811	-4801.18	0.514428	-0.857533
978.616	-4799.27	0.512798	-0.858509
975.109	-4797.18	0.509958	-0.860199
971.583	-4795.1	0.505707	-0.862705
967.732	-4792.85	0.503537	-0.863974
964.15	-4790.76	0.502794	-0.864406
960.551	-4788.67	0.501512	-0.865151
957.235	-4786.75	0.500247	-0.865883
953.601	-4784.66	0.499089	-0.866551
949.936	-4782.54	0.499939	-0.866061
946.561	-4780.59	0.503032	-0.864268
942.878	-4778.43	0.510106	-0.860112
939.209	-4776.24	0.518636	-0.854995
935.541	-4773.99	0.523075	-0.852286
931.852	-4771.73	0.524803	-0.851224
928.467	-4769.63	0.536118	-0.844143
924.809	-4767.25	0.551056	-0.834468
921.156	-4764.82	0.559482	-0.828843
917.514	-4762.34	0.567065	-0.823673
914.164	-4760.03	0.572823	-0.819679
910.539	-4757.44	0.591771	-0.806106
906.97	-4754.77	0.608071	-0.793883
903.42	-4752.02	0.615357	-0.788249
899.876	-4749.23	0.626536	-0.779392
896.663	-4746.61	0.636542	-0.771242
893.152	-4743.71	0.641616	-0.767026
889.666	-4740.75	0.65498	-0.755646
886.223	-4737.72	0.666812	-0.745226
883.088	-4734.89	0.676702	-0.736257
879.712	-4731.73	0.686599	-0.727037
876.329	-4728.54	0.688344	-0.725384
872.945	-4725.31	0.696007	-0.718035
869.598	-4722.02	0.707127	-0.707086
866.564	-4718.95	0.718319	-0.695714
863.308	-4715.53	0.728822	-0.684703
860.06	-4712.06	0.730678	-0.682722
857.072	-4708.86	0.735186	-0.677865
853.854	-4705.31	0.746125	-0.665806
850.673	-4701.71	0.754043	-0.656825
847.525	-4698.06	0.760874	-0.6489
844.388	-4694.37	0.763509	-0.645798
841.507	-4690.95	0.768021	-0.640425
838.406	-4687.18	0.777528	-0.628848
835.343	-4683.36	0.78306	-0.621947
832.542	-4679.82	0.786327	-0.61781
829.507	-4675.92	0.793673	-0.608344
826.517	-4671.97	0.799407	-0.60079
823.526	-4667.99	0.802217	-0.597033
820.56	-4663.97	0.80761	-0.589718
817.858	-4660.25	0.812529	-0.582921
814.95	-4656.15	0.818147	-0.575009
812.05	-4652.01	0.820644	-0.57144
809.16	-4647.84	0.822892	-0.568198
806.021	-4643.29	0.825161	-0.564898
803.39	-4639.41	0.829687	-0.558229
800.542	-4635.15	0.833051	-0.553196
797.699	-4630.86	0.834397	-0.551163
795.086	-4626.9	0.836006	-0.548721
792.255	-4622.55	0.839593	-0.543216
789.428	-4618.17	0.841475	-0.540296
786.615	-4613.77	0.845126	-0.534568
783.834	-4609.34	0.849036	-0.528335
781.3	-4605.25	0.851084	-0.525029
778.536	-4600.76	0.851974	-0.523584
775.762	-4596.24	0.853277	-0.521459
773.003	-4591.7	0.855404	-0.517961
770.473	-4587.52	0.856608	-0.515967
767.722	-4582.93	0.858765	-0.51237
764.982	-4578.33	0.860651	-0.509195
762.252	-4573.69	0.861854	-0.507157
759.51	-4569.03	0.86221	-0.506551
756.765	-4564.35	0.863392	-0.504534
754.258	-4560.05	0.865492	-0.500923
751.541	-4555.33	0.867609	-0.497247
748.825	-4550.58	0.869023	-0.494771
746.344	-4546.21	0.8704	-0.492345
743.632	-4541.41	0.87169	-0.490058
740.938	-4536.59	0.874226	-0.48552
738.259	-4531.75	0.876527	-0.481353
735.606	-4526.89	0.879543	-0.47582
733.199	-4522.41	0.882076	-0.471107
730.598	-4517.52	0.884552	-0.466442
728.021	-4512.6	0.887003	-0.461763
725.468	-4507.67	0.88943	-0.457072
722.937	-4502.72	0.891176	-0.453657
720.623	-4498.17	0.892135	-0.451769
718.106	-4493.18	0.8931	-0.449858
715.586	-4488.18	0.89368	-0.448706
713.073	-4483.16	0.894539	-0.446991
710.559	-4478.12	0.894928	-0.446212
708.244	-4473.48	0.895021	-0.446025
705.714	-4468.4	0.895452	-0.445158
703.186	-4463.31	0.895881	-0.444293
700.659	-4458.21	0.896288	-0.443472
698.133	-4453.1	0.896675	-0.442689
695.814	-4448.4	0.896803	-0.442431
693.274	-4443.25	0.896766	-0.442506
690.727	-4438.09	0.896735	-0.442568
688.168	-4432.9	0.896685	-0.44267
685.601	-4427.7	0.896565	-0.442911
683.025	-4422.49	0.896207	-0.443637
680.656	-4417.71	0.895821	-0.444415
678.062	-4412.49	0.895421	-0.445221
675.457	-4407.25	0.895096	-0.445873
673.054	-4402.43	0.894988	-0.44609
670.42	-4397.15	0.894711	-0.446646
667.778	-4391.86	0.894262	-0.447544
665.126	-4386.57	0.893948	-0.448171
662.466	-4381.26	0.893922	-0.448222
660.025	-4376.4	0.893916	-0.448234
657.353	-4371.07	0.893873	-0.448321
654.668	-4365.71	0.894066	-0.447934
651.978	-4360.34	0.894485	-0.447098
649.508	-4355.39	0.89495	-0.446167
646.821	-4349.99	0.895988	-0.444078
644.145	-4344.58	0.896914	-0.442206
641.472	-4339.15	0.897527	-0.440959
638.792	-4333.69	0.897727	-0.440552
636.327	-4328.66	0.898033	-0.439928
633.643	-4323.17	0.898755	-0.438451
630.955	-4317.66	0.898935	-0.438082
628.26	-4312.13	0.899173	-0.437593
625.793	-4307.05	0.89958	-0.436756
623.095	-4301.51	0.896039	-0.443976
620.31	-4295.99	0.890064	-0.455835
617.469	-4290.47	0.886984	-0.461799
614.565	-4284.96	0.880661	-0.473747
611.57	-4279.49	0.871597	-0.490224
608.725	-4274.52	0.862247	-0.506488
605.518	-4269.16	0.852106	-0.523369
601.905	-4263.43	0.831319	-0.555796
598.309	-4258.3	0.807065	-0.590463
594.546	-4253.26	0.790127	-0.612943
590.6	-4248.34	0.763837	-0.645409
586.431	-4243.6	0.731178	-0.682186
582.019	-4239.08	0.696145	-0.717901
577.392	-4234.76	0.660661	-0.750684
572.545	-4230.67	0.625416	-0.780292
567.53	-4226.76	0.6068	-0.794854
562.858	-4223.23	0.591167	-0.806549
557.644	-4219.52	0.567063	-0.823675
552.327	-4215.93	0.547006	-0.837129
547.363	-4212.76	0.526197	-0.850363
541.862	-4209.42	0.511421	-0.85933
536.296	-4206.15	0.498963	-0.866623
530.668	-4202.97	0.481821	-0.87627
524.971	-4199.9	0.466495	-0.884524
519.702	-4197.15	0.456063	-0.889948
513.913	-4194.22	0.443535	-0.896257
508.082	-4191.38	0.430919	-0.902391
502.212	-4188.61	0.424004	-0.905661
496.816	-4186.09	0.422164	-0.90652
490.89	-4183.35	0.417508	-0.908673
484.959	-4180.62	0.420242	-0.907412
479.04	-4177.86	0.4261	-0.904676
473.138	-4175.06	0.431941	-0.901902
467.251	-4172.22	0.437764	-0.89909
461.383	-4169.34	0.444536	-0.895761
456.023	-4166.66	0.451958	-0.892039
450.2	-4163.68	0.460019	-0.887909
444.403	-4160.65	0.468043	-0.883705
438.631	-4157.57	0.47556	-0.879683
433.362	-4154.7	0.48182	-0.87627
427.635	-4151.52	0.488621	-0.872496
421.931	-4148.31	0.495393	-0.868669
416.25	-4145.04	0.500736	-0.8656
410.583	-4141.75	0.504105	-0.863642
404.928	-4138.44	0.507467	-0.861671
399.754	-4135.38	0.510542	-0.859853
394.12	-4132.03	0.51296	-0.858412
388.491	-4128.66	0.514075	-0.857745
382.865	-4125.28	0.51519	-0.857076
377.241	-4121.9	0.515373	-0.856966
372.082	-4118.8	0.514348	-0.857582
366.449	-4115.42	0.513228	-0.858252
360.81	-4112.06	0.512107	-0.858922
354.694	-4108.41	0.511358	-0.859368
349.517	-4105.33	0.511357	-0.859369
343.868	-4101.97	0.511355	-0.85937
338.218	-4098.61	0.511353	-0.859371
332.565	-4095.25	0.510977	-0.859594
326.909	-4091.89	0.509852	-0.860262
321.246	-4088.54	0.508726	-0.860929
314.632	-4084.63	0.507411	-0.861704
308.959	-4081.29	0.510498	-0.859879
303.78	-4078.19	0.518703	-0.854955
298.163	-4074.75	0.5276	-0.849493
292.581	-4071.25	0.536441	-0.843938
287.035	-4067.69	0.546134	-0.837698
281.989	-4064.36	0.556116	-0.831105
276.528	-4060.67	0.566915	-0.823776
271.115	-4056.9	0.577618	-0.816307
265.749	-4053.06	0.586911	-0.809651
260.42	-4049.16	0.594303	-0.804241
255.126	-4045.22	0.601646	-0.798763
249.865	-4041.23	0.606807	-0.79485
244.604	-4037.21	0.60625	-0.795274
239.324	-4033.19	0.606059	-0.79542
234.04	-4029.16	0.605124	-0.796131
228.708	-4025.14	0.598966	-0.800774
223.329	-4021.13	0.594794	-0.803878
217.924	-4017.14	0.593184	-0.805067
212.513	-4013.16	0.59252	-0.805556
207.084	-4009.17	0.589909	-0.80747
201.616	-4005.2	0.58465	-0.811285
196.56	-4001.57	0.58116	-0.81379
191.028	-3997.63	0.578909	-0.815392
184.994	-3993.37	0.575292	-0.817948
179.406	-3989.44	0.574531	-0.818483
174.271	-3985.84	0.574559	-0.818463
168.663	-3981.9	0.572892	-0.819631
163.006	-3977.97	0.567585	-0.823315
157.794	-3974.39	0.567133	-0.823626
152.113	-3970.46	0.569497	-0.821993
146.425	-3966.52	0.568109	-0.822953
140.702	-3962.59	0.565359	-0.824845
134.953	-3958.65	0.562143	-0.82704
129.643	-3955.06	0.560317	-0.828278
123.858	-3951.13	0.563761	-0.825938
118.069	-3947.17	0.563004	-0.826454
112.734	-3943.55	0.560346	-0.828259
106.898	-3939.6	0.562548	-0.826764
101.069	-3935.62	0.562787	-0.826602
95.1943	-3931.65	0.557783	-0.829987
89.7883	-3928.02	0.560074	-0.828442
83.9121	-3924.01	0.565691	-0.824617
78.0419	-3919.98	0.56601	-0.824398
72.6284	-3916.28	0.561007	-0.827811
66.6676	-3912.26	0.557073	-0.830463
60.6968	-3908.25	0.560852	-0.827916
54.7508	-3904.19	0.566593	-0.823998
48.8148	-3900.1	0.568353	-0.822785
43.3655	-3896.33	0.571355	-0.820703
37.4378	-3892.18	0.573049	-0.819521
31.463	-3888.03	0.567007	-0.823713
25.4496	-3883.9	0.566787	-0.823864
19.9457	-3880.1	0.572383	-0.819987
13.9715	-3875.89	0.577987	-0.816046
8.00953	-3871.65	0.586438	-0.809994
2.12311	-3867.31	0.604253	-0.796792
-3.66604	-3862.83	0.621772	-0.783198
-8.88491	-3858.62	0.637563	-0.770398
-14.9412	-3853.5	0.655888	-0.754858
-20.4215	-3848.65	0.672471	-0.740124
-25.35	-3844.1	0.687382	-0.726296
-30.6201	-3839.02	0.703325	-0.710869
-36.1725	-3833.35	0.748384	-0.663266
-40.3914	-3828.13	0.817671	-0.575685
-44.3021	-3821.93	0.881634	-0.471933
-47.4326	-3815.29	0.932512	-0.36114
-49.6016	-3808.91	0.955979	-0.293434
-51.7409	-3801.93	0.955859	-0.293825
-53.8255	-3795.19	0.954253	-0.298999
-55.8779	-3788.71	0.952912	-0.303247
-57.9572	-3782.24	0.945528	-0.32554
-60.0748	-3776.46	0.931455	-0.363856
-62.5403	-3770.39	0.916001	-0.401176
-65.2984	-3764.47	0.893196	-0.449667
-68.0636	-3759.22	0.869596	-0.493764
-71.4169	-3753.68	0.834622	-0.550823
-75.1357	-3748.38	0.795901	-0.605426
-79.2041	-3743.33	0.753608	-0.657324
-83.5886	-3738.56	0.714579	-0.699555
-87.7978	-3734.41	0.68263	-0.730764
-92.5706	-3730.13	0.652944	-0.757406
-96.9931	-3726.38	0.630215	-0.776421
-101.98	-3722.51	0.59561	-0.803274
-107.068	-3718.82	0.572892	-0.819631
-112.27	-3715.29	0.54684	-0.837237
-117.576	-3711.91	0.52109	-0.853502
-122.986	-3708.7	0.502848	-0.864375
-127.975	-3705.81	0.501341	-0.86525
-133.424	-3702.65	0.500669	-0.865639
-138.895	-3699.5	0.496859	-0.867831
-144.411	-3696.36	0.493827	-0.86956
-149.476	-3693.47	0.498802	-0.866716
-154.984	-3690.27	0.503806	-0.863817
-160.969	-3686.79	0.505656	-0.862735
-166.476	-3683.52	0.516856	-0.856073
-171.934	-3680.18	0.530748	-0.84753
-176.89	-3677.03	0.543359	-0.8395
-182.688	-3673.22	0.558979	-0.829182
-187.974	-3669.59	0.574495	-0.818508
-193.192	-3665.87	0.589809	-0.807543
-197.914	-3662.37	0.603663	-0.797239
-203.419	-3658.13	0.618509	-0.785778
-208.439	-3654.13	0.629359	-0.777114
-213.404	-3650.06	0.640089	-0.768301
-218.313	-3645.92	0.650696	-0.759339
-222.765	-3642.07	0.659052	-0.752097
-227.582	-3637.81	0.665699	-0.74622
-232.363	-3633.52	0.672294	-0.740284
-237.106	-3629.18	0.678836	-0.73429
-241.817	-3624.79	0.682051	-0.731304
-246.536	-3620.4	0.679981	-0.733229
-250.894	-3616.37	0.675938	-0.736959
-255.695	-3612	0.672388	-0.740199
-260.506	-3607.63	0.671594	-0.74092
-264.929	-3603.63	0.669099	-0.743173
-269.784	-3599.27	0.665876	-0.746062
-274.663	-3594.93	0.662574	-0.748997
-279.583	-3590.6	0.658595	-0.752498
-284.112	-3586.65	0.657083	-0.753818
-289.063	-3582.34	0.655588	-0.755119
-294.041	-3578.03	0.651643	-0.758526
-298.647	-3574.09	0.647918	-0.76171
-303.685	-3569.81	0.646948	-0.762534
-308.745	-3565.53	0.645249	-0.763972
-313.809	-3561.25	0.645249	-0.763972
-318.874	-3556.97	0.646088	-0.763263
-323.51	-3553.04	0.647933	-0.761698
-328.558	-3548.74	0.64994	-0.759985
-333.596	-3544.42	0.652361	-0.757908
-338.2	-3540.44	0.655109	-0.755534
-343.209	-3536.09	0.658097	-0.752933
-348.201	-3531.71	0.661075	-0.750319
-353.177	-3527.31	0.664044	-0.747693
-358.137	-3522.89	0.667005	-0.745053
-362.669	-3518.82	0.669709	-0.742623
-367.598	-3514.36	0.67265	-0.739961
-372.51	-3509.88	0.674768	-0.73803
-377.007	-3505.77	0.675663	-0.737211
-381.908	-3501.27	0.676638	-0.736315
-386.804	-3496.77	0.677613	-0.735419
-391.702	-3492.26	0.669743	-0.742593
-396.275	-3488.22	0.650875	-0.759185
-401.379	-3483.95	0.629821	-0.776741
-406.16	-3480.15	0.610104	-0.792322
-411.485	-3476.15	0.58687	-0.809681
-416.931	-3472.31	0.561304	-0.82761
-422.496	-3468.64	0.535987	-0.844226
-428.167	-3465.13	0.511314	-0.859394
-433.455	-3462.06	0.491213	-0.87104
-439.299	-3458.83	0.472817	-0.88116
-445.213	-3455.72	0.454209	-0.890895
-450.695	-3452.98	0.43978	-0.898106
-456.719	-3450.07	0.429301	-0.903161
-462.781	-3447.22	0.418762	-0.908096
-468.88	-3444.45	0.408042	-0.912963
-475.011	-3441.74	0.402161	-0.915569
-480.636	-3439.26	0.403256	-0.915087
-486.771	-3436.55	0.40445	-0.91456
-492.904	-3433.84	0.405644	-0.914031
-499.034	-3431.11	0.408866	-0.912595
-504.641	-3428.58	0.414412	-0.910089
-510.742	-3425.78	0.420446	-0.907318
-516.826	-3422.94	0.426462	-0.904506
-523.397	-3419.82	0.432971	-0.901408
-529.443	-3416.9	0.438978	-0.898498
-534.97	-3414.18	0.444468	-0.895795
-540.982	-3411.18	0.450438	-0.892807
-546.975	-3408.13	0.455896	-0.890033
-552.952	-3405.05	0.460647	-0.887584
-558.913	-3401.94	0.465385	-0.885108
-564.365	-3399.06	0.469717	-0.882817
-570.298	-3395.89	0.472958	-0.881085
-576.225	-3392.7	0.474132	-0.880454
-582.149	-3389.51	0.475306	-0.879821
-587.577	-3386.57	0.476381	-0.879239
-593.496	-3383.36	0.476767	-0.87903
-599.418	-3380.16	0.475578	-0.879674
-605.346	-3376.96	0.474388	-0.880316
-611.279	-3373.76	0.473197	-0.880957
-617.218	-3370.58	0.472004	-0.881596
-622.667	-3367.66	0.470911	-0.882181
-628.617	-3364.49	0.469717	-0.882817
-634.573	-3361.33	0.468523	-0.883451
-640.037	-3358.43	0.467427	-0.884032
-646.003	-3355.28	0.46623	-0.884663
-651.974	-3352.14	0.465032	-0.885294
-657.952	-3349	0.463833	-0.885923
-663.934	-3345.88	0.462632	-0.88655
-669.923	-3342.76	0.461431	-0.887176
-675.917	-3339.64	0.460229	-0.8878
-681.416	-3336.79	0.459126	-0.888371
-687.42	-3333.7	0.457921	-0.888993
-693.43	-3330.6	0.456715	-0.889613
-699.445	-3327.52	0.455509	-0.890231
-704.964	-3324.7	0.454402	-0.890797
-710.99	-3321.63	0.453193	-0.891412
-717.021	-3318.57	0.451984	-0.892026
-723.058	-3315.51	0.450773	-0.892638
-730.107	-3311.96	0.450367	-0.892844
-735.645	-3309.16	0.45147	-0.892286
-741.684	-3306.1	0.452672	-0.891677
-747.72	-3303.03	0.453874	-0.891066
-753.25	-3300.21	0.454975	-0.890504
-759.281	-3297.13	0.456177	-0.889889
-765.308	-3294.03	0.457377	-0.889273
-771.333	-3290.93	0.458577	-0.888655
-777.853	-3287.55	0.46731	-0.884093
-783.818	-3284.33	0.486197	-0.873849
-789.225	-3281.27	0.503314	-0.864103
-795.055	-3277.8	0.521765	-0.853089
-800.811	-3274.21	0.540446	-0.841379
-806.485	-3270.49	0.559512	-0.828823
-812.074	-3266.64	0.578287	-0.815833
-817.575	-3262.66	0.596762	-0.802418
-822.539	-3258.9	0.611329	-0.791376
-827.889	-3254.71	0.623034	-0.782195
-833.176	-3250.45	0.634602	-0.772839
-838.401	-3246.1	0.646029	-0.763313
-843.136	-3242.06	0.653315	-0.757086
-848.278	-3237.61	0.655369	-0.755309
-853.408	-3233.15	0.657419	-0.753526
-858.528	-3228.67	0.659463	-0.751737
-863.638	-3224.18	0.659375	-0.751815
-868.761	-3219.7	0.656297	-0.754502
-873.473	-3215.62	0.653467	-0.756955
-878.633	-3211.18	0.650368	-0.759619
-883.812	-3206.76	0.646825	-0.762638
-889.015	-3202.37	0.64266	-0.766152
-893.806	-3198.36	0.638824	-0.769353
-899.934	-3193.3	0.633479	-0.77376
-905.218	-3189	0.628191	-0.778059
-910.532	-3184.74	0.622873	-0.782323
-915.429	-3180.86	0.617973	-0.786199
-921.249	-3176.31	0.613046	-0.790047
-926.646	-3172.14	0.609416	-0.792851
-932.076	-3167.99	0.604372	-0.796702
-937.556	-3163.86	0.598522	-0.801107
-942.614	-3160.1	0.594032	-0.804441
-948.166	-3156.02	0.5884	-0.80857
-953.772	-3151.97	0.581981	-0.813202
-959.412	-3147.96	0.577086	-0.816683
-964.606	-3144.3	0.572741	-0.819736
-970.319	-3140.33	0.566626	-0.823975
-976.084	-3136.4	0.561285	-0.827622
-981.875	-3132.48	0.557287	-0.83032
-988.198	-3128.27	0.552085	-0.833788
-993.572	-3124.72	0.550464	-0.834859
-999.445	-3120.85	0.55045	-0.834868
-1005.32	-3116.97	0.549546	-0.835464
-1011.24	-3113.1	0.544106	-0.839016
-1017.2	-3109.26	0.541599	-0.840637
-1022.67	-3105.72	0.541976	-0.840394
-1028.66	-3101.88	0.539881	-0.841742
-1034.66	-3098.02	0.543113	-0.83966
-1040.15	-3094.44	0.550995	-0.834509
-1046.09	-3090.46	0.56352	-0.826102
-1052	-3086.4	0.565759	-0.824571
-1057.92	-3082.33	0.587792	-0.809012
-1063.62	-3077.93	0.633013	-0.774141
-1069.15	-3073.28	0.663942	-0.747784
-1074.02	-3068.78	0.691038	-0.722819
-1079.23	-3063.73	0.70947	-0.704735
-1084.25	-3058.47	0.744242	-0.66791
-1088.59	-3053.42	0.77895	-0.627086
-1093.01	-3047.65	0.812531	-0.582918
-1097.13	-3041.66	0.840399	-0.541968
-1100.94	-3035.47	0.866209	-0.499681
-1104.44	-3029.09	0.889896	-0.456164
-1107.63	-3022.56	0.908971	-0.416859
-1110.56	-3015.9	0.923189	-0.384347
-1113.05	-3009.71	0.935201	-0.354118
-1115.52	-3002.87	0.947174	-0.320721
-1117.76	-2995.95	0.954992	-0.296632
-1119.71	-2989.57	0.957967	-0.28688
-1121.77	-2982.59	0.961096	-0.276215
-1123.75	-2975.59	0.964106	-0.265517
-1125.65	-2968.57	0.965801	-0.259285
-1127.54	-2961.54	0.965785	-0.259343
-1129.27	-2955.1	0.965771	-0.259397
-1131.15	-2948.07	0.965755	-0.259454
-1133.04	-2941.05	0.965008	-0.262222
-1134.97	-2934.03	0.963203	-0.268776
-1136.78	-2927.61	0.96151	-0.27477
-1138.8	-2920.62	0.959226	-0.282639
-1140.89	-2913.66	0.956307	-0.292365
-1143.04	-2906.71	0.953289	-0.302059
-1145.27	-2899.78	0.950174	-0.311721
-1147.56	-2892.88	0.946961	-0.321348
-1149.73	-2886.58	0.943931	-0.330143
-1152.16	-2879.72	0.940532	-0.339704
-1154.66	-2872.89	0.937037	-0.349231
-1157.01	-2866.65	0.933615	-0.358279
-1159.65	-2859.87	0.92952	-0.368772
-1162.36	-2853.13	0.925307	-0.379218
-1165.15	-2846.41	0.92098	-0.38961
-1168.02	-2839.73	0.916912	-0.39909
-1170.95	-2833.07	0.91328	-0.407333
-1173.68	-2826.99	0.909885	-0.41486
-1176.72	-2820.38	0.906111	-0.423039
-1179.82	-2813.81	0.902868	-0.429918
-1182.97	-2807.25	0.899744	-0.436419
-1186.16	-2800.72	0.896155	-0.443741
-1189.13	-2794.76	0.894078	-0.447911
-1192.4	-2788.27	0.89184	-0.452351
-1195.71	-2781.8	0.888809	-0.458278
-1199.04	-2775.35	0.886238	-0.46323
-1202.43	-2768.93	0.881994	-0.471261
-1205.88	-2762.54	0.877849	-0.478938
-1209.08	-2756.71	0.874002	-0.485922
-1212.63	-2750.38	0.869776	-0.493446
-1216.23	-2744.09	0.865553	-0.500817
-1219.88	-2737.83	0.861421	-0.507892
-1223.27	-2732.12	0.857829	-0.513936
-1227.01	-2725.91	0.854337	-0.51972
-1230.79	-2719.74	0.851603	-0.524188
-1234.59	-2713.58	0.850077	-0.526659
-1238.41	-2707.43	0.849764	-0.527164
-1242.22	-2701.28	0.850435	-0.52608
-1245.68	-2695.63	0.863278	-0.504729
-1249.17	-2689.3	0.897289	-0.441444
-1252.13	-2682.7	0.924247	-0.381794
-1254.61	-2676.54	0.931134	-0.364676
-1257.21	-2669.8	0.938742	-0.34462
-1259.57	-2662.96	0.952295	-0.305179
-1261.68	-2656.04	0.964809	-0.262952
-1263.42	-2649.02	0.974146	-0.225919
-1265.04	-2641.96	0.976865	-0.213857
-1266.39	-2635.47	0.982109	-0.188316
-1267.65	-2628.35	0.988793	-0.149296
-1268.6	-2621.18	0.993493	-0.113894
-1269.3	-2614.58	0.995592	-0.0937892
-1269.91	-2607.38	0.997406	-0.0719778
-1270.37	-2600.16	0.998743	-0.0501315
-1270.67	-2592.93	0.999398	-0.034686
-1270.9	-2585.7	0.999665	-0.0258968
-1271.05	-2578.47	0.999919	-0.0127632
-1271.1	-2571.84	1	0.000659053
-1271.05	-2564.6	0.999932	0.0116484
-1270.95	-2557.37	0.99985	0.0173198
-1270.81	-2550.14	0.999742	0.0227022
-1270.65	-2543.51	0.999618	0.0276289
-1270.43	-2536.27	0.999529	0.0306774
-1270.21	-2529.04	0.999536	0.0304701
-1269.99	-2521.81	0.999542	0.0302629
-1269.77	-2514.58	0.999548	0.0300556
-1269.56	-2507.35	0.999595	0.0284534
-1269.36	-2500.12	0.99969	0.0248983
-1269.21	-2493.49	0.999766	0.0216381
-1269.06	-2486.26	0.999837	0.0180788
-1268.94	-2479.03	0.999895	0.0145177
-1268.85	-2471.8	0.99994	0.0109564
-1268.78	-2465.17	0.99997	0.00769162
-1268.74	-2457.93	0.999991	0.00413001
-1268.72	-2450.7	0.999999	0.00103328
-1268.72	-2443.47	0.999999	-0.00141255
-1268.74	-2436.24	0.999993	-0.00385837
-1268.77	-2429	0.99998	-0.00630417
-1268.82	-2422.37	0.999967	-0.00808128
-1268.88	-2415.14	0.999956	-0.00941139
-1268.95	-2407.91	0.999942	-0.0107415
-1269.04	-2400.08	0.999931	-0.0117171
-1269.13	-2392.85	0.999929	-0.0119303
-1269.21	-2385.62	0.999926	-0.0121436
-1269.3	-2378.39	0.999924	-0.0123594
-1269.39	-2371.15	0.999927	-0.0121134
-1269.47	-2364.53	0.999936	-0.0112907
-1269.55	-2357.3	0.999946	-0.0103934
-1269.62	-2350.07	0.999955	-0.0094964
-1269.69	-2342.84	0.999963	-0.0085994
-1269.74	-2336.21	0.99997	-0.00777715
-1269.8	-2328.98	0.999976	-0.00688014
-1269.84	-2321.75	0.999982	-0.00598316
-1269.88	-2314.52	0.999987	-0.00508623
-1269.92	-2307.29	0.999991	-0.0041893
-1269.95	-2300.06	0.999995	-0.00329263
-1269.96	-2293.43	0.999997	-0.00247106
-1269.98	-2286.2	0.999998	-0.00204024
-1270	-2278.97	0.999997	-0.00226097
-1270.01	-2271.75	0.999997	-0.00248171
-1270.03	-2265.12	0.999996	-0.00268404
-1270.05	-2257.89	0.999996	-0.00290478
-1270.07	-2250.66	0.999995	-0.00312551
-1270.09	-2243.43	0.999994	-0.00334624
-1270.12	-2236.21	0.999994	-0.00356755
-1270.15	-2228.98	0.999993	-0.00378965
-1270.17	-2222.35	0.999992	-0.00399328
-1270.2	-2215.12	0.999991	-0.00421548
-1270.23	-2207.9	0.99999	-0.00443763
-1270.27	-2200.67	0.999989	-0.00465974
-1270.3	-2194.04	0.999988	-0.00486333
-1270.33	-2186.82	0.999987	-0.00508548
-1270.37	-2178.99	0.999986	-0.00532813
-1270.41	-2171.76	0.999985	-0.005555
-1270.45	-2164.53	0.999983	-0.00578186
-1270.49	-2157.91	0.999982	-0.00598985
-1270.54	-2150.68	0.999981	-0.00621678
-1270.58	-2143.46	0.999979	-0.00644364
-1270.63	-2136.23	0.999978	-0.0066705
-1270.68	-2129	0.999976	-0.00689736
-1270.72	-2122.38	0.999975	-0.00710532
-1270.78	-2115.15	0.999973	-0.00733916
-1270.83	-2107.93	0.999971	-0.00758278
-1270.89	-2100.7	0.999969	-0.00782639
-1270.94	-2094.08	0.999968	-0.00804971
-1271	-2086.86	0.999966	-0.00829332
-1271.06	-2079.63	0.999964	-0.00853693
-1271.12	-2072.41	0.999961	-0.00878055
-1271.18	-2065.18	0.999963	-0.00855642
-1271.24	-2057.96	0.999971	-0.00765506
-1271.3	-2050.73	0.999977	-0.00672234
-1271.34	-2044.11	0.999983	-0.00586739
-1271.38	-2036.88	0.999988	-0.00493475
-1271.41	-2029.66	0.999992	-0.00400211
-1271.44	-2022.44	0.999995	-0.00306951
-1271.46	-2015.21	0.999997	-0.00259583
-1271.47	-2008.59	0.999996	-0.0027505
-1271.49	-2001.37	0.999996	-0.00293079
-1271.52	-1994.14	0.999995	-0.00313422
-1271.54	-1986.92	0.999994	-0.00333761
-1271.56	-1979.7	0.999994	-0.00354099
-1271.59	-1972.48	0.999993	-0.00374442
-1271.62	-1965.25	0.999992	-0.00394785
-1271.64	-1958.63	0.999993	-0.00376403
-1271.67	-1951.41	0.999996	-0.00285656
-1271.69	-1944.19	0.999998	-0.00194909
-1271.7	-1936.96	0.999999	-0.00104353
-1271.7	-1930.34	1	-0.000215878
-1271.7	-1923.12	1	0.000687015
-1271.69	-1915.9	0.999999	0.00158987
-1271.68	-1908.68	0.999997	0.00249267
-1271.66	-1901.46	0.999996	0.00293195
-1271.64	-1894.24	0.999996	0.00272229
-1271.62	-1887.62	0.999997	0.00253011
-1271.6	-1879.19	0.999997	0.00228482
-1271.58	-1871.97	0.999998	0.00207352
-1271.57	-1865.35	0.999998	0.00187982
-1271.56	-1858.13	0.999999	0.00166848
-1271.55	-1850.31	0.999999	0.00143951
-1271.54	-1843.09	0.999999	0.00122821
-1271.53	-1835.87	0.999999	0.00101797
-1271.52	-1829.25	1	0.000837612
-1271.52	-1822.03	1	0.000667903
-1271.51	-1814.81	1	0.000509922
-1271.51	-1807.59	1	0.000351314
-1271.51	-1800.37	1	0.000195209
-1271.51	-1793.15	1	4.26823e-05
-1271.51	-1786.53	1	-9.33803e-05
-1271.51	-1779.32	1	-0.000271801
-1271.51	-1772.1	1	-0.000576931
-1271.52	-1764.88	0.999999	-0.0010815
-1271.52	-1757.66	0.999998	-0.00180094
-1271.54	-1751.04	0.999997	-0.00261765
-1271.56	-1743.82	0.999993	-0.00362638
-1271.59	-1736.61	0.999989	-0.00466129
-1271.63	-1729.39	0.999984	-0.00569619
-1271.67	-1722.17	0.999977	-0.00673108
-1271.72	-1714.95	0.99997	-0.00776592
-1271.78	-1707.73	0.999961	-0.00880071
-1271.84	-1701.12	0.999952	-0.00974925
-1271.92	-1693.9	0.999942	-0.0107841
-1272	-1686.08	0.999929	-0.0119052
-1272.09	-1678.87	0.999916	-0.0129401
-1272.19	-1671.65	0.999902	-0.0139749
-1272.29	-1664.43	0.999887	-0.0150097
-1272.4	-1657.82	0.999879	-0.0155874
-1272.51	-1650.6	0.99988	-0.0155096
-1272.62	-1643.39	0.999881	-0.0154318
-1272.73	-1636.17	0.999882	-0.015354
-1272.84	-1628.96	0.99989	-0.0148126
-1272.94	-1621.74	0.999907	-0.0136224
-1273.03	-1615.13	0.999921	-0.0125313
-1273.12	-1607.91	0.999936	-0.011341
-1273.21	-1599.49	0.99995	-0.00995238
-1273.28	-1592.28	0.999962	-0.00876215
-1273.33	-1585.66	0.999971	-0.0076711
-1273.38	-1578.45	0.999979	-0.00648085
-1273.43	-1571.23	0.999983	-0.00575415
-1273.47	-1564.02	0.999984	-0.00567643
-1273.51	-1557.4	0.999984	-0.00560518
-1273.55	-1550.19	0.999985	-0.00552745
-1273.59	-1542.98	0.999985	-0.00544972
-1273.62	-1535.76	0.999986	-0.005372
-1273.66	-1528.55	0.999986	-0.00529427
-1273.7	-1521.33	0.999986	-0.00521654
-1273.74	-1514.72	0.999987	-0.00514529
-1273.77	-1507.51	0.999987	-0.00506756
-1273.81	-1500.29	0.999988	-0.00498984
-1273.84	-1493.08	0.999988	-0.00491211
-1273.88	-1486.47	0.999988	-0.00484086
-1273.91	-1479.25	0.999989	-0.00476313
-1273.95	-1472.04	0.999989	-0.0046854
-1273.98	-1464.83	0.999989	-0.00460768
-1274.01	-1457.61	0.99999	-0.00452995
-1274.04	-1450.4	0.99999	-0.00445222
-1274.07	-1443.79	0.99999	-0.00438097
-1274.11	-1435.97	0.999991	-0.00429677
-1274.14	-1428.76	0.999991	-0.00421904
-1274.17	-1422.15	0.999991	-0.00414779
-1274.2	-1414.94	0.999992	-0.00407006
-1274.23	-1407.73	0.99999	-0.00445566
-1274.26	-1400.51	0.999985	-0.00548992
-1274.3	-1393.9	0.999979	-0.00643802
-1274.35	-1386.69	0.999972	-0.00747235
-1274.41	-1379.48	0.999964	-0.00850665
-1274.47	-1372.27	0.999954	-0.00954088
-1274.54	-1365.06	0.999944	-0.0105751
-1274.61	-1358.45	0.999934	-0.0115231
-1274.7	-1351.24	0.999932	-0.0116308
-1274.78	-1344.02	0.999945	-0.0104413
-1274.85	-1336.81	0.999957	-0.00925183
-1274.91	-1330.2	0.999967	-0.00816146
-1274.97	-1322.99	0.999976	-0.00697198
-1275.01	-1315.78	0.999983	-0.00578255
-1275.05	-1308.57	0.999989	-0.00459311
-1275.08	-1301.36	0.999994	-0.00340367
-1275.1	-1294.15	0.999996	-0.00267748
-1275.12	-1287.54	0.999997	-0.00260631
-1275.14	-1280.33	0.999997	-0.00252867
-1275.16	-1273.12	0.999997	-0.00245104
-1275.17	-1265.91	0.999997	-0.0023734
-1275.19	-1259.3	0.999997	-0.00230223
-1275.2	-1252.1	0.999998	-0.0022246
-1275.22	-1244.89	0.999997	-0.0026101
-1275.24	-1237.68	0.999993	-0.003644
-1275.27	-1230.47	0.999989	-0.0046779
-1275.31	-1223.26	0.999984	-0.00571179
-1275.35	-1216.65	0.999978	-0.00665948
-1275.4	-1209.44	0.99997	-0.00769326
-1275.46	-1202.23	0.999962	-0.00872704
-1275.52	-1195.63	0.999953	-0.00967467
-1275.59	-1188.42	0.99995	-0.00996753
-1275.66	-1181.21	0.999961	-0.00877859
-1275.72	-1174	0.999971	-0.00758963
-1275.77	-1166.79	0.99998	-0.00640066
-1275.81	-1159.59	0.999986	-0.00521173
-1275.85	-1152.38	0.999992	-0.00402265
-1275.87	-1145.17	0.999996	-0.00283329
-1275.89	-1137.96	0.999999	-0.00164393
-1275.9	-1131.36	1	-0.000553715
-1275.9	-1124.15	1	0.000635555
-1275.89	-1116.94	0.999998	0.00182482
-1275.87	-1109.74	0.999995	0.00301409
-1275.85	-1103.13	0.999992	0.00410422
-1275.82	-1095.92	0.999986	0.00529338
-1275.78	-1088.72	0.999979	0.00648254
-1275.73	-1081.51	0.999971	0.00767169
-1275.67	-1074.3	0.999969	0.00793446
-1275.62	-1067.7	0.999976	0.00698649
-1275.57	-1060.49	0.999982	0.00595233
-1275.53	-1053.28	0.999988	0.0049182
-1275.5	-1046.08	0.999992	0.00388413
-1275.47	-1039.47	0.999996	0.00293622
-1275.46	-1032.27	0.999998	0.0019021
-1275.45	-1025.06	0.999999	0.00160895
-1275.43	-1017.86	0.999996	0.00279785
-1275.41	-1010.65	0.999992	0.00398675
-1275.37	-1003.45	0.999987	0.00517564
-1275.33	-996.241	0.99998	0.00636449
-1275.29	-989.636	0.999972	0.0074542
-1275.23	-982.432	0.999963	0.00864298
-1275.17	-975.227	0.999952	0.00983174
-1275.1	-968.623	0.999948	0.0101806
-1275.03	-961.419	0.999958	0.0091467
-1274.97	-954.214	0.999967	0.00811284
-1274.91	-947.01	0.999975	0.00707896
-1274.86	-939.806	0.999984	0.00558217
-1274.83	-932.602	0.999994	0.0034373
-1274.81	-925.998	0.999999	0.00147115
-1274.81	-918.794	1	-0.000673748
-1274.82	-911.591	0.999997	-0.00235569
-1274.84	-904.987	0.999995	-0.00330335
-1274.86	-897.784	0.999991	-0.00433716
-1274.9	-890.58	0.999986	-0.00537096
-1274.94	-883.377	0.999982	-0.00594177
-1274.98	-876.174	0.999983	-0.00586441
-1275.02	-868.971	0.999983	-0.00578705
-1275.06	-862.368	0.999981	-0.00617904
-1275.11	-855.165	0.999974	-0.00721269
-1275.16	-847.963	0.999966	-0.00824638
-1275.22	-841.361	0.999958	-0.00919392
-1275.29	-834.158	0.999948	-0.0102276
-1275.37	-826.956	0.999937	-0.0112611
-1275.45	-819.754	0.999924	-0.0122947
-1275.54	-812.553	0.999911	-0.0133282
-1275.64	-805.351	0.999903	-0.0138989
-1275.73	-798.75	0.999904	-0.013828
-1275.83	-791.549	0.999905	-0.0137506
-1275.93	-784.348	0.999907	-0.0136733
-1276.03	-777.147	0.999908	-0.0135959
-1276.12	-770.546	0.999909	-0.013525
-1276.22	-763.345	0.99991	-0.0134477
-1276.31	-756.144	0.999911	-0.0133703
-1276.42	-748.344	0.999918	-0.0128237
-1276.51	-741.143	0.999932	-0.0116356
-1276.58	-734.543	0.999944	-0.0105465
-1276.65	-727.342	0.999956	-0.00935843
-1276.72	-720.142	0.999967	-0.00817033
-1276.77	-712.941	0.999976	-0.00698229
-1276.82	-705.741	0.999983	-0.00579423
-1276.86	-698.54	0.999989	-0.00460617
-1276.89	-691.34	0.999994	-0.00341813
-1276.9	-684.74	0.999997	-0.00232915
-1276.92	-677.54	0.999999	-0.00114112
-1276.92	-670.34	1	4.69547e-05
-1276.92	-663.14	0.999999	0.001235
-1276.91	-656.54	0.999997	0.00232398
-1276.89	-649.341	0.999994	0.00351197
-1276.86	-642.141	0.999989	0.00469994
-1276.82	-634.942	0.999988	0.00496241
-1276.79	-627.742	0.999992	0.00392915
-1276.77	-621.143	0.999996	0.002982
-1276.75	-613.944	0.999998	0.00194866
-1276.74	-606.745	1	0.000915256
-1276.73	-599.546	1	-0.0001181
-1276.74	-592.947	0.999999	-0.00106534
-1276.75	-585.748	0.999998	-0.0020987
-1276.77	-578.55	0.999996	-0.00266929
-1276.78	-571.351	0.999997	-0.00259202
-1276.8	-564.153	0.999997	-0.00251475
-1276.82	-557.555	0.999996	-0.00281413
-1276.84	-550.356	0.999993	-0.00384748
-1276.87	-543.158	0.999988	-0.00488082
-1276.91	-535.961	0.999983	-0.00591416
-1276.96	-528.163	0.999975	-0.00703361
-1277.02	-520.965	0.999967	-0.00806693
-1277.07	-514.368	0.999959	-0.00901414
-1277.14	-507.171	0.99995	-0.0100474
-1277.21	-499.974	0.999948	-0.0101553
-1277.28	-492.777	0.99996	-0.00896757
-1277.34	-486.179	0.999969	-0.00787878
-1277.39	-478.982	0.999978	-0.00669101
-1277.44	-471.186	0.999983	-0.005867
-1277.48	-464.589	0.999983	-0.00579625
-1277.52	-457.392	0.999984	-0.00571907
-1277.56	-450.195	0.999984	-0.0056419
-1277.6	-442.999	0.999987	-0.00510204
-1277.63	-435.803	0.999992	-0.00391432
-1277.66	-429.206	0.999996	-0.00282542
-1277.67	-422.01	0.999999	-0.00163752
-1277.68	-414.813	1	-0.000449665
-1277.68	-407.617	1	0.00073814
-1277.67	-401.021	0.999998	0.00182696
-1277.66	-393.825	0.999995	0.00301476
-1277.63	-386.629	0.999993	0.00373976
-1277.61	-379.434	0.999993	0.00381552
-1277.58	-372.238	0.999992	0.00388932
-1277.55	-365.043	0.999992	0.00396302
-1277.52	-357.847	0.999994	0.00356759
-1277.5	-351.252	0.999997	0.00260307
-1277.49	-344.056	0.999999	0.00155085
-1277.48	-336.861	1	0.000498638
-1277.48	-330.265	1	-0.000465893
-1277.48	-323.07	0.999999	-0.00151811
-1277.5	-315.875	0.999997	-0.00257116
-1277.52	-308.081	0.999995	-0.00324342
-1277.54	-301.485	0.999995	-0.0031762
-1277.56	-294.29	0.999995	-0.00310287
-1277.59	-287.096	0.999995	-0.00302953
-1277.61	-279.901	0.999996	-0.0029562
-1277.63	-272.706	0.999996	-0.00288287
-1277.65	-265.512	0.999996	-0.00280953
-1277.67	-258.317	0.999996	-0.0027362
-1277.69	-251.722	0.999995	-0.00314505
-1277.71	-244.528	0.999991	-0.00421429
-1277.75	-237.333	0.999986	-0.00528352
-1277.78	-230.739	0.99998	-0.00626364
-1277.83	-223.544	0.999973	-0.00733286
-1277.89	-216.35	0.999965	-0.00840207
-1277.95	-209.156	0.999955	-0.00947128
-1278.02	-201.962	0.999944	-0.0105405
-1278.1	-194.768	0.999943	-0.0106674
-1278.17	-188.174	0.999954	-0.00957452
-1278.23	-180.98	0.999965	-0.00838228
-1278.29	-173.787	0.999974	-0.00719002
-1278.34	-166.593	0.999982	-0.00599779
-1278.38	-159.999	0.999988	-0.00490496
-1278.41	-152.805	0.999993	-0.00371277
-1278.43	-145.611	0.999997	-0.00252058
-1278.45	-138.418	0.999999	-0.00132693
-1278.45	-131.224	1	-0.000131253
-1278.45	-124.631	1	0.000964786
-1278.44	-117.437	0.999999	0.00122628
-1278.43	-110.244	1	0.000179927
-1278.44	-103.051	1	-0.000866429
-1278.44	-96.4571	0.999998	-0.00182559
-1278.46	-89.2641	0.999996	-0.00287191
-1278.48	-82.0712	0.999992	-0.00391817
-1278.52	-74.8784	0.999988	-0.00496484
-1278.55	-67.6857	0.999982	-0.0060121
-1278.6	-60.4931	0.999975	-0.00705931
-1278.65	-53.9	0.999968	-0.0080192
-1278.71	-46.7077	0.999959	-0.00906634
-1278.78	-39.5155	0.999949	-0.0101135
-1278.85	-32.3234	0.999943	-0.0106933
-1278.92	-25.7308	0.999944	-0.0106251
-1279	-18.5389	0.999944	-0.0105507
-1279.08	-11.347	0.999945	-0.0104763
-1279.15	-4.15526	0.999946	-0.010402
-1279.23	3.03644	0.999947	-0.0103277
-1279.29	9.62878	0.999947	-0.0102595
-1279.37	16.8204	0.999948	-0.0101852
-1279.44	24.0119	0.999954	-0.00964337
-1279.51	31.2034	0.999964	-0.0084471
-1279.56	37.7956	0.999973	-0.00735051
-1279.61	44.9871	0.999981	-0.00615414
-1279.65	52.1786	0.999988	-0.00495766
-1279.68	59.37	0.999993	-0.00376116
-1279.7	66.5614	0.999997	-0.00256467
-1279.72	73.1535	0.999999	-0.00146791
-1279.73	80.3449	1	-0.000271504
-1279.72	87.5361	1	0.000924907
-1279.71	94.128	0.999998	0.00202162
-1279.7	101.319	0.999995	0.00321805
-1279.67	108.51	0.999992	0.00394695
-1279.64	115.701	0.999992	0.00402119
-1279.61	122.892	0.999992	0.00409544
-1279.58	130.083	0.999991	0.00416969
-1279.56	136.674	0.999993	0.0038637
-1279.53	143.865	0.999996	0.0028158
-1279.51	151.055	0.999998	0.00176789
-1279.5	158.246	1	0.000719974
-1279.5	164.837	1	-0.000240643
-1279.51	172.028	0.999999	-0.00128865
-1279.52	179.218	0.999997	-0.00233665
-1279.54	186.408	0.999994	-0.00338465
-1279.57	193.599	0.999992	-0.00396504
-1279.59	200.19	0.999992	-0.00389698
-1279.62	207.38	0.999993	-0.00382273
-1279.65	214.57	0.999993	-0.00374848
-1279.67	221.759	0.999991	-0.00414184
-1279.7	228.35	0.999987	-0.0051025
-1279.74	235.54	0.999981	-0.00615049
-1279.79	242.73	0.999974	-0.00719847
-1279.85	249.919	0.99997	-0.00777885
-1279.9	257.108	0.99997	-0.0077046
-1279.96	264.298	0.999971	-0.00763035
-1280.01	270.888	0.999975	-0.00709478
-1280.05	278.077	0.999983	-0.00589848
-1280.09	285.267	0.999989	-0.00470218
-1280.12	291.857	0.999993	-0.00360556
-1280.14	299.046	0.999997	-0.00240925
-1280.16	306.235	0.999999	-0.00121293
-1280.16	313.424	1	-1.66134e-05
-1280.16	320.613	0.999999	0.00117971
-1280.15	327.802	0.999999	0.00144093
-1280.14	334.991	1	0.000393016
-1280.14	341.581	1	-0.00056757
-1280.15	348.77	0.999999	-0.00161548
-1280.16	356.557	0.999996	-0.00275072
-1280.18	363.147	0.999993	-0.0037113
-1280.21	370.336	0.999989	-0.0047592
-1280.25	377.524	0.999983	-0.0058071
-1280.3	384.712	0.999977	-0.00685495
-1280.34	391.302	0.999969	-0.00781543
-1280.4	398.49	0.999961	-0.00886322
-1280.47	405.678	0.999951	-0.00991103
-1280.54	412.865	0.99995	-0.0100239
-1280.61	420.053	0.999961	-0.00882783
-1280.67	426.642	0.99997	-0.00773141
-1280.72	433.83	0.999979	-0.0065353
-1280.76	441.018	0.999986	-0.00533919
-1280.8	448.206	0.999991	-0.00414307
-1280.82	454.794	0.999995	-0.00304662
-1280.84	461.982	0.999998	-0.00185048
-1280.85	469.17	0.999999	-0.00112184
-1280.86	476.357	0.999999	-0.00104768
-1280.87	483.545	1	-0.000973522
-1280.87	490.134	1	-0.000531582
-1280.87	497.321	1	0.000664463
-1280.86	504.508	0.999998	0.00186051
-1280.85	511.696	0.999995	0.00305655
-1280.82	518.883	0.999994	0.00331769
-1280.8	526.07	0.999997	0.00226996
-1280.79	533.257	0.999999	0.00122223
-1280.78	540.444	1	0.000174503
-1280.78	547.631	1	-0.000405774
-1280.79	554.818	1	-0.000331616
-1280.79	561.406	1	-0.000263638
-1280.79	568.593	1	-0.00018948
-1280.79	575.78	1	-0.000582737
-1280.8	582.967	0.999999	-0.00163041
-1280.81	590.153	0.999996	-0.00267814
-1280.84	597.34	0.999993	-0.00372586
-1280.86	603.927	0.999989	-0.00468624
-1280.9	611.114	0.999984	-0.00573386
-1280.94	618.3	0.999977	-0.00678148
-1280.99	624.887	0.99997	-0.00774179
-1281.05	632.073	0.999965	-0.0084155
-1281.11	639.259	0.999965	-0.00834144
-1281.17	646.445	0.999966	-0.00826737
-1281.23	653.631	0.999966	-0.00819331
-1281.28	660.218	0.99997	-0.00775153
-1281.34	667.404	0.999979	-0.00655579
-1281.38	674.59	0.999986	-0.00536004
-1281.41	681.775	0.999991	-0.00416428
-1281.44	688.362	0.999994	-0.00344207
-1281.46	695.548	0.999994	-0.003368
-1281.49	702.734	0.999995	-0.00329397
-1281.51	709.919	0.999995	-0.00322
-1281.53	717.105	0.999996	-0.00267846
-1281.55	724.29	0.999999	-0.00148233
-1281.56	730.877	1	-0.000385868
-1281.55	739.26	0.999999	0.00100962
-1281.54	745.846	0.999998	0.00210608
-1281.53	753.032	0.999995	0.00330221
-1281.5	760.217	0.99999	0.00449834
-1281.46	767.402	0.999989	0.00475934
-1281.43	774.587	0.999993	0.00371116
-1281.41	781.772	0.999996	0.00266298
-1281.39	788.358	0.999999	0.00167372
-1281.39	795.543	1	0.000314182
-1281.39	802.728	0.999999	-0.00168129
-1281.41	809.314	0.999991	-0.00414305
-1281.44	816.498	0.999972	-0.00745879
-1281.51	823.683	0.999942	-0.0107456
-1281.59	830.867	0.99991	-0.0134022
-1281.7	838.051	0.999871	-0.0160773
-1281.82	845.234	0.999823	-0.0187899
-1281.96	852.417	0.999776	-0.0211805
-1282.11	859.001	0.999734	-0.023042
-1282.28	866.183	0.999678	-0.0253847
-1282.47	873.365	0.999609	-0.0279563
-1282.66	879.948	0.999537	-0.0304147
-1282.89	887.129	0.999452	-0.0331035
-1283.13	894.308	0.99936	-0.0357809
-1283.4	901.488	0.99926	-0.0384561
-1283.68	908.666	0.999173	-0.040664
-1283.98	915.844	0.999108	-0.042218
-1284.26	922.423	0.999047	-0.0436423
-1284.58	929.6	0.998978	-0.045196
-1284.91	936.776	0.99895	-0.0458165
-1285.24	943.952	0.998981	-0.0451306
-1285.53	950.531	0.999009	-0.0445015
-1285.85	957.707	0.999038	-0.0438532
-1286.16	964.884	0.999078	-0.0429407
-1286.47	972.061	0.999125	-0.0418353
-1286.76	979.239	0.999144	-0.0413638
-1287.06	986.416	0.999138	-0.0415045
-1287.34	992.995	0.999117	-0.0420218
-1287.64	1000.17	0.999086	-0.04274
-1287.95	1007.35	0.999054	-0.0434808
-1288.24	1013.93	0.999021	-0.0442481
-1288.56	1021.1	0.998931	-0.0462217
-1288.9	1028.28	0.99877	-0.0495793
-1289.27	1035.45	0.998598	-0.0529328
-1289.69	1043.22	0.998399	-0.0565632
-1290.14	1050.99	0.998186	-0.0601984
-1290.55	1057.56	0.997996	-0.0632738
-1291.01	1064.73	0.997778	-0.0666275
-1291.5	1071.9	0.997548	-0.0699798
-1292.01	1079.06	0.997376	-0.0724004
-1292.49	1085.63	0.997301	-0.0734246
-1293.02	1092.79	0.997218	-0.0745417
-1293.56	1099.95	0.997134	-0.0756588
-1294.18	1107.71	0.994994	-0.099932
-1295.06	1114.84	0.987733	-0.156152
-1296.23	1121.32	0.978296	-0.20721
-1297.88	1128.31	0.965026	-0.262153
-1299.93	1135.2	0.94811	-0.317942
-1302.39	1141.96	0.927017	-0.37502
-1305.25	1148.55	0.902501	-0.430687
-1308.51	1154.96	0.874789	-0.484504
-1311.83	1160.66	0.851532	-0.524302
-1315.7	1166.72	0.831012	-0.556255
-1319.79	1172.64	0.809823	-0.586674
-1323.74	1177.93	0.789771	-0.613401
-1328.23	1183.55	0.77199	-0.635635
-1332.84	1189.08	0.763653	-0.645627
-1337.51	1194.55	0.755472	-0.655181
-1342.25	1199.96	0.747641	-0.664103
-1347.05	1205.32	0.743385	-0.668863
-1351.87	1210.67	0.743714	-0.668498
-1356.28	1215.58	0.743947	-0.668239
-1361.08	1220.93	0.744129	-0.668035
-1365.89	1226.29	0.746844	-0.664999
-1370.65	1231.68	0.753192	-0.6578
-1374.97	1236.67	0.759142	-0.650925
-1379.63	1242.15	0.765782	-0.6431
-1384.24	1247.68	0.774403	-0.632692
-1388.75	1253.29	0.785533	-0.61882
-1393.16	1258.97	0.796517	-0.604617
-1397.46	1264.74	0.807223	-0.590247
-1401.32	1270.09	0.816196	-0.577776
-1405.44	1275.99	0.824981	-0.565161
-1409.47	1281.95	0.833464	-0.552574
-1413.09	1287.47	0.841001	-0.541034
-1416.94	1293.55	0.850484	-0.526002
-1420.67	1299.7	0.862444	-0.506153
-1424.25	1305.94	0.87372	-0.486429
-1427.69	1312.26	0.884398	-0.466733
-1431	1318.66	0.890815	-0.454366
-1433.99	1324.54	0.891756	-0.452517
-1437.24	1330.96	0.892783	-0.450487
-1441.02	1338.46	0.892083	-0.451872
-1444.02	1344.33	0.888814	-0.458268
-1447.34	1350.72	0.88519	-0.465229
-1450.7	1357.08	0.88151	-0.472165
-1454.41	1363.94	0.876792	-0.480869
-1457.9	1370.23	0.871342	-0.490677
-1461.16	1375.96	0.866226	-0.499653
-1464.79	1382.18	0.860516	-0.509424
-1468.48	1388.36	0.855156	-0.518371
-1472.24	1394.5	0.850375	-0.526178
-1476.05	1400.6	0.845519	-0.533945
-1479.91	1406.67	0.840591	-0.54167
-1483.5	1412.2	0.836268	-0.548321
-1487.47	1418.21	0.831832	-0.555027
-1491.48	1424.18	0.827344	-0.561695
-1495.55	1430.12	0.822805	-0.568323
-1499.31	1435.54	0.819245	-0.573443
-1503.45	1441.43	0.816566	-0.577252
-1507.61	1447.29	0.813874	-0.581042
-1511.81	1453.14	0.811171	-0.584809
-1516.03	1458.97	0.808732	-0.588178
-1520.27	1464.79	0.806667	-0.591006
-1524.53	1470.58	0.804592	-0.593829
-1528.45	1475.89	0.80335	-0.595507
-1532.74	1481.67	0.803269	-0.595616
-1537.02	1487.45	0.80318	-0.595737
-1541.31	1493.23	0.803088	-0.59586
-1545.95	1499.49	0.803543	-0.595246
-1550.23	1505.27	0.80478	-0.593573
-1554.5	1511.07	0.806015	-0.591895
-1558.4	1516.39	0.807146	-0.590352
-1562.99	1522.68	0.810042	-0.586372
-1567.19	1528.53	0.81501	-0.579447
-1571.34	1534.4	0.819973	-0.572403
-1575.43	1540.32	0.824914	-0.565258
-1579.14	1545.77	0.830869	-0.556468
-1583.11	1551.77	0.839266	-0.543721
-1586.98	1557.83	0.847831	-0.530266
-1590.44	1563.45	0.855723	-0.517435
-1594.12	1569.63	0.864133	-0.503264
-1597.7	1575.87	0.872224	-0.489107
-1601.17	1582.16	0.880132	-0.47473
-1604.54	1588.52	0.887842	-0.460149
-1607.54	1594.39	0.893492	-0.44908
-1610.75	1600.83	0.89797	-0.440056
-1613.88	1607.3	0.902449	-0.430797
-1616.95	1613.81	0.90693	-0.421281
-1619.7	1619.8	0.917825	-0.396985
-1622.38	1626.47	0.940426	-0.339998
-1624.66	1633.3	0.959551	-0.281535
-1626.5	1640.26	0.97504	-0.222031
-1627.92	1647.31	0.9873	-0.158867
-1628.8	1653.86	0.995314	-0.0966906
-1629.29	1661.04	0.999598	-0.0283622
-1629.29	1668.25	0.999186	0.0403496
-1628.81	1675.44	0.996042	0.0888888
-1628.17	1682.02	0.994149	0.108022
-1627.33	1689.18	0.991665	0.128845
-1626.35	1696.32	0.990419	0.138094
-1625.38	1703.46	0.991378	0.131032
-1624.45	1710.61	0.992294	0.123909
-1623.65	1717.17	0.993083	0.117412
-1622.84	1724.34	0.994717	0.102652
-1622.17	1731.52	0.997021	0.0771291
-1621.73	1738.11	0.998563	0.0535837
-1621.42	1745.32	0.999606	0.0280531
-1621.29	1752.53	0.99996	0.00898079
-1621.24	1759.74	0.999993	0.00361465
-1621.23	1766.95	0.999999	-0.00134838
-1621.25	1774.16	0.999983	-0.0059085
-1621.31	1781.37	0.999936	-0.0112959
-1621.41	1788.58	0.999839	-0.0179169
-1621.54	1795.19	0.999711	-0.0240539
-1621.74	1802.4	0.99953	-0.0306716
-1621.98	1809.61	0.99931	-0.0371552
-1622.24	1816.21	0.999087	-0.0427188
-1622.57	1823.41	0.998819	-0.0485859
-1622.93	1830.62	0.998524	-0.0543152
-1623.34	1837.82	0.998247	-0.0591917
-1623.77	1845.01	0.998796	-0.0490533
-1624.05	1852.22	0.999432	-0.0337025
-1624.27	1858.82	0.99962	-0.02757
-1624.42	1866.02	0.999812	-0.0193969
-1624.57	1873.23	0.999844	-0.0176622
-1624.66	1879.84	0.99996	-0.00889584
-1624.71	1887.04	0.99999	0.00449575
-1624.53	1894.24	0.996429	0.084433
-1623.52	1901.38	0.980878	0.194621
-1621.95	1908.43	0.970736	0.240151
-1620.11	1915.41	0.95654	0.291602
-1617.98	1921.68	0.934495	0.355977
-1615.24	1928.36	0.911047	0.412303
-1612.1	1934.86	0.884207	0.467095
-1608.56	1941.17	0.855035	0.518571
-1605.01	1946.75	0.826997	0.562207
-1600.81	1952.63	0.793874	0.608083
-1596.28	1958.26	0.758208	0.652013
-1591.44	1963.63	0.720109	0.693861
-1586.3	1968.71	0.679698	0.733492
-1581.36	1973.12	0.649174	0.76064
-1575.79	1977.73	0.611567	0.791192
-1569.93	1981.96	0.538886	0.842379
-1563.68	1985.6	0.472772	0.881185
-1557.79	1988.65	0.416915	0.908945
-1551.06	1991.33	0.325145	0.945664
-1544.16	1993.52	0.259746	0.965677
-1537.09	1995.14	0.177867	0.984054
-1529.93	1996.24	0.126005	0.99203
-1522.72	1997.05	0.0773803	0.997002
-1516.08	1997.38	0.0171699	0.999853
-1508.83	1997.36	-0.0237473	0.999718
-1501.58	1997.09	-0.0646947	0.997905
-1494.95	1996.52	-0.101515	0.994834
-1487.74	1995.77	-0.11369	0.993516
-1480.54	1994.86	-0.149332	0.988787
-1473.4	1993.62	-0.196551	0.980494
-1466.31	1992.09	-0.221866	0.975077
-1459.24	1990.46	-0.229894	0.973216
-1452.77	1988.91	-0.232597	0.972573
-1445.72	1987.24	-0.239474	0.970903
-1438.7	1985.43	-0.253972	0.967212
-1432.27	1983.75	-0.248022	0.968754
-1425.24	1981.99	-0.241554	0.970387
-1418.21	1980.23	-0.239516	0.970892
-1410.58	1978.38	-0.231411	0.972856
-1404.11	1976.86	-0.223292	0.974752
-1397.04	1975.29	-0.20496	0.97877
-1389.94	1973.87	-0.191113	0.981568
-1382.83	1972.49	-0.185667	0.982613
-1375.71	1971.19	-0.171266	0.985225
-1368.56	1970.01	-0.150274	0.988644
-1361.99	1969.07	-0.126341	0.991987
-1354.21	1968.18	-0.101186	0.994868
-1347	1967.48	-0.091927	0.995766
-1339.8	1966.83	-0.0863415	0.996266
-1332.58	1966.24	-0.068748	0.997634
-1325.36	1965.85	-0.0222472	0.999753
-1318.13	1965.92	0.0712935	0.997455
-1310.94	1966.79	0.165774	0.986164
-1303.83	1968.16	0.237633	0.971355
-1297.43	1969.96	0.299206	0.954189
-1290.54	1972.23	0.345846	0.938291
-1283.83	1974.97	0.428999	0.903305
-1277.94	1978.06	0.505233	0.862983
-1271.78	1981.9	0.56379	0.825918
-1265.92	1986.18	0.628788	0.777577
-1260.43	1990.94	0.681994	0.731358
-1255.22	1996	0.72251	0.69136
-1250.35	2001.4	0.76024	0.649643
-1245.7	2006.99	0.78546	0.618912
-1241.68	2012.3	0.812434	0.583054
-1237.55	2018.28	0.837021	0.547172
-1233.67	2024.42	0.847717	0.530448
-1229.78	2030.56	0.844662	0.535299
-1226.23	2036.2	0.849574	0.52747
-1222.45	2042.41	0.861653	0.507498
-1218.83	2048.7	0.871595	0.490226
-1215.29	2055.05	0.876275	0.481812
-1211.83	2061.43	0.883487	0.468455
-1208.48	2067.87	0.890399	0.45518
-1205.46	2073.8	0.890764	0.454465
-1202.14	2080.25	0.889726	0.456495
-1198.85	2086.72	0.892061	0.451915
-1195.85	2092.66	0.894091	0.447885
-1192.63	2099.16	0.895127	0.445812
-1189.35	2105.63	0.888578	0.458725
-1185.99	2112.06	0.880863	0.473372
-1182.49	2118.41	0.874598	0.484849
-1179.3	2124.24	0.878601	0.477556
-1175.83	2130.61	0.876044	0.482231
-1172.29	2136.93	0.86427	0.503029
-1168.55	2143.14	0.848562	0.529096
-1165	2148.76	0.846794	0.531921
-1161.22	2154.95	0.864511	0.502614
-1157.69	2161.28	0.885432	0.464769
-1154.44	2167.76	0.905265	0.424846
-1151.48	2174.37	0.923927	0.382569
-1148.86	2181.13	0.942669	0.33373
-1146.59	2188.01	0.958814	0.284034
-1144.82	2194.42	0.971288	0.237908
-1143.25	2201.5	0.981767	0.190089
-1142	2208.64	0.989263	0.146147
-1141.14	2215.23	0.994375	0.105919
-1140.51	2222.46	0.998064	0.0621977
-1140.18	2229.7	0.999742	0.0227228
-1140.12	2236.95	0.999891	-0.0147771
-1140.35	2244.2	0.998872	-0.0474922
-1140.72	2250.83	0.997427	-0.0716827
-1141.34	2258.06	0.995239	-0.0974635
-1142.08	2265.27	0.993887	-0.110405
-1142.85	2271.87	0.992503	-0.12222
-1143.76	2279.06	0.991628	-0.129126
-1144.7	2286.25	0.991652	-0.128941
-1145.63	2293.43	0.992014	-0.126128
-1146.53	2300.62	0.992519	-0.122091
-1147.4	2307.81	0.993085	-0.117398
-1148.16	2314.41	0.993931	-0.110002
-1148.93	2321.61	0.994739	-0.102442
-1149.66	2328.82	0.995012	-0.0997578
-1150.32	2335.42	0.995545	-0.0942855
-1150.96	2342.63	0.996626	-0.0820787
-1151.53	2349.85	0.997072	-0.076466
-1152.08	2357.07	0.997335	-0.0729514
-1152.59	2364.29	0.997849	-0.0655544
-1153	2370.91	0.998428	-0.0560552
-1153.37	2378.13	0.998906	-0.0467601
-1153.69	2385.36	0.99919	-0.0402384
-1153.94	2391.99	0.999483	-0.0321503
-1154.15	2399.22	0.999667	-0.0258083
-1154.32	2406.45	0.999811	-0.0194653
-1154.44	2413.68	0.999914	-0.0131215
-1154.51	2420.91	0.999972	-0.00748581
-1154.55	2428.14	0.999996	-0.00284166
-1154.56	2434.77	0.999999	0.00141535
-1154.54	2441.99	0.999982	0.0060592
-1154.48	2449.22	0.99995	0.00999367
-1154.4	2456.45	0.999916	0.0129351
-1154.3	2463.68	0.999874	0.0158764
-1154.17	2470.9	0.999836	0.018108
-1154.05	2477.52	0.999815	0.0192429
-1153.91	2484.75	0.99979	0.0204809
-1153.76	2491.97	0.999764	0.021721
-1153.6	2499.19	0.999745	0.0226035
-1153.43	2506.41	0.999736	0.0229808
-1153.28	2513.03	0.999728	0.0233266
-1153.11	2520.25	0.999719	0.0237039
-1152.94	2527.47	0.999719	0.0237206
-1152.77	2534.68	0.99973	0.0232325
-1152.62	2541.3	0.99974	0.0227852
-1152.45	2548.52	0.999751	0.022297
-1152.29	2555.73	0.999762	0.021809
-1152.14	2562.95	0.999773	0.0213212
-1151.98	2570.16	0.999783	0.0208334
-1151.84	2577.38	0.999793	0.0203455
-1151.7	2583.99	0.999802	0.0198983
-1151.56	2591.2	0.999812	0.0194105
-1151.42	2598.42	0.999821	0.0189226
-1151.29	2605.63	0.99983	0.0184348
-1151.17	2612.24	0.999838	0.0179878
-1151.04	2619.45	0.999847	0.0175002
-1150.91	2626.66	0.999855	0.0170126
-1150.79	2633.87	0.999863	0.0165251
-1150.67	2641.07	0.999871	0.0160377
-1150.56	2648.28	0.999879	0.0155502
-1150.45	2655.49	0.999887	0.0150626
-1150.35	2662.1	0.999893	0.0146157
-1150.25	2669.3	0.9999	0.0141283
-1150.15	2676.51	0.999907	0.0136409
-1150.05	2683.71	0.999913	0.0131535
-1149.96	2690.32	0.999919	0.0127068
-1149.87	2697.52	0.999925	0.0122197
-1149.79	2704.72	0.999931	0.0117324
-1149.7	2711.93	0.999937	0.0112449
-1149.63	2719.13	0.999946	0.0103981
-1149.55	2726.33	0.999959	0.00904808
-1149.5	2732.93	0.999969	0.00781059
-1149.45	2740.13	0.999979	0.00646059
-1149.4	2747.33	0.999987	0.00511076
-1149.37	2753.93	0.999992	0.00387366
-1149.35	2761.12	0.999997	0.00252409
-1149.34	2768.32	0.999999	0.00117413
-1149.33	2775.52	1	0.00018325
-1149.33	2782.71	1	-0.000304177
-1149.33	2789.91	1	-0.000781723
-1149.34	2797.1	0.999999	-0.00124532
-1149.35	2803.7	0.999999	-0.00167014
-1149.36	2810.89	0.999998	-0.00213358
-1149.38	2818.09	0.999997	-0.00259706
-1149.4	2825.28	0.999995	-0.00306078
-1149.42	2832.47	0.999994	-0.0035248
-1149.45	2839.06	0.999992	-0.00395021
-1149.48	2846.25	0.99999	-0.00441429
-1149.51	2853.44	0.999988	-0.00487825
-1149.55	2860.63	0.999986	-0.00534205
-1149.59	2867.81	0.999983	-0.00580588
-1149.63	2874.4	0.999981	-0.00623112
-1149.67	2881.59	0.99998	-0.00634227
-1149.72	2888.77	0.999982	-0.00595962
-1149.76	2895.96	0.999984	-0.00557703
-1149.8	2903.14	0.999987	-0.00519447
-1149.83	2909.73	0.999988	-0.00484385
-1149.86	2916.91	0.999989	-0.00462072
-1149.9	2924.1	0.99999	-0.00440416
-1149.93	2931.28	0.999993	-0.00372447
-1149.95	2938.46	0.999995	-0.00310668
-1149.97	2945.04	0.999996	-0.00299787
-1149.99	2952.22	0.999996	-0.00283983
-1150.01	2960	0.999997	-0.00229941
-1150.03	2967.17	0.999999	-0.00152182
-1150.04	2974.35	1	-0.00090741
-1150.04	2981.53	1	-0.000567246
-1150.05	2988.7	1	-0.000266198
-1150.05	2995.28	1	-0.000139855
-1150.05	3002.45	1	8.30761e-05
-1150.05	3009.63	1	0.000376777
-1150.04	3016.8	0.999999	0.0011597
-1150.03	3023.97	0.999999	0.00132082
-1150.02	3030.54	1	0.000779609
-1150.02	3037.71	1	0.000124015
-1150.02	3044.88	1	-0.000342415
-1150.02	3052.05	1	-0.000181374
-1150.03	3059.22	1	-0.000730057
-1150.03	3065.79	0.999999	-0.00126733
-1150.04	3072.95	0.999998	-0.00196667
-1150.06	3080.12	0.999998	-0.00195209
-1150.07	3087.28	0.999997	-0.00258381
-1150.09	3093.85	0.999994	-0.00357956
-1150.12	3101.01	0.999991	-0.00424676
-1150.15	3108.18	0.999992	-0.00391518
-1150.18	3115.34	0.999992	-0.00403473
-1150.21	3122.5	0.999995	-0.00322685
-1150.23	3129.66	0.999998	-0.00183063
-1150.23	3136.22	1	-0.000679428
-1150.24	3143.38	1	0.000537254
-1150.23	3150.54	0.999999	0.00168912
-1150.21	3157.7	0.999996	0.00282742
-1150.19	3164.26	0.999992	0.00405391
-1150.16	3171.42	0.999986	0.00527021
-1150.12	3178.57	0.999981	0.00618496
-1150.07	3185.73	0.999981	0.00619742
-1150.03	3192.88	0.999986	0.00532819
-1149.99	3200.03	0.999988	0.00485408
-1149.96	3206.59	0.999985	0.00538983
-1149.92	3213.74	0.999984	0.00573421
-1149.88	3220.89	0.999982	0.00603763
-1149.84	3228.04	0.99998	0.00632657
-1149.79	3234.6	0.999976	0.00685807
-1149.74	3241.75	0.999974	0.00717271
-1149.69	3248.9	0.999971	0.0076758
-1149.63	3256.04	0.999971	0.00759886
-1149.58	3263.19	0.999977	0.0067128
-1149.54	3270.34	0.99998	0.0062864
-1149.5	3276.89	0.999982	0.00599021
-1149.45	3284.62	0.999978	0.00658977
-1149.4	3291.17	0.999979	0.00643092
-1149.36	3298.31	0.999985	0.00539804
-1149.33	3304.86	0.999988	0.00483886
-1149.3	3312	0.999991	0.00421801
-1149.27	3319.14	0.99999	0.00452727
-1149.23	3326.28	0.99999	0.00444197
-1149.2	3333.42	0.999993	0.00374269
-1149.18	3340.55	0.999994	0.00357739
-1149.16	3347.1	0.999996	0.00291291
-1149.14	3354.23	0.999995	0.00301607
-1149.11	3361.37	0.999996	0.00293082
-1149.09	3368.5	0.999998	0.00204585
-1149.08	3375.04	0.999999	0.00169308
-1149.07	3382.17	0.999999	0.00132381
-1149.06	3389.3	0.999999	0.00133467
-1149.05	3396.43	0.999999	0.00106917
-1149.05	3403.57	0.999999	0.00144362
-1149.03	3410.69	0.999998	0.0020583
-1149.02	3417.82	0.999997	0.00231822
-1149	3424.95	0.999998	0.00206676
-1148.99	3432.08	0.999999	0.00103599
-1148.98	3439.21	0.999999	0.00113863
-1148.97	3446.33	0.999999	0.00161127
-1148.96	3453.45	0.999999	0.00118589
-1148.96	3460.58	1	7.37072e-05
-1148.96	3467.7	1	-0.000623795
-1148.96	3474.23	1	-0.000575043
-1148.97	3481.35	1	-0.000472504
-1148.97	3488.47	1	-0.00055793
-1148.98	3495.59	0.999998	-0.0017637
-1148.99	3502.71	0.999997	-0.00231814
-1149.01	3509.24	0.999998	-0.0022266
-1149.02	3516.35	0.999997	-0.00239193
-1149.04	3523.47	0.999997	-0.002536
-1149.06	3530.59	0.999997	-0.00262128
-1149.08	3537.7	0.999994	-0.0035036
-1149.11	3544.82	0.999992	-0.00392875
-1149.14	3551.93	0.999992	-0.00407284
-1149.16	3558.45	0.999993	-0.00382149
-1149.19	3565.56	0.999989	-0.0046858
-1149.23	3572.67	0.999986	-0.00538231
-1149.26	3579.78	0.999987	-0.00509219
-1149.3	3586.89	0.999989	-0.00475083
-1149.33	3593.41	0.99999	-0.00445017
-1149.36	3600.52	0.999991	-0.00415184
-1149.39	3607.62	0.999994	-0.00347191
-1149.41	3614.73	0.999996	-0.0029645
-1149.43	3621.84	0.999997	-0.00256401
-1149.45	3628.94	0.999997	-0.00247344
-1149.46	3636.05	0.999998	-0.00213233
-1149.48	3642.56	0.999999	-0.00150253
-1149.49	3649.66	1	-0.000981125
-1149.49	3656.76	0.999999	-0.00134527
-1149.5	3663.87	0.999999	-0.00171293
-1149.52	3670.38	0.999999	-0.00166474
-1149.53	3677.48	0.999999	-0.00156296
-1149.54	3685.17	0.999999	-0.00157472
-1149.55	3692.26	0.999997	-0.00245424
-1149.57	3699.36	0.999996	-0.00287794
-1149.59	3705.87	0.999995	-0.00327374
-1149.61	3712.96	0.999995	-0.00326326
-1149.64	3720.06	0.999991	-0.00412497
-1149.67	3727.15	0.999989	-0.00459563
-1149.7	3734.25	0.99999	-0.00444719
-1149.74	3741.34	0.999989	-0.00474258
-1149.77	3747.84	0.99999	-0.00448566
-1149.8	3754.94	0.99999	-0.00439537
-1149.83	3762.03	0.999992	-0.00398382
-1149.85	3768.53	0.999995	-0.00328723
-1149.87	3775.62	0.999997	-0.00260954
-1149.89	3782.71	0.999997	-0.00238879
-1149.91	3789.79	0.999997	-0.00229858
-1149.92	3796.88	0.999998	-0.00195855
-1149.93	3803.38	0.999999	-0.00136211
-1149.94	3810.47	1	-0.000842285
-1149.95	3817.55	1	-0.000557221
-1149.95	3824.64	1	-7.70941e-07
-1149.95	3831.13	1	0.000291763
-1149.95	3838.21	1	0.000417877
-1149.94	3845.3	1	0.000789001
-1149.93	3852.38	0.999999	0.0012657
-1149.93	3859.46	1	0.000842651
-1149.92	3865.95	1	0.000548484
-1149.92	3873.03	1	0.000150993
-1149.92	3880.11	1	-0.000871399
-1149.93	3886.6	1	-0.000842896
-1149.93	3893.68	1	-0.000695343
-1149.94	3901.35	0.999999	-0.00131957
-1149.95	3908.42	0.999998	-0.00197562
-1149.97	3915.5	0.999996	-0.00266855
-1149.98	3922.57	0.999998	-0.00210664
-1150	3929.64	0.999998	-0.00195969
-1150.01	3936.72	0.999996	-0.00265601
-1150.03	3943.2	0.999994	-0.00339596
-1150.06	3950.27	0.999992	-0.00408828
-1150.09	3957.34	0.999993	-0.00373365
-1150.11	3964.41	0.999994	-0.00351389
-1150.14	3971.49	0.999995	-0.0031439
-1150.16	3977.96	0.999997	-0.00248698
-1150.17	3985.03	0.999998	-0.00209926
-1150.19	3992.1	0.999998	-0.00197382
-1150.2	3998.58	0.999999	-0.00167795
-1150.21	4005.65	1	-0.000947319
-1150.21	4012.71	1	-0.000559746
-1150.22	4019.78	1	-0.000150612
-1150.22	4026.84	1	0.00024662
-1150.21	4033.9	1	0.000403404
-1150.21	4040.38	1	0.000961036
-1150.2	4047.44	0.999999	0.00156782
-1150.19	4054.5	0.999999	0.00169311
-1150.18	4062.15	0.999999	0.00165019
-1150.17	4069.21	0.999999	0.00173091
-1150.15	4076.27	0.999999	0.00156579
-1150.14	4083.33	1	0.000870544
-1150.14	4089.8	1	5.08724e-05
-1150.14	4096.86	1	-0.000417534
-1150.14	4103.91	1	4.78817e-05
-1150.14	4110.38	1	-0.000487351
-1150.15	4117.44	0.999999	-0.00117805
-1150.16	4124.49	0.999999	-0.00134293
-1150.17	4131.55	0.999998	-0.00203751
-1150.19	4138.6	0.999998	-0.0019378
-1150.2	4145.66	0.999998	-0.00202314
-1150.21	4152.12	0.999996	-0.00277784
-1150.23	4159.17	0.999995	-0.00319941
-1150.26	4166.22	0.999994	-0.00356507
-1150.28	4172.69	0.999995	-0.00307341
-1150.3	4179.73	0.999997	-0.00240112
-1150.32	4186.78	0.999998	-0.00218232
-1150.33	4195	0.999999	-0.00164239
-1150.34	4201.46	1	-0.000569207
-1150.34	4208.51	1	0.000526306
-1150.33	4215.55	0.999999	0.00160092
-1150.32	4222.6	0.999998	0.0021251
-1150.31	4229.05	0.999997	0.00229468
-1150.29	4236.1	0.999996	0.0027052
-1150.27	4243.14	0.999996	0.00283007
-1150.25	4250.77	0.999995	0.00319212
-1150.22	4257.81	0.999994	0.00351142
-1150.2	4264.85	0.999994	0.00338902
-1150.18	4271.3	0.999995	0.00329634
-1150.16	4278.34	0.999998	0.00219881
-1150.15	4285.38	0.999999	0.00132737
-1150.14	4292.42	0.999999	0.0016292
-1150.12	4299.46	0.999998	0.00177477
-1150.11	4305.91	1	0.000750106
-1150.11	4312.95	1	6.19885e-05
-1150.11	4319.98	1	7.08614e-05
-1150.11	4326.43	1	9.77398e-05
-1150.11	4333.46	1	1.25195e-05
-1150.11	4340.49	1	-0.000858017
-1150.12	4347.53	0.999999	-0.00127843
-1150.13	4353.97	0.999999	-0.00167108
-1150.14	4361	0.999999	-0.00166214
-1150.15	4368.03	0.999997	-0.0025151
-1150.17	4375.07	0.999996	-0.00298138
-1150.19	4381.51	0.999996	-0.00276412
-1150.21	4388.54	0.999995	-0.00305732
-1150.23	4395.56	0.999996	-0.0027614
-1150.25	4402.59	0.999997	-0.00247957
-1150.27	4409.03	0.999998	-0.0020525
-1150.28	4416.06	0.999999	-0.00156101
-1150.29	4423.08	1	-0.000891579
-1150.29	4429.52	1	-0.00067379
-1150.3	4436.55	1	-0.000504814
-1150.3	4443.57	1	0.000163894
-1150.3	4450.59	0.999999	0.00122378
-1150.28	4457.61	0.999997	0.00239988
-1150.27	4464.63	0.999997	0.00240271
-1150.25	4471.07	0.999999	0.00150799
-1150.24	4478.09	0.999999	0.00160673
-1150.23	4485.1	0.999998	0.00206827
-1150.21	4492.7	0.999999	0.00163983
-1150.21	4499.14	1	0.000618728
-1150.21	4506.15	1	-6.7139e-05
-1150.21	4513.17	1	-0.000231537
-1150.21	4520.77	0.999999	-0.00102838
-1150.22	4527.78	1	-0.00092997
-1150.22	4534.8	0.999999	-0.00101539
-1150.23	4541.81	0.999998	-0.0018837
-1150.25	4548.82	0.999998	-0.00185557
-1150.26	4555.83	0.999999	-0.00145066
-1150.27	4562.26	0.999999	-0.00111352
-1150.27	4569.27	1	-0.000747574
-1150.28	4576.28	1	-8.01853e-05
-1150.28	4582.71	1	0.00020771
-1150.28	4589.72	1	0.000542144
-1150.27	4596.72	1	0.000836891
-1150.26	4603.73	1	0.000975746
-1150.26	4610.74	0.999999	0.00152922
-1150.24	4617.74	0.999998	0.00183532
-1150.23	4624.16	0.999999	0.00108945
-1150.23	4631.17	1	-9.33842e-05
-1150.23	4638.17	1	-0.000457581
-1150.23	4645.18	1	9.55578e-05
-1150.23	4651.59	1	0.0005634
-1150.23	4658.59	1	0.00020671
-1150.23	4665.59	1	-0.000884506
-1150.24	4672.59	0.999998	-0.00189478
-1150.25	4679.59	0.999998	-0.00179861
-1150.26	4686.01	0.999998	-0.00195656
-1150.28	4693.01	0.999996	-0.00282319
-1150.3	4700.01	0.999995	-0.00324374
-1150.33	4707	0.999994	-0.00346702
-1150.35	4713.42	0.999996	-0.00295478
-1150.37	4720.41	0.999997	-0.00238003
-1150.38	4727.4	0.999998	-0.00187011
-1150.39	4734.4	0.999999	-0.00133475
-1150.4	4741.39	1	-0.000163506
-1150.4	4748.39	1	0.000890129
-1150.39	4754.79	0.999998	0.00203314
-1150.37	4761.79	0.999995	0.00321925
-1150.35	4768.78	0.999992	0.00387908
-1150.32	4775.18	0.999991	0.00418959
-1150.28	4783.34	0.999992	0.00392397
-1150.26	4789.74	0.999994	0.00356939
-1150.24	4796.73	0.999992	0.00395148
-1150.21	4803.72	0.999994	0.003535
-1150.19	4811.29	0.999996	0.00265931
-1150.17	4817.69	0.999995	0.00300556
-1150.14	4824.67	0.999994	0.00337953
-1150.12	4831.66	0.999997	0.00242972
-1150.11	4838.64	0.999998	0.00175529
-1150.1	4845.04	0.999999	0.00167127
-1150.09	4852.02	0.999999	0.00153728
-1150.07	4859	0.999998	0.00200432
-1150.06	4865.98	0.999999	0.00136694
-1150.06	4872.96	1	0.000369369
-1150.05	4879.94	1	0.000256797
-1150.05	4886.34	1	-0.000155175
-1150.06	4893.32	1	-0.000610985
-1150.06	4900.29	1	-0.00046241
-1150.06	4907.27	0.999999	-0.00100017
-1150.07	4913.66	0.999999	-0.00134106
-1150.08	4920.64	0.999997	-0.00242199
-1150.1	4927.61	0.999995	-0.00327963
-1150.13	4934.59	0.999996	-0.00297667
-1150.14	4941.56	0.999998	-0.00191469
-1150.15	4948.53	1	-0.000292862
-1150.15	4955.5	0.999998	0.00205184
-1150.13	4962.47	0.999989	0.00466469
-1150.09	4969.45	0.999979	0.00641111
-1150.04	4976.41	0.999969	0.00790437
-1149.98	4983.38	0.999939	0.0110033
-1149.89	4990.35	0.999889	0.0148761
-1149.78	4997.32	0.999846	0.0175613
-1149.65	5004.29	0.999807	0.0196306
-1149.52	5010.67	0.999789	0.0205538
-1149.38	5017.63	0.999774	0.0212444
-1149.22	5024.6	0.999737	0.0229122
-1149.07	5031.56	0.999828	0.0185557
-1148.97	5037.94	0.999907	0.0136585
-1148.88	5044.91	0.999971	0.00761861
-1148.87	5051.87	0.999892	-0.0147298
-1149.09	5058.82	0.998064	-0.0621936
-1149.7	5065.76	0.992604	-0.121394
-1150.6	5072.08	0.987063	-0.160332
-1151.79	5078.94	0.983201	-0.182528
-1153.12	5085.77	0.977379	-0.211495
-1154.73	5092.55	0.964047	-0.265733
-1156.57	5098.66	0.950911	-0.309465
-1158.79	5105.26	0.941163	-0.337952
-1161.26	5111.77	0.926289	-0.376814
-1163.98	5118.18	0.91389	-0.405962
-1166.88	5124.51	0.90213	-0.431465
-1169.96	5130.75	0.889665	-0.456614
-1172.93	5136.4	0.877624	-0.47935
-1176.34	5142.47	0.863826	-0.50379
-1179.91	5148.44	0.85162	-0.524159
-1183.6	5154.34	0.842209	-0.539151
-1187.07	5159.69	0.833359	-0.552732
-1190.96	5165.45	0.823516	-0.567294
-1194.95	5171.15	0.81481	-0.579728
-1199.01	5176.8	0.807809	-0.589444
-1203.13	5182.4	0.800694	-0.599074
-1207.32	5187.94	0.793465	-0.608616
-1211.22	5192.98	0.787972	-0.615711
-1215.52	5198.45	0.78354	-0.621342
-1219.85	5203.88	0.779068	-0.62694
-1223.86	5208.83	0.774937	-0.632038
-1228.27	5214.2	0.771202	-0.63659
-1232.7	5219.55	0.768572	-0.639764
-1237.15	5224.88	0.76593	-0.642924
-1241.62	5230.19	0.762151	-0.647399
-1246.14	5235.47	0.756756	-0.653697
-1250.31	5240.27	0.751767	-0.659429
-1254.91	5245.47	0.746276	-0.665637
-1259.93	5251.06	0.742258	-0.670114
-1264.58	5256.21	0.741468	-0.670988
-1269.24	5261.35	0.740679	-0.671859
-1273.9	5266.49	0.739876	-0.672743
-1278.18	5271.19	0.739081	-0.673616
-1282.86	5276.32	0.738106	-0.674685
-1287.54	5281.43	0.736936	-0.675963
-1291.84	5286.11	0.735596	-0.677421
-1296.54	5291.21	0.734601	-0.678499
-1301.25	5296.3	0.734453	-0.67866
-1305.95	5301.39	0.733952	-0.679202
-1310.66	5306.47	0.732949	-0.680284
-1314.99	5311.12	0.723063	-0.690782
-1319.86	5316.05	0.694926	-0.719082
-1324.92	5320.78	0.665349	-0.746532
-1330.17	5325.3	0.634486	-0.772934
-1335.14	5329.25	0.60414	-0.796878
-1340.74	5333.33	0.567774	-0.823184
-1346.51	5337.16	0.530409	-0.847742
-1352.95	5341.01	0.491048	-0.871133
-1358.53	5344.05	0.460025	-0.887906
-1364.73	5347.14	0.426059	-0.904695
-1371.04	5349.99	0.391948	-0.919987
-1377.45	5352.61	0.361074	-0.932537
-1383.93	5355.03	0.334933	-0.942242
-1390.48	5357.28	0.308941	-0.951081
-1396.54	5359.18	0.285259	-0.95845
-1403.75	5361.23	0.26161	-0.965174
-1404.87	5361.53	0.260319	-0.965523
-1404.87	5361.53	0.260319	-0.965523
-1404.87	5361.53	0.260319	-0.965523
-1404.87	5361.53	0.260319	-0.965523
-1404.87	5361.53	0.260319	-0.965523
-1404.87	5361.53	0.260319	-0.965523
-1404.87	5361.53	0.260319	-0.965523
-1404.87	5361.53	0.260319	-0.965523
-1404.87	5361.53	0.260319	-0.965523
-1404.87	5361.53	0.260319	-0.965523
-1404.87	5361.53	0.260319	-0.965523
-1404.87	5361.53	0.260319	-0.965523
-1404.87	5361.53	0.260319	-0.965523
-1404.87	5361.53	0.260319	-0.965523
-1404.87	5361.53	0.260319	-0.965523
-1404.87	5361.53	0.260319	-0.965523
-1404.87	5361.53	0.260319	-0.965523
-1404.87	5361.53	0.260319	-0.965523
-1404.87	5361.53	0.260319	-0.965523
-1404.87	5361.53	0.260319	-0.965523
-1404.87	5361.53	0.260319	-0.965523
-1404.87	5361.53	0.260319	-0.965523
-1404.87	5361.53	0.260319	-0.965523
-1404.87	5361.53	0.260319	-0.965523
-1404.87	5361.53	0.260319	-0.965523
-1404.87	5361.53	0.260319	-0.965523
-1404.87	5361.53	0.260319	-0.965523
-1404.87	5361.53	0.260319	-0.965523
-1404.87	5361.53	0.260319	-0.965523
-1404.87	5361.53	0.260319	-0.965523
-1404.87	5361.53	0.260319	-0.965523
-1404.87	5361.53	0.260319	-0.965523
-1404.87	5361.53	0.260319	-0.965523
-1404.87	5361.53	0.260319	-0.965523
-1404.87	5361.53	0.260319	-0.965523
-1404.87	5361.53	0.260319	-0.965523
-1404.87	5361.53	0.260319	-0.965523
-1404.87	5361.53	0.260319	-0.965523
-1404.87	5361.53	0.260319	-0.965523
