1170	-5100	1	0
1170	-5100	1	0
1170	-5100	1	0
1170	-5100	1	0
1170	-5100	1	0
1170	-5100	1	0
1170	-5100	1	0
1170	-5100	1	0
1170	-5100	1	0
1170	-5100	1	0
1170	-5100	1	0
1170	-5100	1	0
1170	-5100	1	0
1170	-5100	1	0
1170	-5100	1	0
1170	-5100	1	0
1170	-5100	1	0
1170	-5100	1	0
1170	-5100	1	0
1170	-5100	1	0
1170	-5100	1	0
1170	-5100	1	0
1170	-5100	1	0
1170	-5100	1	0
1170	-5100	1	0
1170	-5100	1	0
1170	-5100	1	0
1170	-5100	1	0
1170	-5100	1	-0.000165161
1170	-5099.99	1	-0.000694355
1170	-5099.99	0.999998	-0.00186303
1170	-5099.97	0.999993	-0.00373826
1170	-5099.94	0.999977	-0.00684208
1170	-5099.91	0.999947	-0.01032
1170	-5099.87	0.999874	-0.0158898
1170	-5099.81	0.999747	-0.0224711
1170	-5099.74	0.99953	-0.0306533
1169.99	-5099.65	0.999182	-0.0404371
1169.99	-5099.56	0.998655	-0.0518474
1169.98	-5099.44	0.997889	-0.0649405
1169.97	-5099.32	0.996815	-0.0797455
1169.96	-5099.17	0.995357	-0.0962564
1169.94	-5099.02	0.993427	-0.114464
1169.92	-5098.84	0.990933	-0.134353
1169.9	-5098.66	0.987772	-0.155907
1169.86	-5098.46	0.983831	-0.179098
1169.82	-5098.24	0.981571	-0.191096
1169.78	-5098.02	0.981567	-0.191119
1169.73	-5097.77	0.981564	-0.191131
1169.68	-5097.52	0.981564	-0.191132
1169.63	-5097.25	0.981564	-0.191133
1169.57	-5096.96	0.981564	-0.191134
1169.51	-5096.66	0.981564	-0.191136
1169.45	-5096.35	0.981568	-0.191112
1169.39	-5096.03	0.981578	-0.191063
1169.33	-5095.69	0.981587	-0.191015
1169.26	-5095.34	0.981597	-0.190967
1169.19	-5094.97	0.981607	-0.190914
1169.11	-5094.6	0.981618	-0.190856
1169.04	-5094.2	0.981629	-0.190799
1168.96	-5093.8	0.98164	-0.190742
1168.87	-5093.37	0.981651	-0.190686
1168.79	-5092.94	0.981663	-0.190623
1168.7	-5092.49	0.981677	-0.190555
1168.61	-5092.03	0.98169	-0.190487
1168.52	-5091.55	0.981703	-0.190419
1168.42	-5091.06	0.981718	-0.19034
1168.32	-5090.54	0.981735	-0.190252
1168.22	-5090	0.981753	-0.190162
1168.11	-5089.42	0.98177	-0.190073
1167.99	-5088.82	0.981787	-0.189985
1167.87	-5088.17	0.981807	-0.189882
1167.73	-5087.49	0.98183	-0.189764
1167.6	-5086.78	0.981852	-0.189647
1167.45	-5086.03	0.981875	-0.189529
1167.3	-5085.24	0.981898	-0.18941
1167.14	-5084.42	0.981925	-0.189272
1166.98	-5083.57	0.981955	-0.189116
1166.81	-5082.68	0.981985	-0.188961
1166.63	-5081.75	0.982014	-0.188806
1166.44	-5080.79	0.982047	-0.188636
1166.25	-5079.79	0.982082	-0.188453
1166.05	-5078.76	0.982117	-0.188269
1165.85	-5077.69	0.982152	-0.188087
1165.64	-5076.59	0.982187	-0.187904
1165.42	-5075.45	0.982228	-0.187692
1165.2	-5074.27	0.982274	-0.187451
1164.96	-5073.06	0.982315	-0.187235
1164.73	-5071.82	0.982345	-0.187081
1164.48	-5070.54	0.982356	-0.187022
1164.23	-5069.22	0.982335	-0.187128
1163.98	-5067.87	0.982271	-0.187468
1163.71	-5066.49	0.982158	-0.188057
1163.44	-5065.06	0.981995	-0.188909
1163.16	-5063.61	0.981799	-0.189924
1162.87	-5062.12	0.981577	-0.191068
1162.57	-5060.59	0.981314	-0.192415
1162.26	-5059.03	0.981013	-0.193944
1161.95	-5057.44	0.980682	-0.195611
1161.62	-5055.81	0.98033	-0.197366
1161.29	-5054.15	0.979957	-0.199211
1160.94	-5052.45	0.979556	-0.20117
1160.58	-5050.72	0.97913	-0.203234
1160.21	-5048.95	0.978693	-0.205328
1159.84	-5047.16	0.978258	-0.207394
1159.45	-5045.33	0.977836	-0.209373
1159.05	-5043.48	0.977466	-0.211093
1158.64	-5041.6	0.97719	-0.212367
1158.23	-5039.7	0.976844	-0.213952
1157.81	-5037.79	0.976423	-0.215864
1157.38	-5035.86	0.976086	-0.217386
1156.94	-5033.91	0.975764	-0.218825
1156.5	-5031.94	0.975371	-0.220569
1156.05	-5029.96	0.974859	-0.222824
1155.59	-5027.97	0.974222	-0.225591
1155.13	-5025.96	0.973465	-0.228837
1154.65	-5023.93	0.972594	-0.232511
1154.15	-5021.89	0.971602	-0.236619
1153.65	-5019.83	0.970493	-0.24113
1153.13	-5017.76	0.969288	-0.245927
1152.6	-5015.67	0.968018	-0.250879
1152.05	-5013.57	0.966696	-0.255926
1151.48	-5011.46	0.965331	-0.26103
1150.9	-5009.33	0.963968	-0.266018
1150.31	-5007.19	0.962691	-0.270603
1149.7	-5005.04	0.961587	-0.274499
1149.08	-5002.87	0.960712	-0.277547
1148.44	-5000.69	0.960062	-0.279788
1147.8	-4998.49	0.959593	-0.281391
1147.15	-4996.27	0.9592	-0.28273
1146.49	-4994.04	0.958715	-0.284368
1145.82	-4991.8	0.958033	-0.286657
1145.14	-4989.54	0.957126	-0.289671
1144.45	-4987.26	0.956001	-0.293363
1143.75	-4984.97	0.954692	-0.297595
1143.02	-4982.67	0.953218	-0.302282
1142.28	-4980.36	0.951591	-0.307369
1141.53	-4978.04	0.949829	-0.31277
1140.75	-4975.7	0.94796	-0.318389
1139.96	-4973.35	0.946025	-0.324095
1139.14	-4970.99	0.944035	-0.329845
1138.31	-4968.62	0.941992	-0.335637
1137.45	-4966.23	0.939891	-0.341475
1136.57	-4963.84	0.937709	-0.347423
1135.68	-4961.44	0.935441	-0.353483
1134.76	-4959.02	0.9331	-0.359617
1133.82	-4956.6	0.930684	-0.365823
1132.85	-4954.17	0.928201	-0.372078
1131.87	-4951.73	0.925659	-0.378358
1130.86	-4949.28	0.92309	-0.384585
1129.82	-4946.82	0.92054	-0.390649
1128.77	-4944.35	0.918068	-0.396424
1127.69	-4941.87	0.915761	-0.401723
1126.59	-4939.38	0.913215	-0.407479
1125.47	-4936.89	0.910454	-0.41361
1124.33	-4934.39	0.907966	-0.419044
1123.16	-4931.87	0.905738	-0.423838
1121.98	-4929.35	0.903704	-0.428159
1120.77	-4926.82	0.901776	-0.432203
1119.55	-4924.28	0.899795	-0.436313
1118.31	-4921.73	0.897573	-0.440867
1117.04	-4919.17	0.89505	-0.445966
1115.76	-4916.61	0.892244	-0.451553
1114.45	-4914.04	0.889171	-0.457575
1113.11	-4911.46	0.885873	-0.463928
1111.75	-4908.88	0.882417	-0.470468
1110.36	-4906.29	0.878811	-0.47717
1108.94	-4903.7	0.875026	-0.484077
1107.49	-4901.1	0.871086	-0.491131
1106.02	-4898.5	0.867044	-0.498232
1104.51	-4895.9	0.862915	-0.505349
1102.98	-4893.3	0.85871	-0.512462
1101.41	-4890.69	0.854428	-0.51957
1099.81	-4888.09	0.850067	-0.526674
1098.18	-4885.48	0.84563	-0.533769
1096.53	-4882.87	0.841116	-0.540854
1094.84	-4880.26	0.837452	-0.54651
1093.12	-4877.65	0.834668	-0.550754
1091.39	-4875.03	0.831845	-0.555009
1089.63	-4872.4	0.82898	-0.559278
1087.85	-4869.77	0.826132	-0.563476
1086.04	-4867.14	0.823305	-0.567599
1084.22	-4864.5	0.820436	-0.571738
1082.36	-4861.86	0.81752	-0.5759
1080.49	-4859.21	0.814557	-0.580083
1078.59	-4856.56	0.811589	-0.584229
1076.67	-4853.9	0.808622	-0.588329
1074.73	-4851.24	0.805615	-0.592439
1072.76	-4848.57	0.802562	-0.596568
1070.77	-4845.9	0.799505	-0.60066
1068.75	-4843.23	0.796451	-0.604704
1066.71	-4840.55	0.793357	-0.608757
1064.64	-4837.87	0.790223	-0.612819
1062.56	-4835.19	0.787049	-0.61689
1060.44	-4832.51	0.784171	-0.620544
1058.31	-4829.82	0.781595	-0.623786
1056.15	-4827.12	0.778984	-0.627044
1053.97	-4824.42	0.776338	-0.630317
1051.77	-4821.72	0.773738	-0.633506
1049.54	-4819.01	0.771185	-0.636611
1047.3	-4816.3	0.7686	-0.639729
1045.03	-4813.58	0.765983	-0.642861
1042.74	-4810.86	0.763333	-0.646005
1040.42	-4808.14	0.760714	-0.649087
1038.09	-4805.41	0.758126	-0.652108
1035.73	-4802.68	0.755505	-0.655142
1033.35	-4799.94	0.752852	-0.658189
1030.95	-4797.2	0.750231	-0.661176
1028.52	-4794.46	0.747641	-0.664104
1026.08	-4791.72	0.745018	-0.667044
1023.61	-4788.97	0.742364	-0.669997
1021.12	-4786.21	0.739677	-0.672962
1018.6	-4783.46	0.737027	-0.675863
1016.06	-4780.7	0.734416	-0.678699
1013.5	-4777.94	0.731773	-0.681548
1010.92	-4775.18	0.729098	-0.68441
1008.32	-4772.41	0.72639	-0.687283
1005.69	-4769.64	0.723751	-0.690061
1003.04	-4766.87	0.721184	-0.692744
1000.37	-4764.1	0.718585	-0.69544
997.672	-4761.32	0.715956	-0.698146
994.955	-4758.54	0.713371	-0.700787
992.215	-4755.76	0.710828	-0.703366
989.453	-4752.98	0.708254	-0.705957
986.668	-4750.19	0.705649	-0.708562
983.861	-4747.41	0.703012	-0.711178
981.031	-4744.62	0.700428	-0.713723
978.179	-4741.82	0.697919	-0.716177
975.305	-4739.03	0.695503	-0.718523
972.409	-4736.24	0.693379	-0.720573
969.494	-4733.44	0.691935	-0.721959
966.561	-4730.63	0.691324	-0.722545
963.615	-4727.81	0.691309	-0.72256
960.657	-4724.98	0.691674	-0.72221
957.689	-4722.13	0.692309	-0.721601
954.712	-4719.27	0.693318	-0.720631
951.726	-4716.4	0.694717	-0.719283
948.735	-4713.5	0.696315	-0.717736
945.738	-4710.59	0.698017	-0.716081
942.736	-4707.66	0.699814	-0.714325
939.729	-4704.71	0.701751	-0.712422
936.718	-4701.73	0.703784	-0.710414
933.703	-4698.74	0.705819	-0.708392
930.685	-4695.73	0.707848	-0.706365
927.664	-4692.69	0.70989	-0.704312
924.639	-4689.64	0.711948	-0.702232
921.611	-4686.56	0.713998	-0.700147
918.58	-4683.46	0.716041	-0.698058
915.546	-4680.34	0.718077	-0.695963
912.509	-4677.2	0.720133	-0.693836
909.47	-4674.04	0.722208	-0.691676
906.428	-4670.86	0.724275	-0.689511
903.385	-4667.65	0.726335	-0.687341
900.339	-4664.42	0.728409	-0.685143
897.291	-4661.18	0.730496	-0.682917
894.241	-4657.91	0.732575	-0.680686
891.189	-4654.61	0.734647	-0.67845
888.136	-4651.3	0.73671	-0.676208
885.082	-4647.96	0.738761	-0.673967
882.026	-4644.61	0.740799	-0.671726
878.969	-4641.23	0.74283	-0.669481
875.911	-4637.82	0.744852	-0.66723
872.851	-4634.4	0.746858	-0.664984
869.791	-4630.95	0.748847	-0.662743
866.729	-4627.49	0.750834	-0.660491
863.667	-4624	0.752894	-0.658142
860.605	-4620.48	0.755218	-0.655474
857.545	-4616.95	0.758049	-0.652197
854.49	-4613.38	0.761487	-0.64818
851.445	-4609.79	0.76547	-0.643472
848.412	-4606.16	0.769911	-0.638152
845.395	-4602.5	0.774743	-0.632276
842.395	-4598.8	0.778534	-0.627603
839.402	-4595.08	0.781202	-0.624278
836.415	-4591.32	0.783986	-0.620778
833.435	-4587.55	0.786783	-0.61723
830.462	-4583.74	0.789533	-0.613708
827.495	-4579.91	0.792239	-0.61021
824.537	-4576.06	0.794942	-0.606686
821.585	-4572.17	0.79764	-0.603134
818.642	-4568.27	0.800345	-0.59954
815.709	-4564.34	0.804283	-0.594246
812.804	-4560.37	0.809464	-0.58717
809.932	-4556.39	0.814676	-0.579917
807.097	-4552.37	0.819875	-0.572543
804.298	-4548.34	0.823852	-0.566805
801.523	-4544.28	0.826623	-0.562756
798.768	-4540.22	0.829374	-0.558694
796.035	-4536.15	0.832103	-0.554621
793.322	-4532.06	0.834811	-0.550537
790.63	-4527.96	0.837434	-0.546539
787.958	-4523.85	0.839972	-0.54263
785.307	-4519.73	0.842491	-0.53871
782.675	-4515.6	0.84499	-0.534781
780.064	-4511.45	0.847471	-0.530842
777.473	-4507.3	0.849963	-0.526843
774.902	-4503.13	0.852466	-0.522783
772.352	-4498.96	0.854949	-0.518713
769.823	-4494.77	0.857411	-0.514633
767.318	-4490.57	0.862073	-0.506785
764.863	-4486.34	0.868831	-0.495108
762.466	-4482.09	0.875431	-0.483344
760.128	-4477.8	0.88187	-0.471493
757.847	-4473.48	0.888144	-0.459565
755.623	-4469.13	0.892122	-0.451794
753.424	-4464.77	0.893704	-0.448657
751.239	-4460.4	0.894771	-0.446525
749.063	-4456.04	0.895243	-0.445577
746.89	-4451.67	0.894944	-0.446179
744.711	-4447.31	0.893901	-0.448265
742.52	-4442.95	0.892368	-0.451308
740.314	-4438.61	0.890431	-0.455119
738.089	-4434.28	0.888132	-0.459588
735.842	-4429.96	0.885484	-0.46467
733.569	-4425.65	0.882534	-0.47025
731.269	-4421.36	0.879361	-0.476156
728.941	-4417.09	0.876012	-0.482289
726.582	-4412.84	0.87253	-0.488561
724.193	-4408.6	0.868942	-0.494913
721.772	-4404.38	0.865273	-0.501301
719.321	-4400.17	0.861518	-0.507727
716.838	-4395.99	0.857664	-0.51421
714.323	-4391.82	0.853828	-0.520555
711.778	-4387.68	0.850038	-0.526722
709.204	-4383.55	0.846203	-0.532861
706.599	-4379.44	0.842324	-0.538972
703.965	-4375.35	0.838623	-0.544713
701.304	-4371.27	0.835107	-0.550088
698.617	-4367.22	0.831557	-0.55544
695.904	-4363.18	0.827972	-0.560769
693.165	-4359.16	0.824354	-0.566075
690.401	-4355.15	0.820802	-0.571213
687.612	-4351.17	0.817319	-0.576185
684.798	-4347.2	0.813806	-0.581136
681.961	-4343.24	0.810264	-0.586066
679.1	-4339.31	0.806691	-0.590973
676.215	-4335.39	0.803229	-0.59567
673.307	-4331.49	0.799918	-0.600109
670.379	-4327.6	0.796686	-0.604394
667.429	-4323.73	0.793507	-0.608561
664.46	-4319.87	0.790318	-0.612697
661.47	-4316.03	0.787274	-0.616604
658.461	-4312.21	0.784314	-0.620364
655.434	-4308.4	0.781168	-0.624321
652.386	-4304.6	0.777772	-0.628547
649.317	-4300.82	0.773712	-0.633537
646.221	-4297.06	0.769043	-0.639197
643.096	-4293.32	0.764261	-0.644907
639.943	-4289.61	0.759425	-0.650595
636.762	-4285.92	0.754545	-0.656248
633.231	-4281.89	0.749284	-0.662249
630.317	-4278.61	0.745097	-0.666956
627.056	-4274.98	0.740409	-0.672156
623.768	-4271.38	0.735684	-0.677325
620.454	-4267.8	0.730922	-0.682461
617.114	-4264.25	0.725018	-0.68873
613.739	-4260.72	0.717942	-0.696103
610.328	-4257.23	0.71079	-0.703404
606.88	-4253.78	0.703563	-0.710633
603.396	-4250.36	0.696292	-0.717759
599.877	-4246.97	0.688972	-0.724788
596.323	-4243.62	0.681567	-0.731756
592.734	-4240.3	0.674079	-0.73866
589.11	-4237.02	0.666515	-0.745492
585.453	-4233.78	0.658962	-0.752176
581.762	-4230.57	0.651422	-0.758716
578.039	-4227.4	0.643815	-0.765181
574.283	-4224.27	0.636142	-0.771572
570.495	-4221.17	0.62849	-0.777817
566.677	-4218.11	0.620861	-0.78392
562.827	-4215.08	0.613175	-0.789947
558.948	-4212.1	0.60548	-0.79586
555.038	-4209.15	0.597908	-0.801565
551.1	-4206.23	0.591	-0.806672
547.137	-4203.35	0.585194	-0.810893
543.154	-4200.49	0.580505	-0.814257
539.155	-4197.65	0.576837	-0.81686
535.143	-4194.82	0.574069	-0.818807
531.121	-4192.01	0.571752	-0.820426
527.089	-4189.21	0.569296	-0.822133
523.047	-4186.42	0.566458	-0.82409
518.992	-4183.64	0.563098	-0.82639
514.922	-4180.88	0.559246	-0.829002
510.835	-4178.13	0.55492	-0.831904
506.728	-4175.4	0.550127	-0.835081
502.597	-4172.7	0.545025	-0.83842
498.444	-4170.01	0.539757	-0.841821
494.266	-4167.35	0.534361	-0.845256
490.065	-4164.71	0.528846	-0.848718
485.841	-4162.09	0.523261	-0.852172
481.593	-4159.5	0.517646	-0.855595
477.321	-4156.93	0.512122	-0.858913
473.027	-4154.38	0.506843	-0.862039
468.711	-4151.86	0.501946	-0.864899
464.375	-4149.35	0.497592	-0.867411
460.019	-4146.87	0.493708	-0.869628
455.642	-4144.39	0.490153	-0.871636
451.244	-4141.93	0.486687	-0.873576
446.824	-4139.47	0.482925	-0.875662
442.38	-4137.03	0.47862	-0.878022
437.91	-4134.61	0.473876	-0.880592
433.413	-4132.2	0.468879	-0.883263
428.888	-4129.81	0.463647	-0.88602
424.335	-4127.45	0.458208	-0.888845
419.754	-4125.1	0.452777	-0.891624
415.145	-4122.77	0.44745	-0.894309
410.508	-4120.47	0.442172	-0.89693
405.844	-4118.18	0.437097	-0.899414
401.154	-4115.91	0.432387	-0.901688
396.439	-4113.66	0.428302	-0.903635
391.7	-4111.43	0.424896	-0.905242
386.94	-4109.2	0.422026	-0.906584
382.159	-4106.98	0.419696	-0.907665
377.359	-4104.77	0.417834	-0.908523
372.54	-4102.55	0.415887	-0.909416
367.703	-4100.35	0.413697	-0.910414
362.846	-4098.15	0.411697	-0.911321
357.971	-4095.95	0.409999	-0.912086
353.078	-4093.75	0.408547	-0.912737
348.168	-4091.56	0.407202	-0.913338
343.241	-4089.36	0.405846	-0.913941
338.297	-4087.17	0.40447	-0.914551
333.335	-4084.98	0.403092	-0.915159
328.356	-4082.79	0.40269	-0.915336
323.365	-4080.59	0.403267	-0.915083
318.36	-4078.39	0.403842	-0.914829
313.343	-4076.17	0.404417	-0.914575
308.314	-4073.95	0.405552	-0.914072
303.274	-4071.7	0.407245	-0.913319
298.225	-4069.45	0.408937	-0.912563
293.166	-4067.18	0.410627	-0.911803
288.098	-4064.89	0.412317	-0.911041
283.019	-4062.59	0.414142	-0.910212
277.932	-4060.27	0.416102	-0.909318
272.836	-4057.93	0.418061	-0.908419
267.731	-4055.58	0.420018	-0.907516
262.618	-4053.2	0.422109	-0.906545
257.497	-4050.81	0.424333	-0.905506
252.367	-4048.4	0.426556	-0.904461
247.23	-4045.97	0.428776	-0.903411
242.085	-4043.53	0.430995	-0.902355
236.932	-4041.06	0.43329	-0.901255
231.773	-4038.57	0.435661	-0.900111
226.606	-4036.06	0.438031	-0.89896
221.432	-4033.54	0.440398	-0.897803
216.251	-4030.99	0.442962	-0.89654
211.064	-4028.42	0.446081	-0.894993
205.874	-4025.82	0.449986	-0.893035
200.682	-4023.19	0.454751	-0.890619
195.493	-4020.52	0.460365	-0.88773
190.314	-4017.82	0.466881	-0.88432
185.156	-4015.08	0.474214	-0.88041
180.023	-4012.29	0.482146	-0.876091
174.918	-4009.45	0.490529	-0.871425
169.843	-4006.57	0.499245	-0.866461
164.798	-4003.63	0.508126	-0.861283
159.786	-4000.65	0.517049	-0.855956
154.806	-3997.61	0.525972	-0.850502
149.86	-3994.53	0.534861	-0.84494
144.949	-3991.39	0.543617	-0.839333
140.071	-3988.2	0.55224	-0.833685
135.228	-3984.96	0.560817	-0.82794
130.42	-3981.68	0.569332	-0.822108
125.648	-3978.34	0.577769	-0.8162
120.911	-3974.96	0.585914	-0.810373
116.21	-3971.53	0.593651	-0.804723
111.542	-3968.06	0.600873	-0.799345
106.906	-3964.55	0.607312	-0.794464
102.298	-3961.01	0.612558	-0.790426
97.2556	-3957.08	0.617011	-0.786955
93.1462	-3953.85	0.619952	-0.784639
88.5947	-3950.24	0.622575	-0.78256
84.0555	-3946.62	0.624633	-0.780919
79.5263	-3943	0.626126	-0.779722
75.0045	-3939.36	0.627249	-0.778819
70.4892	-3935.72	0.628288	-0.777981
65.98	-3932.07	0.62926	-0.777195
61.4765	-3928.42	0.630036	-0.776566
56.9775	-3924.77	0.630648	-0.776069
52.4828	-3921.12	0.63125	-0.77558
47.9924	-3917.46	0.631851	-0.77509
43.5061	-3913.8	0.632452	-0.774599
39.0241	-3910.14	0.632997	-0.774154
34.5458	-3906.48	0.633484	-0.773756
30.0712	-3902.81	0.633971	-0.773357
25.6004	-3899.14	0.634458	-0.772958
21.1332	-3895.47	0.634944	-0.772558
16.6695	-3891.8	0.635385	-0.772195
12.2093	-3888.13	0.635767	-0.771881
7.75235	-3884.46	0.636175	-0.771545
3.29875	-3880.79	0.6366	-0.771194
-1.15111	-3877.11	0.637468	-0.770477
-5.5941	-3873.43	0.638777	-0.769392
-10.0295	-3869.74	0.640085	-0.768304
-14.4572	-3866.05	0.641391	-0.767214
-18.8772	-3862.35	0.642695	-0.766122
-23.2896	-3858.64	0.643996	-0.765029
-27.6944	-3854.93	0.645294	-0.763934
-32.0915	-3851.21	0.646591	-0.762837
-36.4809	-3847.48	0.647885	-0.761738
-40.8597	-3843.75	0.653084	-0.757286
-45.1998	-3839.97	0.662119	-0.749399
-49.4934	-3836.14	0.671058	-0.741405
-53.7402	-3832.26	0.679901	-0.733304
-57.9395	-3828.33	0.688645	-0.725098
-62.0941	-3824.35	0.693022	-0.720917
-66.2386	-3820.37	0.693105	-0.720837
-70.3813	-3816.38	0.693187	-0.720758
-74.5223	-3812.4	0.69327	-0.720678
-79.0757	-3808.02	0.693101	-0.72084
-82.8015	-3804.44	0.692708	-0.721218
-86.9424	-3800.46	0.692272	-0.721637
-91.0845	-3796.49	0.691835	-0.722056
-95.2276	-3792.52	0.691394	-0.722478
-99.3719	-3788.56	0.690898	-0.722952
-103.518	-3784.6	0.69035	-0.723476
-107.666	-3780.64	0.689802	-0.723998
-111.815	-3776.69	0.689253	-0.72452
-115.966	-3772.75	0.688704	-0.725042
-120.119	-3768.8	0.688052	-0.725661
-124.274	-3764.87	0.687295	-0.726378
-128.433	-3760.94	0.686538	-0.727094
-132.594	-3757.01	0.68578	-0.727809
-136.757	-3753.09	0.685022	-0.728522
-140.924	-3749.18	0.684264	-0.729235
-145.093	-3745.27	0.683505	-0.729946
-149.266	-3741.36	0.682745	-0.730657
-153.441	-3737.46	0.681984	-0.731367
-157.618	-3733.57	0.681172	-0.732124
-161.799	-3729.69	0.680307	-0.732927
-165.984	-3725.81	0.679441	-0.73373
-170.171	-3721.93	0.678575	-0.734532
-174.362	-3718.06	0.677708	-0.735332
-178.556	-3714.2	0.67684	-0.73613
-182.753	-3710.35	0.675972	-0.736927
-186.954	-3706.5	0.675103	-0.737724
-191.157	-3702.65	0.674233	-0.738519
-195.364	-3698.82	0.674152	-0.738593
-199.566	-3694.98	0.674859	-0.737947
-203.764	-3691.14	0.675565	-0.7373
-207.957	-3687.29	0.676271	-0.736653
-212.145	-3683.44	0.677027	-0.735958
-216.327	-3679.59	0.677835	-0.735214
-220.504	-3675.74	0.678642	-0.73447
-224.675	-3671.88	0.679447	-0.733724
-228.841	-3668.02	0.680252	-0.732978
-233.002	-3664.16	0.680309	-0.732926
-237.165	-3660.3	0.679242	-0.733914
-241.331	-3656.44	0.678174	-0.734901
-245.503	-3652.6	0.677105	-0.735887
-249.678	-3648.76	0.676743	-0.736219
-254.267	-3644.54	0.677515	-0.735509
-258.018	-3641.08	0.678145	-0.734928
-262.18	-3637.24	0.678845	-0.734281
-266.338	-3633.39	0.679545	-0.733634
-270.491	-3629.54	0.680243	-0.732987
-274.638	-3625.69	0.68093	-0.732349
-278.781	-3621.84	0.681423	-0.731889
-282.921	-3617.98	0.681364	-0.731945
-287.062	-3614.13	0.68033	-0.732906
-291.209	-3610.29	0.678463	-0.734635
-295.366	-3606.46	0.675873	-0.737018
-299.536	-3602.65	0.672751	-0.739869
-303.722	-3598.85	0.669256	-0.743032
-307.925	-3595.08	0.665372	-0.746512
-312.147	-3591.34	0.661235	-0.750179
-316.389	-3587.61	0.656955	-0.75393
-320.65	-3583.92	0.652591	-0.757711
-324.932	-3580.25	0.64817	-0.761496
-329.233	-3576.6	0.64378	-0.76521
-333.554	-3572.99	0.639474	-0.768813
-337.894	-3569.39	0.635138	-0.772398
-342.252	-3565.82	0.630785	-0.775957
-346.629	-3562.28	0.626551	-0.779381
-351.024	-3558.76	0.622558	-0.782573
-355.434	-3555.27	0.618831	-0.785524
-359.859	-3551.8	0.615827	-0.787881
-364.293	-3548.34	0.614227	-0.789129
-368.731	-3544.89	0.614067	-0.789254
-373.165	-3541.43	0.615314	-0.788282
-377.591	-3537.97	0.617244	-0.786772
-382.006	-3534.5	0.619338	-0.785124
-386.411	-3531.02	0.621444	-0.783458
-390.805	-3527.52	0.623271	-0.782006
-395.191	-3524.02	0.624174	-0.781285
-399.574	-3520.52	0.623879	-0.781521
-403.959	-3517.03	0.622282	-0.782793
-408.352	-3513.54	0.619306	-0.78515
-412.759	-3510.08	0.614905	-0.788601
-417.187	-3506.65	0.609389	-0.792872
-421.638	-3503.25	0.603464	-0.79739
-426.113	-3499.88	0.596454	-0.802647
-430.62	-3496.56	0.587852	-0.808968
-435.161	-3493.29	0.579159	-0.815215
-439.736	-3490.07	0.570321	-0.821422
-444.343	-3486.9	0.561359	-0.827573
-448.983	-3483.79	0.552375	-0.833596
-453.655	-3480.72	0.543401	-0.839473
-458.358	-3477.7	0.534368	-0.845252
-463.092	-3474.74	0.525284	-0.850927
-467.856	-3471.83	0.516182	-0.856479
-473.129	-3468.68	0.506595	-0.862184
-477.467	-3466.15	0.499589	-0.866263
-482.309	-3463.38	0.493064	-0.869993
-487.167	-3460.64	0.488255	-0.872701
-492.036	-3457.93	0.485334	-0.874329
-497.399	-3454.96	0.484006	-0.875065
-502.274	-3452.26	0.483803	-0.875177
-507.148	-3449.57	0.48409	-0.875018
-512.02	-3446.87	0.484326	-0.874888
-516.889	-3444.18	0.484359	-0.874869
-521.27	-3441.75	0.484188	-0.874964
-526.625	-3438.79	0.483635	-0.87527
-531.493	-3436.1	0.482962	-0.875641
-536.361	-3433.42	0.482336	-0.875986
-541.23	-3430.74	0.481827	-0.876266
-545.611	-3428.33	0.481424	-0.876488
-550.967	-3425.39	0.480965	-0.87674
-555.835	-3422.72	0.480547	-0.876969
-560.216	-3420.32	0.480123	-0.877201
-565.571	-3417.39	0.47953	-0.877525
-570.439	-3414.73	0.478992	-0.877819
-575.307	-3412.08	0.478459	-0.87811
-580.175	-3409.43	0.477959	-0.878382
-585.043	-3406.78	0.477599	-0.878578
-589.91	-3404.13	0.477363	-0.878706
-594.777	-3401.49	0.477141	-0.878827
-599.643	-3398.85	0.476882	-0.878967
-604.508	-3396.21	0.476558	-0.879143
-608.886	-3393.84	0.476276	-0.879296
-614.236	-3390.94	0.476009	-0.879441
-619.099	-3388.31	0.475795	-0.879556
-623.961	-3385.68	0.475572	-0.879677
-628.822	-3383.05	0.47534	-0.879802
-633.683	-3380.43	0.475081	-0.879942
-638.542	-3377.81	0.47473	-0.880132
-643.402	-3375.19	0.474212	-0.880411
-648.261	-3372.57	0.473389	-0.880853
-653.122	-3369.96	0.472336	-0.881419
-657.985	-3367.36	0.471256	-0.881997
-662.849	-3364.76	0.470179	-0.882571
-667.715	-3362.17	0.469116	-0.883137
-672.583	-3359.59	0.468187	-0.88363
-677.451	-3357.01	0.467391	-0.884051
-682.32	-3354.44	0.466614	-0.884461
-687.19	-3351.87	0.465862	-0.884857
-692.06	-3349.31	0.465138	-0.885238
-696.931	-3346.75	0.464445	-0.885602
-701.803	-3344.2	0.463785	-0.885948
-706.674	-3341.65	0.463169	-0.88627
-711.546	-3339.11	0.462675	-0.886528
-716.418	-3336.57	0.462476	-0.886632
-721.288	-3334.03	0.462848	-0.886438
-726.154	-3331.48	0.463983	-0.885844
-731.015	-3328.93	0.465802	-0.884889
-735.868	-3326.37	0.468033	-0.883711
-740.714	-3323.8	0.470549	-0.882374
-745.549	-3321.21	0.473331	-0.880885
-750.375	-3318.61	0.476326	-0.879269
-755.191	-3315.99	0.479479	-0.877553
-759.995	-3313.36	0.482692	-0.87579
-764.788	-3310.71	0.485791	-0.874075
-769.57	-3308.04	0.488765	-0.872416
-774.342	-3305.36	0.491731	-0.870747
-779.103	-3302.66	0.494759	-0.86903
-783.853	-3299.95	0.498853	-0.866687
-788.586	-3297.21	0.504011	-0.863697
-793.301	-3294.44	0.509225	-0.860634
-797.998	-3291.65	0.514428	-0.857534
-802.676	-3288.83	0.519716	-0.854339
-807.335	-3285.98	0.525172	-0.850996
-811.974	-3283.1	0.530726	-0.847543
-816.593	-3280.19	0.536356	-0.843992
-821.19	-3277.25	0.542065	-0.840337
-825.766	-3274.28	0.547786	-0.836618
-830.321	-3271.28	0.553428	-0.832897
-834.853	-3268.25	0.558987	-0.829176
-839.364	-3265.19	0.56452	-0.82542
-843.853	-3262.1	0.570026	-0.821627
-848.32	-3258.99	0.57533	-0.817922
-852.765	-3255.84	0.580337	-0.814376
-857.191	-3252.67	0.584812	-0.811169
-861.6	-3249.48	0.588018	-0.808848
-865.998	-3246.28	0.589621	-0.80768
-870.391	-3243.07	0.589939	-0.807448
-874.783	-3239.86	0.589636	-0.807669
-879.176	-3236.66	0.589354	-0.807875
-883.567	-3233.45	0.589234	-0.807962
-887.957	-3230.25	0.589181	-0.808001
-892.347	-3227.05	0.589098	-0.808061
-896.735	-3223.85	0.58897	-0.808155
-901.122	-3220.66	0.588888	-0.808215
-905.508	-3217.46	0.588935	-0.808181
-909.893	-3214.26	0.589168	-0.808011
-914.274	-3211.07	0.589561	-0.807724
-918.653	-3207.87	0.590038	-0.807376
-923.028	-3204.67	0.590535	-0.807012
-927.4	-3201.47	0.591033	-0.806647
-931.769	-3198.27	0.59153	-0.806283
-936.134	-3195.06	0.592054	-0.805898
-940.496	-3191.86	0.592735	-0.805398
-944.853	-3188.65	0.593936	-0.804513
-949.202	-3185.43	0.595909	-0.803052
-953.541	-3182.2	0.59865	-0.801011
-957.866	-3178.96	0.602105	-0.798417
-962.175	-3175.7	0.606076	-0.795407
-966.466	-3172.41	0.610309	-0.792164
-970.738	-3169.11	0.614591	-0.788846
-974.99	-3165.78	0.618842	-0.785516
-979.223	-3162.43	0.623073	-0.782164
-983.436	-3159.06	0.627285	-0.77879
-987.63	-3155.67	0.631374	-0.775479
-991.805	-3152.25	0.63534	-0.772232
-995.961	-3148.82	0.639312	-0.768947
-1000.1	-3145.36	0.643323	-0.765595
-1004.22	-3141.89	0.647396	-0.762154
-1008.31	-3138.39	0.651434	-0.758706
-1012.39	-3134.88	0.65543	-0.755256
-1016.45	-3131.34	0.659465	-0.751735
-1020.49	-3127.78	0.663495	-0.748181
-1024.5	-3124.21	0.667332	-0.744761
-1028.5	-3120.61	0.67102	-0.741439
-1032.48	-3116.99	0.674736	-0.738059
-1036.44	-3113.36	0.678438	-0.734658
-1040.38	-3109.71	0.682121	-0.73124
-1044.3	-3106.04	0.687655	-0.726038
-1048.18	-3102.33	0.694999	-0.719011
-1052.02	-3098.58	0.702269	-0.711911
-1055.83	-3094.8	0.709466	-0.70474
-1059.59	-3090.98	0.716663	-0.697419
-1063.32	-3087.12	0.723858	-0.689948
-1067	-3083.22	0.730974	-0.682405
-1070.64	-3079.29	0.73801	-0.67479
-1074.24	-3075.32	0.744965	-0.667103
-1077.8	-3071.31	0.7518	-0.659392
-1081.31	-3067.27	0.758514	-0.651656
-1084.78	-3063.2	0.765148	-0.643854
-1088.21	-3059.09	0.7717	-0.635986
-1091.6	-3054.95	0.77817	-0.628053
-1094.94	-3050.77	0.784451	-0.620191
-1098.24	-3046.56	0.790545	-0.612404
-1101.5	-3042.33	0.796561	-0.604558
-1104.71	-3038.06	0.802498	-0.596655
-1107.88	-3033.76	0.808286	-0.58879
-1111.01	-3029.43	0.813928	-0.580966
-1114.09	-3025.07	0.819493	-0.573089
-1117.14	-3020.68	0.82498	-0.565161
-1120.13	-3016.27	0.83039	-0.557182
-1123.09	-3011.83	0.835656	-0.549253
-1126	-3007.36	0.840781	-0.541375
-1128.87	-3002.87	0.845831	-0.533451
-1131.7	-2998.35	0.850804	-0.525483
-1134.48	-2993.81	0.85561	-0.517622
-1137.22	-2989.24	0.86025	-0.509872
-1139.92	-2984.65	0.864819	-0.502083
-1142.57	-2980.04	0.869317	-0.494255
-1145.19	-2975.4	0.873743	-0.486388
-1147.76	-2970.74	0.877981	-0.478696
-1150.29	-2966.07	0.882036	-0.471183
-1152.78	-2961.37	0.886025	-0.463637
-1155.23	-2956.65	0.88995	-0.456059
-1157.63	-2951.91	0.893725	-0.448615
-1160	-2947.16	0.897356	-0.441307
-1162.33	-2942.39	0.900926	-0.433972
-1164.62	-2937.6	0.904436	-0.42661
-1166.86	-2932.79	0.907884	-0.419222
-1169.07	-2927.97	0.910448	-0.413623
-1171.26	-2923.13	0.912162	-0.409829
-1173.43	-2918.29	0.91386	-0.406029
-1175.57	-2913.45	0.915541	-0.402225
-1177.69	-2908.59	0.917102	-0.398652
-1179.8	-2903.73	0.918547	-0.395313
-1181.88	-2898.86	0.919978	-0.39197
-1183.95	-2893.99	0.921397	-0.388624
-1186	-2889.11	0.922802	-0.385274
-1188.03	-2884.23	0.924319	-0.381621
-1190.04	-2879.34	0.925943	-0.377662
-1192.03	-2874.44	0.92755	-0.373699
-1194	-2869.53	0.929139	-0.369731
-1195.94	-2864.62	0.93071	-0.365757
-1197.86	-2859.7	0.932662	-0.360752
-1199.75	-2854.77	0.934977	-0.354708
-1201.61	-2849.83	0.937253	-0.348651
-1203.44	-2844.88	0.939488	-0.342581
-1205.24	-2839.92	0.941597	-0.336742
-1207	-2834.95	0.943583	-0.331135
-1208.73	-2829.97	0.945536	-0.325518
-1210.44	-2824.99	0.947454	-0.319892
-1212.11	-2819.99	0.949338	-0.314256
-1213.75	-2814.99	0.951129	-0.308795
-1215.37	-2809.98	0.952828	-0.303512
-1216.95	-2804.96	0.954497	-0.298221
-1218.51	-2799.93	0.956136	-0.292923
-1220.04	-2794.9	0.957838	-0.28731
-1221.54	-2789.86	0.959596	-0.281381
-1223.01	-2784.81	0.961317	-0.275443
-1224.44	-2779.76	0.963001	-0.269497
-1225.84	-2774.7	0.964648	-0.263542
-1227.22	-2769.63	0.966191	-0.257828
-1228.56	-2764.55	0.967634	-0.252356
-1229.87	-2759.47	0.969047	-0.246878
-1231.15	-2754.39	0.970427	-0.241393
-1232.41	-2749.29	0.972221	-0.234066
-1233.61	-2744.19	0.974385	-0.224886
-1234.77	-2739.08	0.976462	-0.215689
-1235.89	-2733.96	0.978452	-0.206474
-1236.95	-2728.83	0.980355	-0.197242
-1237.96	-2723.69	0.982169	-0.187999
-1238.93	-2718.55	0.983896	-0.178744
-1239.84	-2713.39	0.985534	-0.169476
-1240.71	-2708.23	0.987085	-0.160195
-1241.53	-2703.07	0.988549	-0.150901
-1242.3	-2697.9	0.989656	-0.143464
-1243.04	-2692.72	0.990448	-0.13789
-1243.75	-2687.54	0.991208	-0.132314
-1244.43	-2682.36	0.991937	-0.126735
-1245.08	-2677.18	0.992618	-0.121282
-1245.7	-2672	0.993255	-0.115954
-1246.29	-2666.81	0.993862	-0.110626
-1246.86	-2661.63	0.994441	-0.105295
-1247.4	-2656.44	0.994991	-0.09996
-1247.91	-2651.25	0.995495	-0.0948108
-1248.39	-2646.06	0.995955	-0.0898525
-1248.85	-2640.87	0.99639	-0.0848939
-1249.28	-2635.68	0.996801	-0.0799252
-1249.69	-2630.49	0.997185	-0.0749808
-1250.07	-2625.3	0.997552	-0.0699258
-1250.42	-2620.11	0.997922	-0.0644332
-1250.74	-2614.92	0.998298	-0.0583184
-1251.03	-2609.72	0.998669	-0.0515731
-1251.28	-2604.53	0.999016	-0.0443568
-1251.5	-2599.34	0.99932	-0.0368599
-1251.67	-2594.15	0.999572	-0.0292428
-1251.81	-2588.95	0.999766	-0.0216172
-1251.91	-2583.76	0.9999	-0.0141543
-1251.97	-2578.57	0.999976	-0.00690249
-1251.99	-2573.38	1	0.000283502
-1251.97	-2568.2	0.999972	0.0074511
-1251.92	-2563.01	0.999893	0.0146308
-1251.83	-2557.83	0.999765	0.0216563
-1251.7	-2552.65	0.999593	0.0285258
-1251.54	-2547.47	0.999372	0.0354345
-1251.34	-2542.3	0.999098	0.0424744
-1251.1	-2537.12	0.998745	0.0500926
-1250.83	-2531.96	0.998303	0.0582388
-1250.51	-2526.79	0.99779	0.0664506
-1250.15	-2521.63	0.997208	0.0746701
-1249.75	-2516.48	0.996562	0.082852
-1249.3	-2511.33	0.995942	0.0899935
-1248.83	-2506.18	0.995425	0.0955436
-1248.32	-2501.04	0.995011	0.0997665
-1247.8	-2495.91	0.994735	0.102483
-1247.21	-2490.26	0.994588	0.103895
-1246.73	-2485.64	0.994642	0.103382
-1246.2	-2480.51	0.994846	0.101394
-1245.68	-2475.38	0.995135	0.098523
-1245.18	-2470.25	0.995447	0.0953115
-1244.7	-2465.12	0.995754	0.0920517
-1244.23	-2459.98	0.996041	0.0888922
-1243.78	-2454.85	0.996303	0.0859099
-1243.34	-2449.72	0.99655	0.0829994
-1242.92	-2444.59	0.996787	0.0800983
-1242.52	-2439.46	0.99702	0.0771385
-1242.12	-2434.33	0.997249	0.0741198
-1241.75	-2429.21	0.997469	0.0711009
-1241.39	-2424.08	0.99768	0.0680817
-1241.05	-2418.95	0.997808	0.0661758
-1240.71	-2413.82	0.99786	0.0653835
-1240.37	-2408.7	0.997912	0.0645915
-1240.04	-2403.58	0.997963	0.0637996
-1239.72	-2398.45	0.998013	0.063008
-1239.4	-2393.33	0.998124	0.0612272
-1239.09	-2388.21	0.99829	0.0584571
-1238.79	-2383.09	0.998448	0.0556868
-1238.51	-2377.98	0.998599	0.0529165
-1238.25	-2372.86	0.998742	0.0501462
-1238	-2367.74	0.99888	0.0473173
-1237.76	-2362.63	0.999013	0.0444297
-1237.54	-2357.51	0.999137	0.0415422
-1237.33	-2352.4	0.999253	0.0386547
-1237.14	-2347.29	0.999358	0.035829
-1236.96	-2342.17	0.999453	0.0330652
-1236.8	-2337.06	0.999541	0.0303015
-1236.65	-2331.95	0.999621	0.0275378
-1236.52	-2326.85	0.999693	0.0247744
-1236.4	-2321.74	0.999756	0.0220733
-1236.29	-2316.63	0.999811	0.0194345
-1236.19	-2311.53	0.999859	0.016796
-1236.11	-2306.43	0.9999	0.0141577
-1236.05	-2301.33	0.999933	0.0115816
-1235.99	-2296.23	0.999959	0.00906764
-1235.95	-2291.13	0.999979	0.00655395
-1235.92	-2286.03	0.999992	0.00404056
-1235.91	-2280.94	0.999999	0.00152748
-1235.91	-2275.85	1	-0.000923041
-1235.91	-2270.75	0.999995	-0.00331104
-1235.94	-2265.66	0.999984	-0.00569867
-1235.97	-2260.58	0.999967	-0.00808592
-1236.01	-2255.49	0.999962	-0.00868382
-1236.06	-2250.4	0.999972	-0.00749249
-1236.09	-2245.32	0.99998	-0.00630107
-1236.12	-2240.24	0.999987	-0.00510957
-1236.15	-2235.16	0.999992	-0.00391799
-1236.16	-2230.08	0.99999	-0.00439066
-1236.19	-2225	0.999979	-0.00652747
-1236.23	-2219.93	0.999962	-0.00866395
-1236.28	-2214.85	0.999942	-0.0108
-1236.34	-2209.78	0.999916	-0.0129347
-1236.41	-2204.71	0.999886	-0.015068
-1236.49	-2199.64	0.999852	-0.0172009
-1236.58	-2194.58	0.999813	-0.0193334
-1236.68	-2189.51	0.99977	-0.0214655
-1236.79	-2184.45	0.999722	-0.0235959
-1236.92	-2179.39	0.999669	-0.0257246
-1237.05	-2174.33	0.999612	-0.0278528
-1237.2	-2169.27	0.99955	-0.0299806
-1237.37	-2163.71	0.999478	-0.0323207
-1237.52	-2159.17	0.999418	-0.0341123
-1237.7	-2154.11	0.999352	-0.0359934
-1237.88	-2149.07	0.999283	-0.0378742
-1238.08	-2144.02	0.999209	-0.0397545
-1238.28	-2138.97	0.999133	-0.0416335
-1238.49	-2133.93	0.999053	-0.0435112
-1238.72	-2128.89	0.998969	-0.0453884
-1238.95	-2123.85	0.998882	-0.0472652
-1239.19	-2118.81	0.998792	-0.0491416
-1239.44	-2113.78	0.998701	-0.0509557
-1239.7	-2108.75	0.99861	-0.0527076
-1239.97	-2103.72	0.998516	-0.0544591
-1240.25	-2098.69	0.998419	-0.0562101
-1240.54	-2093.66	0.998326	-0.0578385
-1240.83	-2088.64	0.998238	-0.0593442
-1241.13	-2083.61	0.998147	-0.0608495
-1241.44	-2078.59	0.998055	-0.0623449
-1241.76	-2073.58	0.997964	-0.0637752
-1242.08	-2068.56	0.99789	-0.0649343
-1242.41	-2063.55	0.997848	-0.0655712
-1242.74	-2058.53	0.997852	-0.0655065
-1243.07	-2053.52	0.997909	-0.0646278
-1243.39	-2048.51	0.998024	-0.0628405
-1243.7	-2043.51	0.99819	-0.0601464
-1243.99	-2038.5	0.998392	-0.056681
-1244.27	-2033.49	0.998616	-0.0525889
-1244.53	-2028.48	0.998847	-0.0480141
-1244.76	-2023.48	0.999071	-0.0430856
-1244.96	-2018.47	0.99928	-0.037953
-1245.14	-2013.47	0.999464	-0.0327341
-1245.3	-2008.46	0.999622	-0.0274897
-1245.42	-2003.46	0.999753	-0.0222463
-1245.52	-1998.46	0.999855	-0.0170042
-1245.6	-1993.45	0.999931	-0.0117639
-1245.65	-1988.45	0.999979	-0.00652552
-1245.67	-1983.46	0.999999	-0.00128932
-1245.66	-1977.96	0.999991	0.00434777
-1245.63	-1972.96	0.999956	0.00933865
-1245.58	-1968.47	0.999904	0.0138281
-1245.5	-1963.48	0.999823	0.0188138
-1245.4	-1958.49	0.999717	0.0237968
-1245.27	-1953.5	0.999589	0.0286575
-1245.12	-1948.52	0.999442	0.0333958
-1244.94	-1943.53	0.999273	0.0381311
-1244.74	-1938.55	0.999081	0.0428539
-1244.52	-1933.58	0.998879	0.0473312
-1244.27	-1928.6	0.998674	0.0514709
-1244.01	-1923.63	0.998469	0.0553218
-1243.73	-1918.66	0.998273	0.0587455
-1243.43	-1913.69	0.998095	0.0616972
-1243.12	-1908.73	0.997947	0.0640431
-1242.8	-1903.77	0.99783	0.0658437
-1242.47	-1898.81	0.997731	0.0673259
-1242.13	-1893.85	0.997647	0.0685538
-1241.79	-1888.89	0.997583	0.0694813
-1241.44	-1883.94	0.997537	0.0701407
-1241.09	-1878.99	0.997499	0.0706794
-1240.74	-1874.04	0.997467	0.0711348
-1240.38	-1869.09	0.997437	0.0715481
-1240.03	-1864.14	0.997412	0.0718991
-1239.67	-1859.19	0.997391	0.072193
-1239.31	-1854.25	0.997369	0.0724861
-1238.92	-1848.81	0.997346	0.0728075
-1238.59	-1844.37	0.997331	0.0730135
-1238.23	-1839.43	0.997318	0.0731917
-1237.87	-1834.49	0.997305	0.073369
-1237.5	-1829.56	0.997292	0.0735455
-1237.14	-1824.62	0.997279	0.0737212
-1236.77	-1819.69	0.997269	0.0738518
-1236.41	-1814.76	0.997265	0.0739151
-1236.04	-1809.83	0.99726	0.0739776
-1235.68	-1804.91	0.997255	0.0740393
-1235.31	-1799.98	0.997251	0.0741017
-1234.95	-1795.06	0.997246	0.0741649
-1234.58	-1790.13	0.997242	0.0742234
-1234.21	-1785.21	0.997238	0.0742717
-1233.81	-1779.8	0.997236	0.0743051
-1233.48	-1775.37	0.997136	0.0756259
-1233.1	-1770.46	0.996883	0.078894
-1232.71	-1765.55	0.996623	0.0821156
-1232.3	-1760.64	0.996358	0.0852708
-1231.87	-1755.73	0.996096	0.0882737
-1231.38	-1750.34	0.995818	0.0913551
-1230.98	-1745.93	0.995603	0.0936767
-1230.51	-1741.03	0.995376	0.0960532
-1230.03	-1736.13	0.995166	0.0982108
-1229.5	-1730.75	0.994967	0.100204
-1229.05	-1726.35	0.99484	0.101452
-1228.5	-1720.97	0.994711	0.102715
-1227.99	-1716.09	0.994625	0.103543
-1227.48	-1711.21	0.994584	0.103938
-1226.97	-1706.32	0.994592	0.103858
-1226.47	-1701.44	0.994641	0.103391
-1225.96	-1696.56	0.99472	0.10263
-1225.46	-1691.69	0.994818	0.101668
-1225.01	-1687.3	0.994926	0.100608
-1224.47	-1681.93	0.99507	0.0991718
-1223.99	-1677.06	0.995192	0.0979425
-1223.51	-1672.18	0.995303	0.0968076
-1223.04	-1667.31	0.995406	0.0957447
-1222.62	-1662.93	0.995498	0.0947866
-1222.11	-1657.57	0.995622	0.0934724
-1221.66	-1652.7	0.995764	0.0919478
-1221.21	-1647.83	0.995938	0.0900458
-1220.78	-1642.96	0.99614	0.087779
-1220.35	-1638.09	0.996357	0.085283
-1219.94	-1633.23	0.996571	0.0827432
-1219.54	-1628.36	0.996778	0.0802038
-1219.15	-1623.49	0.99698	0.077665
-1218.78	-1618.63	0.997174	0.0751266
-1218.42	-1613.76	0.997362	0.0725887
-1218.07	-1608.9	0.997543	0.0700515
-1217.73	-1604.04	0.997718	0.0675147
-1217.44	-1599.66	0.99787	0.0652321
-1217.1	-1594.31	0.998049	0.0624429
-1216.8	-1589.45	0.998204	0.0599079
-1216.51	-1584.59	0.998353	0.0573736
-1216.24	-1579.73	0.998495	0.0548399
-1215.98	-1574.87	0.998628	0.0523655
-1215.73	-1570.02	0.998752	0.0499507
-1215.49	-1565.16	0.998869	0.0475366
-1215.26	-1560.31	0.998981	0.0451233
-1215.05	-1555.45	0.999087	0.0427106
-1214.84	-1550.6	0.999188	0.0402985
-1214.65	-1545.75	0.999282	0.0378872
-1214.47	-1540.9	0.999371	0.0354767
-1214.31	-1536.05	0.999453	0.033067
-1214.15	-1531.2	0.999528	0.0307334
-1214.01	-1526.35	0.999594	0.0284902
-1213.87	-1521.51	0.999655	0.0262841
-1213.75	-1516.66	0.999708	0.0241629
-1213.64	-1511.82	0.999753	0.022203
-1213.53	-1506.98	0.999789	0.0205658
-1213.43	-1502.14	0.999813	0.0193444
-1213.34	-1497.3	0.99983	0.018413
-1213.25	-1492.46	0.999843	0.0177017
-1213.17	-1487.62	0.999851	0.0172683
-1213.09	-1482.79	0.999856	0.0169953
-1213.01	-1477.96	0.99986	0.0167484
-1212.93	-1473.13	0.999864	0.0165198
-1212.85	-1468.3	0.999867	0.0162785
-1212.77	-1463.46	0.999872	0.0159967
-1212.69	-1458.62	0.999877	0.0156554
-1212.62	-1453.76	0.999883	0.0152801
-1212.54	-1448.87	0.999889	0.014896
-1212.47	-1443.94	0.999895	0.0145097
-1212.4	-1438.98	0.9999	0.0141206
-1212.33	-1433.98	0.999906	0.0137247
-1212.26	-1428.94	0.999911	0.013322
-1212.19	-1423.88	0.999917	0.0129125
-1212.13	-1418.77	0.999922	0.0125091
-1212.06	-1413.63	0.999927	0.0121117
-1212	-1408.46	0.999931	0.0117074
-1211.94	-1403.25	0.999936	0.0112964
-1211.88	-1398.01	0.999941	0.0108786
-1211.83	-1392.73	0.999945	0.0104627
-1211.77	-1387.42	0.99995	0.0100488
-1211.72	-1382.07	0.999954	0.00962797
-1211.67	-1376.68	0.999958	0.00920036
-1211.62	-1371.26	0.999962	0.00877291
-1211.57	-1365.81	0.999965	0.00834571
-1211.53	-1360.33	0.999969	0.0079131
-1211.49	-1354.85	0.999972	0.00747794
-1211.45	-1349.37	0.999975	0.00704242
-1211.41	-1343.88	0.999978	0.00661091
-1211.37	-1338.41	0.999981	0.00618349
-1211.34	-1332.93	0.999983	0.0057564
-1211.31	-1327.45	0.999986	0.00532966
-1211.28	-1321.98	0.999988	0.00490291
-1211.25	-1316.51	0.99999	0.00447613
-1211.23	-1311.04	0.999992	0.00404969
-1211.21	-1305.57	0.999993	0.00362359
-1211.19	-1300.1	0.999995	0.00319783
-1211.17	-1294.64	0.999996	0.00284562
-1211.16	-1289.18	0.999997	0.00256692
-1211.15	-1283.71	0.999997	0.00229753
-1211.13	-1278.25	0.999998	0.00204343
-1211.12	-1272.8	0.999999	0.00172765
-1211.12	-1267.34	0.999999	0.0013442
-1211.11	-1261.88	1	0.000961091
-1211.1	-1256.43	1	0.000578324
-1211.1	-1250.98	1	0.000195863
-1211.1	-1245.53	1	-0.000119307
-1211.1	-1240.08	1	-0.000367187
-1211.11	-1234.64	1	-0.00061476
-1211.11	-1229.19	1	-0.000862029
-1211.11	-1223.75	0.999999	-0.00110941
-1211.12	-1218.31	0.999999	-0.00135691
-1211.13	-1212.87	0.999999	-0.0016041
-1211.14	-1207.43	0.999998	-0.00185099
-1211.15	-1202	0.999998	-0.00209757
-1211.16	-1196.56	0.999997	-0.00234488
-1211.17	-1191.09	0.999997	-0.00259497
-1211.19	-1185.6	0.999996	-0.00284994
-1211.21	-1180.06	0.999995	-0.00311106
-1211.22	-1174.5	0.999994	-0.0033711
-1211.24	-1168.9	0.999993	-0.00363012
-1211.26	-1163.26	0.999992	-0.00389554
-1211.29	-1157.59	0.999991	-0.00416738
-1211.31	-1151.88	0.99999	-0.00444562
-1211.34	-1146.14	0.999989	-0.0047192
-1211.36	-1140.36	0.999988	-0.00498818
-1211.39	-1134.55	0.999986	-0.00526359
-1211.43	-1128.7	0.999985	-0.00554546
-1211.46	-1122.82	0.999983	-0.0058248
-1211.49	-1116.91	0.999981	-0.00609579
-1211.53	-1111	0.99998	-0.00635843
-1211.57	-1105.09	0.999978	-0.00661523
-1211.61	-1099.18	0.999976	-0.0068718
-1211.65	-1093.27	0.999975	-0.00712051
-1211.69	-1087.37	0.999973	-0.00735477
-1211.74	-1081.46	0.999971	-0.0075772
-1211.78	-1075.56	0.99997	-0.00779436
-1211.83	-1069.66	0.999975	-0.0071302
-1211.87	-1063.76	0.999984	-0.00558482
-1211.9	-1057.86	0.999992	-0.00403928
-1211.92	-1051.96	0.999997	-0.00249353
-1211.93	-1046.07	1	-0.000947593
-1211.93	-1040.18	1	-0.000209067
-1211.93	-1034.29	1	-0.000277884
-1211.93	-1028.4	1	-0.000346396
-1211.93	-1022.51	1	-0.000414603
-1211.94	-1016.63	1	-0.000482505
-1211.94	-1010.75	1	-0.000624793
-1211.94	-1004.86	1	-0.00084143
-1211.95	-998.984	0.999999	-0.00105772
-1211.96	-993.107	0.999999	-0.00127371
-1211.96	-987.231	0.999999	-0.00148939
-1211.97	-981.357	0.999999	-0.00170534
-1211.98	-975.485	0.999998	-0.00192156
-1212	-969.614	0.999998	-0.00213747
-1212.01	-963.746	0.999997	-0.00234655
-1212.02	-957.879	0.999997	-0.00254435
-1212.04	-952.014	0.999996	-0.00273737
-1212.06	-946.151	0.999996	-0.00293009
-1212.07	-940.29	0.999995	-0.0031225
-1212.09	-934.43	0.999995	-0.00330972
-1212.11	-928.572	0.999994	-0.00349233
-1212.13	-922.717	0.999993	-0.00367521
-1212.15	-916.862	0.999993	-0.00385778
-1212.18	-911.01	0.999992	-0.00404004
-1212.2	-905.16	0.999991	-0.00414899
-1212.23	-899.311	0.999991	-0.00418462
-1212.25	-893.464	0.999991	-0.00421998
-1212.28	-887.619	0.999991	-0.00424855
-1212.3	-881.776	0.999991	-0.00427033
-1212.32	-875.935	0.999991	-0.00429253
-1212.35	-870.095	0.999991	-0.00431512
-1212.38	-864.257	0.999991	-0.00432603
-1212.4	-858.421	0.999991	-0.0043253
-1212.43	-852.587	0.999991	-0.00432431
-1212.45	-846.754	0.999991	-0.0043237
-1212.48	-840.924	0.999991	-0.00432351
-1212.5	-835.095	0.999991	-0.00432305
-1212.53	-829.268	0.999991	-0.00431744
-1212.55	-823.443	0.999991	-0.00430077
-1212.58	-817.619	0.999991	-0.00427792
-1212.6	-811.798	0.999991	-0.00425481
-1212.63	-805.978	0.999991	-0.00422658
-1212.65	-800.16	0.999991	-0.00418679
-1212.68	-794.343	0.999991	-0.00414094
-1212.7	-788.529	0.999992	-0.00409551
-1212.72	-782.716	0.999992	-0.00404981
-1212.75	-776.905	0.999992	-0.00400384
-1212.77	-771.096	0.999992	-0.00395765
-1212.79	-765.289	0.999992	-0.00391187
-1212.81	-759.484	0.999993	-0.00386651
-1212.84	-753.68	0.999993	-0.00382093
-1212.86	-747.878	0.999993	-0.00377508
-1212.88	-742.078	0.999993	-0.00372896
-1212.9	-736.28	0.999993	-0.00368326
-1212.92	-730.483	0.999993	-0.00363798
-1212.94	-724.688	0.999994	-0.00359247
-1212.97	-718.896	0.999994	-0.00354669
-1212.99	-713.104	0.999994	-0.00350118
-1213.01	-707.315	0.999994	-0.00345598
-1213.03	-701.528	0.999994	-0.00341055
-1213.05	-695.742	0.999994	-0.00336485
-1213.06	-689.958	0.999994	-0.00331888
-1213.08	-684.176	0.999995	-0.00327333
-1213.1	-678.395	0.999995	-0.0032282
-1213.12	-672.617	0.999995	-0.00318285
-1213.14	-666.84	0.999995	-0.00313722
-1213.16	-661.065	0.999995	-0.00309133
-1213.18	-655.292	0.999995	-0.0030459
-1213.19	-649.52	0.999995	-0.00300089
-1213.21	-643.75	0.999996	-0.00295561
-1213.23	-637.983	0.999996	-0.0029101
-1213.24	-632.216	0.999996	-0.00286486
-1213.26	-626.452	0.999996	-0.00281988
-1213.28	-620.69	0.999996	-0.00277468
-1213.29	-614.929	0.999996	-0.00272924
-1213.31	-609.17	0.999996	-0.00268354
-1213.32	-603.413	0.999997	-0.00263826
-1213.34	-597.657	0.999997	-0.0025934
-1213.35	-591.897	0.999997	-0.0025482
-1213.37	-586.117	0.999997	-0.00250376
-1213.38	-580.306	0.999997	-0.00245741
-1213.4	-574.461	0.999997	-0.00239847
-1213.41	-568.581	0.999997	-0.00233221
-1213.42	-562.665	0.999997	-0.00227076
-1213.44	-556.715	0.999998	-0.00221415
-1213.45	-550.73	0.999998	-0.0021517
-1213.46	-544.713	0.999998	-0.00208346
-1213.48	-538.679	0.999998	-0.00201971
-1213.49	-532.644	0.999998	-0.00195814
-1213.5	-526.611	0.999998	-0.00189661
-1213.51	-520.581	0.999998	-0.00183027
-1213.52	-514.552	0.999998	-0.00175909
-1213.53	-508.524	0.999999	-0.00168764
-1213.54	-502.499	0.999999	-0.00161597
-1213.55	-496.476	0.999999	-0.00154402
-1213.56	-490.454	0.999999	-0.00147249
-1213.57	-484.434	0.999999	-0.00140143
-1213.58	-478.416	0.999999	-0.00133013
-1213.59	-472.4	0.999999	-0.00125857
-1213.59	-466.386	0.999999	-0.00118731
-1213.6	-460.373	0.999999	-0.00111635
-1213.61	-454.362	0.999999	-0.00104513
-1213.61	-448.354	1	-0.000973685
-1213.62	-442.347	1	-0.000901969
-1213.62	-436.341	1	-0.000825637
-1213.63	-430.338	1	-0.000744727
-1213.63	-424.337	1	-0.000663588
-1213.64	-418.337	1	-0.000577147
-1213.64	-412.339	1	-0.00047869
-1213.64	-406.343	1	-0.000373977
-1213.64	-400.349	1	-0.000269721
-1213.65	-394.357	1	-0.000165236
-1213.65	-388.366	1	-6.0523e-05
-1213.65	-382.378	1	3.71714e-05
-1213.65	-376.391	1	0.000106065
-1213.64	-370.406	1	0.000146729
-1213.64	-364.423	1	0.000180947
-1213.64	-358.441	1	0.000186975
-1213.64	-352.462	1	0.000100572
-1213.64	-346.484	1	-8.99343e-05
-1213.64	-340.509	1	-0.000320228
-1213.65	-334.535	1	-0.000550139
-1213.65	-328.562	1	-0.000780242
-1213.65	-322.592	0.999999	-0.00101054
-1213.66	-316.624	0.999999	-0.00124045
-1213.67	-310.657	0.999999	-0.00148169
-1213.68	-304.692	0.999998	-0.00174593
-1213.69	-298.729	0.999998	-0.00202215
-1213.7	-292.768	0.999997	-0.00229868
-1213.72	-286.809	0.999997	-0.00256315
-1213.73	-280.851	0.999996	-0.00280394
-1213.75	-274.895	0.999995	-0.0030216
-1213.77	-268.941	0.999995	-0.00321615
-1213.79	-262.989	0.999994	-0.00339372
-1213.81	-257.039	0.999994	-0.00355432
-1213.83	-251.091	0.999993	-0.00369131
-1213.85	-245.144	0.999993	-0.00381204
-1213.87	-239.2	0.999992	-0.00392816
-1213.9	-233.257	0.999992	-0.00404397
-1213.92	-227.316	0.999991	-0.00415944
-1213.95	-221.376	0.999991	-0.00427457
-1213.97	-215.439	0.99999	-0.00439008
-1214	-209.503	0.99999	-0.00450597
-1214.03	-203.57	0.999989	-0.00462155
-1214.05	-197.638	0.999989	-0.00473683
-1214.08	-191.708	0.999988	-0.00485234
-1214.11	-185.779	0.999988	-0.00496807
-1214.14	-179.853	0.999987	-0.00508347
-1214.17	-173.928	0.999986	-0.00519852
-1214.2	-168.005	0.999986	-0.00531326
-1214.23	-162.084	0.999985	-0.00542839
-1214.27	-156.165	0.999985	-0.00554389
-1214.3	-150.248	0.999984	-0.0056591
-1214.33	-144.332	0.999983	-0.00577395
-1214.37	-138.418	0.999983	-0.00581466
-1214.4	-132.507	0.999983	-0.00578124
-1214.44	-126.596	0.999983	-0.00574752
-1214.47	-120.688	0.999984	-0.00571349
-1214.5	-114.782	0.999984	-0.00567916
-1214.54	-108.877	0.999984	-0.00564532
-1214.57	-102.974	0.999984	-0.00561198
-1214.6	-97.0732	0.999984	-0.00557834
-1214.64	-91.174	0.999985	-0.00554439
-1214.67	-85.2766	0.999985	-0.00551078
-1214.7	-79.381	0.999985	-0.00547752
-1214.73	-73.4872	0.999985	-0.00544395
-1214.77	-67.5953	0.999985	-0.00541008
-1214.8	-61.7051	0.999986	-0.0053759
-1214.83	-55.8168	0.999986	-0.00534217
-1214.86	-49.9302	0.999986	-0.00530891
-1214.89	-44.0453	0.999986	-0.00527537
-1214.92	-38.1624	0.999986	-0.0052415
-1214.95	-32.2813	0.999986	-0.00520797
-1214.98	-26.402	0.999987	-0.00517478
-1215.01	-20.5245	0.999987	-0.00514129
-1215.04	-14.6488	0.999987	-0.00510749
-1215.07	-8.77495	0.999987	-0.00507339
-1215.1	-2.90288	0.999987	-0.00503978
-1215.13	2.96739	0.999987	-0.00500667
-1215.16	8.83585	0.999988	-0.00497325
-1215.19	14.7025	0.999988	-0.00493953
-1215.22	20.5673	0.999988	-0.0049055
-1215.25	26.4304	0.999988	-0.00487197
-1215.28	32.2916	0.999988	-0.00483894
-1215.31	38.1511	0.999988	-0.0048056
-1215.33	44.0087	0.999989	-0.00477195
-1215.36	49.8645	0.999989	-0.004738
-1215.39	55.7185	0.999989	-0.00470455
-1215.42	61.5708	0.999989	-0.00467159
-1215.44	67.4212	0.999989	-0.00463833
-1215.47	73.2698	0.999989	-0.00460476
-1215.5	79.1166	0.99999	-0.00457149
-1215.53	84.9616	0.99999	-0.00453853
-1215.55	90.8048	0.99999	-0.00449879
-1215.58	96.6463	0.99999	-0.004436
-1215.6	102.486	0.999991	-0.00433392
-1215.63	108.324	0.999991	-0.00417549
-1215.65	114.16	0.999992	-0.00398999
-1215.68	119.994	0.999993	-0.00384968
-1215.7	125.826	0.999993	-0.00375943
-1215.72	131.657	0.999993	-0.00368088
-1215.74	137.486	0.999994	-0.00360268
-1215.76	143.313	0.999994	-0.00352418
-1215.78	149.138	0.999994	-0.00344537
-1215.8	154.962	0.999994	-0.0033598
-1215.82	160.783	0.999995	-0.00326829
-1215.84	166.603	0.999995	-0.00317727
-1215.86	172.421	0.999995	-0.00306493
-1215.88	178.237	0.999996	-0.00290219
-1215.89	184.052	0.999996	-0.00270589
-1215.91	189.865	0.999997	-0.00250512
-1215.92	195.675	0.999997	-0.00230413
-1215.93	201.484	0.999998	-0.0021029
-1215.95	207.292	0.999998	-0.00190145
-1215.96	213.097	0.999999	-0.00170053
-1215.97	218.901	0.999999	-0.00150014
-1215.97	224.703	0.999999	-0.00129953
-1215.98	230.503	0.999999	-0.00109869
-1215.99	236.301	1	-0.000898223
-1215.99	242.098	1	-0.000698142
-1216	247.893	1	-0.000497832
-1216	253.686	1	-0.000297294
-1216	259.477	1	-9.65261e-05
-1216	265.266	1	0.000103707
-1216	271.054	1	0.000303407
-1216	276.84	1	0.000503335
-1215.99	282.624	1	0.000703492
-1215.99	288.406	1	0.000903268
-1215.98	294.186	0.999999	0.00110266
-1215.98	299.965	0.999999	0.00131834
-1215.97	305.742	0.999999	0.00157275
-1215.96	311.517	0.999998	0.00190588
-1215.95	317.29	0.999997	0.00238741
-1215.93	323.062	0.999995	0.00304445
-1215.91	328.831	0.999993	0.00380724
-1215.89	334.599	0.99999	0.00457646
-1215.86	340.365	0.999986	0.00526833
-1215.83	346.13	0.999983	0.00580928
-1215.79	351.892	0.999981	0.00619524
-1215.76	357.653	0.999979	0.0064887
-1215.72	363.412	0.999977	0.00674882
-1215.68	369.169	0.999976	0.00693001
-1215.64	374.924	0.999975	0.00703392
-1215.6	380.678	0.999975	0.00711098
-1215.56	386.429	0.999974	0.00714363
-1215.52	392.179	0.999974	0.00715366
-1215.48	397.927	0.999974	0.00716339
-1215.43	403.674	0.999974	0.00717339
-1215.39	409.418	0.999974	0.00718365
-1215.35	415.163	0.999974	0.00719418
-1215.31	420.913	0.999974	0.00720432
-1215.27	426.671	0.999974	0.00721332
-1215.23	432.438	0.999974	0.00722103
-1215.19	438.215	0.999974	0.0072274
-1215.14	444	0.999974	0.00723511
-1215.1	449.796	0.999974	0.00724407
-1215.06	455.601	0.999974	0.00725159
-1215.02	461.417	0.999974	0.00725761
-1214.97	467.243	0.999974	0.00726211
-1214.93	473.079	0.999974	0.00726887
-1214.89	478.926	0.999974	0.00727787
-1214.85	484.783	0.999973	0.00728531
-1214.8	490.652	0.999973	0.00729114
-1214.76	496.53	0.999973	0.00729862
-1214.72	502.42	0.999973	0.00730774
-1214.68	508.32	0.999973	0.00731525
-1214.63	514.231	0.999973	0.00732116
-1214.59	520.153	0.999973	0.00732547
-1214.55	526.085	0.999973	0.00733223
-1214.5	532.028	0.999973	0.00734142
-1214.46	537.978	0.999973	0.00737232
-1214.41	543.927	0.999972	0.00748885
-1214.37	549.874	0.99997	0.00779494
-1214.32	555.819	0.999965	0.00838852
-1214.27	561.763	0.999956	0.00938892
-1214.21	567.704	0.999942	0.0107843
-1214.14	573.644	0.999924	0.012362
-1214.07	579.581	0.999902	0.0139719
-1213.98	585.517	0.999879	0.015581
-1213.88	591.451	0.999852	0.0171896
-1213.78	597.383	0.999823	0.0187978
-1213.66	603.312	0.999792	0.0204006
-1213.54	609.24	0.999759	0.0219578
-1213.4	615.166	0.999725	0.0234461
-1213.26	621.09	0.99969	0.0249059
-1213.11	627.011	0.999652	0.0263653
-1212.95	632.931	0.999613	0.0278243
-1212.78	638.849	0.999573	0.0292229
-1212.61	644.764	0.999534	0.0305308
-1212.42	650.678	0.999493	0.0318383
-1212.23	656.589	0.999451	0.0331455
-1212.03	662.498	0.999409	0.0343658
-1211.83	668.406	0.999371	0.0354696
-1211.61	674.311	0.999334	0.0364874
-1211.4	680.214	0.999302	0.0373584
-1211.17	686.115	0.999275	0.0380694
-1210.95	692.015	0.999254	0.0386248
-1210.72	697.912	0.999236	0.0390939
-1210.49	703.807	0.999217	0.0395628
-1210.25	709.701	0.999198	0.0400316
-1210.02	715.592	0.99918	0.0405003
-1209.78	721.482	0.999164	0.040878
-1209.53	727.37	0.999153	0.0411482
-1209.29	733.256	0.999143	0.0413953
-1209.05	739.14	0.999133	0.0416359
-1208.8	745.022	0.999126	0.041802
-1208.55	750.902	0.999122	0.0418939
-1208.31	756.78	0.999118	0.0419856
-1208.06	762.657	0.999114	0.0420774
-1207.81	768.532	0.999111	0.0421642
-1207.57	774.405	0.999106	0.0422857
-1207.32	780.276	0.9991	0.0424139
-1207.07	786.145	0.999096	0.0425088
-1206.82	792.012	0.999092	0.0426038
-1206.57	797.878	0.999088	0.0426988
-1206.32	803.742	0.99909	0.0426459
-1206.07	809.604	0.999099	0.0424449
-1205.82	815.464	0.999107	0.042244
-1205.57	821.322	0.999116	0.0420316
-1205.32	827.179	0.999126	0.0418079
-1205.08	833.034	0.999135	0.0415805
-1204.81	839.473	0.999146	0.041324
-1204.6	844.739	0.999154	0.0411142
-1204.36	850.589	0.999164	0.040881
-1204.09	857.022	0.999175	0.0406183
-1203.88	862.283	0.999184	0.040397
-1203.64	868.128	0.999194	0.0401512
-1203.41	873.97	0.999203	0.0399054
-1203.18	879.811	0.999213	0.0396597
-1202.95	885.651	0.999226	0.0393405
-1202.72	891.488	0.999241	0.038948
-1202.47	897.907	0.999258	0.0385164
-1202.27	903.158	0.999272	0.0381633
-1202.04	908.991	0.999286	0.037771
-1201.82	914.821	0.999301	0.0373789
-1201.61	920.65	0.999316	0.0369872
-1201.39	926.478	0.99933	0.0365955
-1201.18	932.303	0.999344	0.0362038
-1200.97	938.127	0.999359	0.0358124
-1200.76	943.949	0.999372	0.0354213
-1200.56	949.769	0.999386	0.0350302
-1200.35	955.588	0.9994	0.0346391
-1200.15	961.405	0.999413	0.034248
-1199.96	967.22	0.999427	0.0338572
-1199.76	973.034	0.99944	0.0334668
-1199.57	978.846	0.999453	0.0330764
-1199.37	984.656	0.999466	0.032686
-1199.19	990.464	0.999478	0.0322957
-1199	996.271	0.999485	0.0320809
-1198.81	1002.08	0.999484	0.0321294
-1198.63	1007.88	0.999482	0.0321779
-1198.44	1013.68	0.999481	0.0322265
-1198.25	1019.48	0.999479	0.032275
-1198.06	1025.28	0.999478	0.0323137
-1197.88	1031.07	0.999478	0.0323157
-1197.69	1036.87	0.99948	0.0322464
-1197.5	1042.66	0.999484	0.0321076
-1197.32	1048.45	0.999488	0.0319845
-1197.13	1054.24	0.99949	0.0319372
-1196.95	1060.03	0.999491	0.03189
-1196.76	1065.81	0.999493	0.0318429
-1196.58	1071.59	0.999494	0.0317959
-1196.39	1077.38	0.999496	0.0317489
-1196.21	1083.16	0.999497	0.0317017
-1196.03	1088.93	0.999499	0.0316494
-1195.85	1094.71	0.999502	0.0315678
-1195.66	1100.48	0.999505	0.0314446
-1195.48	1106.26	0.99951	0.0313079
-1195.3	1112.03	0.999514	0.031171
-1195.12	1117.8	0.999518	0.0310344
-1194.94	1123.56	0.999523	0.0308979
-1194.77	1129.33	0.999527	0.0307615
-1194.59	1135.09	0.999531	0.030625
-1194.41	1140.86	0.999535	0.0304884
-1194.24	1146.62	0.999539	0.030352
-1194.06	1152.38	0.999543	0.0302157
-1193.89	1158.13	0.999548	0.0300794
-1193.72	1163.89	0.999552	0.0299431
-1193.54	1169.64	0.999556	0.0298069
-1193.37	1175.39	0.99956	0.0296708
-1193.2	1181.14	0.999564	0.0295349
-1193.03	1186.89	0.999566	0.029471
-1192.86	1192.64	0.999565	0.0294791
-1192.69	1198.38	0.999565	0.0294872
-1192.52	1204.12	0.999565	0.0294955
-1192.35	1209.86	0.999565	0.0295038
-1192.18	1215.6	0.999564	0.0295118
-1192.02	1221.34	0.999564	0.02952
-1191.85	1227.08	0.999564	0.0295283
-1191.68	1232.81	0.999564	0.0295368
-1191.51	1238.54	0.999563	0.0295451
-1191.34	1244.27	0.999563	0.0295531
-1191.17	1250	0.999563	0.0295613
-1191	1255.73	0.999563	0.0295696
-1190.83	1261.45	0.999562	0.0295778
-1190.66	1267.18	0.999562	0.0295859
-1190.49	1272.9	0.999562	0.029594
-1190.32	1278.62	0.999562	0.0296023
-1190.15	1284.33	0.999562	0.0296107
-1189.98	1290.05	0.999561	0.029619
-1189.81	1295.76	0.999561	0.029627
-1189.64	1301.48	0.999561	0.0296351
-1189.48	1307.19	0.999561	0.0296434
-1189.31	1312.9	0.99956	0.0296518
-1189.14	1318.6	0.99956	0.02966
-1188.97	1324.31	0.99956	0.029668
-1188.8	1330.01	0.99956	0.0296762
-1188.63	1335.71	0.999559	0.0296844
-1188.46	1341.41	0.999556	0.0298066
-1188.29	1347.11	0.999547	0.0300996
-1188.12	1352.81	0.999538	0.0303928
-1187.94	1358.5	0.999529	0.030686
-1187.77	1364.2	0.99952	0.0309793
-1187.59	1369.89	0.999511	0.0312723
-1187.41	1375.57	0.999502	0.0315648
-1187.23	1381.26	0.999492	0.0318573
-1187.05	1386.95	0.999483	0.03215
-1186.87	1392.63	0.999474	0.0324424
-1186.68	1398.31	0.999464	0.032752
-1186.49	1403.99	0.999449	0.0331873
-1186.28	1410.24	0.99942	0.0340407
-1186.11	1415.35	0.999383	0.0351102
-1185.91	1421.02	0.999326	0.0367117
-1185.69	1426.69	0.999249	0.0387561
-1185.47	1432.36	0.999154	0.0411171
-1185.23	1438.03	0.99905	0.0435842
-1184.95	1444.26	0.99893	0.04625
-1184.71	1449.36	0.998835	0.0482646
-1184.43	1455.02	0.998736	0.0502623
-1184.14	1460.68	0.998647	0.0519978
-1183.85	1466.33	0.998574	0.053379
-1183.54	1471.98	0.998531	0.0541872
-1183.23	1477.64	0.998519	0.0544045
-1182.93	1483.29	0.998512	0.05453
-1182.62	1488.93	0.998505	0.0546648
-1182.31	1494.58	0.998497	0.0548051
-1182	1500.22	0.998496	0.0548326
-1181.69	1505.87	0.998503	0.0546906
-1181.38	1511.51	0.998511	0.0545487
-1181.07	1517.15	0.998519	0.0544067
-1180.76	1522.78	0.998527	0.0542647
-1180.46	1528.42	0.998534	0.0541228
-1180.15	1534.05	0.998542	0.0539811
-1179.85	1539.69	0.99855	0.0538394
-1179.55	1545.32	0.998557	0.0536977
-1179.24	1550.95	0.998565	0.0535559
-1178.94	1556.57	0.998575	0.0533581
-1178.64	1562.2	0.99859	0.0530762
-1178.34	1567.82	0.998605	0.0527943
-1178.02	1574.01	0.998622	0.0524842
-1177.75	1579.07	0.998635	0.0522305
-1177.46	1584.68	0.99865	0.0519488
-1177.17	1590.3	0.998664	0.0516674
-1176.88	1595.92	0.998679	0.0513861
-1176.56	1602.09	0.998695	0.0510765
-1176.3	1607.14	0.998708	0.0508232
-1176.02	1612.75	0.998725	0.0504861
-1175.74	1618.36	0.998746	0.0500654
-1175.46	1623.97	0.998767	0.0496447
-1175.18	1629.57	0.998788	0.049224
-1174.87	1635.74	0.99881	0.0487616
-1174.63	1640.78	0.998829	0.0483835
-1174.36	1646.38	0.998849	0.0479634
-1174.09	1651.98	0.998869	0.0475433
-1173.8	1658.14	0.998891	0.0470811
-1173.56	1663.17	0.998911	0.0466476
-1173.3	1668.77	0.998937	0.046089
-1173.05	1674.36	0.998963	0.0455303
-1172.79	1679.95	0.998988	0.0449716
-1172.52	1686.1	0.999003	0.044636
-1172.29	1691.13	0.999003	0.0446353
-1172.04	1696.71	0.999003	0.0446344
-1171.79	1702.3	0.999003	0.0446335
-1171.54	1707.88	0.999003	0.0446325
-1171.27	1714.02	0.999	0.044701
-1171.04	1719.04	0.998995	0.0448255
-1170.77	1725.17	0.998988	0.0449776
-1170.54	1730.19	0.998982	0.0451019
-1170.29	1735.76	0.998976	0.04524
-1170.04	1741.34	0.99897	0.0453781
-1169.79	1746.91	0.998964	0.0455161
-1169.51	1753.03	0.998957	0.0456678
-1169.25	1758.6	0.99895	0.0458057
-1169.02	1763.6	0.998945	0.0459298
-1168.74	1769.72	0.998938	0.0460813
-1168.48	1775.28	0.998931	0.0462191
-1168.25	1780.29	0.998926	0.046343
-1167.97	1786.4	0.998919	0.0464944
-1167.71	1791.95	0.998912	0.0466319
-1167.47	1796.95	0.998907	0.046752
-1167.19	1803.06	0.998901	0.0468718
-1166.93	1808.61	0.998899	0.0469066
-1166.67	1814.16	0.998904	0.0468158
-1166.41	1819.71	0.998916	0.0465404
-1166.15	1825.25	0.99894	0.0460288
-1165.9	1830.79	0.998974	0.0452963
-1165.65	1836.34	0.999015	0.0443797
-1165.4	1841.88	0.999063	0.0432744
-1165.17	1847.41	0.99912	0.0419335
-1164.94	1852.95	0.999186	0.0403297
-1164.72	1858.49	0.999259	0.0384995
-1164.51	1864.02	0.999332	0.0365391
-1164.31	1869.56	0.999403	0.0345428
-1164.12	1875.09	0.99947	0.0325411
-1163.95	1880.62	0.999535	0.0305035
-1163.78	1886.15	0.999598	0.0283617
-1163.63	1891.68	0.999661	0.0260429
-1163.49	1897.2	0.999723	0.0235415
-1163.37	1902.73	0.999783	0.0208364
-1163.26	1908.25	0.999841	0.01785
-1163.17	1913.77	0.999895	0.0145141
-1163.1	1919.29	0.99994	0.0109189
-1163.04	1924.81	0.999974	0.00725703
-1163.01	1930.33	0.999993	0.00368447
-1163	1935.85	1	0.00045263
-1163	1941.36	0.999998	-0.00213431
-1163.02	1946.87	0.999993	-0.00378301
-1163.04	1952.38	0.99999	-0.00447449
-1163.07	1957.89	0.99999	-0.00448189
-1163.09	1963.4	0.999991	-0.00414552
-1163.11	1968.91	0.999993	-0.00364255
-1163.13	1974.41	0.999995	-0.00311701
-1163.15	1979.91	0.999996	-0.00270018
-1163.16	1985.41	0.999997	-0.00234064
-1163.17	1990.91	0.999998	-0.00199614
-1163.18	1996.41	0.999999	-0.0015161
-1163.19	2001.9	1	-0.000900519
-1163.2	2007.4	1	-0.000284865
-1163.2	2012.89	1	0.000330865
-1163.19	2018.38	1	0.000946061
-1163.19	2023.87	0.999999	0.00156072
-1163.18	2029.35	0.999998	0.00217546
-1163.16	2034.84	0.999996	0.00279027
-1163.15	2040.32	0.999994	0.00340512
-1163.13	2045.8	0.999992	0.00401928
-1163.1	2051.28	0.999989	0.00463276
-1163.08	2056.76	0.999986	0.00524627
-1163.05	2062.24	0.999983	0.00585985
-1163.01	2067.71	0.999979	0.00654042
-1162.98	2073.18	0.999973	0.00728797
-1162.93	2078.65	0.999968	0.00803559
-1162.89	2084.12	0.999961	0.00878324
-1162.84	2089.59	0.999955	0.00953093
-1162.78	2095.06	0.999948	0.0102464
-1162.73	2100.52	0.999942	0.0107739
-1162.67	2105.98	0.999941	0.0108989
-1162.61	2111.44	0.999944	0.0105604
-1162.55	2116.9	0.999951	0.00991265
-1162.5	2122.36	0.999958	0.00920784
-1162.45	2127.81	0.999961	0.00885244
-1162.4	2133.27	0.999958	0.00920857
-1162.35	2138.72	0.999948	0.0102194
-1162.29	2144.17	0.999934	0.0115126
-1162.23	2149.62	0.999922	0.012458
-1162.16	2155.06	0.999917	0.0129223
-1162.09	2160.51	0.999913	0.0132222
-1162.01	2165.95	0.999909	0.0134611
-1161.94	2171.39	0.999905	0.0137625
-1161.86	2176.83	0.999903	0.0139048
-1161.79	2182.27	0.999911	0.0133579
-1161.72	2187.71	0.999927	0.0120972
-1161.66	2193.14	0.999943	0.0106778
-1161.6	2198.57	0.999954	0.00957651
-1161.55	2204.01	0.99996	0.00896859
-1161.5	2209.43	0.999962	0.00867907
-1161.46	2214.86	0.999965	0.00838981
-1161.41	2220.29	0.999968	0.00801911
-1161.37	2225.71	0.999971	0.00761721
-1161.33	2231.14	0.999974	0.00721973
-1161.29	2236.56	0.999977	0.00683289
-1161.25	2241.98	0.999979	0.00646264
-1161.22	2247.39	0.999981	0.00611761
-1161.19	2252.81	0.999983	0.00579184
-1161.16	2258.22	0.999985	0.00545596
-1161.13	2263.64	0.999988	0.00495311
-1161.1	2269.05	0.999992	0.00401707
-1161.08	2274.46	0.999997	0.00257535
-1161.07	2279.86	1	0.000822045
-1161.07	2285.27	1	-0.000909827
-1161.08	2290.67	0.999998	-0.00221254
-1161.1	2296.07	0.999996	-0.00276152
-1161.11	2301.48	0.999997	-0.00248606
-1161.12	2306.87	0.999999	-0.00170107
-1161.13	2312.27	1	-0.000843909
-1161.13	2317.67	1	-0.000129912
-1161.13	2323.06	1	0.000396058
-1161.13	2328.45	1	0.000785729
-1161.12	2333.84	0.999999	0.00112535
-1161.12	2339.23	0.999999	0.00146063
-1161.11	2344.62	0.999998	0.00179594
-1161.1	2350	0.999998	0.00213087
-1161.09	2355.39	0.999997	0.00244482
-1161.07	2360.77	0.999997	0.00259126
-1161.06	2366.15	0.999997	0.00238229
-1161.05	2371.53	0.999998	0.00181779
-1161.04	2376.9	0.999999	0.00107565
-1161.03	2382.28	1	0.000344216
-1161.03	2387.65	1	-0.000254729
-1161.04	2393.02	1	-0.000671447
-1161.04	2398.39	1	-0.000956328
-1161.05	2403.76	0.999999	-0.00120032
-1161.05	2409.13	0.999999	-0.00144404
-1161.06	2414.49	0.999999	-0.00168749
-1161.07	2419.85	0.999998	-0.00193102
-1161.08	2425.21	0.999998	-0.00217463
-1161.1	2431.11	0.999997	-0.00244231
-1161.11	2435.93	0.999996	-0.00265667
-1161.12	2441.29	0.999996	-0.0028907
-1161.14	2446.64	0.999995	-0.00312489
-1161.16	2451.99	0.999994	-0.00335922
-1161.17	2457.35	0.999994	-0.00359333
-1161.19	2462.69	0.999993	-0.00382717
-1161.21	2468.04	0.999992	-0.00405525
-1161.24	2473.39	0.999991	-0.00427757
-1161.26	2478.73	0.99999	-0.00449962
-1161.28	2484.07	0.999989	-0.00472144
-1161.31	2489.41	0.999988	-0.00494299
-1161.34	2494.75	0.999987	-0.0051647
-1161.36	2500.09	0.999985	-0.0053866
-1161.39	2505.43	0.999984	-0.00560823
-1161.42	2510.76	0.999983	-0.00582959
-1161.46	2516.09	0.999982	-0.00598542
-1161.49	2521.96	0.999981	-0.00608475
-1161.52	2526.75	0.999981	-0.0061658
-1161.55	2532.08	0.99998	-0.0062556
-1161.59	2537.4	0.99998	-0.00634513
-1161.62	2542.73	0.999979	-0.00643496
-1161.66	2548.05	0.999979	-0.00652506
-1161.69	2553.37	0.999978	-0.0066149
-1161.73	2558.69	0.999978	-0.0067045
-1161.76	2564.01	0.999977	-0.00679388
-1161.8	2569.32	0.999976	-0.00688932
-1161.83	2574.63	0.999975	-0.00707475
-1161.87	2579.95	0.999972	-0.0075246
-1161.91	2585.26	0.999965	-0.00836881
-1161.96	2590.56	0.999954	-0.00964176
-1162.02	2595.87	0.999936	-0.0112743
-1162.08	2601.18	0.999915	-0.0130756
-1162.15	2606.48	0.99989	-0.0148253
-1162.23	2611.78	0.999866	-0.0163549
-1162.32	2617.08	0.999845	-0.0175911
-1162.42	2622.38	0.999828	-0.018543
-1162.52	2627.67	0.999815	-0.0192247
-1162.62	2632.97	0.999807	-0.0196582
-1162.73	2638.26	0.999802	-0.0198925
-1162.83	2643.55	0.999802	-0.0199124
-1162.94	2648.84	0.999805	-0.0197582
-1163.04	2654.12	0.999809	-0.0195291
-1163.14	2659.41	0.999814	-0.0192653
-1163.25	2664.69	0.99982	-0.018997
-1163.35	2669.98	0.999826	-0.0186645
-1163.44	2675.26	0.999833	-0.0182677
-1163.54	2680.53	0.99984	-0.0178708
-1163.63	2685.81	0.999847	-0.0174737
-1163.72	2691.09	0.999854	-0.0170771
-1163.81	2696.36	0.999861	-0.0166809
-1163.9	2701.63	0.999867	-0.0162846
-1163.98	2706.9	0.999874	-0.0158882
-1164.07	2712.17	0.999879	-0.015546
-1164.15	2717.44	0.999881	-0.0154263
-1164.23	2722.71	0.999877	-0.0156621
-1164.31	2727.97	0.999869	-0.016165
-1164.4	2733.23	0.99986	-0.0167175
-1164.49	2738.49	0.999853	-0.0171709
-1164.58	2743.75	0.999847	-0.017476
-1164.67	2749.01	0.999845	-0.0176285
-1164.77	2754.26	0.999844	-0.0176536
-1164.86	2759.52	0.999845	-0.0175941
-1164.95	2764.77	0.999847	-0.0175007
-1165.04	2770.02	0.999849	-0.0174033
-1165.13	2775.27	0.99985	-0.0173057
-1165.22	2780.52	0.999852	-0.0172079
-1165.31	2785.76	0.999854	-0.0171098
-1165.4	2791	0.999855	-0.0170065
-1165.49	2796.25	0.999858	-0.0168496
-1165.58	2801.49	0.999864	-0.0165003
-1165.67	2806.72	0.999874	-0.0158707
-1165.75	2811.96	0.999887	-0.0150605
-1165.82	2817.2	0.999898	-0.0142552
-1165.9	2822.43	0.999908	-0.0135771
-1165.97	2827.66	0.999915	-0.0130367
-1166.03	2832.89	0.999921	-0.0125701
-1166.1	2838.12	0.999927	-0.0121181
-1166.16	2843.35	0.999932	-0.0116667
-1166.22	2848.58	0.999937	-0.0112151
-1166.28	2853.8	0.999942	-0.0107634
-1166.33	2859.02	0.999947	-0.0103115
-1166.39	2864.24	0.999951	-0.00986033
-1166.44	2869.46	0.999956	-0.00940972
-1166.49	2874.68	0.99996	-0.00895899
-1166.53	2879.89	0.999964	-0.00850815
-1166.58	2885.11	0.999968	-0.00805777
-1166.62	2890.32	0.999971	-0.00760784
-1166.65	2895.53	0.999974	-0.00715779
-1166.69	2900.74	0.999978	-0.00670763
-1166.73	2905.95	0.99998	-0.00625739
-1166.76	2911.15	0.999983	-0.00580776
-1166.79	2916.36	0.999986	-0.0053587
-1166.81	2921.56	0.999988	-0.00490953
-1166.84	2926.76	0.99999	-0.00446024
-1166.86	2931.96	0.999992	-0.0040114
-1166.88	2937.16	0.999994	-0.00356306
-1166.9	2942.35	0.999995	-0.00311461
-1166.91	2947.55	0.999996	-0.00266604
-1166.93	2952.74	0.999998	-0.00221736
-1166.94	2958.45	0.999999	-0.00172455
-1166.94	2963.12	0.999999	-0.00132182
-1166.95	2968.31	1	-0.000874244
-1166.95	2973.49	1	-0.000426551
-1166.96	2978.68	1	2.06843e-05
-1166.95	2983.86	1	0.000467462
-1166.95	2989.04	1	0.000914353
-1166.95	2994.22	0.999999	0.00136136
-1166.94	2999.4	0.999998	0.00180848
-1166.93	3004.57	0.999998	0.00219182
-1166.91	3009.75	0.999997	0.00251141
-1166.9	3014.92	0.999996	0.00283116
-1166.89	3020.09	0.999995	0.00315102
-1166.87	3025.26	0.999994	0.00347099
-1166.85	3030.43	0.999993	0.00379047
-1166.83	3035.59	0.999992	0.00410946
-1166.81	3040.76	0.99999	0.00442855
-1166.78	3045.92	0.999989	0.00474776
-1166.76	3051.08	0.999987	0.00506663
-1166.73	3056.24	0.999986	0.00538511
-1166.7	3061.4	0.999984	0.00570371
-1166.67	3066.55	0.999982	0.00602243
-1166.64	3071.71	0.99998	0.00634125
-1166.61	3076.86	0.999978	0.0066597
-1166.57	3082.02	0.999976	0.00697783
-1166.54	3087.18	0.999973	0.00729609
-1166.5	3092.35	0.999971	0.00761403
-1166.46	3097.54	0.999969	0.00793327
-1166.42	3102.73	0.999966	0.00825366
-1166.37	3107.94	0.999963	0.00857324
-1166.33	3113.16	0.99996	0.00889195
-1166.28	3118.4	0.999958	0.00920966
-1166.23	3123.65	0.999955	0.00946673
-1166.18	3128.91	0.999953	0.0096631
-1166.13	3134.19	0.999951	0.0098584
-1166.08	3139.48	0.999949	0.0100526
-1166.02	3144.79	0.999947	0.0102492
-1165.97	3150.11	0.999945	0.0104481
-1165.91	3155.44	0.999943	0.0106459
-1165.86	3160.79	0.999941	0.0108427
-1165.8	3166.15	0.999939	0.0110383
-1165.74	3171.52	0.999937	0.0112372
-1165.68	3176.91	0.999935	0.0114392
-1165.61	3182.31	0.999932	0.0116401
-1165.55	3187.73	0.99993	0.01184
-1165.49	3193.16	0.999927	0.0120423
-1165.42	3198.6	0.999925	0.0122469
-1165.35	3204.06	0.999922	0.0124504
-1165.28	3209.53	0.99992	0.0126528
-1165.21	3215.01	0.999917	0.0128541
-1165.14	3220.51	0.999915	0.0130586
-1165.07	3226.02	0.999912	0.0132663
-1165	3231.55	0.999909	0.013473
-1164.92	3237.08	0.999906	0.0136786
-1164.85	3242.64	0.999905	0.0138174
-1164.77	3248.2	0.999904	0.0138895
-1164.69	3253.78	0.999903	0.0139604
-1164.61	3259.37	0.999902	0.01403
-1164.53	3264.96	0.999901	0.014099
-1164.45	3270.55	0.9999	0.01417
-1164.38	3276.13	0.999899	0.0142431
-1164.3	3281.72	0.999898	0.0143162
-1164.22	3287.32	0.999896	0.0143891
-1164.13	3292.92	0.999895	0.0144621
-1164.05	3298.52	0.999894	0.0145351
-1163.97	3304.14	0.999893	0.0146076
-1163.89	3309.76	0.999892	0.0146793
-1163.81	3315.4	0.999891	0.0147502
-1163.72	3321.04	0.99989	0.0148225
-1163.64	3326.69	0.999889	0.0148961
-1163.55	3332.36	0.999888	0.0149689
-1163.47	3338.03	0.999887	0.0150409
-1163.38	3343.71	0.999886	0.015114
-1163.3	3349.4	0.999885	0.0151882
-1163.21	3355.1	0.999884	0.0152616
-1163.12	3360.81	0.999882	0.0153343
-1163.04	3366.53	0.999881	0.0154061
-1162.95	3372.26	0.99988	0.0154795
-1162.86	3378	0.999879	0.0155545
-1162.77	3383.74	0.999878	0.0156288
-1162.68	3389.48	0.999877	0.0157029
-1162.59	3395.23	0.999877	0.0157056
-1162.5	3400.97	0.999878	0.0156371
-1162.41	3406.72	0.999879	0.0155685
-1162.32	3412.47	0.99988	0.0154996
-1162.23	3418.22	0.999881	0.0154307
-1162.14	3423.97	0.999882	0.0153619
-1162.05	3429.73	0.999883	0.0152932
-1161.97	3435.49	0.999884	0.0152244
-1161.88	3441.25	0.999885	0.0151553
-1161.79	3447.01	0.999886	0.0150861
-1161.7	3452.77	0.999887	0.0150171
-1161.62	3458.54	0.999888	0.0149482
-1161.53	3464.3	0.999889	0.0148792
-1161.45	3470.07	0.99989	0.01481
-1161.36	3475.85	0.999891	0.0147408
-1161.28	3481.62	0.999892	0.0146719
-1161.19	3487.4	0.999893	0.0146027
-1161.11	3493.18	0.999894	0.0145333
-1161.02	3498.96	0.999895	0.0144638
-1160.94	3504.74	0.999896	0.0143944
-1160.86	3510.53	0.999897	0.0143253
-1160.77	3516.32	0.999898	0.0142559
-1160.69	3522.11	0.999899	0.0141864
-1160.61	3527.9	0.9999	0.014117
-1160.53	3533.7	0.999901	0.0140477
-1160.45	3539.49	0.999902	0.0139782
-1160.37	3545.29	0.999903	0.0139086
-1160.28	3551.1	0.999904	0.0138386
-1160.2	3556.9	0.999905	0.013769
-1160.12	3562.71	0.999906	0.0136995
-1160.05	3568.52	0.999907	0.0136298
-1159.97	3574.33	0.999908	0.01356
-1159.89	3580.14	0.999909	0.0134899
-1159.81	3585.96	0.99991	0.0134201
-1159.73	3591.78	0.999911	0.0133505
-1159.65	3597.6	0.999912	0.0132806
-1159.58	3603.42	0.999913	0.0132106
-1159.49	3609.83	0.999915	0.0130604
-1159.42	3615.07	0.999917	0.0128656
-1159.35	3620.9	0.99992	0.012649
-1159.28	3626.73	0.999923	0.0124322
-1159.2	3632.57	0.999925	0.0122151
-1159.13	3638.4	0.999928	0.0119981
-1159.06	3644.24	0.999931	0.0117812
-1159	3650.08	0.999933	0.011564
-1158.93	3655.93	0.999936	0.0113466
-1158.86	3662.36	0.999938	0.0111075
-1158.8	3667.62	0.99994	0.0109119
-1158.73	3673.47	0.999943	0.0106944
-1158.67	3679.32	0.999945	0.0104766
-1158.61	3685.18	0.999947	0.0102586
-1158.55	3691.04	0.99995	0.0100407
-1158.49	3696.9	0.999952	0.00982286
-1158.44	3702.76	0.999954	0.00960479
-1158.38	3708.62	0.999956	0.00938648
-1158.33	3714.49	0.999958	0.00916818
-1158.27	3720.36	0.99996	0.00894987
-1158.22	3726.82	0.999962	0.00870953
-1158.17	3732.1	0.999964	0.0085127
-1158.12	3737.98	0.999966	0.00829378
-1158.07	3743.86	0.999967	0.0080749
-1158.03	3749.74	0.999969	0.0078561
-1157.98	3755.62	0.999971	0.0076371
-1157.94	3761.5	0.999972	0.00741788
-1157.89	3767.39	0.999974	0.00719865
-1157.85	3773.28	0.999976	0.00697943
-1157.81	3779.17	0.999977	0.00675997
-1157.77	3785.07	0.999979	0.00654029
-1157.73	3790.96	0.99998	0.00632038
-1157.69	3797.45	0.999982	0.00607854
-1157.66	3802.76	0.999983	0.00588074
-1157.63	3808.66	0.999984	0.00566075
-1157.59	3814.57	0.999985	0.00544053
-1157.56	3820.48	0.999986	0.00522035
-1157.53	3826.39	0.999987	0.00500021
-1157.5	3832.3	0.999989	0.00477984
-1157.47	3838.21	0.99999	0.00455924
-1157.45	3844.13	0.999991	0.00433843
-1157.42	3850.64	0.999992	0.00409558
-1157.4	3855.97	0.999992	0.00389696
-1157.38	3861.89	0.999993	0.00368101
-1157.36	3867.82	0.999994	0.00346979
-1157.33	3874.34	0.999995	0.00323744
-1157.32	3879.68	0.999995	0.00304733
-1157.3	3885.61	0.999996	0.00283588
-1157.28	3892.14	0.999997	0.00260305
-1157.27	3898.08	0.999997	0.00239114
-1157.25	3904.02	0.999998	0.00217931
-1157.24	3909.37	0.999998	0.00198872
-1157.23	3915.31	0.999998	0.00177674
-1157.22	3921.86	0.999999	0.00154332
-1157.21	3927.21	0.999999	0.00142764
-1157.2	3933.76	0.999999	0.00135989
-1157.19	3939.72	0.999999	0.00129805
-1157.19	3945.67	0.999999	0.00123599
-1157.18	3951.04	0.999999	0.00117995
-1157.17	3957.6	0.999999	0.00111173
-1157.17	3962.96	0.999999	0.00105613
-1157.16	3968.93	1	0.000994141
-1157.15	3975.5	1	0.000925713
-1157.15	3981.47	1	0.000863267
-1157.14	3987.44	1	0.000801087
-1157.14	3993.42	1	0.000739175
-1157.13	3999.4	1	0.000677033
-1157.13	4005.38	1	0.000614663
-1157.13	4011.36	1	0.000552445
-1157.12	4017.35	1	0.00049038
-1157.12	4022.74	1	0.000434304
-1157.12	4028.73	1	0.00037182
-1157.12	4035.32	1	0.000302888
-1157.11	4041.32	1	0.000240441
-1157.11	4047.32	1	0.000178224
-1157.11	4053.32	1	0.000115777
-1157.11	4059.32	1	5.31397e-05
-1157.11	4065.33	1	-9.68836e-06
-1157.11	4071.34	1	-7.22875e-05
-1157.11	4077.35	1	-0.000134658
-1157.11	4083.36	1	-0.000197257
-1157.11	4089.37	1	-0.000260047
-1157.12	4095.39	1	-0.000322684
-1157.12	4101.41	1	-0.000385169
-1157.12	4107.43	1	-0.000447806
-1157.12	4113.45	1	-0.000510444
-1157.13	4119.47	1	-0.000572928
-1157.13	4125.48	1	-0.000635299
-1157.13	4131.5	1	-0.000697555
-1157.14	4137.51	1	-0.00075962
-1157.14	4143.52	1	-0.000821494
-1157.15	4149.52	1	-0.000883216
-1157.15	4155.53	1	-0.000945128
-1157.16	4161.53	0.999999	-0.00100723
-1157.17	4167.54	0.999999	-0.00106918
-1157.17	4173.54	0.999999	-0.00113098
-1157.18	4179.54	0.999999	-0.00119263
-1157.19	4185.53	0.999999	-0.00125446
-1157.19	4191.53	0.999999	-0.00131649
-1157.2	4197.52	0.999999	-0.00137833
-1157.21	4203.51	0.999999	-0.00144501
-1157.22	4209.5	0.999999	-0.00152355
-1157.23	4215.49	0.999999	-0.00161396
-1157.24	4221.47	0.999999	-0.00172096
-1157.25	4227.46	0.999998	-0.0018462
-1157.26	4233.44	0.999998	-0.00195953
-1157.27	4239.42	0.999998	-0.00201946
-1157.29	4245.4	0.999998	-0.00199928
-1157.3	4251.37	0.999998	-0.00188701
-1157.31	4257.35	0.999999	-0.00167099
-1157.32	4263.32	0.999999	-0.00134628
-1157.32	4269.29	1	-0.000924605
-1157.33	4275.26	1	-0.000441092
-1157.33	4281.23	1	8.24366e-05
-1157.33	4287.19	1	0.00079609
-1157.32	4293.16	0.999998	0.00202133
-1157.3	4299.12	0.999993	0.00386287
-1157.28	4305.08	0.999982	0.00606053
-1157.24	4311.04	0.999965	0.00836077
-1157.18	4316.99	0.999943	0.0106785
-1157.11	4322.95	0.999916	0.0129952
-1157.03	4328.9	0.999883	0.0152923
-1156.93	4334.85	0.999847	0.0174906
-1156.82	4340.8	0.99981	0.0194936
-1156.7	4346.74	0.999777	0.0211109
-1156.57	4352.69	0.999749	0.0223876
-1156.44	4358.63	0.999722	0.0235891
-1156.29	4364.57	0.999694	0.0247453
-1156.15	4370.51	0.999669	0.0257236
-1155.99	4376.45	0.999654	0.0262935
-1155.83	4382.38	0.999656	0.0262394
-1155.68	4388.31	0.999674	0.0255468
-1155.53	4394.24	0.999701	0.0244669
-1155.39	4400.17	0.999732	0.0231628
-1155.25	4406.1	0.999764	0.0217423
-1155.13	4412.03	0.999793	0.020327
-1155.01	4417.95	0.999821	0.0189185
-1154.9	4423.88	0.999846	0.0175333
-1154.8	4429.8	0.999868	0.0162513
-1154.71	4435.73	0.999886	0.0150727
-1154.62	4441.65	0.999903	0.0139289
-1154.54	4447.57	0.999918	0.0128035
-1154.47	4453.49	0.999932	0.0116783
-1154.4	4459.42	0.999944	0.0105583
-1154.34	4465.34	0.999955	0.00945001
-1154.29	4471.25	0.999965	0.0083486
-1154.24	4477.17	0.999974	0.00724744
-1154.2	4483.09	0.999981	0.00614655
-1154.17	4489.01	0.999987	0.00505083
-1154.14	4494.92	0.999992	0.00398341
-1154.12	4500.83	0.999996	0.00297405
-1154.11	4506.75	0.999998	0.00202763
-1154.1	4512.66	0.999999	0.00120064
-1154.09	4518.57	1	0.000465013
-1154.09	4524.48	1	-0.000270423
-1154.09	4530.39	0.999999	-0.00100563
-1154.1	4536.29	0.999998	-0.00174061
-1154.11	4542.2	0.999997	-0.00247547
-1154.13	4548.1	0.999995	-0.00321021
-1154.15	4554.01	0.999992	-0.00394477
-1154.17	4559.91	0.999989	-0.00467917
-1154.2	4565.81	0.999986	-0.00533895
-1154.24	4571.71	0.999982	-0.00592411
-1154.27	4577.61	0.999979	-0.00650909
-1154.31	4583.51	0.999975	-0.00709387
-1154.36	4589.41	0.999971	-0.00767849
-1154.4	4595.31	0.999966	-0.00826307
-1154.45	4601.21	0.999961	-0.00884762
-1154.51	4607.1	0.999956	-0.00943197
-1154.56	4612.99	0.99995	-0.0100161
-1154.62	4618.89	0.999944	-0.0106001
-1154.69	4624.78	0.999937	-0.0111841
-1154.75	4630.67	0.999931	-0.011768
-1154.82	4636.56	0.999924	-0.0123518
-1154.9	4642.45	0.999916	-0.0129354
-1154.98	4648.34	0.999909	-0.0135188
-1155.06	4654.23	0.999902	-0.0140279
-1155.14	4660.11	0.999895	-0.0144628
-1155.23	4666	0.999889	-0.0148908
-1155.32	4671.88	0.999883	-0.0153007
-1155.41	4677.76	0.999877	-0.0156876
-1155.5	4683.65	0.999871	-0.016063
-1155.6	4689.53	0.999865	-0.0164382
-1155.69	4695.41	0.99986	-0.0167412
-1155.79	4701.29	0.999857	-0.0169146
-1155.89	4707.16	0.999854	-0.0170585
-1155.99	4713.04	0.999851	-0.0172533
-1156.09	4718.91	0.999847	-0.0174938
-1156.2	4724.79	0.999842	-0.0177505
-1156.3	4730.66	0.999838	-0.0180187
-1156.41	4736.53	0.999831	-0.018367
-1156.52	4742.4	0.999822	-0.0188558
-1156.63	4748.27	0.99981	-0.0194736
-1156.75	4754.13	0.999797	-0.0201532
-1156.87	4760	0.999783	-0.0208442
-1156.99	4765.86	0.999768	-0.0215351
-1157.12	4771.73	0.999753	-0.0222258
-1157.25	4777.59	0.999737	-0.0229162
-1157.39	4783.45	0.99972	-0.0236454
-1157.53	4789.31	0.999701	-0.0244409
-1157.67	4795.17	0.999674	-0.0255229
-1157.82	4801.02	0.999633	-0.0271069
-1157.99	4806.88	0.999575	-0.029147
-1158.16	4812.73	0.999504	-0.0314947
-1158.35	4818.59	0.999425	-0.0338923
-1158.56	4824.44	0.999349	-0.0360824
-1158.77	4830.29	0.999282	-0.0378777
-1159	4836.14	0.999231	-0.0392115
-1159.23	4841.98	0.999196	-0.0400956
-1159.47	4847.83	0.99917	-0.0407319
-1159.71	4853.68	0.999145	-0.0413452
-1159.95	4859.52	0.999119	-0.041963
-1160.2	4865.36	0.999093	-0.0425807
-1160.45	4871.21	0.99907	-0.043125
-1160.7	4877.05	0.999049	-0.0435962
-1160.96	4882.89	0.999029	-0.044067
-1161.21	4888.73	0.999008	-0.0445376
-1161.48	4894.56	0.998987	-0.0450082
-1161.74	4900.4	0.998965	-0.045479
-1162.01	4906.23	0.998944	-0.0459494
-1162.28	4912.07	0.998922	-0.0464195
-1162.55	4917.9	0.9989	-0.0468894
-1162.82	4923.73	0.998885	-0.0472136
-1163.1	4929.57	0.998876	-0.047392
-1163.38	4935.4	0.998868	-0.0475702
-1163.65	4941.22	0.998859	-0.0477481
-1163.93	4947.05	0.998858	-0.0477809
-1164.21	4952.88	0.998863	-0.0476688
-1164.49	4958.71	0.998869	-0.0475564
-1164.77	4964.53	0.998874	-0.0474438
-1165.04	4970.36	0.998879	-0.047331
-1165.32	4976.18	0.998891	-0.0470742
-1165.59	4982	0.99891	-0.0466733
-1165.86	4987.82	0.998929	-0.0462722
-1166.13	4993.64	0.998947	-0.0458709
-1166.4	4999.46	0.998966	-0.0454699
-1166.66	5005.28	0.998984	-0.0450693
-1166.92	5011.1	0.999002	-0.0446685
-1167.18	5016.92	0.99902	-0.0442676
-1167.44	5022.74	0.999037	-0.0438663
-1167.69	5028.55	0.999058	-0.0433938
-1167.94	5034.37	0.999082	-0.0428501
-1168.19	5040.18	0.999105	-0.0423061
-1168.44	5045.99	0.999128	-0.041762
-1168.68	5051.81	0.999001	-0.0446903
-1168.96	5057.62	0.998694	-0.0510896
-1169.27	5063.42	0.998346	-0.0574864
-1169.62	5069.23	0.997958	-0.0638804
-1170	5075.03	0.997528	-0.0702714
-1170.43	5080.83	0.997038	-0.0769113
-1170.89	5086.62	0.996483	-0.0837994
-1171.39	5092.41	0.99588	-0.090683
-1171.94	5098.2	0.995229	-0.0975619
-1172.52	5103.98	0.994532	-0.104436
-1173.14	5109.75	0.993766	-0.111487
-1173.81	5115.53	0.992928	-0.118715
-1174.51	5121.29	0.992038	-0.125937
-1175.26	5127.05	0.991096	-0.133151
-1176.05	5132.8	0.990101	-0.140357
-1176.88	5138.55	0.989054	-0.147553
-1177.76	5144.28	0.987955	-0.154741
-1178.67	5150.02	0.986798	-0.161953
-1179.63	5155.74	0.98555	-0.169383
-1180.63	5161.46	0.984158	-0.177292
-1181.68	5167.16	0.982543	-0.186035
-1182.78	5172.86	0.98063	-0.19587
-1183.94	5178.54	0.978406	-0.206691
-1185.16	5184.21	0.975872	-0.218343
-1186.46	5189.86	0.973014	-0.230745
-1187.82	5195.49	0.969819	-0.243824
-1189.27	5201.1	0.966265	-0.257551
-1190.79	5206.69	0.962309	-0.271958
-1192.4	5212.26	0.958782	-0.284141
-1194.07	5217.81	0.95581	-0.293983
-1195.8	5223.34	0.952603	-0.304217
-1197.58	5228.85	0.949171	-0.31476
-1199.43	5234.33	0.944342	-0.328965
-1201.38	5239.78	0.937936	-0.346808
-1203.43	5245.19	0.93105	-0.364891
-1205.58	5250.57	0.923718	-0.383073
-1207.84	5255.89	0.915919	-0.401363
-1210.2	5261.17	0.908153	-0.418639
-1212.66	5266.4	0.900407	-0.435049
-1215.21	5271.59	0.892064	-0.451909
-1217.86	5276.72	0.883126	-0.469136
-1220.61	5281.8	0.873875	-0.486151
-1223.46	5286.82	0.864261	-0.503044
-1226.4	5291.79	0.853882	-0.520467
-1229.45	5296.69	0.842686	-0.538405
-1232.59	5301.53	0.830674	-0.55676
-1235.85	5306.29	0.819959	-0.572422
-1239.18	5311	0.810697	-0.585466
-1242.59	5315.65	0.800827	-0.598896
-1246.07	5320.25	0.790385	-0.61261
-1249.64	5324.78	0.777103	-0.629373
-1253.31	5329.22	0.760847	-0.648931
-1257.09	5333.56	0.743852	-0.668344
-1260.99	5337.81	0.726066	-0.687625
-1264.99	5341.94	0.707509	-0.706704
-1269.1	5345.97	0.688497	-0.725239
-1273.32	5349.89	0.669139	-0.743138
-1277.63	5353.7	0.649238	-0.760585
-1282.05	5357.39	0.628799	-0.777568
-1286.56	5360.95	0.60872	-0.793385
-1291.15	5364.41	0.589109	-0.808054
-1295.83	5367.75	0.569152	-0.822232
-1300.59	5370.97	0.548863	-0.835913
-1305.42	5374.08	0.528252	-0.849087
-1310.32	5377.07	0.507951	-0.861386
-1315.3	5379.94	0.487997	-0.872845
-1320.33	5382.69	0.467792	-0.883838
-1325.43	5385.33	0.447349	-0.89436
-1330.58	5387.85	0.426677	-0.904404
-1335.79	5390.24	0.405331	-0.91417
-1341.05	5392.52	0.383307	-0.923621
-1346.36	5394.66	0.361072	-0.932538
-1351.72	5396.68	0.338639	-0.940916
-1357.13	5398.57	0.315884	-0.948798
-1362.58	5400.32	0.292818	-0.956168
-1368.07	5401.95	0.269588	-0.962976
-1373.59	5403.43	0.24621	-0.969216
-1379.15	5404.79	0.222697	-0.974888
-1384.73	5406.01	0.200438	-0.979706
-1390.34	5407.11	0.179463	-0.983765
-1395.97	5408.09	0.158416	-0.987372
-1401.62	5408.94	0.137305	-0.990529
-1402.75	5409.1	0.135191	-0.99082
-1402.75	5409.1	0.135191	-0.99082
-1402.75	5409.1	0.135191	-0.99082
-1402.75	5409.1	0.135191	-0.99082
-1402.75	5409.1	0.135191	-0.99082
-1402.75	5409.1	0.135191	-0.99082
-1402.75	5409.1	0.135191	-0.99082
-1402.75	5409.1	0.135191	-0.99082
-1402.75	5409.1	0.135191	-0.99082
-1402.75	5409.1	0.135191	-0.99082
-1402.75	5409.1	0.135191	-0.99082
-1402.75	5409.1	0.135191	-0.99082
-1402.75	5409.1	0.135191	-0.99082
-1402.75	5409.1	0.135191	-0.99082
-1402.75	5409.1	0.135191	-0.99082
-1402.75	5409.1	0.135191	-0.99082
-1402.75	5409.1	0.135191	-0.99082
-1402.75	5409.1	0.135191	-0.99082
-1402.75	5409.1	0.135191	-0.99082
-1402.75	5409.1	0.135191	-0.99082
-1402.75	5409.1	0.135191	-0.99082
-1402.75	5409.1	0.135191	-0.99082
-1402.75	5409.1	0.135191	-0.99082
-1402.75	5409.1	0.135191	-0.99082
-1402.75	5409.1	0.135191	-0.99082
-1402.75	5409.1	0.135191	-0.99082
-1402.75	5409.1	0.135191	-0.99082
-1402.75	5409.1	0.135191	-0.99082
-1402.75	5409.1	0.135191	-0.99082
-1402.75	5409.1	0.135191	-0.99082
-1402.75	5409.1	0.135191	-0.99082
-1402.75	5409.1	0.135191	-0.99082
-1402.75	5409.1	0.135191	-0.99082
-1402.75	5409.1	0.135191	-0.99082
-1402.75	5409.1	0.135191	-0.99082
-1402.75	5409.1	0.135191	-0.99082
-1402.75	5409.1	0.135191	-0.99082
-1402.75	5409.1	0.135191	-0.99082
-1402.75	5409.1	0.135191	-0.99082
-1402.75	5409.1	0.135191	-0.99082
-1402.75	5409.1	0.135191	-0.99082
-1402.75	5409.1	0.135191	-0.99082
-1402.75	5409.1	0.135191	-0.99082
-1402.75	5409.1	0.135191	-0.99082
-1402.75	5409.1	0.135191	-0.99082
-1402.75	5409.1	0.135191	-0.99082
-1402.75	5409.1	0.135191	-0.99082
-1402.75	5409.1	0.135191	-0.99082
-1402.75	5409.1	0.135191	-0.99082
-1402.75	5409.1	0.135191	-0.99082
-1402.75	5409.1	0.135191	-0.99082
-1402.75	5409.1	0.135191	-0.99082
-1402.75	5409.1	0.135191	-0.99082
-1402.75	5409.1	0.135191	-0.99082
-1402.75	5409.1	0.135191	-0.99082
-1402.75	5409.1	0.135191	-0.99082
-1402.75	5409.1	0.135191	-0.99082
-1402.75	5409.1	0.135191	-0.99082
-1402.75	5409.1	0.135191	-0.99082
-1402.75	5409.1	0.135191	-0.99082
-1402.75	5409.1	0.135191	-0.99082
-1402.75	5409.1	0.135191	-0.99082
-1402.75	5409.1	0.135191	-0.99082
-1402.75	5409.1	0.135191	-0.99082
-1402.75	5409.1	0.135191	-0.99082
-1402.75	5409.1	0.135191	-0.99082
-1402.75	5409.1	0.135191	-0.99082
-1402.75	5409.1	0.135191	-0.99082
-1402.75	5409.1	0.135191	-0.99082
-1402.75	5409.1	0.135191	-0.99082
-1402.75	5409.1	0.135191	-0.99082
-1402.75	5409.1	0.135191	-0.99082
-1402.75	5409.1	0.135191	-0.99082
-1402.75	5409.1	0.135191	-0.99082
-1402.75	5409.1	0.135191	-0.99082
-1402.75	5409.1	0.135191	-0.99082
-1402.75	5409.1	0.135191	-0.99082
-1402.75	5409.1	0.135191	-0.99082
-1402.75	5409.1	0.135191	-0.99082
-1402.75	5409.1	0.135191	-0.99082
-1402.75	5409.1	0.135191	-0.99082
-1402.75	5409.1	0.135191	-0.99082
-1402.75	5409.1	0.135191	-0.99082
-1402.75	5409.1	0.135191	-0.99082
-1402.75	5409.1	0.135191	-0.99082
-1402.75	5409.1	0.135191	-0.99082
-1402.75	5409.1	0.135191	-0.99082
-1402.75	5409.1	0.135191	-0.99082
-1402.75	5409.1	0.135191	-0.99082
-1402.75	5409.1	0.135191	-0.99082
-1402.75	5409.1	0.135191	-0.99082
-1402.75	5409.1	0.135191	-0.99082
-1402.75	5409.1	0.135191	-0.99082
