1170	-5100	1	0
1170	-5100	1	0
1170	-5100	1	0
1170	-5100	1	0
1170	-5100	1	0
1170	-5100	1	0
1170	-5100	1	0
1170	-5100	1	0
1170	-5100	1	0
1170	-5100	1	0
1170	-5100	1	0
1170	-5100	1	0
1170	-5100	1	0
1170	-5100	1	0
1170	-5100	1	0
1170	-5100	1	0
1170	-5100	1	0
1170	-5100	1	0
1170	-5100	1	0
1170	-5100	1	0
1170	-5100	1	0
1170	-5100	1	0
1170	-5100	1	0
1170	-5100	1	0
1170	-5100	1	0
1170	-5100	1	0
1170	-5100	1	0
1170	-5100	1	0
1170	-5100	1	0
1170	-5100	1	0
1170	-5100	1	0
1170	-5100	1	0
1170	-5100	1	0
1170	-5100	1	0
1170	-5100	1	0
1170	-5100	1	0
1170	-5100	1	0
1170	-5100	1	0
1170	-5100	1	0
1170	-5100	1	0
1170	-5100	1	0
1170	-5100	1	0
1170	-5100	1	0
1170	-5100	1	0
1170	-5100	1	0
1170	-5100	1	0
1170	-5099.99	1	-0.000730475
1170	-5099.97	0.999995	-0.00328821
1170	-5099.93	0.999968	-0.0080499
1170	-5099.88	0.999888	-0.0149614
1170	-5099.8	0.999717	-0.0237757
1170	-5099.71	0.999414	-0.034235
1169.99	-5099.61	0.998922	-0.0464146
1169.98	-5099.48	0.998157	-0.0606889
1169.97	-5099.34	0.996987	-0.0775677
1169.96	-5099.17	0.995236	-0.0974976
1169.94	-5098.97	0.99268	-0.120778
1169.91	-5098.74	0.99107	-0.133344
1169.87	-5098.47	0.99105	-0.133488
1169.83	-5098.17	0.991028	-0.133656
1169.79	-5097.83	0.991003	-0.133837
1169.74	-5097.45	0.990979	-0.134015
1169.68	-5097.04	0.990957	-0.134181
1169.62	-5096.6	0.990939	-0.134311
1169.55	-5096.12	0.990925	-0.134417
1169.48	-5095.6	0.990908	-0.134541
1169.41	-5095.04	0.990887	-0.134693
1169.33	-5094.46	0.990863	-0.134875
1169.24	-5093.83	0.990833	-0.135091
1169.15	-5093.17	0.990798	-0.135351
1169.06	-5092.47	0.990756	-0.135655
1168.96	-5091.74	0.990708	-0.136008
1168.85	-5090.97	0.990653	-0.136408
1168.74	-5090.17	0.990591	-0.136856
1168.63	-5089.33	0.990521	-0.137359
1168.5	-5088.46	0.990443	-0.137924
1168.38	-5087.55	0.990354	-0.138561
1168.24	-5086.6	0.990255	-0.13927
1168.11	-5085.62	0.990143	-0.14006
1167.96	-5084.6	0.990017	-0.140947
1167.81	-5083.55	0.989876	-0.141932
1167.66	-5082.46	0.989719	-0.143025
1167.49	-5081.34	0.989542	-0.144243
1167.32	-5080.18	0.989344	-0.1456
1167.15	-5078.99	0.989125	-0.147076
1166.96	-5077.76	0.988887	-0.148668
1166.77	-5076.5	0.988628	-0.150379
1166.57	-5075.2	0.988344	-0.152238
1166.37	-5073.86	0.988029	-0.154271
1166.15	-5072.49	0.987683	-0.156468
1165.93	-5071.09	0.987308	-0.158817
1165.7	-5069.65	0.98692	-0.161211
1165.45	-5068.17	0.986518	-0.163653
1165.2	-5066.66	0.986084	-0.166247
1164.94	-5065.12	0.985612	-0.169022
1164.67	-5063.54	0.985101	-0.171978
1164.38	-5061.93	0.984546	-0.175129
1164.09	-5060.28	0.98394	-0.178497
1163.78	-5058.6	0.983284	-0.182078
1163.46	-5056.88	0.982572	-0.185885
1163.13	-5055.13	0.98181	-0.189864
1162.78	-5053.35	0.980997	-0.194024
1162.41	-5051.53	0.980116	-0.198427
1162.04	-5049.68	0.979165	-0.203069
1161.64	-5047.8	0.978141	-0.207943
1161.23	-5045.88	0.977056	-0.212983
1160.8	-5043.93	0.975905	-0.218196
1160.35	-5041.95	0.974669	-0.223652
1159.89	-5039.94	0.973343	-0.229356
1159.4	-5037.89	0.971942	-0.235221
1158.89	-5035.81	0.970464	-0.241245
1158.36	-5033.7	0.968886	-0.247506
1157.81	-5031.56	0.967202	-0.254008
1157.23	-5029.39	0.965408	-0.260745
1156.63	-5027.19	0.963522	-0.26763
1156	-5024.96	0.961542	-0.274657
1155.35	-5022.69	0.959444	-0.2819
1154.67	-5020.4	0.957223	-0.289351
1153.96	-5018.08	0.954621	-0.297822
1153.22	-5015.74	0.951606	-0.30732
1152.44	-5013.36	0.948409	-0.317049
1151.63	-5010.97	0.945018	-0.327019
1150.78	-5008.54	0.941433	-0.337201
1149.89	-5006.09	0.9377	-0.347445
1148.96	-5003.62	0.933833	-0.357709
1147.99	-5001.13	0.929795	-0.368078
1146.98	-4998.61	0.925581	-0.37855
1145.93	-4996.07	0.92119	-0.389112
1144.84	-4993.52	0.916692	-0.399595
1143.7	-4990.94	0.912109	-0.409948
1142.52	-4988.34	0.907389	-0.420292
1141.29	-4985.73	0.902526	-0.430636
1140.02	-4983.09	0.89737	-0.44128
1138.7	-4980.44	0.891924	-0.452186
1137.33	-4977.78	0.886359	-0.462999
1135.91	-4975.1	0.880691	-0.473691
1134.45	-4972.4	0.874931	-0.484248
1132.93	-4969.69	0.869143	-0.494562
1131.37	-4966.97	0.863325	-0.504648
1129.75	-4964.24	0.857416	-0.514623
1128.09	-4961.5	0.851436	-0.524458
1126.37	-4958.74	0.845402	-0.53413
1124.61	-4955.98	0.839413	-0.543494
1122.79	-4953.2	0.833487	-0.552539
1120.93	-4950.41	0.827558	-0.561381
1119.02	-4947.62	0.821647	-0.569997
1117.05	-4944.81	0.81585	-0.578264
1115.04	-4942	0.810174	-0.586189
1112.98	-4939.18	0.80456	-0.593872
1110.88	-4936.35	0.799031	-0.601289
1108.72	-4933.51	0.793584	-0.608461
1106.52	-4930.66	0.788348	-0.615229
1104.28	-4927.8	0.783313	-0.621627
1101.99	-4924.93	0.778287	-0.627909
1099.65	-4922.05	0.773195	-0.634168
1097.27	-4919.17	0.767996	-0.640455
1094.84	-4916.27	0.762804	-0.64663
1092.36	-4913.37	0.757619	-0.652697
1089.84	-4910.47	0.752317	-0.658801
1087.27	-4907.55	0.746895	-0.664942
1084.66	-4904.63	0.741486	-0.670968
1082	-4901.71	0.736125	-0.676845
1079.29	-4898.78	0.730763	-0.682632
1076.53	-4895.85	0.725483	-0.68824
1073.73	-4892.91	0.720322	-0.69364
1070.88	-4889.97	0.71387	-0.700278
1067.97	-4887.03	0.706075	-0.708137
1065.01	-4884.11	0.698323	-0.715783
1061.98	-4881.18	0.690598	-0.723238
1058.91	-4878.27	0.682873	-0.730537
1055.77	-4875.37	0.675159	-0.737672
1052.58	-4872.47	0.667511	-0.7446
1049.34	-4869.58	0.659994	-0.751271
1046.04	-4866.71	0.65266	-0.757651
1042.68	-4863.84	0.645887	-0.763433
1039.27	-4860.97	0.639731	-0.768599
1035.82	-4858.12	0.633908	-0.773408
1032.31	-4855.26	0.628459	-0.777843
1028.76	-4852.41	0.62359	-0.781752
1025.17	-4849.55	0.619299	-0.785155
1021.53	-4846.69	0.615404	-0.788212
1017.85	-4843.83	0.61195	-0.790896
1014.13	-4840.96	0.608986	-0.793181
1010.37	-4838.09	0.606629	-0.794985
1006.58	-4835.2	0.604867	-0.796327
1002.75	-4832.29	0.603555	-0.797321
998.892	-4829.38	0.602632	-0.798019
995.002	-4826.44	0.602069	-0.798444
991.082	-4823.49	0.601702	-0.798721
987.133	-4820.51	0.601341	-0.798993
983.154	-4817.52	0.600972	-0.79927
979.146	-4814.51	0.600602	-0.799548
975.109	-4811.48	0.600111	-0.799916
971.041	-4808.43	0.59954	-0.800345
966.942	-4805.36	0.599151	-0.800636
962.815	-4802.27	0.599036	-0.800722
958.66	-4799.16	0.599809	-0.800144
954.482	-4796.02	0.601464	-0.7989
950.282	-4792.85	0.603416	-0.797426
946.063	-4789.65	0.605737	-0.795665
941.826	-4786.42	0.608468	-0.793579
937.574	-4783.15	0.611834	-0.790986
933.308	-4779.84	0.615836	-0.787874
929.033	-4776.48	0.620238	-0.784414
924.75	-4773.08	0.624959	-0.780658
920.461	-4769.62	0.63039	-0.776278
916.17	-4766.12	0.636488	-0.771286
911.881	-4762.55	0.642841	-0.766
907.596	-4758.93	0.649594	-0.760281
903.317	-4755.25	0.656821	-0.754046
899.048	-4751.5	0.664995	-0.746847
894.798	-4747.68	0.67398	-0.738749
890.568	-4743.78	0.683139	-0.730288
886.362	-4739.81	0.692376	-0.721537
882.183	-4735.75	0.701637	-0.712535
878.031	-4731.62	0.710896	-0.703297
873.91	-4727.41	0.720205	-0.693762
869.822	-4723.12	0.729657	-0.683813
865.77	-4718.75	0.739267	-0.673412
861.757	-4714.29	0.748865	-0.662723
857.786	-4709.75	0.758326	-0.651876
853.858	-4705.13	0.767601	-0.640928
849.976	-4700.43	0.776534	-0.630076
846.143	-4695.65	0.785026	-0.619463
842.364	-4690.81	0.792881	-0.609376
838.638	-4685.91	0.800107	-0.599858
834.966	-4680.97	0.806888	-0.590705
831.348	-4675.98	0.813256	-0.581907
827.784	-4670.95	0.819078	-0.573682
824.269	-4665.89	0.824377	-0.566041
820.801	-4660.8	0.829299	-0.558805
817.378	-4655.69	0.833835	-0.552014
813.997	-4650.55	0.837771	-0.546021
810.65	-4645.38	0.841104	-0.540874
807.335	-4640.2	0.844061	-0.536247
804.049	-4635.01	0.846677	-0.532107
800.787	-4629.8	0.848941	-0.528488
797.547	-4624.57	0.850703	-0.525646
794.324	-4619.34	0.852012	-0.523522
791.113	-4614.11	0.853081	-0.521778
787.914	-4608.87	0.854025	-0.520232
784.724	-4603.63	0.854934	-0.518736
781.545	-4598.38	0.85576	-0.517373
778.374	-4593.13	0.856502	-0.516144
775.212	-4587.87	0.857257	-0.514888
772.059	-4582.62	0.858072	-0.513529
768.916	-4577.36	0.859039	-0.51191
765.784	-4572.09	0.860222	-0.509919
762.667	-4566.82	0.861618	-0.507557
759.566	-4561.54	0.863227	-0.504817
756.483	-4556.25	0.865037	-0.501707
753.421	-4550.95	0.866967	-0.498366
750.381	-4545.64	0.868994	-0.494823
747.365	-4540.33	0.871183	-0.490959
744.373	-4534.99	0.873548	-0.486738
741.409	-4529.65	0.876038	-0.482242
738.474	-4524.29	0.878627	-0.477508
735.57	-4518.92	0.881331	-0.4725
732.697	-4513.53	0.88411	-0.467279
729.858	-4508.13	0.886914	-0.461934
727.053	-4502.71	0.889751	-0.456446
724.282	-4497.27	0.892522	-0.451004
721.544	-4491.82	0.895073	-0.445919
718.837	-4486.36	0.897381	-0.441256
716.158	-4480.89	0.899363	-0.437203
713.503	-4475.4	0.900997	-0.433825
710.868	-4469.91	0.902341	-0.431024
708.249	-4464.41	0.903394	-0.428811
705.643	-4458.91	0.904147	-0.427222
703.046	-4453.41	0.904488	-0.4265
700.451	-4447.91	0.90443	-0.426623
697.855	-4442.41	0.904131	-0.427256
695.255	-4436.91	0.903696	-0.428175
692.65	-4431.42	0.903119	-0.42939
690.038	-4425.93	0.902363	-0.430976
687.415	-4420.45	0.90145	-0.432884
684.781	-4414.98	0.900381	-0.435103
682.134	-4409.52	0.899173	-0.437594
679.472	-4404.06	0.897842	-0.440318
676.794	-4398.62	0.896394	-0.443258
674.098	-4393.19	0.894834	-0.446398
671.383	-4387.77	0.893175	-0.44971
668.649	-4382.36	0.891397	-0.453224
665.894	-4376.96	0.889545	-0.456848
663.117	-4371.58	0.887604	-0.460607
660.318	-4366.21	0.885485	-0.464668
657.495	-4360.85	0.883172	-0.46905
654.645	-4355.51	0.880777	-0.473531
651.769	-4350.19	0.878291	-0.478126
648.866	-4344.88	0.875556	-0.483116
645.932	-4339.59	0.872522	-0.488574
642.964	-4334.33	0.869155	-0.49454
639.961	-4329.08	0.865469	-0.500962
636.918	-4323.87	0.861435	-0.507868
633.833	-4318.67	0.856965	-0.515375
630.702	-4313.51	0.852033	-0.523488
627.522	-4308.38	0.846124	-0.532986
624.28	-4303.29	0.839233	-0.543772
620.973	-4298.25	0.831897	-0.554931
617.6	-4293.25	0.82413	-0.566401
614.157	-4288.3	0.815955	-0.578116
610.645	-4283.41	0.807641	-0.589675
607.065	-4278.56	0.7992	-0.601066
603.418	-4273.77	0.790362	-0.61264
599.701	-4269.03	0.781101	-0.624405
595.915	-4264.35	0.772088	-0.635516
592.066	-4259.73	0.763361	-0.645972
588.155	-4255.16	0.754286	-0.656546
584.181	-4250.64	0.744952	-0.667119
580.146	-4246.19	0.735413	-0.677619
576.048	-4241.79	0.725967	-0.687729
571.893	-4237.45	0.716533	-0.697553
567.68	-4233.17	0.706765	-0.707448
563.408	-4228.95	0.696681	-0.717381
559.078	-4224.79	0.686222	-0.727392
554.687	-4220.7	0.673012	-0.739631
550.216	-4216.71	0.657016	-0.753877
545.661	-4212.8	0.640588	-0.767884
541.024	-4209	0.623737	-0.781635
536.307	-4205.31	0.606702	-0.794929
531.513	-4201.71	0.589592	-0.807702
526.646	-4198.22	0.572398	-0.819976
521.707	-4194.84	0.55533	-0.83163
516.702	-4191.55	0.538562	-0.842586
511.635	-4188.37	0.522607	-0.852574
506.512	-4185.28	0.507571	-0.86161
501.338	-4182.28	0.493153	-0.869942
496.118	-4179.36	0.47943	-0.87758
490.855	-4176.53	0.46644	-0.884553
485.554	-4173.77	0.45499	-0.890496
480.222	-4171.08	0.445109	-0.895476
474.863	-4168.44	0.435998	-0.899947
469.481	-4165.86	0.427669	-0.903935
464.077	-4163.32	0.420565	-0.907262
458.657	-4160.83	0.414706	-0.909956
453.224	-4158.37	0.409661	-0.912238
447.779	-4155.93	0.4054	-0.914139
442.326	-4153.53	0.401902	-0.915683
436.866	-4151.14	0.399479	-0.916742
431.403	-4148.76	0.398101	-0.917342
425.939	-4146.39	0.397402	-0.917644
420.475	-4144.03	0.397343	-0.91767
415.014	-4141.66	0.398026	-0.917374
409.557	-4139.29	0.399313	-0.916815
404.105	-4136.91	0.400805	-0.916164
398.658	-4134.53	0.402338	-0.915491
393.218	-4132.13	0.403869	-0.914817
387.783	-4129.73	0.405603	-0.914049
382.354	-4127.31	0.407538	-0.913188
376.933	-4124.89	0.40947	-0.912323
371.518	-4122.45	0.41138	-0.911464
366.11	-4120.01	0.413083	-0.910694
360.708	-4117.55	0.414389	-0.9101
354.771	-4114.84	0.415539	-0.909575
349.917	-4112.62	0.416428	-0.909169
344.528	-4110.15	0.417401	-0.908723
339.144	-4107.68	0.418341	-0.90829
333.763	-4105.2	0.419207	-0.907891
328.387	-4102.71	0.42001	-0.90752
323.014	-4100.22	0.420807	-0.90715
317.646	-4097.73	0.421602	-0.906781
312.281	-4095.23	0.422397	-0.906411
306.919	-4092.73	0.423191	-0.90604
301.562	-4090.23	0.424012	-0.905656
296.209	-4087.72	0.424911	-0.905235
290.86	-4085.21	0.425961	-0.904742
285.516	-4082.69	0.427168	-0.904172
280.176	-4080.16	0.428632	-0.903479
274.844	-4077.62	0.430578	-0.902554
269.518	-4075.08	0.431672	-0.902031
264.195	-4072.53	0.431769	-0.901984
258.874	-4069.98	0.432086	-0.901832
253.556	-4067.43	0.432573	-0.901599
248.241	-4064.88	0.433238	-0.90128
242.931	-4062.32	0.436163	-0.899868
237.634	-4059.74	0.441403	-0.897309
232.355	-4057.13	0.446981	-0.894544
227.094	-4054.48	0.452884	-0.891569
221.853	-4051.8	0.459074	-0.888398
216.633	-4049.09	0.465717	-0.884934
211.435	-4046.33	0.472816	-0.881161
206.262	-4043.53	0.480155	-0.877183
201.114	-4040.69	0.487698	-0.873013
195.992	-4037.81	0.495411	-0.868659
190.898	-4034.88	0.503294	-0.864115
185.833	-4031.9	0.511382	-0.859353
180.798	-4028.88	0.519664	-0.854371
175.794	-4025.81	0.528186	-0.849129
170.823	-4022.69	0.536858	-0.843672
165.885	-4019.52	0.545604	-0.838043
160.983	-4016.3	0.554411	-0.832243
156.117	-4013.02	0.563182	-0.826333
151.286	-4009.7	0.571888	-0.820332
146.493	-4006.33	0.580237	-0.814448
141.735	-4002.91	0.588075	-0.808806
137.01	-3999.45	0.595531	-0.803332
132.319	-3995.95	0.602566	-0.798069
127.66	-3992.4	0.608914	-0.793236
123.028	-3988.83	0.614588	-0.788848
118.424	-3985.22	0.619828	-0.784738
113.844	-3981.58	0.624634	-0.780918
109.287	-3977.92	0.629035	-0.777377
104.751	-3974.24	0.632912	-0.774224
99.7832	-3970.16	0.636649	-0.771154
95.7343	-3966.81	0.63943	-0.768849
91.2506	-3963.06	0.642356	-0.766406
86.7823	-3959.31	0.645049	-0.764141
82.3281	-3955.54	0.647562	-0.762013
77.8877	-3951.75	0.650068	-0.759876
73.4612	-3947.96	0.652565	-0.757733
69.0485	-3944.15	0.655055	-0.755581
64.6496	-3940.32	0.657372	-0.753566
60.2633	-3936.49	0.659517	-0.751689
55.8892	-3932.64	0.661615	-0.749844
51.5271	-3928.78	0.663586	-0.7481
47.1761	-3924.92	0.665394	-0.746492
42.8354	-3921.04	0.666934	-0.745117
38.5034	-3917.16	0.66817	-0.744009
34.1786	-3913.27	0.669147	-0.74313
29.8597	-3909.38	0.669882	-0.742468
25.5456	-3905.48	0.670361	-0.742035
21.2346	-3901.59	0.670533	-0.74188
16.9254	-3897.69	0.670531	-0.741882
12.6174	-3893.8	0.670509	-0.741901
8.31061	-3889.91	0.670492	-0.741917
4.00497	-3886.02	0.670328	-0.742065
-0.30063	-3882.13	0.670093	-0.742278
-4.60582	-3878.24	0.669998	-0.742363
-8.90993	-3874.36	0.66999	-0.74237
-13.2127	-3870.47	0.669948	-0.742408
-17.5146	-3866.59	0.669852	-0.742495
-21.8156	-3862.71	0.669755	-0.742582
-26.1158	-3858.83	0.669659	-0.742668
-30.4152	-3854.96	0.669563	-0.742755
-34.7105	-3851.08	0.673625	-0.739073
-38.9696	-3847.16	0.681704	-0.731628
-43.185	-3843.2	0.689484	-0.724301
-47.3576	-3839.2	0.69695	-0.71712
-51.4916	-3835.15	0.700178	-0.713968
-55.621	-3831.11	0.699266	-0.714861
-59.7545	-3827.07	0.698187	-0.715915
-63.8933	-3823.04	0.696837	-0.717229
-68.0392	-3819.02	0.695156	-0.718859
-72.1941	-3815.01	0.692936	-0.720999
-76.3614	-3811.01	0.690245	-0.723576
-80.5428	-3807.04	0.687351	-0.726325
-84.739	-3803.08	0.684274	-0.729225
-88.9511	-3799.14	0.680975	-0.732307
-93.18	-3795.22	0.677469	-0.735552
-97.4265	-3791.33	0.673908	-0.738815
-101.69	-3787.45	0.670542	-0.741872
-105.969	-3783.6	0.66752	-0.744592
-110.262	-3779.76	0.664718	-0.747094
-114.568	-3775.94	0.661963	-0.749537
-118.886	-3772.14	0.659191	-0.751976
-123.218	-3768.35	0.656385	-0.754426
-127.562	-3764.59	0.653522	-0.756907
-131.918	-3760.84	0.650711	-0.759326
-136.288	-3757.1	0.647984	-0.761654
-140.669	-3753.39	0.645251	-0.763971
-145.062	-3749.69	0.64251	-0.766278
-149.466	-3746	0.639821	-0.768524
-154.325	-3741.97	0.636936	-0.770917
-158.31	-3738.69	0.634602	-0.772839
-162.748	-3735.05	0.632022	-0.774951
-167.642	-3731.07	0.62918	-0.777259
-171.656	-3727.83	0.626991	-0.779026
-176.124	-3724.24	0.624783	-0.780798
-180.601	-3720.67	0.622751	-0.78242
-185.086	-3717.11	0.620801	-0.783968
-189.578	-3713.56	0.61887	-0.785494
-194.077	-3710.02	0.617004	-0.78696
-198.584	-3706.49	0.615247	-0.788335
-203.096	-3702.98	0.613588	-0.789626
-207.614	-3699.47	0.611963	-0.790886
-212.138	-3695.98	0.610491	-0.792023
-216.667	-3692.49	0.609172	-0.793038
-221.2	-3689.01	0.607918	-0.794
-225.737	-3685.55	0.606838	-0.794826
-230.731	-3681.74	0.605929	-0.795518
-235.272	-3678.28	0.605327	-0.795977
-239.36	-3675.17	0.604837	-0.796349
-243.904	-3671.72	0.604334	-0.796731
-248.903	-3667.93	0.603836	-0.797109
-252.993	-3664.84	0.60345	-0.797401
-257.538	-3661.4	0.60302	-0.797726
-262.083	-3657.96	0.602591	-0.79805
-267.084	-3654.19	0.602119	-0.798407
-271.63	-3650.76	0.601672	-0.798743
-276.177	-3647.34	0.601239	-0.799069
-280.27	-3644.26	0.600878	-0.799341
-285.272	-3640.5	0.600437	-0.799672
-289.365	-3637.43	0.600076	-0.799943
-293.913	-3634.02	0.599675	-0.800244
-298.462	-3630.61	0.599265	-0.800551
-303.465	-3626.87	0.598774	-0.800918
-307.56	-3623.81	0.598322	-0.801256
-312.565	-3620.08	0.597728	-0.801699
-316.661	-3617.02	0.597234	-0.802067
-321.668	-3613.3	0.596629	-0.802517
-325.766	-3610.25	0.596131	-0.802887
-330.319	-3606.87	0.595536	-0.803329
-334.875	-3603.5	0.594833	-0.803849
-339.887	-3599.79	0.593958	-0.804496
-343.99	-3596.77	0.593216	-0.805043
-349.007	-3593.07	0.592306	-0.805713
-353.113	-3590.06	0.591533	-0.806281
-358.135	-3586.38	0.590483	-0.80705
-362.246	-3583.37	0.589621	-0.80768
-367.273	-3579.7	0.588616	-0.808413
-371.389	-3576.71	0.587738	-0.809051
-376.422	-3573.06	0.586635	-0.809852
-380.542	-3570.08	0.585732	-0.810505
-385.58	-3566.44	0.584627	-0.811302
-389.705	-3563.47	0.583722	-0.811953
-394.75	-3559.85	0.582616	-0.812747
-398.88	-3556.89	0.581711	-0.813396
-403.93	-3553.28	0.580661	-0.814145
-408.064	-3550.34	0.579858	-0.814718
-413.119	-3546.74	0.578876	-0.815416
-417.257	-3543.81	0.578065	-0.815991
-422.317	-3540.23	0.577063	-0.816699
-426.459	-3537.3	0.576243	-0.817278
-431.524	-3533.73	0.575218	-0.818
-435.67	-3530.82	0.574312	-0.818636
-440.74	-3527.27	0.573081	-0.819498
-444.891	-3524.37	0.572025	-0.820236
-449.968	-3520.83	0.570713	-0.82115
-454.125	-3517.95	0.569591	-0.821928
-459.21	-3514.43	0.568143	-0.82293
-463.374	-3511.56	0.566872	-0.823806
-468.467	-3508.06	0.56531	-0.824879
-472.638	-3505.2	0.564086	-0.825716
-477.74	-3501.72	0.56259	-0.826736
-481.917	-3498.89	0.561365	-0.827569
-486.563	-3495.74	0.560003	-0.828491
-491.212	-3492.6	0.557589	-0.830117
-496.339	-3489.17	0.553211	-0.833041
-500.547	-3486.39	0.549665	-0.835385
-505.234	-3483.32	0.545773	-0.837933
-509.933	-3480.27	0.54193	-0.840424
-515.117	-3476.94	0.537746	-0.843107
-519.37	-3474.24	0.534397	-0.845233
-524.105	-3471.26	0.530924	-0.847419
-528.851	-3468.29	0.527899	-0.849307
-534.081	-3465.05	0.525065	-0.851062
-538.367	-3462.41	0.522979	-0.852345
-543.611	-3459.2	0.520553	-0.853829
-547.908	-3456.59	0.518571	-0.855035
-553.165	-3453.41	0.516166	-0.856488
-557.472	-3450.82	0.514415	-0.857541
-562.741	-3447.66	0.512828	-0.858492
-567.055	-3445.09	0.511886	-0.859053
-572.328	-3441.95	0.510993	-0.859585
-577.124	-3439.1	0.510384	-0.859946
-581.919	-3436.26	0.509983	-0.860184
-586.235	-3433.7	0.509756	-0.860319
-591.509	-3430.58	0.509545	-0.860444
-595.823	-3428.02	0.509371	-0.860547
-600.616	-3425.19	0.509132	-0.860689
-605.408	-3422.35	0.508824	-0.860871
-610.678	-3419.24	0.508471	-0.861079
-614.991	-3416.69	0.508125	-0.861284
-620.261	-3413.58	0.507583	-0.861603
-624.573	-3411.04	0.508305	-0.861177
-629.834	-3407.93	0.511023	-0.859567
-634.131	-3405.37	0.513216	-0.858259
-639.371	-3402.23	0.515846	-0.856681
-644.125	-3399.36	0.518162	-0.855283
-648.871	-3396.48	0.520364	-0.853944
-653.607	-3393.58	0.522454	-0.852668
-658.335	-3390.68	0.524451	-0.851441
-663.055	-3387.77	0.5263	-0.850299
-667.296	-3385.14	0.52781	-0.849362
-672.472	-3381.91	0.529387	-0.848381
-677.171	-3378.98	0.530593	-0.847627
-681.865	-3376.04	0.5317	-0.846933
-686.554	-3373.09	0.532753	-0.846271
-691.237	-3370.14	0.533734	-0.845652
-695.916	-3367.18	0.534656	-0.84507
-700.59	-3364.22	0.535577	-0.844487
-705.259	-3361.26	0.536497	-0.843902
-709.458	-3358.59	0.537324	-0.843376
-714.584	-3355.32	0.538161	-0.842842
-718.775	-3352.64	0.538674	-0.842514
-723.893	-3349.37	0.539302	-0.842113
-728.542	-3346.39	0.539872	-0.841747
-733.188	-3343.41	0.540441	-0.841382
-737.831	-3340.42	0.540956	-0.841051
-742.47	-3337.44	0.541457	-0.840729
-747.106	-3334.45	0.542058	-0.840341
-751.738	-3331.46	0.542744	-0.839898
-756.366	-3328.47	0.54345	-0.839442
-760.99	-3325.47	0.54404	-0.839059
-765.611	-3322.47	0.544516	-0.838751
-770.229	-3319.47	0.545008	-0.838431
-774.843	-3316.47	0.54554	-0.838085
-779.454	-3313.47	0.546044	-0.837757
-784.062	-3310.46	0.546499	-0.83746
-788.667	-3307.46	0.546954	-0.837163
-793.269	-3304.45	0.547414	-0.836862
-797.868	-3301.44	0.547891	-0.83655
-802.463	-3298.43	0.548393	-0.836221
-807.055	-3295.42	0.548907	-0.835884
-811.644	-3292.4	0.54942	-0.835546
-816.23	-3289.38	0.54996	-0.835191
-820.812	-3286.36	0.550577	-0.834784
-825.39	-3283.34	0.552271	-0.833665
-829.957	-3280.31	0.555041	-0.831823
-834.513	-3277.26	0.557916	-0.829898
-839.057	-3274.19	0.560909	-0.827878
-843.588	-3271.11	0.564051	-0.82574
-848.106	-3268.02	0.567371	-0.823462
-852.609	-3264.9	0.570864	-0.821044
-857.098	-3261.77	0.574487	-0.818514
-861.571	-3258.62	0.578173	-0.815914
-866.029	-3255.45	0.581838	-0.813305
-870.471	-3252.26	0.585477	-0.810689
-874.897	-3249.05	0.58912	-0.808046
-879.307	-3245.82	0.592784	-0.805361
-883.701	-3242.58	0.596539	-0.802584
-888.078	-3239.31	0.60028	-0.79979
-892.439	-3236.02	0.603938	-0.797031
-896.783	-3232.72	0.607583	-0.794256
-901.111	-3229.4	0.61123	-0.791453
-905.422	-3226.05	0.614866	-0.788632
-909.716	-3222.69	0.618524	-0.785766
-913.993	-3219.31	0.622244	-0.782823
-918.253	-3215.91	0.626006	-0.779818
-922.495	-3212.5	0.629805	-0.776753
-926.719	-3209.06	0.633507	-0.773737
-930.925	-3205.6	0.637098	-0.770783
-935.114	-3202.13	0.640682	-0.767807
-939.285	-3198.63	0.644251	-0.764814
-943.438	-3195.12	0.647805	-0.761806
-947.574	-3191.59	0.651089	-0.759001
-951.695	-3188.04	0.654107	-0.756402
-955.799	-3184.48	0.657114	-0.753791
-959.889	-3180.91	0.660109	-0.75117
-963.963	-3177.32	0.662941	-0.748671
-968.022	-3173.71	0.665613	-0.746297
-972.067	-3170.09	0.668275	-0.743914
-976.098	-3166.46	0.670935	-0.741516
-980.115	-3162.82	0.673651	-0.73905
-984.117	-3159.16	0.67639	-0.736544
-988.104	-3155.48	0.679151	-0.733999
-992.075	-3151.8	0.682014	-0.731339
-996.031	-3148.1	0.684977	-0.728564
-999.971	-3144.38	0.687946	-0.725762
-1003.89	-3140.65	0.690923	-0.722928
-1007.8	-3136.9	0.693998	-0.719977
-1011.69	-3133.14	0.697164	-0.716911
-1015.56	-3129.37	0.700422	-0.713729
-1019.41	-3125.57	0.703571	-0.710625
-1023.25	-3121.76	0.706603	-0.70761
-1027.06	-3117.94	0.709715	-0.704489
-1030.86	-3114.1	0.712915	-0.701251
-1034.64	-3110.24	0.716102	-0.697996
-1038.4	-3106.37	0.71928	-0.69472
-1042.14	-3102.48	0.722536	-0.691333
-1045.86	-3098.57	0.725863	-0.68784
-1049.57	-3094.65	0.729261	-0.684235
-1053.25	-3090.71	0.732971	-0.680259
-1056.9	-3086.75	0.737	-0.675892
-1060.54	-3082.77	0.741152	-0.671338
-1064.14	-3078.77	0.745464	-0.666546
-1067.72	-3074.75	0.749958	-0.661485
-1071.27	-3070.7	0.756231	-0.654305
-1074.77	-3066.62	0.764191	-0.644991
-1078.22	-3062.49	0.772163	-0.635424
-1081.62	-3058.32	0.780064	-0.625699
-1084.96	-3054.11	0.787842	-0.615877
-1088.25	-3049.86	0.795493	-0.605963
-1091.48	-3045.57	0.802992	-0.595989
-1094.66	-3041.24	0.810288	-0.586032
-1097.79	-3036.87	0.817377	-0.576104
-1100.86	-3032.47	0.824192	-0.56631
-1103.88	-3028.03	0.830735	-0.556668
-1106.84	-3023.56	0.837119	-0.547021
-1109.76	-3019.06	0.843378	-0.537321
-1112.62	-3014.52	0.849522	-0.527552
-1115.42	-3009.95	0.85539	-0.517984
-1118.18	-3005.36	0.860979	-0.508641
-1120.88	-3000.73	0.866419	-0.499317
-1123.54	-2996.08	0.871702	-0.490036
-1126.14	-2991.4	0.876841	-0.48078
-1128.69	-2986.7	0.88174	-0.471735
-1131.2	-2981.97	0.886416	-0.462889
-1133.66	-2977.22	0.890967	-0.454067
-1136.07	-2972.45	0.895371	-0.44532
-1138.43	-2967.65	0.899499	-0.436922
-1140.75	-2962.84	0.903358	-0.428888
-1143.02	-2958	0.907069	-0.420981
-1145.25	-2953.15	0.910644	-0.413191
-1147.44	-2948.28	0.914086	-0.40552
-1149.59	-2943.4	0.917275	-0.398255
-1151.7	-2938.5	0.92024	-0.391353
-1153.77	-2933.58	0.923142	-0.38446
-1155.81	-2928.66	0.92599	-0.377547
-1157.8	-2923.71	0.928715	-0.370795
-1159.77	-2918.76	0.931318	-0.364207
-1161.69	-2913.79	0.933874	-0.357602
-1163.58	-2908.81	0.936382	-0.350982
-1165.44	-2903.82	0.938843	-0.344346
-1167.26	-2898.82	0.941124	-0.338062
-1169.04	-2893.81	0.943232	-0.332134
-1170.8	-2888.79	0.945302	-0.326195
-1172.52	-2883.76	0.947335	-0.320245
-1174.21	-2878.72	0.949267	-0.314471
-1175.87	-2873.67	0.951106	-0.308865
-1177.49	-2868.62	0.952914	-0.30324
-1179.09	-2863.55	0.954688	-0.297607
-1180.66	-2858.48	0.956429	-0.291966
-1182.2	-2853.4	0.958042	-0.28663
-1183.71	-2848.32	0.959528	-0.281614
-1185.19	-2843.22	0.960981	-0.276613
-1186.65	-2838.13	0.962406	-0.271616
-1188.08	-2833.02	0.963701	-0.266984
-1189.48	-2827.91	0.964852	-0.262792
-1190.87	-2822.8	0.965954	-0.258713
-1192.23	-2817.68	0.967028	-0.25467
-1193.57	-2812.56	0.968084	-0.250624
-1194.88	-2807.44	0.969076	-0.246764
-1196.18	-2802.31	0.970004	-0.243089
-1197.46	-2797.18	0.970916	-0.239422
-1198.72	-2792.04	0.971797	-0.235821
-1199.96	-2786.91	0.972591	-0.232521
-1201.18	-2781.77	0.973312	-0.229484
-1202.38	-2776.63	0.974019	-0.226465
-1203.57	-2771.48	0.974717	-0.223445
-1204.75	-2766.34	0.975408	-0.220406
-1205.9	-2761.19	0.976184	-0.216946
-1207.04	-2756.04	0.977042	-0.213047
-1208.15	-2750.88	0.97791	-0.209026
-1209.25	-2745.73	0.978804	-0.2048
-1210.32	-2740.57	0.979697	-0.200484
-1211.36	-2735.4	0.980577	-0.196133
-1212.39	-2730.24	0.981458	-0.191678
-1213.39	-2725.07	0.982328	-0.187168
-1214.36	-2719.9	0.983186	-0.182607
-1215.31	-2714.72	0.984408	-0.175902
-1216.22	-2709.54	0.985961	-0.166976
-1217.08	-2704.35	0.987462	-0.157859
-1217.89	-2699.16	0.988898	-0.148599
-1218.65	-2693.96	0.990257	-0.139255
-1219.36	-2688.76	0.991515	-0.129994
-1220.02	-2683.55	0.992658	-0.120952
-1220.64	-2678.33	0.993689	-0.112167
-1221.21	-2673.12	0.994609	-0.103694
-1221.74	-2667.9	0.995409	-0.0957075
-1222.22	-2662.68	0.996098	-0.0882565
-1222.67	-2657.45	0.996692	-0.0812681
-1223.08	-2652.23	0.997202	-0.074753
-1223.46	-2647	0.997638	-0.0686962
-1223.81	-2641.77	0.998	-0.0632094
-1224.13	-2636.55	0.9983	-0.0582787
-1224.43	-2631.32	0.998554	-0.0537593
-1224.7	-2626.09	0.998771	-0.0495633
-1224.95	-2620.87	0.998963	-0.0455346
-1225.18	-2615.64	0.999124	-0.0418517
-1225.39	-2610.42	0.999253	-0.0386408
-1225.59	-2605.2	0.99936	-0.0357618
-1225.77	-2599.98	0.999451	-0.0331422
-1225.94	-2594.75	0.999527	-0.030757
-1226.09	-2589.54	0.999593	-0.0285126
-1226.24	-2584.32	0.999655	-0.0262683
-1226.37	-2579.1	0.999711	-0.0240243
-1226.49	-2573.89	0.999762	-0.0218044
-1226.6	-2568.67	0.999806	-0.0196837
-1226.7	-2563.46	0.999843	-0.0177413
-1226.79	-2558.25	0.999872	-0.0159888
-1226.87	-2553.04	0.999897	-0.0143526
-1226.94	-2547.83	0.999919	-0.012746
-1227	-2542.62	0.999937	-0.0112509
-1227.06	-2537.42	0.999951	-0.00986713
-1227.1	-2532.22	0.999964	-0.0084834
-1227.15	-2527.01	0.999975	-0.00709974
-1227.18	-2521.81	0.999984	-0.00571709
-1227.21	-2516.62	0.999991	-0.00433547
-1227.23	-2511.42	0.999996	-0.00291583
-1227.24	-2506.22	0.999999	-0.0013903
-1227.24	-2501.03	1	0.000222741
-1227.24	-2495.84	0.999998	0.00185413
-1227.22	-2490.65	0.999994	0.00348415
-1227.2	-2485.46	0.999987	0.005114
-1227.17	-2480.27	0.999977	0.00674369
-1227.13	-2475.09	0.999965	0.00837225
-1227.09	-2469.91	0.99995	0.00999968
-1227.03	-2464.72	0.999932	0.0116269
-1226.97	-2459.55	0.999912	0.013254
-1226.9	-2454.37	0.999889	0.0148809
-1226.82	-2449.19	0.999866	0.0163811
-1226.73	-2444.02	0.999842	0.0177548
-1226.63	-2438.84	0.999817	0.0191282
-1226.53	-2433.67	0.99979	0.0205015
-1226.42	-2428.5	0.999762	0.0218111
-1226.31	-2423.34	0.999734	0.023057
-1226.19	-2418.17	0.999705	0.0243027
-1226.06	-2413.01	0.999674	0.0255483
-1225.92	-2407.85	0.999641	0.0267937
-1225.78	-2402.69	0.999609	0.0279655
-1225.64	-2397.53	0.999579	0.0290247
-1225.49	-2392.37	0.999552	0.02993
-1225.33	-2387.22	0.999532	0.0306047
-1225.17	-2382.06	0.999516	0.0311175
-1225.01	-2376.91	0.999502	0.0315415
-1224.85	-2371.76	0.99949	0.0319462
-1224.68	-2366.62	0.999477	0.0323371
-1224.51	-2361.47	0.999466	0.0326711
-1224.34	-2356.33	0.999458	0.0329085
-1224.17	-2351.18	0.999455	0.0330244
-1224	-2346.04	0.999455	0.0330195
-1223.84	-2340.9	0.999458	0.0329343
-1223.67	-2335.77	0.999465	0.03271
-1223.5	-2330.63	0.999476	0.0323548
-1223.33	-2325.5	0.999489	0.0319765
-1223.17	-2320.36	0.999501	0.0315889
-1223.01	-2315.23	0.999515	0.0311531
-1222.85	-2310.1	0.999532	0.030584
-1222.69	-2304.97	0.999555	0.0298193
-1222.54	-2299.85	0.999583	0.0288915
-1222.4	-2294.72	0.999612	0.0278689
-1222.26	-2289.6	0.999642	0.0267708
-1222.12	-2284.48	0.999671	0.0256338
-1221.99	-2279.36	0.9997	0.0244968
-1221.87	-2274.24	0.999727	0.0233606
-1221.75	-2269.12	0.999753	0.022225
-1221.64	-2264	0.999778	0.0210895
-1221.54	-2258.89	0.999801	0.0199527
-1221.44	-2253.76	0.999823	0.0188124
-1221.34	-2248.61	0.999844	0.0176662
-1221.25	-2243.45	0.999864	0.0165117
-1221.17	-2238.26	0.999882	0.015352
-1221.09	-2233.04	0.999899	0.0141862
-1221.02	-2227.8	0.999915	0.0130089
-1220.95	-2222.53	0.99993	0.0118202
-1220.89	-2217.24	0.999944	0.0106286
-1220.84	-2211.92	0.999956	0.00943338
-1220.79	-2206.56	0.999966	0.00822493
-1220.75	-2201.18	0.999975	0.00700277
-1220.71	-2195.76	0.999983	0.00576657
-1220.69	-2190.32	0.99999	0.00452937
-1220.66	-2184.84	0.999995	0.00329719
-1220.65	-2179.33	0.999998	0.00207649
-1220.64	-2173.79	1	0.000867234
-1220.64	-2168.21	1	-0.000302161
-1220.64	-2162.61	0.999999	-0.00125027
-1220.65	-2156.99	0.999998	-0.00194225
-1220.66	-2151.36	0.999997	-0.00251648
-1220.68	-2145.73	0.999995	-0.00304397
-1220.7	-2139.54	0.999993	-0.00361519
-1220.72	-2134.48	0.999992	-0.00397147
-1220.74	-2128.85	0.999992	-0.00407778
-1220.76	-2123.23	0.999993	-0.00380221
-1220.78	-2117.61	0.999995	-0.00324584
-1220.8	-2111.99	0.999997	-0.00246409
-1220.81	-2106.38	0.999999	-0.00159652
-1220.82	-2100.76	1	-0.000728865
-1220.82	-2095.15	1	0.000149697
-1220.82	-2089.54	0.999999	0.00111882
-1220.81	-2083.93	0.999998	0.00220937
-1220.79	-2078.32	0.999994	0.0033416
-1220.77	-2072.71	0.99999	0.00447379
-1220.74	-2067.11	0.999984	0.00560594
-1220.71	-2061.5	0.999977	0.00673706
-1220.67	-2055.9	0.999969	0.00786713
-1220.62	-2050.3	0.99996	0.00894471
-1220.57	-2044.71	0.999952	0.00978783
-1220.52	-2039.11	0.999947	0.0103427
-1220.46	-2033.52	0.999943	0.010695
-1220.4	-2027.93	0.99994	0.0109511
-1220.33	-2022.33	0.999938	0.0111752
-1220.27	-2016.75	0.999936	0.0113087
-1220.21	-2011.16	0.999937	0.0112618
-1220.15	-2005.57	0.999938	0.011093
-1220.08	-1999.99	0.99994	0.0109246
-1220.02	-1994.41	0.999942	0.0107564
-1219.96	-1988.83	0.999944	0.0105887
-1219.91	-1983.25	0.999946	0.0104206
-1219.85	-1977.68	0.999948	0.010246
-1219.79	-1972.1	0.999949	0.0100656
-1219.74	-1966.53	0.999951	0.0098856
-1219.68	-1960.96	0.999952	0.00977433
-1219.63	-1955.39	0.999953	0.0097318
-1219.57	-1949.82	0.999953	0.00971722
-1219.52	-1944.25	0.999952	0.00978879
-1219.46	-1938.69	0.99995	0.00996017
-1219.41	-1933.13	0.999948	0.0101723
-1219.35	-1927.57	0.999946	0.0103838
-1219.29	-1922.01	0.999944	0.0105956
-1219.23	-1916.45	0.999942	0.0108076
-1219.17	-1910.89	0.99994	0.0109505
-1219.11	-1905.34	0.999939	0.0110242
-1219.05	-1899.79	0.999938	0.0110982
-1218.99	-1894.24	0.999938	0.0111725
-1218.93	-1888.69	0.999937	0.011247
-1218.86	-1883.14	0.999936	0.0113211
-1218.8	-1877.6	0.999935	0.0113946
-1218.73	-1871.5	0.999934	0.0114759
-1218.67	-1866.51	0.999933	0.0115426
-1218.61	-1860.97	0.999933	0.0116163
-1218.54	-1855.44	0.999932	0.0116898
-1218.48	-1849.9	0.999931	0.0117635
-1218.41	-1844.37	0.99993	0.0118375
-1218.35	-1838.83	0.999929	0.0119118
-1218.28	-1833.3	0.999928	0.0119856
-1218.22	-1827.77	0.999927	0.0120589
-1218.15	-1822.24	0.999926	0.0121325
-1218.08	-1816.17	0.999925	0.0122137
-1218.01	-1811.19	0.999925	0.0122799
-1217.95	-1805.67	0.999923	0.0124114
-1217.88	-1800.15	0.999919	0.0127068
-1217.81	-1794.63	0.999914	0.0131413
-1217.73	-1789.12	0.999907	0.0136124
-1217.66	-1783.6	0.999901	0.0140416
-1217.58	-1778.09	0.999896	0.0144239
-1217.49	-1772.02	0.999889	0.0148766
-1217.41	-1766.51	0.999883	0.0152949
-1217.33	-1761.56	0.999877	0.0156714
-1217.24	-1756.05	0.999871	0.0160893
-1217.15	-1750.54	0.999864	0.0165065
-1217.06	-1745.04	0.999857	0.0169238
-1216.96	-1738.99	0.999849	0.017383
-1216.87	-1734.04	0.999842	0.0177583
-1216.77	-1728.54	0.999835	0.0181749
-1216.67	-1723.05	0.999827	0.0185916
-1216.57	-1717.55	0.999819	0.0190083
-1216.46	-1712.06	0.999811	0.0194252
-1216.35	-1706.02	0.999804	0.0198152
-1216.25	-1701.08	0.999799	0.0200671
-1216.13	-1695.05	0.999792	0.0203751
-1216.01	-1689.56	0.999787	0.0206551
-1215.91	-1684.63	0.999781	0.0209069
-1215.78	-1678.6	0.999775	0.0212143
-1215.68	-1673.66	0.99977	0.0214659
-1215.56	-1668.18	0.999764	0.0217371
-1215.44	-1662.71	0.999759	0.021967
-1215.31	-1656.69	0.999755	0.0221148
-1215.2	-1651.76	0.999755	0.0221543
-1215.08	-1646.29	0.999754	0.0221632
-1214.96	-1640.82	0.999754	0.0221724
-1214.84	-1635.35	0.999754	0.0221818
-1214.71	-1629.89	0.999755	0.0221369
-1214.59	-1624.42	0.999758	0.0220103
-1214.47	-1618.96	0.999761	0.021884
-1214.34	-1612.95	0.999764	0.0217452
-1214.24	-1608.04	0.999766	0.0216199
-1214.12	-1602.58	0.999771	0.0214102
-1213.99	-1596.58	0.999779	0.0210336
-1213.89	-1591.67	0.999787	0.0206532
-1213.78	-1586.22	0.999796	0.0201957
-1213.67	-1580.77	0.999806	0.0197037
-1213.56	-1575.32	0.999816	0.0191865
-1213.46	-1569.87	0.999826	0.018653
-1213.36	-1564.43	0.999837	0.0180578
-1213.26	-1558.98	0.999849	0.017367
-1213.16	-1552.99	0.999864	0.0164941
-1213.08	-1548.1	0.999877	0.0157131
-1212.99	-1542.11	0.999892	0.0147219
-1212.91	-1536.68	0.999905	0.0137957
-1212.84	-1531.24	0.999918	0.0128029
-1212.78	-1526.35	0.99993	0.0118598
-1212.71	-1520.92	0.999941	0.010817
-1212.65	-1514.94	0.999952	0.00980505
-1212.6	-1509.51	0.999958	0.00913602
-1212.55	-1504.09	0.999962	0.00868243
-1212.5	-1498.66	0.999965	0.0083313
-1212.46	-1493.24	0.999968	0.00800127
-1212.42	-1487.82	0.999971	0.00767153
-1212.38	-1482.94	0.999973	0.00737503
-1212.34	-1476.98	0.999975	0.00710469
-1212.3	-1471.56	0.999975	0.00707779
-1212.26	-1466.68	0.999974	0.00725405
-1212.22	-1461.27	0.999971	0.00762501
-1212.18	-1455.86	0.999967	0.00806354
-1212.13	-1449.91	0.999963	0.00854541
-1212.09	-1444.5	0.99996	0.00898294
-1212.04	-1439.09	0.999956	0.00942051
-1211.98	-1433.69	0.999951	0.00985811
-1211.93	-1428.28	0.999947	0.0102599
-1211.87	-1422.88	0.999944	0.0106008
-1211.82	-1417.48	0.99994	0.0109108
-1211.76	-1412.08	0.999937	0.0112149
-1211.7	-1406.69	0.999934	0.0115191
-1211.63	-1401.29	0.999931	0.0117563
-1211.57	-1395.9	0.999929	0.0119221
-1211.5	-1390.51	0.999928	0.0120026
-1211.44	-1385.12	0.999929	0.0119507
-1211.38	-1380.27	0.99993	0.0118577
-1211.31	-1374.34	0.999931	0.0117439
-1211.25	-1368.96	0.999932	0.0116299
-1211.19	-1363.58	0.999934	0.0115059
-1211.13	-1358.2	0.999935	0.011382
-1211.06	-1352.82	0.999937	0.0111916
-1211	-1347.44	0.99994	0.0109347
-1210.95	-1342.06	0.999943	0.010678
-1210.89	-1336.69	0.999946	0.0104216
-1210.83	-1331.32	0.999948	0.0101654
-1210.79	-1326.48	0.999951	0.00993472
-1210.73	-1320.58	0.999953	0.0096527
-1210.68	-1315.21	0.999956	0.00939655
-1210.63	-1309.84	0.999958	0.00914064
-1210.58	-1304.48	0.999961	0.00888495
-1210.53	-1299.12	0.999963	0.00862914
-1210.48	-1293.76	0.999965	0.00837322
-1210.44	-1288.4	0.999967	0.00811753
-1210.4	-1283.04	0.999969	0.00786207
-1210.36	-1277.69	0.999971	0.00760657
-1210.32	-1272.33	0.999973	0.00735691
-1210.28	-1266.98	0.999974	0.00716297
-1210.24	-1261.63	0.999975	0.00704949
-1210.2	-1256.28	0.999976	0.00696679
-1210.16	-1250.93	0.999976	0.00694985
-1210.13	-1245.59	0.999976	0.00699868
-1210.09	-1240.24	0.999975	0.00704766
-1210.05	-1234.9	0.999975	0.00709679
-1210.01	-1229.56	0.999974	0.00714573
-1209.98	-1224.22	0.999974	0.00719448
-1209.94	-1218.89	0.999974	0.00724338
-1209.9	-1213.55	0.999973	0.00729244
-1209.86	-1208.22	0.999973	0.00734165
-1209.82	-1202.89	0.999973	0.0073249
-1209.78	-1197.56	0.999974	0.0072422
-1209.74	-1192.23	0.999974	0.00715965
-1209.7	-1186.9	0.999975	0.00707726
-1209.67	-1181.58	0.999972	0.0074522
-1209.63	-1176.25	0.999966	0.00828442
-1209.58	-1170.93	0.999958	0.00911672
-1209.53	-1165.61	0.999951	0.00994912
-1209.47	-1160.29	0.999942	0.0107816
-1209.42	-1154.98	0.999938	0.0111567
-1209.36	-1149.66	0.999939	0.0110743
-1209.3	-1144.35	0.99994	0.010992
-1209.24	-1139.04	0.99994	0.01091
-1209.18	-1133.73	0.999941	0.010828
-1209.12	-1128.42	0.999942	0.0107459
-1209.07	-1123.11	0.999943	0.0106478
-1209.01	-1117.81	0.999945	0.0105252
-1208.96	-1112.51	0.999946	0.0103942
-1208.9	-1107.21	0.999947	0.0102631
-1208.85	-1101.91	0.999949	0.0100959
-1208.79	-1096.61	0.999951	0.00988424
-1208.74	-1091.31	0.999953	0.009654
-1208.69	-1086.02	0.999956	0.00940811
-1208.64	-1080.73	0.999958	0.00915635
-1208.59	-1075.43	0.99996	0.00890448
-1208.55	-1070.15	0.999962	0.00867297
-1208.5	-1064.86	0.999964	0.00846615
-1208.46	-1059.57	0.999966	0.00826359
-1208.42	-1054.29	0.999968	0.008061
-1208.37	-1049	0.999969	0.00785864
-1208.33	-1043.72	0.999971	0.00765647
-1208.29	-1038.44	0.999972	0.00745448
-1208.25	-1033.17	0.999973	0.00731727
-1208.21	-1027.89	0.999974	0.00723621
-1208.18	-1022.62	0.999975	0.00712094
-1208.14	-1017.87	0.999976	0.00697809
-1208.1	-1012.07	0.999977	0.00676488
-1208.07	-1006.8	0.999979	0.0064905
-1208.03	-1001.54	0.999981	0.00615122
-1208	-996.271	0.999983	0.00581222
-1207.97	-991.007	0.999985	0.00546344
-1207.94	-985.745	0.999987	0.00509468
-1207.92	-980.484	0.999989	0.00470593
-1207.89	-975.225	0.999991	0.00429315
-1207.87	-969.967	0.999993	0.00386636
-1207.85	-964.712	0.999994	0.00343988
-1207.84	-959.458	0.999995	0.00301336
-1207.82	-954.205	0.999997	0.00258681
-1207.81	-948.955	0.999998	0.00216055
-1207.8	-943.706	0.999998	0.0017346
-1207.79	-938.458	0.999999	0.00130869
-1207.78	-933.213	1	0.000941224
-1207.78	-927.969	1	0.000722108
-1207.78	-922.726	1	0.000651231
-1207.77	-917.486	1	0.000688691
-1207.77	-912.247	1	0.000848603
-1207.76	-907.009	0.999999	0.00108111
-1207.76	-901.774	0.999999	0.00131369
-1207.75	-896.54	0.999999	0.00154635
-1207.74	-891.308	0.999998	0.00177908
-1207.73	-886.077	0.999998	0.00201147
-1207.72	-880.848	0.999997	0.00224352
-1207.71	-875.621	0.999997	0.00247565
-1207.7	-870.396	0.999996	0.00270785
-1207.68	-865.172	0.999996	0.00294012
-1207.67	-859.95	0.999995	0.00310801
-1207.65	-854.729	0.999995	0.0032115
-1207.63	-849.511	0.999995	0.00331507
-1207.61	-844.294	0.999994	0.00341871
-1207.6	-839.078	0.999994	0.0035222
-1207.58	-833.864	0.999993	0.00362554
-1207.56	-828.652	0.999993	0.00372896
-1207.54	-823.442	0.999993	0.00383245
-1207.52	-818.233	0.999992	0.00393602
-1207.5	-813.026	0.999992	0.00403936
-1207.48	-807.821	0.999991	0.00414247
-1207.46	-802.617	0.999991	0.00424565
-1207.43	-797.935	0.999991	0.00433862
-1207.41	-792.215	0.99999	0.00445237
-1207.39	-787.016	0.99999	0.00455556
-1207.36	-781.819	0.999989	0.00465852
-1207.34	-776.624	0.999989	0.00476155
-1207.31	-771.43	0.999988	0.00486466
-1207.29	-766.239	0.999988	0.00496758
-1207.26	-761.048	0.999987	0.00507035
-1207.24	-755.86	0.999987	0.00517323
-1207.21	-750.673	0.999986	0.00527618
-1207.18	-745.488	0.999986	0.00537922
-1207.15	-740.304	0.999985	0.00548202
-1207.12	-735.122	0.999984	0.0055846
-1207.09	-729.942	0.999984	0.00568725
-1207.07	-724.763	0.999983	0.00578998
-1207.03	-719.586	0.999983	0.00589278
-1207	-714.411	0.999982	0.00599536
-1206.97	-709.238	0.999981	0.0060977
-1206.94	-704.066	0.999981	0.00620013
-1206.91	-698.896	0.99998	0.00630263
-1206.88	-693.727	0.999979	0.00640497
-1206.84	-688.56	0.999979	0.00650716
-1206.81	-683.395	0.999978	0.00660943
-1206.77	-678.232	0.999977	0.00671178
-1206.74	-673.07	0.999977	0.0068142
-1206.7	-667.91	0.999977	0.00685326
-1206.67	-662.751	0.999977	0.00682897
-1206.63	-657.594	0.999977	0.00680474
-1206.6	-652.439	0.999977	0.0067806
-1206.56	-647.285	0.999977	0.00675653
-1206.53	-642.134	0.999977	0.00673234
-1206.49	-636.983	0.999978	0.00670804
-1206.46	-631.835	0.999978	0.00668386
-1206.43	-626.688	0.999978	0.00665979
-1206.39	-621.543	0.999978	0.00663579
-1206.36	-616.399	0.999978	0.00661169
-1206.32	-611.257	0.999978	0.00658746
-1206.29	-606.117	0.999978	0.00656332
-1206.26	-600.979	0.999979	0.00653925
-1206.22	-595.842	0.999979	0.0065151
-1206.19	-590.707	0.999979	0.00649091
-1206.16	-585.573	0.999979	0.00646684
-1206.12	-580.441	0.999979	0.00644285
-1206.09	-575.311	0.999979	0.00641893
-1206.06	-570.182	0.99998	0.0063949
-1206.02	-565.055	0.99998	0.00637075
-1205.99	-559.93	0.99998	0.00634668
-1205.96	-554.806	0.99998	0.00632273
-1205.93	-549.684	0.99998	0.00629889
-1205.89	-544.564	0.99998	0.00627493
-1205.86	-539.445	0.99998	0.00625086
-1205.83	-534.328	0.999981	0.00622687
-1205.8	-529.213	0.999981	0.00620295
-1205.77	-524.099	0.999981	0.00617911
-1205.74	-518.987	0.999981	0.00615515
-1205.7	-513.877	0.999981	0.00613108
-1205.67	-508.768	0.999981	0.00610713
-1205.64	-503.661	0.999981	0.00608328
-1205.61	-498.556	0.999982	0.00605952
-1205.58	-493.452	0.999982	0.00603564
-1205.55	-488.35	0.999982	0.00601165
-1205.52	-483.249	0.999982	0.00598773
-1205.49	-478.151	0.999982	0.00596389
-1205.46	-473.053	0.999982	0.00593997
-1205.43	-467.958	0.999983	0.00591601
-1205.4	-462.864	0.999983	0.00589217
-1205.37	-457.772	0.999983	0.00586841
-1205.34	-452.681	0.999983	0.00584472
-1205.31	-447.593	0.999983	0.00582091
-1205.28	-442.505	0.999983	0.005797
-1205.25	-437.42	0.999983	0.00577315
-1205.22	-432.336	0.999983	0.00574943
-1205.19	-427.253	0.999984	0.00572582
-1205.16	-422.173	0.999984	0.00570209
-1205.13	-417.094	0.999984	0.00567825
-1205.1	-412.016	0.999984	0.00565448
-1205.08	-406.941	0.999984	0.00562259
-1205.05	-401.867	0.999985	0.00550583
-1205.02	-396.794	0.999986	0.0052372
-1204.99	-391.724	0.999988	0.00486073
-1204.97	-386.654	0.99999	0.00441888
-1204.95	-381.587	0.999992	0.00390622
-1204.93	-376.521	0.999995	0.00328034
-1204.91	-371.457	0.999997	0.00254129
-1204.9	-366.394	0.999999	0.00173162
-1204.9	-361.333	1	0.000908715
-1204.89	-356.274	1	8.6076e-05
-1204.89	-351.216	1	-0.000736335
-1204.9	-346.16	0.999999	-0.00155836
-1204.91	-341.106	0.999997	-0.00237997
-1204.92	-336.053	0.999995	-0.00320116
-1204.94	-331.002	0.999992	-0.00396062
-1204.96	-325.953	0.999989	-0.00465836
-1204.99	-320.905	0.999986	-0.00535568
-1205.02	-315.859	0.999982	-0.00605257
-1205.05	-310.814	0.999977	-0.00674931
-1205.08	-305.772	0.999972	-0.0074459
-1205.12	-300.731	0.999967	-0.0081421
-1205.16	-295.691	0.999961	-0.00883791
-1205.21	-290.653	0.999955	-0.00947231
-1205.26	-285.617	0.999951	-0.0099141
-1205.31	-280.583	0.999949	-0.0100943
-1205.36	-275.55	0.999949	-0.0100927
-1205.41	-270.519	0.99995	-0.0100396
-1205.46	-265.489	0.99995	-0.00998635
-1205.51	-260.462	0.999951	-0.00993329
-1205.56	-255.435	0.999951	-0.00988046
-1205.61	-250.411	0.999952	-0.00982752
-1205.66	-245.388	0.999952	-0.00977446
-1205.71	-240.366	0.999953	-0.00972132
-1205.76	-235.347	0.999953	-0.009663
-1205.81	-230.329	0.999955	-0.00953467
-1205.85	-225.312	0.999958	-0.00918462
-1205.9	-220.297	0.999963	-0.00857925
-1205.94	-215.284	0.999969	-0.0078108
-1205.98	-210.273	0.999976	-0.00697777
-1206.01	-205.263	0.999981	-0.00614489
-1206.04	-200.254	0.999986	-0.00531215
-1206.06	-195.247	0.99999	-0.00447961
-1206.09	-190.242	0.999993	-0.00364763
-1206.1	-185.239	0.999996	-0.00282022
-1206.11	-180.237	0.999998	-0.00202929
-1206.12	-175.236	0.999999	-0.00135412
-1206.13	-170.238	1	-0.000859473
-1206.13	-165.241	1	-0.000602248
-1206.14	-160.245	1	-0.000549758
-1206.14	-155.251	1	-0.000631392
-1206.14	-150.259	1	-0.000786689
-1206.15	-145.269	1	-0.000946067
-1206.15	-140.28	0.999999	-0.00110548
-1206.16	-135.293	0.999999	-0.00126471
-1206.16	-130.307	0.999999	-0.00142378
-1206.17	-125.323	0.999999	-0.00162417
-1206.18	-120.341	0.999998	-0.00188486
-1206.19	-115.36	0.999998	-0.00216974
-1206.2	-110.381	0.999997	-0.00248652
-1206.21	-105.403	0.999996	-0.00289526
-1206.23	-100.427	0.999994	-0.00342798
-1206.25	-95.4532	0.999992	-0.00403413
-1206.27	-90.4807	0.999989	-0.00465493
-1206.29	-85.5097	0.999986	-0.00527538
-1206.32	-80.5405	0.999983	-0.0059048
-1206.35	-75.5728	0.999978	-0.00656209
-1206.39	-70.6068	0.999974	-0.00723789
-1206.42	-65.6425	0.999969	-0.00791326
-1206.46	-60.6798	0.999963	-0.00858825
-1206.51	-55.7188	0.999957	-0.00926285
-1206.55	-50.7594	0.999951	-0.00987722
-1206.6	-45.8017	0.999946	-0.0104314
-1206.66	-40.8456	0.99994	-0.0109851
-1206.71	-35.8912	0.999933	-0.0115385
-1206.77	-30.9384	0.999928	-0.0120078
-1206.83	-25.9873	0.999925	-0.0122513
-1206.89	-21.0378	0.999925	-0.012248
-1206.95	-16.0899	0.999927	-0.0121211
-1207.01	-11.1436	0.999928	-0.0119755
-1207.07	-6.19897	0.99993	-0.0118302
-1207.13	-0.761558	0.999932	-0.0116705
-1207.19	3.68566	0.999933	-0.0115397
-1207.24	8.62548	0.999935	-0.0113943
-1207.3	13.5637	0.999937	-0.0112489
-1207.35	18.5003	0.999938	-0.0111037
-1207.41	23.4353	0.99994	-0.0109589
-1207.46	28.3686	0.999942	-0.0108139
-1207.52	33.3004	0.999943	-0.0106688
-1207.57	38.2306	0.999945	-0.0105236
-1207.62	43.1591	0.999946	-0.0103787
-1207.67	48.086	0.999948	-0.0102341
-1207.72	53.0114	0.999949	-0.0100894
-1207.77	57.9351	0.999951	-0.00994464
-1207.82	62.8572	0.999952	-0.00980003
-1207.87	67.7777	0.999953	-0.00965565
-1207.91	72.6966	0.999955	-0.00951119
-1207.96	77.6138	0.999956	-0.00936662
-1208.01	82.5295	0.999957	-0.00922194
-1208.05	87.4436	0.999959	-0.00907756
-1208.1	92.356	0.99996	-0.00893348
-1208.14	97.2669	0.999961	-0.00878929
-1208.18	102.176	0.999963	-0.00864499
-1208.22	107.084	0.999964	-0.00850091
-1208.27	111.99	0.999965	-0.00837148
-1208.31	117.385	0.999966	-0.00827166
-1208.35	121.797	0.999966	-0.00824358
-1208.39	126.698	0.999966	-0.008249
-1208.43	131.598	0.999966	-0.00825991
-1208.47	136.496	0.999966	-0.00827105
-1208.51	141.392	0.999966	-0.00828203
-1208.55	146.287	0.999966	-0.00829286
-1208.59	151.18	0.999966	-0.00830385
-1208.63	156.072	0.999965	-0.00831499
-1208.67	160.961	0.999965	-0.00832598
-1208.71	165.85	0.999965	-0.00833681
-1208.75	170.736	0.999965	-0.00834745
-1208.79	175.622	0.999965	-0.00835832
-1208.83	180.505	0.999965	-0.00836942
-1208.87	185.387	0.999965	-0.00838033
-1208.92	190.267	0.999965	-0.00839109
-1208.96	195.146	0.999965	-0.00840169
-1209	200.023	0.999965	-0.00835363
-1209.04	204.898	0.999966	-0.00827818
-1209.08	209.772	0.999966	-0.00829248
-1209.12	214.644	0.999965	-0.00841474
-1209.16	219.515	0.999963	-0.00859574
-1209.2	224.384	0.999961	-0.00878597
-1209.25	229.251	0.99996	-0.00897594
-1209.29	234.117	0.999958	-0.00916563
-1209.33	238.981	0.999956	-0.00935506
-1209.38	243.844	0.999954	-0.00954468
-1209.43	248.705	0.999953	-0.00973453
-1209.48	253.564	0.999951	-0.00992411
-1209.52	258.422	0.999949	-0.0101134
-1209.57	263.278	0.999947	-0.0103025
-1209.63	268.618	0.999945	-0.0105107
-1209.67	272.986	0.999943	-0.0106813
-1209.73	277.837	0.999941	-0.0108705
-1209.78	282.686	0.999939	-0.0110594
-1209.83	287.537	0.999937	-0.0112486
-1209.89	292.397	0.999935	-0.0114388
-1209.95	297.278	0.999932	-0.0116315
-1210	302.184	0.99993	-0.011828
-1210.06	307.116	0.999928	-0.0120287
-1210.12	312.078	0.999925	-0.012228
-1210.18	317.072	0.999923	-0.0124264
-1210.25	322.102	0.99992	-0.0126305
-1210.31	327.167	0.999918	-0.0128256
-1210.38	332.266	0.999916	-0.0129686
-1210.44	337.402	0.999915	-0.0130398
-1210.51	342.571	0.999914	-0.0130815
-1210.58	347.767	0.999914	-0.0131276
-1210.65	352.976	0.999913	-0.0131767
-1210.72	358.713	0.999913	-0.0131631
-1210.78	363.404	0.999914	-0.013084
-1210.85	368.616	0.999916	-0.0129917
-1210.92	373.826	0.999917	-0.0128752
-1210.99	379.034	0.999919	-0.0127308
-1211.05	384.24	0.999921	-0.0125749
-1211.12	389.445	0.999923	-0.0124195
-1211.18	394.649	0.999925	-0.0122639
-1211.25	399.85	0.999927	-0.0121082
-1211.31	405.57	0.999929	-0.0119367
-1211.37	410.249	0.99993	-0.0117966
-1211.43	415.445	0.999932	-0.0116416
-1211.49	420.643	0.999934	-0.0114862
-1211.55	425.85	0.999936	-0.0113307
-1211.61	431.072	0.999938	-0.011175
-1211.67	436.313	0.999939	-0.0110194
-1211.73	441.574	0.999941	-0.0108658
-1211.78	446.855	0.999943	-0.0107144
-1211.84	452.155	0.999944	-0.0105653
-1211.89	457.472	0.999946	-0.0104128
-1211.95	462.8	0.999947	-0.0102538
-1212	468.132	0.999949	-0.0100963
-1212.06	473.466	0.999951	-0.00993927
-1212.11	478.8	0.999952	-0.00978256
-1212.16	484.132	0.999954	-0.00962462
-1212.21	489.463	0.999955	-0.00946466
-1212.26	494.792	0.999957	-0.00930451
-1212.31	500.12	0.999958	-0.00914416
-1212.36	505.445	0.99996	-0.00898405
-1212.41	510.769	0.999961	-0.00882436
-1212.46	516.091	0.999962	-0.00866447
-1212.5	521.412	0.999964	-0.0085044
-1212.55	526.731	0.999965	-0.00834413
-1212.59	532.048	0.999967	-0.00817259
-1212.63	537.364	0.999968	-0.00794369
-1212.67	542.678	0.999971	-0.00765035
-1212.71	547.99	0.999973	-0.00735168
-1212.75	553.3	0.999975	-0.00705325
-1212.79	558.609	0.999977	-0.0067553
-1212.82	563.916	0.999979	-0.00645724
-1212.86	569.221	0.999981	-0.00615903
-1212.89	574.525	0.999983	-0.00586067
-1212.92	579.827	0.999985	-0.00556267
-1212.95	585.128	0.999986	-0.00526529
-1212.98	590.426	0.999988	-0.0049678
-1213	595.723	0.999989	-0.00467019
-1213.03	601.548	0.999991	-0.00434315
-1213.05	606.312	0.999992	-0.00407592
-1213.07	611.604	0.999993	-0.00377887
-1213.09	616.895	0.999994	-0.00348173
-1213.11	622.183	0.999995	-0.00318443
-1213.12	627.47	0.999996	-0.00288749
-1213.14	632.755	0.999997	-0.00259118
-1213.15	638.039	0.999997	-0.00229472
-1213.16	643.321	0.999998	-0.00199811
-1213.17	648.601	0.999999	-0.00170137
-1213.18	653.879	0.999999	-0.00150868
-1213.19	659.156	0.999999	-0.00147207
-1213.2	664.431	0.999999	-0.00143532
-1213.2	669.705	0.999999	-0.00139841
-1213.21	674.976	0.999999	-0.0012581
-1213.22	680.246	1	-0.000962813
-1213.22	685.515	1	-0.000667418
-1213.22	690.781	1	-0.000339797
-1213.23	696.046	1	9.09893e-05
-1213.22	701.31	1	0.000667817
-1213.22	706.571	0.999999	0.0013629
-1213.21	711.831	0.999998	0.00209227
-1213.2	717.09	0.999996	0.00282164
-1213.18	722.346	0.999994	0.00355097
-1213.16	727.601	0.999991	0.00427974
-1213.14	732.854	0.999987	0.00503883
-1213.11	738.106	0.999982	0.00592326
-1213.08	743.355	0.999976	0.00698043
-1213.04	748.603	0.999967	0.00814006
-1212.99	753.85	0.999957	0.00930115
-1212.94	759.094	0.999945	0.0104457
-1212.88	764.337	0.999932	0.0116662
-1212.82	769.578	0.999916	0.0129634
-1212.75	774.817	0.999898	0.0142961
-1212.67	780.055	0.999878	0.015628
-1212.59	785.291	0.999856	0.0169589
-1212.49	790.525	0.999833	0.0182896
-1212.4	795.757	0.999808	0.0196198
-1212.29	800.987	0.999782	0.0208982
-1212.18	806.215	0.999756	0.0220987
-1212.06	811.442	0.999728	0.0233227
-1211.94	816.667	0.999696	0.0246525
-1211.8	821.89	0.999658	0.0261337
-1211.67	827.111	0.999618	0.0276452
-1211.52	832.33	0.999576	0.0291133
-1211.36	837.548	0.999531	0.0306352
-1211.2	842.763	0.999481	0.0322262
-1211.03	847.976	0.999427	0.0338603
-1210.83	853.709	0.999364	0.0356698
-1210.66	858.397	0.99931	0.0371494
-1210.46	863.605	0.999247	0.0387928
-1210.26	868.81	0.999182	0.0404356
-1210.04	874.014	0.999117	0.0420108
-1209.82	879.215	0.999055	0.043469
-1209.59	884.415	0.998992	0.044887
-1209.36	889.612	0.998929	0.0462663
-1209.11	894.808	0.998866	0.0476151
-1208.86	900.001	0.998807	0.0488337
-1208.61	905.193	0.998755	0.0498751
-1208.34	910.382	0.998703	0.0509159
-1208.08	915.57	0.998649	0.0519563
-1207.81	920.756	0.998595	0.0529963
-1207.53	925.939	0.998542	0.0539849
-1207.25	931.121	0.998492	0.0548968
-1206.96	936.301	0.998442	0.0558082
-1206.67	941.479	0.99839	0.0567192
-1206.34	947.172	0.998333	0.0577208
-1206.07	951.829	0.998285	0.05854
-1205.77	957.001	0.998231	0.0594499
-1205.46	962.171	0.998177	0.0603593
-1205.14	967.34	0.998122	0.0612604
-1204.82	972.506	0.998074	0.0620324
-1204.5	977.67	0.998037	0.0626288
-1204.18	982.833	0.997999	0.0632247
-1203.85	987.993	0.997961	0.0638203
-1203.52	993.152	0.997923	0.0644156
-1203.18	998.309	0.997885	0.0650107
-1202.85	1003.46	0.997846	0.0655979
-1202.51	1008.62	0.997808	0.0661697
-1202.16	1013.77	0.997771	0.0667362
-1201.82	1018.92	0.997722	0.0674538
-1201.47	1024.07	0.997658	0.0683982
-1201.08	1029.73	0.997586	0.0694366
-1200.75	1034.36	0.997527	0.0702859
-1200.39	1039.5	0.99746	0.0712291
-1200.02	1044.64	0.997393	0.0721674
-1199.65	1049.77	0.997327	0.0730686
-1199.27	1054.91	0.997266	0.0739011
-1198.89	1060.04	0.997206	0.0746982
-1198.46	1065.69	0.99714	0.0755745
-1198.11	1070.3	0.997089	0.076241
-1197.68	1075.94	0.997033	0.0769785
-1197.32	1080.56	0.996986	0.0775815
-1196.92	1085.68	0.996935	0.0782358
-1196.52	1090.8	0.996887	0.0788476
-1196.07	1096.44	0.996836	0.0794852
-1195.66	1101.55	0.99679	0.08006
-1195.29	1106.16	0.996748	0.0805771
-1194.88	1111.27	0.996702	0.0811513
-1194.46	1116.38	0.996659	0.0816753
-1194	1122.01	0.996618	0.082169
-1193.57	1127.11	0.996581	0.0826175
-1193.19	1131.71	0.996548	0.0830209
-1192.72	1137.33	0.996507	0.0835137
-1192.34	1141.92	0.996473	0.0839167
-1191.86	1147.53	0.996431	0.0844094
-1191.43	1152.63	0.996393	0.0848569
-1191.04	1157.22	0.99636	0.085244
-1190.56	1162.82	0.996324	0.0856644
-1190.16	1167.41	0.996301	0.0859301
-1189.68	1173.01	0.99628	0.0861789
-1189.24	1178.1	0.99626	0.0864048
-1188.8	1183.19	0.996241	0.0866305
-1188.35	1188.28	0.996221	0.0868563
-1187.91	1193.36	0.996201	0.087082
-1187.47	1198.44	0.996181	0.0873076
-1187.07	1203.02	0.996164	0.0875104
-1186.57	1208.61	0.996142	0.0877581
-1186.13	1213.68	0.996127	0.0879213
-1185.72	1218.25	0.996119	0.0880126
-1185.27	1223.33	0.996111	0.0881105
-1184.78	1228.91	0.996102	0.0882071
-1184.33	1233.98	0.996095	0.088289
-1183.88	1239.05	0.996088	0.0883711
-1183.43	1244.12	0.99608	0.088453
-1182.98	1249.18	0.996073	0.0885347
-1182.53	1254.25	0.996066	0.0886162
-1182.08	1259.31	0.996059	0.0886979
-1181.63	1264.37	0.996051	0.0887798
-1181.18	1269.43	0.996044	0.0888615
-1180.73	1274.49	0.996037	0.088943
-1180.28	1279.55	0.996035	0.0889631
-1179.82	1284.6	0.996039	0.0889218
-1179.37	1289.65	0.996043	0.0888707
-1178.92	1294.71	0.99605	0.0887962
-1178.47	1299.76	0.996058	0.088708
-1178.02	1304.8	0.996065	0.0886201
-1177.57	1309.85	0.996073	0.0885326
-1177.13	1314.9	0.996081	0.0884449
-1176.68	1319.94	0.996089	0.088357
-1176.23	1324.98	0.996097	0.0882689
-1175.78	1330.02	0.99611	0.0881199
-1175.34	1335.06	0.996128	0.08791
-1174.9	1340.1	0.996147	0.0876998
-1174.45	1345.13	0.996165	0.0874895
-1174.01	1350.17	0.996184	0.0872796
-1173.57	1355.2	0.996202	0.08707
-1173.13	1360.23	0.996221	0.0868602
-1172.69	1365.26	0.996239	0.0866503
-1172.26	1370.29	0.996257	0.0864402
-1171.82	1375.31	0.996275	0.0862305
-1171.39	1380.34	0.996294	0.0860158
-1170.95	1385.36	0.996313	0.0857956
-1170.52	1390.38	0.996332	0.0855753
-1170.09	1395.4	0.996351	0.0853552
-1169.66	1400.42	0.996369	0.0851355
-1169.23	1405.44	0.99639	0.0848926
-1168.81	1410.45	0.99642	0.0845389
-1168.38	1415.47	0.996465	0.0840042
-1167.96	1420.48	0.99653	0.0832321
-1167.54	1425.49	0.996611	0.0822606
-1167.13	1430.5	0.996698	0.0811919
-1166.73	1435.51	0.996793	0.080021
-1166.33	1440.52	0.996896	0.0787287
-1165.93	1445.53	0.997003	0.0773632
-1165.55	1450.53	0.997109	0.0759849
-1165.17	1455.54	0.997213	0.0746068
-1164.8	1460.54	0.997315	0.0732289
-1164.43	1465.54	0.997415	0.0718516
-1164.08	1470.55	0.997514	0.070475
-1163.73	1475.55	0.99761	0.0690985
-1163.38	1480.55	0.997706	0.0676939
-1163.05	1485.54	0.997805	0.0662155
-1162.72	1490.54	0.997997	0.0632652
-1162.41	1495.54	0.998265	0.0588881
-1162.12	1500.53	0.998514	0.0545049
-1161.86	1505.53	0.998744	0.0501023
-1161.62	1510.52	0.998957	0.0456577
-1161.4	1515.52	0.999116	0.0420329
-1161.19	1520.51	0.999229	0.0392565
-1161	1525.51	0.999334	0.0364896
-1160.83	1530.5	0.999429	0.0338021
-1160.66	1535.49	0.9995	0.0316211
-1160.51	1540.48	0.999552	0.0299372
-1160.36	1545.47	0.999598	0.0283461
-1160.22	1550.45	0.999641	0.0267872
-1160.09	1555.44	0.999682	0.0252286
-1159.97	1560.42	0.999717	0.0237912
-1159.85	1565.4	0.999747	0.0224752
-1159.75	1570.38	0.999776	0.0211686
-1159.64	1575.36	0.999801	0.0199639
-1159.55	1580.34	0.99982	0.0189669
-1159.45	1585.32	0.999836	0.0181033
-1159.36	1590.29	0.999851	0.017258
-1159.28	1595.27	0.999865	0.0164126
-1159.2	1600.24	0.999879	0.0155673
-1159.12	1605.21	0.999892	0.0147219
-1159.05	1610.18	0.999904	0.0138774
-1158.99	1615.14	0.999915	0.0130337
-1158.92	1620.11	0.999926	0.0121993
-1158.86	1625.07	0.999934	0.0114621
-1158.81	1630.03	0.99994	0.0109088
-1158.75	1635	0.999945	0.0104706
-1158.7	1639.95	0.999949	0.0100517
-1158.65	1644.91	0.999954	0.00963263
-1158.61	1649.87	0.999958	0.00921342
-1158.56	1654.82	0.999961	0.00879405
-1158.52	1659.77	0.999964	0.0084351
-1158.48	1664.73	0.999967	0.00813657
-1158.44	1669.68	0.999969	0.00783789
-1158.4	1674.62	0.999972	0.00753905
-1158.36	1679.57	0.999974	0.00724007
-1158.33	1684.51	0.999976	0.00694161
-1158.3	1689.46	0.999978	0.00664369
-1158.26	1694.4	0.99998	0.00634562
-1158.23	1699.34	0.999982	0.00604735
-1158.2	1704.28	0.999983	0.00574889
-1158.18	1709.21	0.999985	0.00545097
-1158.15	1714.15	0.999987	0.00515335
-1158.12	1719.1	0.999988	0.00485512
-1158.1	1724.07	0.99999	0.00455747
-1158.08	1729.06	0.999991	0.00426171
-1158.06	1734.09	0.999991	0.00432988
-1158.03	1739.14	0.999989	0.00476311
-1158.01	1744.23	0.999986	0.00520073
-1157.98	1749.35	0.999984	0.00564281
-1157.95	1754.51	0.999981	0.00608939
-1157.92	1759.71	0.999979	0.00653841
-1157.88	1764.94	0.999976	0.00698987
-1157.85	1770.2	0.999972	0.00744155
-1157.81	1775.5	0.999969	0.00789347
-1157.76	1780.84	0.999965	0.00834404
-1157.72	1786.21	0.999962	0.00872477
-1157.67	1791.61	0.99996	0.00895925
-1157.62	1797.05	0.999959	0.009022
-1157.57	1802.53	0.99996	0.00892206
-1157.52	1808.04	0.999962	0.00876479
-1157.47	1813.59	0.999963	0.00860984
-1157.43	1819.17	0.999964	0.00844296
-1157.38	1824.78	0.999966	0.00827477
-1157.33	1830.43	0.999967	0.00810529
-1157.29	1836.12	0.999969	0.00793459
-1157.24	1841.83	0.99997	0.00776308
-1157.2	1847.54	0.999971	0.0075912
-1157.16	1853.27	0.999972	0.00741908
-1157.11	1859	0.999974	0.00724682
-1157.07	1864.74	0.999923	0.012402
-1156.97	1870.47	0.99974	0.0228178
-1156.82	1876.21	0.99945	0.0331502
-1156.6	1881.95	0.999055	0.0434636
-1156.33	1887.68	0.998553	0.053772
-1156	1893.41	0.998269	0.0588066
-1155.67	1899.13	0.998283	0.0585719
-1155.33	1904.85	0.998297	0.0583373
-1155	1910.57	0.998314	0.0580426
-1154.67	1916.29	0.998365	0.0571649
-1154.34	1922.01	0.998455	0.0555681
-1154.03	1927.73	0.998557	0.0537102
-1153.73	1933.45	0.99866	0.0517435
-1153.43	1939.16	0.998768	0.0496237
-1153.16	1944.87	0.998884	0.0472369
-1152.89	1950.59	0.999003	0.0446481
-1152.64	1956.3	0.999118	0.0419823
-1152.41	1962.01	0.999231	0.039219
-1152.19	1967.72	0.999336	0.0364403
-1151.99	1973.43	0.999434	0.0336425
-1151.8	1979.13	0.999529	0.0306826
-1151.63	1984.84	0.999619	0.0276051
-1151.48	1990.54	0.999703	0.02438
-1151.35	1996.24	0.99978	0.020965
-1151.24	2001.95	0.999849	0.0173997
-1151.15	2007.65	0.999906	0.0137424
-1151.08	2013.35	0.99995	0.01002
-1151.03	2019.04	0.999981	0.00623896
-1151.01	2024.74	0.999997	0.00257521
-1151	2030.43	1	-0.00094438
-1151.01	2036.12	0.99999	-0.00446258
-1151.05	2041.81	0.999968	-0.0079731
-1151.1	2047.5	0.999936	-0.0112753
-1151.17	2053.19	0.999899	-0.0142277
-1151.26	2058.87	0.999858	-0.0168581
-1151.36	2064.55	0.999817	-0.0191133
-1151.47	2070.23	0.999781	-0.0209451
-1151.59	2075.91	0.999755	-0.022146
-1151.72	2081.59	0.999743	-0.0226725
-1151.85	2087.26	0.999742	-0.0227171
-1151.98	2092.94	0.999749	-0.0224102
-1152.1	2098.61	0.99976	-0.0218881
-1152.23	2104.28	0.999777	-0.02114
-1152.34	2109.94	0.999795	-0.0202462
-1152.46	2115.61	0.999813	-0.0193525
-1152.56	2121.27	0.99983	-0.0184588
-1152.67	2126.94	0.999847	-0.0174953
-1152.76	2132.6	0.999864	-0.0164618
-1152.85	2138.26	0.999881	-0.0154284
-1152.94	2143.92	0.999896	-0.0143951
-1153.02	2149.57	0.999911	-0.0133619
-1153.09	2155.23	0.999924	-0.0123295
-1153.16	2160.88	0.999936	-0.011298
-1153.22	2166.53	0.999947	-0.0102665
-1153.28	2172.18	0.999956	-0.00934627
-1153.33	2177.83	0.999962	-0.0086931
-1153.38	2183.47	0.999963	-0.00862952
-1153.43	2189.12	0.999959	-0.0090104
-1153.48	2194.76	0.999956	-0.00940192
-1153.53	2200.4	0.999952	-0.00979318
-1153.59	2206.04	0.999948	-0.0101844
-1153.65	2211.67	0.999944	-0.0105756
-1153.71	2217.31	0.99994	-0.0109665
-1153.77	2222.94	0.999936	-0.011351
-1153.83	2228.57	0.999931	-0.0117289
-1153.9	2234.2	0.999927	-0.0121069
-1153.97	2239.83	0.999922	-0.0124849
-1154.04	2245.46	0.999917	-0.0128797
-1154.11	2251.08	0.999912	-0.0132914
-1154.19	2256.71	0.999905	-0.0137665
-1154.27	2262.33	0.999896	-0.0144399
-1154.35	2267.95	0.999883	-0.0153269
-1154.44	2273.56	0.999867	-0.0163142
-1154.53	2279.18	0.99985	-0.0173227
-1154.63	2284.79	0.999833	-0.0182609
-1154.74	2290.4	0.999817	-0.0191288
-1154.85	2296.01	0.9998	-0.020007
-1154.96	2301.62	0.999781	-0.020911
-1155.08	2307.23	0.999762	-0.02183
-1155.2	2312.83	0.999741	-0.0227488
-1155.33	2318.43	0.99972	-0.0236675
-1155.47	2324.03	0.999698	-0.0245856
-1155.61	2329.63	0.999675	-0.0255033
-1155.75	2335.23	0.999651	-0.0264204
-1155.9	2340.82	0.999626	-0.0273373
-1156.06	2346.42	0.999602	-0.0282171
-1156.23	2352.57	0.999576	-0.0291068
-1156.38	2357.6	0.999557	-0.0297717
-1156.55	2363.18	0.999541	-0.0302789
-1156.72	2368.77	0.999536	-0.030456
-1156.89	2374.35	0.999538	-0.0303838
-1157.06	2379.93	0.999546	-0.0301192
-1157.23	2385.51	0.999556	-0.0297903
-1157.39	2391.09	0.999566	-0.0294618
-1157.56	2396.67	0.999576	-0.0291332
-1157.72	2402.24	0.999585	-0.0288045
-1157.88	2407.82	0.999594	-0.0284757
-1158.04	2413.39	0.999604	-0.0281474
-1158.19	2418.96	0.999613	-0.0278195
-1158.35	2424.53	0.999622	-0.0274915
-1158.5	2430.09	0.999631	-0.0271634
-1158.65	2435.66	0.99964	-0.0268356
-1158.8	2441.22	0.999649	-0.0265083
-1158.94	2446.78	0.999657	-0.0261808
-1159.09	2452.34	0.999666	-0.0258532
-1159.23	2457.9	0.999674	-0.0255255
-1159.37	2463.46	0.999682	-0.0251982
-1159.51	2469.01	0.999691	-0.0248714
-1159.65	2474.57	0.999699	-0.0245446
-1159.79	2480.12	0.999707	-0.0242176
-1159.92	2485.67	0.999715	-0.0238905
-1160.05	2491.22	0.999722	-0.0235639
-1160.18	2496.76	0.99973	-0.0232377
-1160.31	2502.31	0.999737	-0.0229114
-1160.44	2507.85	0.999745	-0.0225851
-1160.56	2513.39	0.999752	-0.0222591
-1160.68	2518.93	0.999759	-0.0219335
-1160.82	2525.02	0.999768	-0.0215538
-1160.92	2530	0.999777	-0.021134
-1161.04	2535.54	0.999788	-0.0205722
-1161.15	2541.07	0.9998	-0.0199943
-1161.26	2546.6	0.999811	-0.0194169
-1161.37	2552.13	0.999823	-0.0188395
-1161.47	2557.66	0.999833	-0.0182621
-1161.57	2563.19	0.999845	-0.0176167
-1161.66	2568.71	0.999857	-0.0169032
-1161.76	2574.23	0.999869	-0.0161897
-1161.84	2579.75	0.99988	-0.0154762
-1161.93	2585.27	0.999891	-0.0147627
-1162.01	2590.79	0.999901	-0.0140498
-1162.08	2596.31	0.999911	-0.0133377
-1162.16	2601.82	0.99992	-0.0126255
-1162.22	2607.33	0.999929	-0.0119134
-1162.29	2612.84	0.999937	-0.0112018
-1162.35	2618.35	0.999945	-0.0104907
-1162.4	2623.86	0.999952	-0.00977956
-1162.46	2629.92	0.99996	-0.00899734
-1162.51	2635.42	0.999966	-0.00828627
-1162.55	2640.37	0.99997	-0.00771512
-1162.59	2646.42	0.999975	-0.00708428
-1162.63	2651.92	0.999979	-0.00651079
-1162.66	2656.87	0.999982	-0.00599465
-1162.69	2662.37	0.999985	-0.00542158
-1162.72	2667.86	0.999988	-0.00484896
-1162.75	2673.35	0.999991	-0.00427638
-1162.77	2678.84	0.999993	-0.0037038
-1162.79	2684.33	0.999995	-0.00313122
-1162.81	2689.82	0.999997	-0.00255917
-1162.82	2695.85	0.999998	-0.0019305
-1162.83	2701.34	0.999999	-0.00135898
-1162.83	2706.82	1	-0.000787467
-1162.84	2711.75	1	-0.000273558
-1162.84	2717.23	1	0.000297044
-1162.84	2722.7	1	0.000867646
-1162.83	2728.73	0.999999	0.00149531
-1162.82	2734.2	0.999998	0.00206591
-1162.81	2739.12	0.999997	0.00256244
-1162.79	2745.14	0.999995	0.0030747
-1162.77	2750.61	0.999994	0.00335797
-1162.75	2756.07	0.999994	0.0034451
-1162.74	2760.99	0.999994	0.00339361
-1162.72	2766.46	0.999995	0.00326281
-1162.7	2772.46	0.999995	0.0030811
-1162.68	2777.92	0.999996	0.00290479
-1162.67	2783.38	0.999996	0.00272428
-1162.66	2788.29	0.999997	0.00249043
-1162.64	2794.29	0.999998	0.00209123
-1162.63	2799.74	0.999999	0.00170679
-1162.62	2805.19	0.999999	0.00131223
-1162.62	2810.1	0.999999	0.00101108
-1162.61	2815.54	1	0.000751268
-1162.61	2821.53	1	0.000465829
-1162.61	2826.98	1	0.000206659
-1162.61	2831.88	1	-2.6305e-05
-1162.61	2837.32	1	-0.000285323
-1162.61	2843.3	1	-0.000570555
-1162.61	2848.74	1	-0.000823546
-1162.62	2854.17	0.999999	-0.00107028
-1162.62	2859.61	0.999999	-0.00131713
-1162.63	2865.04	0.999999	-0.00153884
-1162.64	2870.47	0.999999	-0.00166816
-1162.65	2875.9	0.999999	-0.00164866
-1162.66	2881.32	0.999999	-0.00140918
-1162.66	2886.2	1	-0.000885421
-1162.67	2892.17	1	5.76107e-05
-1162.66	2897.59	0.999999	0.00104913
-1162.66	2903.01	0.999998	0.00204045
-1162.64	2908.43	0.999995	0.00303116
-1162.62	2913.85	0.999992	0.0040213
-1162.6	2919.26	0.999987	0.00501128
-1162.57	2924.67	0.999982	0.00600106
-1162.54	2930.08	0.999976	0.00699065
-1162.5	2935.49	0.999968	0.00797955
-1162.45	2940.9	0.99996	0.00896775
-1162.4	2946.31	0.99995	0.00995575
-1162.35	2951.71	0.99994	0.0109435
-1162.28	2957.11	0.99993	0.011864
-1162.22	2962.51	0.999919	0.0127114
-1162.15	2967.91	0.99991	0.0134464
-1162.07	2973.31	0.999902	0.0139745
-1162	2978.7	0.999896	0.0144019
-1161.92	2984.1	0.999891	0.0147622
-1161.84	2989.49	0.999887	0.0150554
-1161.76	2994.88	0.999882	0.0153488
-1161.67	3000.27	0.999878	0.0156318
-1161.59	3005.65	0.999875	0.0157821
-1161.5	3011.04	0.999877	0.0156837
-1161.42	3016.42	0.999882	0.0153928
-1161.34	3021.8	0.999888	0.0149949
-1161.26	3027.18	0.999895	0.014515
-1161.19	3032.02	0.999902	0.0139814
-1161.12	3037.4	0.999912	0.0132506
-1161.04	3043.31	0.999924	0.0123164
-1160.98	3048.69	0.999935	0.0113764
-1160.92	3054.06	0.999946	0.0103562
-1160.86	3059.43	0.999958	0.00921012
-1160.82	3064.79	0.999969	0.00791188
-1160.78	3070.16	0.999979	0.00647804
-1160.75	3075.53	0.999988	0.00492923
-1160.72	3080.89	0.999995	0.00329888
-1160.71	3086.25	0.999999	0.00162366
-1160.7	3091.61	1	-9.02851e-05
-1160.71	3096.97	0.999998	-0.00185901
-1160.72	3102.33	0.999993	-0.00370287
-1160.74	3107.68	0.999984	-0.00560169
-1160.78	3113.03	0.999972	-0.00749996
-1160.82	3118.38	0.999957	-0.009301
-1160.88	3123.73	0.999941	-0.0108546
-1160.94	3129.08	0.999928	-0.0119947
-1161	3134.43	0.999919	-0.0127055
-1161.07	3139.77	0.999914	-0.0130996
-1161.14	3145.11	0.999912	-0.0132326
-1161.21	3150.45	0.999913	-0.0131891
-1161.28	3155.79	0.999915	-0.0130249
-1161.35	3161.13	0.999918	-0.0127952
-1161.42	3166.47	0.999921	-0.0125653
-1161.49	3171.8	0.999924	-0.0123354
-1161.55	3177.13	0.999927	-0.0121058
-1161.62	3182.46	0.999929	-0.0118765
-1161.68	3187.79	0.999932	-0.011647
-1161.74	3193.12	0.999935	-0.0114174
-1161.8	3198.44	0.999937	-0.0111877
-1161.86	3203.77	0.99994	-0.0109584
-1161.92	3209.09	0.999942	-0.0107295
-1161.97	3214.41	0.999945	-0.0105004
-1162.03	3219.73	0.999947	-0.0102713
-1162.08	3225.05	0.99995	-0.0100425
-1162.14	3230.36	0.999952	-0.00981391
-1162.19	3235.67	0.999954	-0.00958523
-1162.24	3240.99	0.999956	-0.00935643
-1162.29	3246.3	0.999958	-0.00912752
-1162.34	3251.61	0.99996	-0.00889903
-1162.38	3256.91	0.999962	-0.00867092
-1162.43	3262.22	0.999964	-0.00844269
-1162.47	3267.52	0.999966	-0.00821435
-1162.52	3272.82	0.999968	-0.0079859
-1162.56	3278.12	0.99997	-0.00775786
-1162.6	3283.42	0.999972	-0.00753021
-1162.64	3288.72	0.999973	-0.00730244
-1162.68	3294.01	0.999975	-0.00707456
-1162.71	3299.31	0.999977	-0.00684694
-1162.75	3304.6	0.999978	-0.00661963
-1162.78	3309.89	0.99998	-0.0063922
-1162.82	3315.18	0.999981	-0.00616466
-1162.85	3320.46	0.999982	-0.005937
-1162.88	3325.75	0.999984	-0.00570972
-1162.91	3331.03	0.999985	-0.00548287
-1162.94	3336.31	0.999986	-0.0052559
-1162.96	3341.59	0.999987	-0.00502877
-1162.99	3346.87	0.999988	-0.00480195
-1163.02	3352.15	0.99999	-0.00457544
-1163.04	3357.42	0.999991	-0.00434881
-1163.06	3362.7	0.999992	-0.00412207
-1163.08	3367.97	0.999992	-0.00389517
-1163.1	3373.24	0.999993	-0.00366869
-1163.12	3378.51	0.999994	-0.00344263
-1163.14	3383.77	0.999995	-0.00321642
-1163.16	3389.04	0.999996	-0.0029901
-1163.17	3394.3	0.999996	-0.00276408
-1163.19	3399.56	0.999997	-0.00253836
-1163.2	3404.82	0.999997	-0.00231253
-1163.21	3410.08	0.999998	-0.00208655
-1163.22	3415.34	0.999998	-0.00186046
-1163.23	3420.59	0.999999	-0.00163478
-1163.24	3425.85	0.999999	-0.00140948
-1163.24	3431.1	0.999999	-0.00118407
-1163.25	3436.35	1	-0.000958548
-1163.25	3441.6	1	-0.00073329
-1163.26	3446.84	1	-0.000508338
-1163.26	3452.09	1	-0.000283271
-1163.26	3457.33	1	-5.80891e-05
-1163.26	3462.57	1	0.000167207
-1163.26	3467.81	1	0.000392121
-1163.26	3473.05	1	0.000616616
-1163.25	3478.28	1	0.000841226
-1163.25	3483.52	0.999999	0.00106595
-1163.24	3488.75	0.999999	0.00129079
-1163.24	3493.98	0.999999	0.00151524
-1163.23	3499.21	0.999998	0.00173932
-1163.22	3504.44	0.999998	0.00196351
-1163.21	3509.67	0.999998	0.00218781
-1163.19	3514.89	0.999997	0.00238774
-1163.18	3520.11	0.999997	0.00248536
-1163.17	3525.34	0.999997	0.00242589
-1163.16	3530.55	0.999998	0.00222928
-1163.15	3535.77	0.999998	0.00193105
-1163.14	3540.99	0.999999	0.00155904
-1163.13	3546.2	0.999999	0.00113309
-1163.12	3551.42	1	0.000649537
-1163.12	3556.63	1	8.30166e-05
-1163.12	3561.84	1	-0.00057109
-1163.13	3567.04	0.999999	-0.00128306
-1163.14	3572.25	0.999998	-0.00207358
-1163.15	3577.46	0.999995	-0.00302443
-1163.17	3582.66	0.999991	-0.00413549
-1163.19	3587.86	0.999986	-0.00532399
-1163.22	3593.06	0.999979	-0.00654051
-1163.26	3598.26	0.99997	-0.00776618
-1163.3	3603.45	0.99996	-0.00899115
-1163.35	3608.65	0.999948	-0.0101821
-1163.4	3613.84	0.999937	-0.0112081
-1163.46	3619.03	0.999929	-0.0119466
-1163.53	3624.22	0.999923	-0.0124076
-1163.59	3629.41	0.999919	-0.0127375
-1163.66	3634.59	0.999915	-0.0130577
-1163.73	3639.78	0.999911	-0.0133542
-1163.8	3644.96	0.999909	-0.0135157
-1163.87	3650.14	0.99991	-0.0134243
-1163.94	3655.32	0.999914	-0.0131195
-1164	3660.49	0.99992	-0.0126705
-1164.07	3665.67	0.999926	-0.0121489
-1164.13	3670.84	0.999932	-0.0116273
-1164.19	3676.02	0.999938	-0.0111056
-1164.24	3681.19	0.999944	-0.0105844
-1164.3	3686.36	0.999949	-0.0100636
-1164.35	3691.52	0.999954	-0.00954285
-1164.4	3696.69	0.999959	-0.00902201
-1164.44	3701.85	0.999964	-0.00850113
-1164.49	3707.02	0.999968	-0.00798079
-1164.53	3712.18	0.999972	-0.00746101
-1164.56	3717.34	0.999976	-0.0069412
-1164.6	3722.49	0.999979	-0.00642134
-1164.63	3727.65	0.999983	-0.00590194
-1164.66	3732.8	0.999986	-0.005383
-1164.69	3737.96	0.999988	-0.00486402
-1164.71	3743.11	0.999991	-0.00434499
-1164.73	3748.26	0.999993	-0.00382643
-1164.75	3753.41	0.999995	-0.00330828
-1164.77	3758.55	0.999996	-0.0027901
-1164.78	3763.7	0.999997	-0.00227187
-1164.79	3768.84	0.999998	-0.00175361
-1164.8	3773.98	0.999999	-0.00123591
-1164.8	3779.12	1	-0.000718795
-1164.81	3784.26	1	-0.000201636
-1164.81	3789.39	1	0.000315599
-1164.8	3794.53	1	0.000832376
-1164.8	3799.66	0.999999	0.00134869
-1164.79	3804.79	0.999998	0.00186505
-1164.78	3809.92	0.999997	0.00238145
-1164.77	3815.05	0.999996	0.00289788
-1164.75	3820.18	0.999994	0.00341374
-1164.73	3825.3	0.999992	0.00392906
-1164.71	3830.42	0.99999	0.00444442
-1164.69	3835.54	0.999988	0.00495982
-1164.66	3840.66	0.999985	0.00547525
-1164.63	3845.78	0.999982	0.00592775
-1164.6	3850.9	0.99998	0.0063173
-1164.57	3856.01	0.999978	0.00670688
-1164.53	3861.12	0.999975	0.00709654
-1164.49	3866.24	0.999972	0.00748586
-1164.46	3871.35	0.999969	0.0078748
-1164.41	3876.45	0.999966	0.00826377
-1164.37	3881.56	0.999963	0.00865282
-1164.33	3886.66	0.999959	0.0090419
-1164.28	3891.77	0.999956	0.00943053
-1164.23	3896.87	0.999952	0.00981869
-1164.18	3901.97	0.999948	0.0102069
-1164.13	3907.07	0.999944	0.0105952
-1164.07	3912.16	0.99994	0.0109831
-1164.02	3917.26	0.999935	0.0113707
-1163.96	3922.35	0.999931	0.0117582
-1163.9	3927.44	0.999926	0.0121459
-1163.83	3932.53	0.999921	0.0125336
-1163.77	3937.62	0.999917	0.0128588
-1163.7	3942.7	0.999914	0.0131216
-1163.64	3947.79	0.99991	0.0133844
-1163.57	3952.87	0.999907	0.0136474
-1163.49	3958.46	0.999903	0.0139366
-1163.43	3963.03	0.9999	0.0141729
-1163.35	3968.11	0.999896	0.0144352
-1163.28	3973.18	0.999892	0.0146975
-1163.2	3978.26	0.999888	0.0149599
-1163.13	3983.33	0.999884	0.015222
-1163.05	3988.4	0.99988	0.0154839
-1162.97	3993.47	0.999876	0.0157458
-1162.89	3998.54	0.999872	0.0159845
-1162.81	4003.61	0.99987	0.0161291
-1162.73	4008.67	0.99987	0.0160984
-1162.65	4013.73	0.999873	0.0159115
-1162.57	4018.8	0.999877	0.0156539
-1162.49	4023.85	0.999882	0.0153774
-1162.41	4028.91	0.999886	0.0151009
-1162.34	4033.97	0.99989	0.0148244
-1162.26	4039.02	0.999894	0.0145482
-1162.19	4044.08	0.999898	0.0142721
-1162.12	4049.13	0.999902	0.0139963
-1162.05	4054.18	0.999906	0.0136782
-1161.98	4059.23	0.999912	0.0133027
-1161.91	4064.27	0.999917	0.0129047
-1161.85	4069.32	0.999922	0.0125069
-1161.79	4074.36	0.999927	0.0120917
-1161.72	4079.4	0.999932	0.0116398
-1161.67	4084.44	0.999938	0.0110943
-1161.61	4089.48	0.999946	0.0104324
-1161.56	4094.52	0.999953	0.00972456
-1161.51	4099.55	0.999959	0.00901037
-1161.47	4104.59	0.999966	0.00829632
-1161.43	4109.62	0.999971	0.00758265
-1161.39	4114.65	0.999976	0.00686936
-1161.36	4119.68	0.999981	0.00615649
-1161.33	4124.71	0.999985	0.00544372
-1161.3	4129.73	0.999989	0.00473533
-1161.28	4134.76	0.999992	0.00403708
-1161.26	4139.78	0.999994	0.00334414
-1161.25	4144.8	0.999996	0.00265137
-1161.24	4149.82	0.999998	0.00195869
-1161.23	4154.84	0.999999	0.00126644
-1161.22	4159.85	1	0.000574571
-1161.22	4164.87	1	-0.000116919
-1161.22	4169.88	1	-0.000747374
-1161.23	4174.89	0.999999	-0.00131679
-1161.24	4179.9	0.999998	-0.00188587
-1161.25	4184.91	0.999997	-0.00245453
-1161.26	4189.91	0.999995	-0.00301985
-1161.28	4194.92	0.999994	-0.00356546
-1161.29	4199.92	0.999992	-0.00408842
-1161.32	4204.92	0.99999	-0.00457822
-1161.34	4209.92	0.999987	-0.00500852
-1161.37	4214.92	0.999986	-0.00537167
-1161.39	4219.92	0.999984	-0.00566643
-1161.42	4224.91	0.999983	-0.00588573
-1161.45	4229.9	0.999982	-0.00606055
-1161.48	4234.9	0.999981	-0.00612688
-1161.51	4239.89	0.999982	-0.00603994
-1161.54	4244.87	0.999982	-0.00593809
-1161.57	4249.86	0.999983	-0.00583609
-1161.6	4254.85	0.999984	-0.00573393
-1161.63	4259.83	0.999984	-0.005632
-1161.66	4264.81	0.999985	-0.00553047
-1161.68	4269.79	0.999985	-0.00542877
-1161.71	4274.77	0.999986	-0.00532694
-1161.74	4279.75	0.999986	-0.00522529
-1161.76	4284.72	0.999987	-0.00512398
-1161.79	4289.69	0.999987	-0.0050225
-1161.81	4294.67	0.999988	-0.00492082
-1161.84	4299.64	0.999988	-0.00481898
-1161.86	4304.61	0.999989	-0.00471739
-1161.88	4309.57	0.999989	-0.00461624
-1161.91	4314.54	0.99999	-0.00451494
-1161.93	4319.5	0.99999	-0.00441348
-1161.95	4324.46	0.999991	-0.00431218
-1161.97	4329.42	0.999991	-0.00421118
-1161.99	4334.38	0.999992	-0.00411002
-1162.01	4339.34	0.999992	-0.00400872
-1162.03	4344.3	0.999992	-0.00390726
-1162.05	4349.25	0.999993	-0.00380605
-1162.07	4354.2	0.999993	-0.00370528
-1162.09	4359.15	0.999994	-0.00360435
-1162.11	4364.1	0.999994	-0.00350327
-1162.12	4369.05	0.999994	-0.00340235
-1162.14	4374	0.999995	-0.00330172
-1162.16	4378.94	0.999995	-0.00320094
-1162.17	4383.88	0.999995	-0.0031
-1162.19	4389.32	0.999996	-0.00298881
-1162.2	4393.76	0.999996	-0.0028981
-1162.22	4398.7	0.999996	-0.00279771
-1162.23	4403.64	0.999996	-0.00268658
-1162.24	4408.57	0.999997	-0.00255624
-1162.25	4413.51	0.999997	-0.00242129
-1162.27	4418.44	0.999997	-0.00228665
-1162.28	4423.37	0.999998	-0.00215185
-1162.29	4428.3	0.999998	-0.0020169
-1162.3	4433.72	0.999998	-0.00186832
-1162.31	4438.15	0.999998	-0.00174705
-1162.31	4443.07	0.999999	-0.00161271
-1162.32	4447.99	0.999999	-0.00147822
-1162.33	4452.92	0.999999	-0.00134349
-1162.34	4457.85	0.999999	-0.00120868
-1162.34	4462.79	0.999999	-0.0010737
-1162.35	4467.76	1	-0.000938887
-1162.35	4472.76	1	-0.000806014
-1162.35	4477.78	1	-0.000675215
-1162.36	4482.83	1	-0.000541838
-1162.36	4487.91	1	-0.000403792
-1162.36	4493.03	1	-0.000268721
-1162.36	4498.18	1	-0.000136596
-1162.36	4503.36	1	-7.36886e-06
-1162.36	4508.57	1	0.000126985
-1162.36	4513.81	1	0.000270478
-1162.36	4519.09	1	0.000411073
-1162.36	4524.4	1	0.000492982
-1162.36	4529.75	1	0.000413362
-1162.35	4535.13	1	0.000143892
-1162.35	4540.54	1	-0.000295684
-1162.36	4546.54	1	-0.000948828
-1162.36	4551.48	0.999999	-0.00160795
-1162.37	4557	0.999997	-0.00243914
-1162.39	4562.56	0.999994	-0.00336098
-1162.41	4568.15	0.99999	-0.00438803
-1162.44	4574.34	0.999984	-0.00562024
-1162.47	4579.43	0.999978	-0.00669322
-1162.51	4585.1	0.999969	-0.00792359
-1162.56	4590.78	0.999958	-0.00916547
-1162.62	4596.46	0.999946	-0.0104026
-1162.68	4602.14	0.999932	-0.0116315
-1162.75	4607.82	0.999917	-0.0128582
-1162.82	4613.49	0.999901	-0.014082
-1162.9	4619.17	0.999883	-0.0152925
-1162.99	4624.84	0.999865	-0.0164007
-1163.09	4630.51	0.999853	-0.0171602
-1163.19	4636.17	0.999849	-0.01738
-1163.28	4641.84	0.999853	-0.0171611
-1163.38	4647.5	0.99986	-0.016706
-1163.47	4653.16	0.999869	-0.0161982
-1163.57	4658.82	0.999877	-0.0156909
-1163.65	4664.48	0.999885	-0.0151842
-1163.74	4670.14	0.999892	-0.0146775
-1163.82	4675.79	0.9999	-0.0141707
-1163.9	4681.45	0.999907	-0.0136081
-1163.97	4687.1	0.999916	-0.0129615
-1164.05	4692.75	0.999924	-0.0123149
-1164.11	4698.4	0.999932	-0.0116682
-1164.18	4704.04	0.999939	-0.0110215
-1164.24	4709.69	0.999946	-0.0104315
-1164.3	4715.33	0.999951	-0.00992655
-1164.35	4720.97	0.999956	-0.00942155
-1164.4	4726.61	0.99996	-0.00891648
-1164.46	4732.81	0.999965	-0.0083608
-1164.5	4738.45	0.999969	-0.00785625
-1164.54	4743.52	0.999973	-0.0074027
-1164.58	4749.15	0.999976	-0.00689869
-1164.62	4754.78	0.99998	-0.00639459
-1164.66	4760.98	0.999983	-0.00584053
-1164.69	4766.04	0.999985	-0.00538767
-1164.72	4771.67	0.999988	-0.00488441
-1164.74	4777.29	0.99999	-0.0043848
-1164.77	4782.91	0.999992	-0.00389939
-1164.79	4789.1	0.999994	-0.00338653
-1164.81	4794.15	0.999996	-0.00297355
-1164.82	4799.77	0.999997	-0.00251461
-1164.83	4805.38	0.999998	-0.0020556
-1164.84	4811	0.999999	-0.00159694
-1164.85	4816.61	0.999999	-0.00113884
-1164.86	4822.22	1	-0.000680632
-1164.86	4827.83	1	-0.000222304
-1164.86	4833.43	1	0.0002361
-1164.86	4839.04	1	0.000694062
-1164.85	4844.64	0.999999	0.00115132
-1164.85	4850.24	0.999999	0.00160866
-1164.84	4855.84	0.999998	0.00206607
-1164.82	4862	0.999997	0.00256882
-1164.81	4867.04	0.999996	0.00298465
-1164.79	4873.19	0.999994	0.00350047
-1164.77	4878.22	0.999992	0.00392258
-1164.75	4884.37	0.99999	0.00443862
-1164.72	4889.4	0.999989	0.0047876
-1164.69	4894.99	0.999987	0.00506866
-1164.67	4900.57	0.999986	0.00528338
-1164.63	4906.72	0.999986	0.00532236
-1164.61	4911.74	0.999986	0.00521699
-1164.58	4917.88	0.999988	0.00498022
-1164.55	4922.9	0.999989	0.00468051
-1164.53	4928.47	0.999991	0.00418979
-1164.5	4934.05	0.999994	0.00350916
-1164.48	4940.18	0.999996	0.00267826
-1164.47	4945.19	0.999998	0.00198083
-1164.46	4951.32	1	0.000937654
-1164.46	4956.33	1	-0.000123397
-1164.46	4962.45	0.999998	-0.0017411
-1164.48	4967.46	0.999995	-0.00328712
-1164.5	4973.58	0.999985	-0.00545522
-1164.54	4979.14	0.99997	-0.00778305
-1164.59	4984.7	0.999945	-0.0104629
-1164.65	4990.26	0.999911	-0.013343
-1164.73	4995.81	0.999866	-0.0163651
-1164.83	5001.37	0.999807	-0.0196283
-1164.94	5006.92	0.999732	-0.0231384
-1165.07	5011.91	0.999648	-0.0265184
-1165.24	5018.01	0.999521	-0.0309574
-1165.4	5023	0.999392	-0.0348594
-1165.63	5029.1	0.9992	-0.0399983
-1165.83	5034.08	0.999008	-0.0445215
-1166.12	5040.17	0.998676	-0.0514491
-1166.39	5045.15	0.998292	-0.0584144
-1166.77	5051.23	0.99773	-0.067339
-1167.12	5056.2	0.997186	-0.0749624
-1167.6	5062.27	0.996411	-0.0846516
-1168.09	5067.78	0.995383	-0.0959788
-1168.59	5072.73	0.994108	-0.10839
-1169.29	5078.78	0.992298	-0.12387
-1170.01	5084.26	0.990398	-0.138246
-1170.72	5089.18	0.988478	-0.151362
-1171.68	5095.18	0.985861	-0.167566
-1172.64	5100.62	0.983227	-0.182384
-1173.68	5106.04	0.980385	-0.197092
-1174.8	5111.45	0.977349	-0.211632
-1176	5116.83	0.974139	-0.22595
-1177.27	5122.2	0.970752	-0.240086
-1178.63	5127.55	0.967161	-0.254163
-1180.06	5132.87	0.963368	-0.268182
-1181.57	5138.17	0.959481	-0.281774
-1183.15	5143.45	0.955536	-0.294874
-1184.8	5148.7	0.951467	-0.307752
-1186.53	5153.93	0.947289	-0.320382
-1188.32	5159.14	0.942991	-0.332819
-1190.18	5164.32	0.938663	-0.344835
-1192.1	5169.47	0.934306	-0.356471
-1194.09	5174.6	0.92982	-0.368016
-1196.13	5179.71	0.925225	-0.379418
-1198.24	5184.78	0.920644	-0.390404
-1200.41	5189.83	0.916084	-0.400986
-1202.64	5194.85	0.911436	-0.411441
-1204.92	5199.85	0.906684	-0.42181
-1207.26	5204.81	0.901816	-0.432121
-1209.65	5209.75	0.896978	-0.442075
-1212.1	5214.66	0.892189	-0.451662
-1214.6	5219.55	0.887325	-0.461144
-1217.15	5224.4	0.88239	-0.47052
-1219.75	5229.23	0.87699	-0.480508
-1222.4	5234.02	0.871098	-0.491109
-1225.12	5238.78	0.865074	-0.501644
-1227.89	5243.5	0.858883	-0.512172
-1230.71	5248.19	0.852464	-0.522786
-1233.6	5252.84	0.846366	-0.532601
-1236.53	5257.46	0.840674	-0.541542
-1239.51	5262.04	0.834883	-0.550427
-1242.54	5266.6	0.829001	-0.559247
-1245.62	5271.12	0.823116	-0.567873
-1248.74	5275.6	0.81718	-0.576383
-1251.91	5280.05	0.811034	-0.584998
-1255.12	5284.47	0.804669	-0.593724
-1258.38	5288.84	0.798096	-0.60253
-1261.69	5293.19	0.791522	-0.61114
-1265.04	5297.49	0.784929	-0.619586
-1268.44	5301.76	0.778065	-0.628184
-1271.88	5305.98	0.770866	-0.636998
-1275.37	5310.17	0.76329	-0.646056
-1278.91	5314.31	0.7556	-0.655033
-1282.5	5318.41	0.747833	-0.663887
-1286.14	5322.46	0.739767	-0.672863
-1289.82	5326.47	0.731422	-0.681925
-1293.55	5330.44	0.723255	-0.690581
-1297.32	5334.35	0.715254	-0.698865
-1301.14	5338.22	0.706924	-0.707289
-1305.01	5342.05	0.698272	-0.715833
-1308.92	5345.83	0.689363	-0.724416
-1312.87	5349.55	0.676801	-0.736166
-1316.9	5353.19	0.660398	-0.750916
-1321.01	5356.74	0.643513	-0.765435
-1325.2	5360.2	0.626125	-0.779723
-1329.46	5363.56	0.608232	-0.793759
-1333.8	5366.82	0.589763	-0.807576
-1338.21	5369.97	0.570754	-0.821121
-1342.69	5373.03	0.551331	-0.834286
-1347.24	5375.97	0.531526	-0.847042
-1351.86	5378.81	0.510352	-0.859965
-1356.55	5381.53	0.48781	-0.87295
-1361.31	5384.12	0.464978	-0.885322
-1366.13	5386.59	0.441919	-0.897055
-1371.02	5388.94	0.418679	-0.908134
-1375.96	5391.16	0.398163	-0.917315
-1380.94	5393.27	0.380487	-0.924786
-1385.96	5395.29	0.362872	-0.931839
-1391.02	5397.22	0.3454	-0.938455
-1396.11	5399.05	0.328112	-0.944639
-1401.23	5400.79	0.314916	-0.94912
-1402.25	5401.13	0.313998	-0.949424
-1402.25	5401.13	0.313998	-0.949424
-1402.25	5401.13	0.313998	-0.949424
-1402.25	5401.13	0.313998	-0.949424
-1402.25	5401.13	0.313998	-0.949424
-1402.25	5401.13	0.313998	-0.949424
-1402.25	5401.13	0.313998	-0.949424
-1402.25	5401.13	0.313998	-0.949424
-1402.25	5401.13	0.313998	-0.949424
-1402.25	5401.13	0.313998	-0.949424
-1402.25	5401.13	0.313998	-0.949424
-1402.25	5401.13	0.313998	-0.949424
-1402.25	5401.13	0.313998	-0.949424
-1402.25	5401.13	0.313998	-0.949424
-1402.25	5401.13	0.313998	-0.949424
-1402.25	5401.13	0.313998	-0.949424
-1402.25	5401.13	0.313998	-0.949424
-1402.25	5401.13	0.313998	-0.949424
-1402.25	5401.13	0.313998	-0.949424
-1402.25	5401.13	0.313998	-0.949424
-1402.25	5401.13	0.313998	-0.949424
-1402.25	5401.13	0.313998	-0.949424
-1402.25	5401.13	0.313998	-0.949424
-1402.25	5401.13	0.313998	-0.949424
-1402.25	5401.13	0.313998	-0.949424
-1402.25	5401.13	0.313998	-0.949424
-1402.25	5401.13	0.313998	-0.949424
-1402.25	5401.13	0.313998	-0.949424
-1402.25	5401.13	0.313998	-0.949424
-1402.25	5401.13	0.313998	-0.949424
-1402.25	5401.13	0.313998	-0.949424
-1402.25	5401.13	0.313998	-0.949424
-1402.25	5401.13	0.313998	-0.949424
-1402.25	5401.13	0.313998	-0.949424
-1402.25	5401.13	0.313998	-0.949424
-1402.25	5401.13	0.313998	-0.949424
-1402.25	5401.13	0.313998	-0.949424
-1402.25	5401.13	0.313998	-0.949424
-1402.25	5401.13	0.313998	-0.949424
-1402.25	5401.13	0.313998	-0.949424
-1402.25	5401.13	0.313998	-0.949424
-1402.25	5401.13	0.313998	-0.949424
-1402.25	5401.13	0.313998	-0.949424
-1402.25	5401.13	0.313998	-0.949424
-1402.25	5401.13	0.313998	-0.949424
-1402.25	5401.13	0.313998	-0.949424
-1402.25	5401.13	0.313998	-0.949424
-1402.25	5401.13	0.313998	-0.949424
-1402.25	5401.13	0.313998	-0.949424
-1402.25	5401.13	0.313998	-0.949424
-1402.25	5401.13	0.313998	-0.949424
-1402.25	5401.13	0.313998	-0.949424
-1402.25	5401.13	0.313998	-0.949424
