0	0
0	0
0	0
0	0
0	0
0	0
0	0
0	0
0	0
0	0
0	0
0	0
0	0
0	0
0	0
0	0
0	0
0	0
0	0
0	0
0	0
0	0
0	0
0	0
0	0
0	0
0	0
0	0
0	0
0	0
0	0
0.0227709	0.00625479
0.0844961	0.0231934
0.165709	0.0454437
0.293976	0.0805018
0.464313	0.1269
0.63479	0.173156
0.820122	0.223237
1.0916	0.296211
1.37704	0.372447
1.66287	0.448281
1.23829	1.2347
1.41939	1.41531
1.60094	1.59506
1.78201	1.7753
1.96303	1.95559
2.14415	2.13577
2.32442	2.31647
2.50569	2.49617
2.6873	2.67553
2.86913	2.85467
3.05113	3.03364
3.23317	3.21219
3.41519	3.39077
3.59749	3.56908
3.77998	3.74719
3.96243	3.92533
4.14442	4.10357
4.32679	4.28144
4.50928	4.45918
4.69228	4.63641
4.87566	4.81296
5.05934	4.98922
5.24316	5.16533
5.42701	5.34141
5.61143	5.51693
5.79546	5.69247
5.9797	5.86779
6.16403	6.04304
6.34857	6.21806
6.53266	6.39324
6.71627	6.56891
6.89976	6.74469
7.08387	6.91985
7.2686	7.09439
7.4477	7.27427
7.63358	7.44736
7.81911	7.6208
8.00401	7.79487
8.18867	7.96919
8.37187	8.14461
8.55715	8.31795
8.74189	8.49184
8.92668	8.66567
9.10853	8.84218
9.29306	9.01601
9.47745	9.18999
9.66187	9.36393
9.84636	9.5378
10.0277	9.71453
10.2122	9.88806
10.3969	10.0614
10.5814	10.235
10.7608	10.4134
10.9446	10.5874
11.1288	10.761
11.3137	10.9339
11.4989	11.1065
11.6774	11.2856
11.8617	11.4589
12.0446	11.6337
12.2271	11.8087
12.455	11.9379
12.6375	12.1125
12.82	12.2871
13.0025	12.4617
13.185	12.6363
13.3617	12.8162
13.544	12.9906
13.7263	13.1649
13.9087	13.3392
14.084	13.5201
14.2662	13.6943
14.4483	13.8684
14.6305	14.0425
14.8125	14.2168
15.0077	14.3776
15.1859	14.5555
15.3641	14.7334
15.5422	14.9113
15.7197	15.0899
15.8911	15.2741
16.0667	15.4542
16.2409	15.6356
16.4139	15.8182
16.5804	16.0071
16.7543	16.1885
16.9298	16.3682
17.1057	16.5476
17.2813	16.7273
17.4446	16.9189
17.6207	17.0977
17.7958	17.2776
17.9704	17.4578
18.1362	17.6466
18.3095	17.828
18.482	18.0102
18.6546	18.1921
18.827	18.3744
18.988	18.5677
19.1604	18.7497
19.3322	18.9322
19.5041	19.1147
19.6587	19.3143
19.8292	19.4979
19.9998	19.6816
20.1718	19.8638
20.3438	20.0459
20.6017	20.1419
20.7712	20.3263
20.9406	20.5109
21.1099	20.6956
21.2919	20.8674
21.459	21.0543
21.6246	21.2425
21.7887	21.4323
21.9521	21.6228
22.097	21.8311
22.259	22.0223
22.4204	22.2142
22.5821	22.4057
22.7451	22.5959
22.8992	22.7946
23.0635	22.983
23.2304	23.1688
23.4023	23.3497
23.5735	23.5313
23.7408	23.7163
23.9085	23.901
24.0758	24.086
24.2431	24.2711
24.4145	24.4518
24.5816	24.6368
24.7495	24.8209
24.9197	25.0029
25.0744	25.17
25.202	25.2922
25.3154	25.4199
25.4256	25.5508
25.5323	25.6824
25.6322	25.8061
25.7174	25.9129
25.7927	26.0052
25.8681	26.0901
25.9443	26.1742
25.9751	26.3062
26.0536	26.392
26.1329	26.4785
26.2116	26.5654
26.2655	26.6772
26.3395	26.7687
26.4128	26.8611
26.4866	26.9515
26.563	27.0392
26.6171	27.1492
26.6984	27.2321
26.7778	27.3168
26.8537	27.4051
26.931	27.4919
27.0145	27.5724
27.0955	27.6552
27.1766	27.7381
27.2583	27.819
27.3581	27.8815
27.442	27.9555
27.5037	28.0035
27.5558	28.0422
27.6068	28.0776
27.6616	28.0959
27.6978	28.1152
27.7342	28.1372
27.7655	28.1615
27.8035	28.1819
27.838	28.2029
27.8756	28.2208
27.9113	28.2376
27.9457	28.2529
27.9863	28.2547
28.0122	28.2594
28.0365	28.2598
28.0574	28.2549
28.083	28.2336
28.0951	28.22
28.0992	28.1983
28.1035	28.1764
28.1058	28.1565
28.1174	28.1273
28.114	28.1132
28.1071	28.1025
28.1018	28.0902
28.0972	28.0772
28.0916	28.0652
28.085	28.0543
28.077	28.0447
28.0706	28.0336
28.0666	28.02
28.0594	28.0097
28.0506	28.0009
28.0408	27.9932
28.0318	27.9847
28.0185	27.9805
27.9999	27.9815
27.9818	27.9821
27.9674	27.9789
27.9432	27.9856
27.9344	27.9769
27.9248	27.9689
27.9129	27.9633
27.9002	27.9585
27.8861	27.9551
27.8773	27.9463
27.8675	27.9386
27.8535	27.9351
27.8418	27.9293
27.8333	27.9203
27.8283	27.9077
27.8254	27.8932
27.8209	27.8802
27.8175	27.8661
27.8124	27.8537
27.8082	27.8404
27.8008	27.8304
27.792	27.8216
27.7833	27.8129
27.7767	27.802
27.7772	27.784
27.7821	27.7616
27.7855	27.7408
27.7804	27.7284
27.7722	27.7191
27.7638	27.7101
27.7592	27.6972
27.7541	27.6849
27.7501	27.6714
27.7446	27.6595
27.7411	27.6456
27.7379	27.6314
27.7283	27.6235
27.7264	27.608
27.7258	27.5911
27.7252	27.5743
27.7254	27.5567
27.7213	27.5434
27.7254	27.5219
27.7295	27.5004
27.7335	27.4789
27.7298	27.4653
27.7317	27.446
27.7332	27.4271
27.7333	27.4096
27.7326	27.3929
27.7806	27.3275
27.7818	27.309
27.7832	27.2902
27.7839	27.2722
27.7838	27.255
27.7411	27.2804
27.7391	27.2651
27.7365	27.2503
27.7338	27.2357
27.7109	27.2413
27.7081	27.2268
27.7046	27.213
27.7021	27.1982
27.7009	27.1822
27.8514	27.0149
27.8494	27.0006
27.8485	26.9853
27.8496	26.968
27.8496	26.9517
27.8409	26.9442
27.8373	26.9315
27.829	26.9235
27.8174	26.9187
27.7851	26.9346
27.7656	26.9376
27.7463	26.9404
27.7294	26.9408
27.7143	26.9394
27.6796	26.9574
27.6628	26.9574
27.6469	26.9566
27.6289	26.9578
27.5895	26.9803
27.5685	26.9844
27.5463	26.9897
27.5248	26.9942
27.5036	26.9984
27.459	27.026
27.4372	27.0307
27.4147	27.0361
27.3914	27.0423
27.351	27.0654
27.3288	27.0705
27.3075	27.0746
27.2858	27.0791
27.2625	27.0852
27.2279	27.1027
27.2097	27.1036
27.1935	27.1027
27.1792	27.0997
27.1669	27.0948
27.1429	27.1016
27.1302	27.0971
27.1195	27.0906
27.1109	27.082
27.0956	27.0801
27.087	27.0716
27.0784	27.063
27.0698	27.0544
27.0613	27.0458
27.0493	27.0406
27.0408	27.032
27.0322	27.0234
27.0236	27.0149
27.0518	26.9696
27.0432	26.961
27.0346	26.9525
27.0261	26.9439
27.0175	26.9354
27.0056	26.9302
26.997	26.9217
26.9885	26.9131
26.9781	26.9063
26.9622	26.9052
26.9601	26.8903
26.9447	26.8886
26.9296	26.8867
26.9158	26.8835
26.8056	26.9768
26.7909	26.9748
26.7729	26.976
26.7549	26.9772
26.738	26.9774
26.7083	26.9904
26.6909	26.9912
26.6735	26.992
26.6567	26.9922
26.64	26.9922
26.6251	26.9906
26.6128	26.9863
26.601	26.9815
26.5875	26.9784
26.5779	26.9714
26.5661	26.9666
26.5559	26.9602
26.5431	26.9564
26.5288	26.954
26.5219	26.9443
26.51	26.9395
26.498	26.9348
26.4857	26.9305
26.4837	26.9157
26.4751	26.9075
26.4668	26.8991
26.4585	26.8906
26.4502	26.8822
26.4478	26.8678
26.4365	26.8623
26.4261	26.8559
26.4183	26.8469
26.4249	26.8235
26.4178	26.8137
26.4144	26.8002
26.4145	26.7833
26.4147	26.7662
26.4234	26.7407
26.4205	26.7267
26.4195	26.7107
26.4201	26.6933
26.4199	26.6765
26.4298	26.6497
26.4239	26.6387
26.4164	26.6292
26.4116	26.6172
26.4211	26.5908
26.4263	26.5686
26.4306	26.5474
26.4339	26.5271
26.4366	26.5075
26.4479	26.4793
26.4415	26.4688
26.433	26.4603
26.4246	26.4518
26.4194	26.4401
26.4116	26.431
26.4096	26.416
26.4111	26.3977
26.414	26.3778
26.4157	26.3593
26.4112	26.3468
26.4082	26.3329
26.4037	26.3206
26.4052	26.3022
26.4007	26.2899
26.3967	26.277
26.3919	26.2649
26.3855	26.2545
26.1201	26.5093
26.1149	26.5041
26.1102	26.4985
26.1065	26.4918
26.1048	26.4832
26.3534	26.2179
26.3484	26.206
26.3442	26.1934
26.3416	26.1791
26.3393	26.1646
26.3527	26.1344
26.3496	26.1206
26.3468	26.1067
26.344	26.0927
26.3022	26.1178
26.2974	26.1057
26.2924	26.0939
26.2874	26.0821
26.2834	26.0693
26.2767	26.0592
26.2745	26.0446
26.2701	26.0322
26.2633	26.0222
26.2549	26.0139
26.2364	26.0156
26.2248	26.0105
26.2108	26.0078
26.1948	26.007
26.1689	26.0163
26.1529	26.0156
26.1377	26.0141
26.1234	26.0117
26.1078	26.0107
26.088	26.0139
26.0699	26.0153
26.0511	26.0175
26.0321	26.0199
26.0553	25.9799
26.0394	25.9791
26.0264	25.9754
26.016	25.969
26.0067	25.9615
25.9893	25.9622
25.978	25.9568
25.9677	25.9504
25.9593	25.942
25.951	25.9337
25.9423	25.9256
25.9298	25.9214
25.9166	25.9179
25.9075	25.9102
25.8992	25.9019
25.8909	25.8935
25.8825	25.8852
25.8742	25.8768
25.8658	25.8685
25.8013	25.9166
25.7931	25.9084
25.785	25.9002
25.7768	25.892
25.8247	25.8274
25.8164	25.819
25.8081	25.8107
25.7997	25.8024
25.7914	25.794
25.7862	25.7826
25.7779	25.7742
25.7696	25.7659
25.7612	25.7576
25.6882	25.8144
25.6841	25.8022
25.6817	25.7883
25.6774	25.7763
25.6706	25.7669
25.7243	25.6966
25.7181	25.6861
25.7133	25.6743
25.7098	25.6612
25.7085	25.6459
25.7026	25.6352
25.6964	25.6248
25.6905	25.6141
25.6848	25.6032
25.683	25.5884
25.6773	25.5775
25.6709	25.5673
25.6633	25.5583
25.655	25.55
25.6404	25.548
25.6321	25.5398
25.6238	25.5315
25.6155	25.5232
25.6072	25.515
25.5989	25.5067
25.5906	25.4985
25.583	25.4895
25.5788	25.4772
25.5714	25.468
25.5671	25.4557
25.5629	25.4434
25.5584	25.4314
25.553	25.4203
25.5437	25.413
25.5373	25.4029
25.5312	25.3925
25.5269	25.3803
25.5231	25.3675
25.5144	25.3598
25.5089	25.3488
25.5031	25.3381
25.4961	25.3285
25.5528	25.2555
25.5447	25.2474
25.5365	25.2394
25.5293	25.2303
25.5221	25.2213
25.5121	25.215
25.4981	25.2128
25.4829	25.2118
25.4669	25.2115
25.4481	25.2141
25.432	25.2139
25.4142	25.2155
25.3955	25.218
25.3776	25.2196
25.358	25.223
25.3435	25.2213
25.3313	25.2171
25.3201	25.2121
25.3066	25.2093
25.2877	25.212
25.2732	25.2102
25.263	25.2042
25.2541	25.1968
25.246	25.1887
25.2378	25.1806
25.2297	25.1725
25.2157	25.1702
25.2025	25.1672
25.1117	25.2416
25.1003	25.2368
25.0887	25.2321
25.0745	25.23
25.0605	25.2277
25.0487	25.2233
25.0378	25.2179
25.0292	25.2102
25.0211	25.2021
25.013	25.1939
25.0119	25.1787
25.0043	25.1701
24.9962	25.1619
24.9882	25.1535
24.9853	25.1402
24.9813	25.1279
24.9807	25.1122
24.9795	25.0971
24.9742	25.0862
24.9736	25.0705
24.9661	25.0617
24.958	25.0535
24.9498	25.0453
24.9417	25.0372
24.9368	25.0258
24.9292	25.0171
24.921	25.009
24.9122	25.0015
24.9041	24.9933
24.9051	24.9761
24.8955	24.9693
24.883	24.9655
24.8723	24.9599
24.8689	24.9471
24.8601	24.9396
24.8519	24.9314
24.8438	24.9233
24.8357	24.9151
24.8306	24.9039
24.8225	24.8958
24.8139	24.8881
24.8053	24.8804
24.7972	24.8722
24.7951	24.8581
24.786	24.8509
24.7761	24.8446
24.7652	24.8392
24.7585	24.8296
24.7504	24.8215
24.7421	24.8136
24.7333	24.8062
24.7236	24.7996
24.7245	24.7825
24.7128	24.7781
24.7008	24.7739
24.6888	24.7697
24.6782	24.7641
24.6102	24.8159
24.6022	24.8079
24.5942	24.7998
24.5862	24.7918
24.5775	24.7844
24.5687	24.7772
24.5607	24.7691
24.5527	24.7611
24.5442	24.7535
24.5387	24.7429
24.5307	24.7348
24.5227	24.7268
24.5147	24.7187
24.5127	24.7047
24.5046	24.6966
24.4966	24.6885
24.4886	24.6805
24.4806	24.6724
24.4785	24.6584
24.4705	24.6503
24.4625	24.6422
24.4545	24.6341
24.4464	24.6261
24.4428	24.6136
24.4336	24.6067
24.4256	24.5986
24.4164	24.5917
24.4189	24.5731
24.4102	24.5656
24.4011	24.5587
24.3919	24.5517
24.3814	24.5461
24.3795	24.5319
24.3699	24.5253
24.3615	24.5177
24.3525	24.5105
24.3479	24.499
24.3377	24.4932
24.3288	24.486
24.3192	24.4795
24.3085	24.4742
24.3028	24.4638
24.2921	24.4584
24.2814	24.4531
24.2709	24.4475
24.2704	24.432
24.2608	24.4256
24.2497	24.4206
24.2364	24.418
24.223	24.4153
24.2144	24.408
24.1982	24.4082
24.1817	24.4088
24.168	24.4065
24.1538	24.4048
24.1219	24.4205
24.1044	24.422
24.0906	24.4198
24.0796	24.4148
24.0761	24.4023
24.0625	24.4
24.0501	24.3964
24.0397	24.3908
24.03	24.3846
23.9074	24.4917
23.8957	24.4882
23.8864	24.4823
23.8788	24.4746
23.8716	24.4667
23.8653	24.4578
23.8591	24.4488
23.8529	24.4398
23.8477	24.4298
23.8496	24.4127
23.8466	24.4004
23.8442	24.3875
23.8409	24.3756
23.8371	24.3641
23.8496	24.3361
23.8457	24.3246
23.8416	24.3131
23.837	24.3022
23.8395	24.2842
23.8328	24.2752
23.8251	24.2674
23.8173	24.2595
23.8105	24.2507
23.8145	24.2311
23.8108	24.2191
23.8065	24.2077
23.8031	24.1954
23.8139	24.1688
23.811	24.156
23.808	24.1432
23.805	24.1304
23.8018	24.1179
23.8067	24.0971
23.8024	24.0856
23.7978	24.0743
23.7933	24.063
23.7894	24.0511
23.7941	24.0306
23.791	24.0178
23.7889	24.0041
23.7867	23.9905
23.8027	23.9586
23.8022	23.9432
23.8024	23.9271
23.8018	23.9119
23.8015	23.8963
23.8106	23.8714
23.809	23.8571
23.8061	23.8442
23.8008	23.8336
23.7989	23.8197
23.791	23.8118
23.782	23.805
23.7691	23.8021
23.7537	23.8016
23.7459	23.7937
23.7345	23.7893
23.7212	23.7868
23.7071	23.785
23.6962	23.7802
23.6823	23.7783
23.6683	23.7765
23.6544	23.7748
23.6413	23.7721
23.6319	23.7657
23.6197	23.7622
23.6071	23.7591
23.5948	23.7557
23.5828	23.7519
23.5492	23.7697
23.5383	23.7648
23.5259	23.7615
23.5135	23.7581
23.5078	23.748
23.498	23.742
23.4872	23.7371
23.4748	23.7337
23.4624	23.7303
23.3615	23.816
23.3501	23.8123
23.339	23.8084
23.3309	23.8015
23.3179	23.7994
23.3079	23.7944
23.3018	23.7856
23.2976	23.7748
23.2947	23.7627
23.2999	23.7424
23.2993	23.7279
23.3	23.7121
23.3028	23.6942
23.3074	23.6745
23.3195	23.6472
23.324	23.6275
23.3289	23.6074
23.3335	23.5875
23.3432	23.5626
23.3471	23.5434
23.3494	23.5258
23.3499	23.51
23.3474	23.4972
23.3467	23.4826
23.3391	23.4749
23.3314	23.4672
23.3237	23.4595
23.3161	23.4519
23.3112	23.4414
23.3035	23.4337
23.2958	23.426
23.2882	23.4183
23.2833	23.4079
23.2756	23.4002
23.2679	23.3925
23.2602	23.3848
23.2506	23.379
23.2367	23.3776
23.2262	23.3727
23.2185	23.365
23.2109	23.3573
23.2009	23.3519
23.1917	23.3457
23.1817	23.3403
23.1725	23.3341
23.1644	23.3268
23.1622	23.3136
23.1533	23.3072
23.1438	23.3012
23.1357	23.2939
23.128	23.2861
23.1231	23.2756
23.1154	23.2679
23.1077	23.2602
23.1	23.2524
23.0951	23.2419
23.0874	23.2342
23.0797	23.2265
23.072	23.2187
23.0643	23.211
23.0615	23.1983
23.0593	23.1851
23.0583	23.1706
23.0579	23.1557
23.0197	23.1788
23.0194	23.1641
23.0205	23.1481
23.0193	23.1342
23.014	23.1246
23.0542	23.0689
23.0473	23.0604
23.0396	23.0526
23.0318	23.0449
23.0264	23.0349
23.0248	23.021
23.021	23.0093
23.0167	22.9982
23.012	22.9874
23.0092	22.9748
23.0036	22.965
22.9981	22.955
22.9926	22.945
22.987	22.9352
22.9839	22.9228
22.9785	22.9128
22.9741	22.9017
22.9699	22.8905
22.9655	22.8794
22.9605	22.869
22.9544	22.8596
22.9473	22.8513
22.939	22.8442
22.9275	22.8403
22.9139	22.8384
22.8991	22.8378
22.8838	22.8377
22.8703	22.8358
22.8551	22.8356
22.8435	22.8318
22.8312	22.8287
22.8201	22.8244
22.8096	22.8196
22.8019	22.8119
22.7942	22.8042
22.7865	22.7965
22.779	22.7887
22.7718	22.7805
22.7658	22.7712
22.7587	22.7629
22.751	22.7553
22.7487	22.7422
22.7419	22.7336
22.7346	22.7255
22.7271	22.7177
22.7194	22.71
22.7118	22.7023
22.7041	22.6947
22.6964	22.687
22.6887	22.6793
22.681	22.6716
22.6734	22.664
22.6657	22.6563
22.658	22.6486
22.6512	22.6401
22.6461	22.63
22.6394	22.6213
22.633	22.6124
22.6288	22.6013
22.624	22.5907
22.6168	22.5826
22.6091	22.575
22.6015	22.5674
22.5938	22.5597
22.5862	22.5521
22.5785	22.5444
22.5782	22.5441
22.6275	22.5933
22.7271	22.6926
22.8675	22.8329
23.0132	22.9781
23.1588	23.1232
23.3117	23.2755
23.464	23.4339
23.6211	23.5904
23.7745	23.7477
23.9273	23.9084
24.088	24.0699
24.2505	24.2336
24.4138	24.3964
24.5764	24.5658
24.7453	24.749
24.9142	24.9318
25.0862	25.1116
25.2615	25.2881
25.4375	25.4639
25.6134	25.6397
25.7883	25.8163
25.9641	25.9919
26.1398	26.1676
26.3156	26.3432
26.4938	26.5162
26.6694	26.6917
26.844	26.8682
27.0193	27.044
27.1949	27.2195
27.3662	27.399
27.5443	27.5717
27.7248	27.742
27.904	27.9135
28.0827	28.0856
28.2631	28.2556
28.4385	28.4306
28.6139	28.6056
28.7907	28.7792
28.9734	28.9467
29.1529	29.1173
29.3313	29.2889
29.5083	29.4621
29.6851	29.6353
29.8628	29.8074
30.0417	29.9782
30.2208	30.1489
30.3978	30.3216
30.5685	30.5004
30.7437	30.6747
30.9188	30.849
31.0937	31.0236
31.2661	31.2007
31.4295	31.3864
31.5969	31.5681
31.7646	31.7496
31.9318	31.9315
32.1006	32.1118
32.2692	32.292
32.436	32.474
32.602	32.6567
32.77	32.8375
32.943	33.0133
33.1173	33.1874
33.2946	33.3585
33.4738	33.5277
33.6438	33.6889
33.7438	33.7775
33.785	33.8186
33.7756	33.8083
33.7696	33.7944
33.7648	33.7794
33.7588	33.7655
33.7519	33.7525
33.745	33.7396
33.736	33.7287
33.7312	33.7137
33.7239	33.701
33.719	33.6861
33.7138	33.6715
33.7075	33.6578
33.6989	33.6466
33.6893	33.6363
33.6807	33.6251
33.6741	33.6119
33.6679	33.5983
33.66	33.5863
33.651	33.5755
33.6411	33.5656
33.6318	33.555
33.6206	33.5465
33.6143	33.5329
33.6071	33.5203
33.5992	33.5084
33.5896	33.4983
33.5754	33.4927
33.5652	33.4831
33.5529	33.4757
33.5386	33.4702
33.5218	33.4672
33.5032	33.466
33.4853	33.4642
33.4681	33.4617
33.4509	33.4591
33.4285	33.4618
33.4117	33.4589
33.3959	33.455
33.3824	33.4488
33.3665	33.445
33.3567	33.4351
33.3469	33.4253
33.337	33.4154
33.3272	33.4056
33.3155	33.3976
33.301	33.3924
33.2899	33.3839
33.28	33.3741
33.2746	33.3599
33.2647	33.35
33.2549	33.3402
33.2451	33.3304
33.2353	33.3205
33.2298	33.3064
33.22	33.2965
33.2101	33.2867
33.2003	33.2769
33.1905	33.267
33.185	33.2529
33.1752	33.243
33.1654	33.2332
33.1556	33.2234
33.1458	33.2135
33.136	33.2037
33.1262	33.1939
33.1163	33.1841
33.1065	33.1742
33.1011	33.1601
33.0912	33.1503
33.0814	33.1405
33.074	33.1283
33.0757	33.107
33.0697	33.0933
33.0599	33.0835
33.0534	33.0704
33.0491	33.055
33.0452	33.0393
33.0354	33.0295
33.028	33.0174
33.0244	33.0014
33.0208	32.9854
33.0196	32.967
33.0094	32.9576
32.9963	32.951
32.9816	32.9461
32.9653	32.9429
32.945	32.9436
32.9352	32.9338
32.9254	32.9241
32.9163	32.9136
32.9069	32.9035
32.899	32.8918
32.8909	32.8803
32.8818	32.8699
32.872	32.8601
32.8665	32.8461
32.8568	32.8363
32.8473	32.8263
32.8378	32.8163
32.8291	32.8055
32.8213	32.7937
32.8137	32.7817
32.8072	32.7688
32.7997	32.7568
32.7903	32.7467
32.7805	32.7369
32.7727	32.7252
32.7648	32.7136
32.7555	32.7035
32.7457	32.6937
32.736	32.684
32.7262	32.6743
32.7165	32.6646
32.7067	32.6548
32.697	32.6451
32.6872	32.6354
32.6775	32.6257
32.6678	32.616
32.658	32.6062
32.6483	32.5965
32.6386	32.5868
32.6288	32.5771
32.6191	32.5674
32.6052	32.5619
32.5955	32.5522
32.5857	32.5425
32.576	32.5328
32.5663	32.5231
32.5566	32.5134
32.5469	32.5037
32.5372	32.494
32.5275	32.4844
32.5136	32.4789
32.5039	32.4692
32.4942	32.4595
32.4845	32.4498
32.4748	32.4402
32.4651	32.4305
32.4555	32.4208
32.4458	32.4111
32.4361	32.4015
32.4264	32.3918
32.4167	32.3821
32.4071	32.3725
32.3957	32.3645
32.3803	32.3606
32.3573	32.3643
32.3368	32.3654
32.3192	32.3637
32.307	32.3567
32.2973	32.347
32.2877	32.3373
32.2781	32.3277
32.2684	32.318
32.2588	32.3084
32.2492	32.2987
32.2395	32.2891
32.2299	32.2794
32.2203	32.2698
32.2106	32.2602
32.2011	32.2505
32.1914	32.2409
32.1837	32.2293
32.1753	32.2185
32.1657	32.2089
32.1602	32.1951
32.1506	32.1854
32.141	32.1758
32.1317	32.1658
32.1224	32.1559
32.1147	32.1444
32.1108	32.1291
32.1075	32.1132
32.1011	32.1004
32.0924	32.0898
32.0856	32.0774
32.0817	32.0621
32.0768	32.0478
32.0694	32.036
32.061	32.0251
32.0569	32.0101
32.0482	31.9996
32.0389	31.9897
32.0293	31.9801
32.0156	31.9746
32.006	31.965
31.9964	31.9555
31.9843	31.9485
31.9678	31.9458
31.6537	32.2476
31.6471	32.2423
31.6412	32.2363
31.6353	32.2304
31.6294	32.2245
31.9236	31.9116
31.9153	31.9008
31.9094	31.8875
31.9037	31.8741
31.9214	31.8372
31.9169	31.8226
31.911	31.8093
31.9033	31.7979
31.8956	31.7864
31.8913	31.7716
31.8834	31.7605
31.875	31.7497
31.867	31.7386
31.8583	31.7281
31.8487	31.7186
31.8392	31.7091
31.8299	31.6992
31.8209	31.6891
31.8073	31.6837
31.7972	31.6747
31.7857	31.6671
31.7761	31.6576
31.7625	31.6521
31.7529	31.6426
31.7434	31.6331
31.7338	31.6236
31.7243	31.6141
31.7137	31.6055
31.7039	31.5963
31.6937	31.5874
31.6793	31.5829
31.6632	31.5799
31.64	31.5841
31.6243	31.5808
31.6113	31.5747
31.6015	31.5654
31.5914	31.5566
31.5772	31.5517
31.5588	31.5512
31.5412	31.5497
31.5271	31.5449
31.5126	31.5403
31.5032	31.5308
31.4937	31.5213
31.4842	31.5118
31.4747	31.5023
31.4652	31.4928
31.4557	31.4834
31.4463	31.4739
31.4368	31.4644
31.4273	31.4549
31.4178	31.4454
31.4084	31.4359
31.3989	31.4265
31.3894	31.417
31.38	31.4075
31.3705	31.398
31.361	31.3886
31.3516	31.3791
31.3421	31.3696
31.3327	31.3602
31.3232	31.3507
31.3138	31.3412
31.3043	31.3318
31.2949	31.3223
31.2854	31.3129
31.276	31.3034
31.2665	31.294
31.2571	31.2845
31.2477	31.2751
31.2382	31.2656
31.2288	31.2562
31.2194	31.2467
31.2139	31.2333
31.2045	31.2239
31.1951	31.2144
31.1856	31.205
31.1762	31.1956
31.1668	31.1861
31.1577	31.1763
31.1561	31.1591
31.1555	31.1408
31.1541	31.1235
31.1477	31.111
31.1416	31.0982
31.1362	31.0849
31.1288	31.0734
31.1249	31.0585
31.1209	31.0437
31.1139	31.0318
31.1048	31.0222
31.0932	31.0149
31.085	31.0043
31.0771	30.9934
31.0695	30.9822
31.0616	30.9713
31.0531	30.9611
31.0452	30.9501
31.0388	30.9378
31.03	30.9278
31.0158	30.9233
31.0025	30.9178
30.9882	30.9134
30.9746	30.9082
30.9628	30.9012
30.9477	30.8976
30.9353	30.8913
30.9226	30.8853
30.9109	30.8783
30.8982	30.8722
30.8833	30.8684
30.8731	30.8599
30.8637	30.8505
30.8544	30.8412
30.8411	30.8358
30.8318	30.8264
30.8224	30.8171
30.8131	30.8078
30.8037	30.7984
30.7945	30.7891
30.7851	30.7798
30.7758	30.7704
30.7664	30.7611
30.7533	30.7557
30.7433	30.747
30.7319	30.7398
30.7193	30.7338
30.7076	30.7269
30.6983	30.7175
30.689	30.7082
30.6797	30.6989
30.6704	30.6896
30.6611	30.6803
30.6518	30.671
30.6425	30.6617
30.6332	30.6524
30.6239	30.6431
30.6147	30.6338
30.6042	30.6256
30.5901	30.6212
30.5743	30.6184
30.5615	30.6127
30.5472	30.6084
30.5379	30.5992
30.5286	30.5899
30.5194	30.5806
30.5101	30.5713
30.5009	30.5621
30.4916	30.5528
30.4824	30.5435
30.4731	30.5343
30.4639	30.525
30.4546	30.5157
30.4454	30.5064
30.4361	30.4972
30.4269	30.4879
30.4215	30.4748
30.4123	30.4655
30.403	30.4563
30.3938	30.447
30.3884	30.4339
30.3792	30.4246
30.3699	30.4154
30.3607	30.4061
30.3514	30.3969
30.3422	30.3876
30.333	30.3784
30.3237	30.3691
30.3145	30.3599
30.3053	30.3506
30.2961	30.3414
30.2868	30.3322
30.2776	30.3229
30.2684	30.3137
30.263	30.3006
30.2538	30.2914
30.2446	30.2821
30.2353	30.2729
30.2261	30.2637
30.2169	30.2544
30.2077	30.2452
30.1985	30.236
30.1893	30.2268
30.1801	30.2175
30.1709	30.2083
30.1616	30.1991
30.1524	30.1899
30.1432	30.1807
30.1379	30.1676
30.1287	30.1584
30.1195	30.1492
30.1102	30.14
30.101	30.1308
30.0919	30.1216
30.0827	30.1124
30.0735	30.1032
30.0643	30.094
30.0551	30.0848
30.0497	30.0717
30.0405	30.0625
30.0313	30.0533
30.0221	30.0442
30.013	30.035
30.0038	30.0258
29.9946	30.0166
29.9854	30.0074
29.9762	29.9982
29.9709	29.9852
29.9617	29.976
29.9525	29.9669
29.9433	29.9577
29.9341	29.9485
29.9288	29.9355
29.9196	29.9264
29.9104	29.9172
29.9013	29.908
29.8921	29.8988
29.8829	29.8897
29.8738	29.8805
29.8646	29.8714
29.8554	29.8622
29.8463	29.853
29.8371	29.8439
29.828	29.8347
29.8188	29.8256
29.8097	29.8164
29.8043	29.8035
29.7952	29.7943
29.786	29.7852
29.7746	29.7783
29.7598	29.7748
29.7434	29.7729
29.7291	29.7689
29.7174	29.7624
29.7083	29.7532
29.6992	29.7441
29.6901	29.7349
29.6803	29.7264
29.6701	29.7184
29.6593	29.7109
29.6334	29.7185
29.6229	29.7108
29.6129	29.7026
29.6038	29.6935
29.5922	29.6869
29.5834	29.6774
29.5734	29.6692
29.5644	29.6601
29.5548	29.6515
29.5448	29.6433
29.5357	29.6342
29.5266	29.625
29.5175	29.6159
29.5082	29.6071
29.5029	29.5942
29.4938	29.5851
29.4859	29.5749
29.4779	29.5647
29.4694	29.555
29.464	29.5422
29.4567	29.5313
29.4533	29.5166
29.4511	29.5007
29.8198	29.1269
29.8177	29.1248
29.8155	29.1226
29.8133	29.1205
29.8112	29.1183
29.4377	29.4742
29.4287	29.4652
29.4199	29.4558
29.4109	29.4467
29.3833	29.4562
29.3739	29.4474
29.3649	29.4384
29.3524	29.4327
29.3358	29.4312
29.3225	29.4264
29.3112	29.4196
29.2985	29.4142
29.2841	29.4105
29.2717	29.4048
29.2605	29.398
29.2515	29.3889
29.2425	29.3799
29.2334	29.3708
29.2245	29.3617
29.2155	29.3527
29.2065	29.3436
29.1974	29.3346
29.1884	29.3256
29.1868	29.3091
29.1778	29.3001
29.1688	29.291
29.1598	29.282
29.1545	29.2693
29.1455	29.2602
29.1365	29.2512
29.1275	29.2421
29.1185	29.2331
29.1132	29.2204
29.1047	29.2108
29.0957	29.2017
29.0867	29.1927
29.0814	29.18
29.0724	29.171
29.0635	29.162
29.0547	29.1527
29.0474	29.142
29.0446	29.1268
29.0373	29.1161
29.0308	29.1045
29.0246	29.0928
29.0173	29.0821
29.0156	29.0658
29.0067	29.0568
28.9977	29.0478
28.9887	29.0388
28.9834	29.0261
28.9744	29.0171
28.9654	29.0082
28.9567	28.9989
28.9519	28.9857
28.9712	28.9486
28.9688	28.9331
28.9635	28.9205
28.9576	28.9085
28.9521	28.8962
28.9542	28.8763
28.9505	28.8622
28.9484	28.8463
28.9448	28.8321
28.9408	28.8184
28.9319	28.8095
28.923	28.8006
28.9141	28.7917
28.9077	28.7803
28.9023	28.7679
28.895	28.7574
28.887	28.7477
28.8805	28.7363
28.8716	28.7275
28.8627	28.7187
28.8538	28.7098
28.8449	28.7009
28.836	28.6921
28.8271	28.6832
28.8121	28.6804
28.7991	28.6757
28.7869	28.6701
28.7753	28.664
28.7644	28.6571
28.755	28.6488
28.7461	28.64
28.7372	28.6311
28.7283	28.6222
28.7158	28.617
28.707	28.6081
28.6981	28.5992
28.6892	28.5904
28.6803	28.5815
28.65	28.5941
28.641	28.5852
28.6321	28.5763
28.6232	28.5674
28.6107	28.5621
28.6018	28.5532
28.5929	28.5444
28.584	28.5355
28.5751	28.5266
28.5627	28.5213
28.5538	28.5124
28.5449	28.5035
28.536	28.4947
28.5271	28.4858
28.5146	28.4805
28.5009	28.4765
28.4879	28.4717
28.4782	28.4636
28.1848	28.7461
28.1754	28.7452
28.1653	28.7448
28.1601	28.7396
28.1549	28.7344
28.4311	28.4409
28.4263	28.428
28.4199	28.4167
28.411	28.4078
28.4021	28.3989
28.4075	28.3759
28.3986	28.3671
28.3898	28.3582
28.3836	28.3467
28.3864	28.3263
28.3868	28.3082
28.3836	28.2937
28.3793	28.2803
28.3742	28.2677
28.3681	28.2562
28.3614	28.2452
28.3547	28.2342
28.3478	28.2236
28.3398	28.2139
28.3309	28.2051
28.3221	28.1963
28.3132	28.1875
28.3044	28.1787
28.289	28.1765
28.2807	28.1672
28.2718	28.1584
28.2633	28.1493
28.2545	28.1405
28.2421	28.1352
28.2333	28.1264
28.2244	28.1176
28.2164	28.108
28.2073	28.0995
28.2017	28.0875
28.1939	28.0777
28.1853	28.0686
28.1768	28.0595
28.1666	28.0522
28.161	28.0402
28.1562	28.0273
28.1498	28.0162
28.141	28.0074
28.1219	28.0089
28.1048	28.0084
28.0866	28.009
28.0736	28.0045
28.0607	27.9997
28.0519	27.991
28.0437	27.9817
28.0354	27.9723
28.0266	27.9636
28.0005	27.9722
27.9917	27.9635
27.9829	27.9548
27.9742	27.946
27.9932	27.9094
27.9845	27.9006
27.9757	27.8919
27.9669	27.8831
27.9581	27.8744
27.9458	27.8691
27.9371	27.8604
27.9283	27.8516
27.9195	27.8429
27.9073	27.8376
27.8985	27.8289
27.8898	27.8201
27.881	27.8114
27.8669	27.808
27.8436	27.8138
27.8259	27.814
27.8134	27.809
27.8047	27.8003
27.7925	27.795
27.7819	27.7881
27.7638	27.7888
27.7437	27.7915
27.7307	27.7869
27.722	27.7782
27.7133	27.7694
27.7046	27.7607
27.6959	27.752
27.6872	27.7432
27.6785	27.7345
27.6698	27.7258
27.6647	27.7134
27.6628	27.6978
27.6594	27.6839
27.653	27.6729
27.6483	27.6602
27.6411	27.6499
27.6325	27.6412
27.6238	27.6325
27.615	27.6238
27.6063	27.6151
27.5976	27.6064
27.5855	27.6011
27.5808	27.5885
27.5783	27.5736
27.5717	27.5628
27.5644	27.5528
27.558	27.5418
27.5522	27.5302
27.5464	27.5187
27.538	27.5097
27.5293	27.501
27.5207	27.4924
27.512	27.4837
27.5033	27.4751
27.4946	27.4664
27.487	27.4567
27.4804	27.446
27.474	27.435
27.4667	27.425
27.4547	27.4197
27.4441	27.413
27.4264	27.4133
27.4076	27.4149
27.394	27.4112
27.3854	27.4025
27.3767	27.3939
27.3681	27.3852
27.3594	27.3766
27.3474	27.3713
27.3388	27.3627
27.3302	27.354
27.3215	27.3454
27.3129	27.3368
27.3043	27.3281
27.2957	27.3195
27.2868	27.3111
27.2761	27.3046
27.2616	27.3019
27.2513	27.295
27.2434	27.2856
27.2363	27.2755
27.2287	27.2658
27.2202	27.2572
27.2116	27.2486
27.203	27.24
27.1943	27.2313
27.1857	27.2227
27.1772	27.2141
27.1686	27.2055
27.16	27.1969
27.1514	27.1883
27.1428	27.1797
27.1342	27.1711
27.1256	27.1625
27.117	27.1539
27.1084	27.1453
27.0999	27.1367
27.0913	27.1281
27.0827	27.1195
27.0742	27.111
27.0656	27.1024
27.057	27.0938
27.0485	27.0852
27.0399	27.0766
27.0313	27.068
27.0227	27.0595
27.0142	27.0509
27.0057	27.0423
26.9971	27.0337
26.9885	27.0252
26.9833	27.0133
26.9748	27.0047
26.9662	26.9961
26.9576	26.9876
26.9491	26.979
26.9405	26.9704
26.932	26.9619
26.9234	26.9533
26.9149	26.9448
26.9063	26.9362
26.8978	26.9276
26.8893	26.9191
26.8807	26.9105
26.8722	26.902
26.8637	26.8934
26.8551	26.8849
26.8466	26.8764
26.838	26.8678
26.8295	26.8593
26.821	26.8507
26.8125	26.8422
26.8039	26.8337
26.7954	26.8251
26.7902	26.8133
26.7817	26.8048
26.7732	26.7962
26.7646	26.7877
26.7561	26.7792
26.7476	26.7706
26.7391	26.7621
26.7306	26.7536
26.7221	26.7451
26.7169	26.7333
26.7084	26.7248
26.6998	26.7162
26.6913	26.7077
26.6828	26.6992
26.6743	26.6907
26.6658	26.6822
26.6573	26.6737
26.6488	26.6652
26.6403	26.6567
26.6318	26.6482
26.6233	26.6397
26.6148	26.6312
26.6063	26.6227
26.5979	26.6142
26.5894	26.6057
26.5838	26.5942
26.5814	26.5797
26.5758	26.5683
26.5694	26.5578
26.5634	26.5468
26.5584	26.5348
26.5512	26.5251
26.546	26.5134
26.5402	26.5021
26.5357	26.4897
26.5308	26.4777
26.527	26.4646
26.523	26.4516
26.5172	26.4404
26.5112	26.4295
26.505	26.4188
26.4988	26.4081
26.4932	26.3967
26.486	26.387
26.4758	26.3803
26.4589	26.3803
26.4352	26.387
26.4144	26.3909
26.3961	26.3924
26.3832	26.3884
26.371	26.3837
26.3625	26.3753
26.3541	26.3668
26.3457	26.3584
26.3372	26.35
26.3288	26.3415
26.3204	26.3331
26.3119	26.3246
26.3035	26.3162
26.2951	26.3078
26.2867	26.2993
26.2782	26.2909
26.2698	26.2825
26.2614	26.2741
26.253	26.2657
26.2446	26.2572
26.2362	26.2488
26.2277	26.2404
26.2193	26.232
26.2109	26.2236
26.2025	26.2152
26.1941	26.2068
26.1857	26.1984
26.1773	26.1899
26.1689	26.1815
26.1605	26.1731
26.1521	26.1647
26.1437	26.1563
26.1353	26.1479
26.127	26.1395
26.1186	26.1312
26.1102	26.1228
26.1018	26.1144
26.0934	26.106
26.085	26.0976
26.0766	26.0892
26.0683	26.0808
26.0599	26.0724
26.0515	26.0641
26.0431	26.0557
26.0348	26.0473
26.0296	26.0357
26.0212	26.0274
26.0129	26.019
26.0045	26.0106
25.9961	26.0023
25.9878	25.9939
25.9794	25.9855
25.971	25.9772
25.9627	25.9688
25.955	25.9597
25.9467	25.9514
25.9383	25.943
25.9299	25.9347
25.9216	25.9263
25.9132	25.9179
25.9049	25.9096
25.8965	25.9013
25.8882	25.8929
25.8798	25.8846
25.8715	25.8762
25.8632	25.8679
25.8565	25.8579
25.852	25.8457
25.8445	25.8366
25.8361	25.8282
25.8278	25.8199
25.8194	25.8116
25.8111	25.8032
25.8028	25.7949
25.7945	25.7866
25.7861	25.7783
25.7778	25.77
25.7695	25.7616
25.7619	25.7526
25.7567	25.7412
25.7491	25.7322
25.741	25.7236
25.7334	25.7146
25.7251	25.7063
25.7168	25.698
25.7085	25.6897
25.7002	25.6813
25.6919	25.673
25.6835	25.6648
25.6752	25.6565
25.6669	25.6482
25.6586	25.6399
25.6503	25.6316
25.642	25.6233
25.6337	25.615
25.6255	25.6067
25.6172	25.5984
25.6089	25.5901
25.6006	25.5819
25.5923	25.5736
25.5809	25.5684
25.5726	25.5601
25.5641	25.5521
25.5551	25.5446
25.5459	25.5372
25.5376	25.5289
25.5294	25.5207
25.5211	25.5124
25.5128	25.5041
25.502	25.4985
25.4913	25.4926
25.4828	25.4846
25.4746	25.4763
25.4663	25.4681
25.4581	25.4598
25.4498	25.4516
25.4415	25.4433
25.4333	25.4351
25.4251	25.4268
25.4168	25.4186
25.4086	25.4103
25.4003	25.4021
25.3921	25.3938
25.3838	25.3856
25.3756	25.3774
25.3674	25.3691
25.3591	25.3609
25.3509	25.3526
25.3427	25.3444
25.3344	25.3362
25.3262	25.328
25.318	25.3197
25.3098	25.3115
25.3015	25.3033
25.2933	25.2951
25.2851	25.2868
25.2769	25.2786
25.2687	25.2704
25.2605	25.2622
25.2522	25.254
25.244	25.2458
25.2358	25.2375
25.2276	25.2293
25.2194	25.2211
25.2112	25.2129
25.203	25.2047
25.1948	25.1965
25.1866	25.1883
25.1784	25.1801
25.1702	25.1719
25.162	25.1637
25.1538	25.1556
25.1456	25.1474
25.1374	25.1392
25.1292	25.131
25.1211	25.1228
25.1129	25.1146
25.1047	25.1064
25.0965	25.0983
25.0883	25.0901
25.0802	25.0819
25.072	25.0737
25.0638	25.0655
25.0556	25.0574
25.0475	25.0492
25.0393	25.041
25.0311	25.0329
25.023	25.0247
25.0148	25.0165
25.0067	25.0084
24.9985	25.0002
24.9903	24.9921
24.9822	24.9839
24.974	24.9757
24.9659	24.9676
24.9577	24.9594
24.9496	24.9513
24.9414	24.9431
24.9333	24.935
24.9251	24.9268
24.917	24.9187
24.9088	24.9105
24.9007	24.9024
24.8925	24.8943
24.8844	24.8861
24.8763	24.878
24.8681	24.8699
24.86	24.8617
24.8519	24.8536
24.8437	24.8455
24.8356	24.8373
24.8275	24.8292
24.8194	24.8211
24.8112	24.813
24.8031	24.8048
24.795	24.7967
24.7869	24.7886
24.7788	24.7805
24.7707	24.7724
24.7625	24.7643
24.7544	24.7561
24.7463	24.748
24.7382	24.7399
24.7301	24.7318
24.722	24.7237
24.7139	24.7156
24.7063	24.7071
24.6995	24.6976
24.6919	24.6891
24.6838	24.681
24.6757	24.6729
24.6676	24.6648
24.6595	24.6567
24.6514	24.6486
24.6433	24.6405
24.6355	24.6322
24.6274	24.6241
24.6193	24.616
24.6112	24.6079
24.6032	24.5998
24.5951	24.5918
24.587	24.5837
24.5789	24.5756
24.5709	24.5675
24.563	24.5593
24.5551	24.551
24.547	24.543
24.539	24.5349
24.5309	24.5268
24.5229	24.5188
24.5148	24.5107
24.5067	24.5026
24.4987	24.4946
24.4906	24.4865
24.4826	24.4785
24.4745	24.4704
24.4664	24.4624
24.4584	24.4543
24.4503	24.4463
24.4423	24.4382
24.4342	24.4302
24.4262	24.4221
24.4182	24.4141
24.4106	24.4056
24.4057	24.3944
24.401	24.383
24.3959	24.372
24.3886	24.3633
24.3806	24.3553
24.3725	24.3472
24.3645	24.3392
24.3565	24.3312
24.3484	24.3232
24.3404	24.3151
24.3324	24.3071
24.3214	24.302
24.3134	24.294
24.3054	24.286
24.2974	24.278
24.2893	24.27
24.2813	24.262
24.2733	24.254
24.2653	24.246
24.2573	24.238
24.2493	24.23
24.2413	24.222
24.2333	24.214
24.2253	24.206
24.2173	24.198
24.2093	24.19
24.2013	24.182
24.1906	24.1768
24.1801	24.1712
24.1682	24.1673
24.158	24.1615
24.1459	24.1576
24.134	24.1536
24.1238	24.1478
24.1159	24.1398
24.107	24.1327
24.0931	24.1307
24.0822	24.1256
24.0743	24.1176
24.0663	24.1097
24.0583	24.1017
24.0504	24.0937
24.0424	24.0858
24.0345	24.0778
24.0265	24.0698
24.0186	24.0619
24.0106	24.0539
24.0056	24.043
23.9977	24.0351
23.9897	24.0271
23.9818	24.0192
23.9738	24.0112
23.9659	24.0032
23.9579	23.9953
23.95	23.9873
23.942	23.9794
23.9341	23.9714
23.9262	23.9635
23.9183	23.9555
23.9103	23.9476
23.9024	23.9396
23.8945	23.9317
23.8865	23.9238
23.8786	23.9158
23.8707	23.9079
23.8627	23.8999
23.8577	23.8891
23.8498	23.8812
23.8419	23.8733
23.834	23.8653
23.826	23.8574
23.8181	23.8495
23.8102	23.8416
23.8023	23.8336
23.7944	23.8257
23.7893	23.8149
23.7814	23.807
23.7735	23.7991
23.7656	23.7912
23.7577	23.7832
23.7498	23.7753
23.7419	23.7674
23.734	23.7595
23.7261	23.7516
23.7182	23.7437
23.7103	23.7358
23.7024	23.7279
23.6945	23.7199
23.6866	23.712
23.6787	23.7041
23.6708	23.6962
23.6629	23.6883
23.655	23.6804
23.65	23.6697
23.6421	23.6618
23.6342	23.6539
23.6263	23.646
23.6185	23.6381
23.6106	23.6302
23.6044	23.6207
23.6021	23.6072
23.5994	23.5941
23.5953	23.5825
23.5876	23.5744
23.5823	23.5639
23.5762	23.5544
23.5683	23.5465
23.5604	23.5386
23.5525	23.5308
23.5447	23.5229
23.5366	23.5152
23.5283	23.5078
23.5176	23.5028
23.5097	23.4949
23.5019	23.4871
23.494	23.4792
23.4805	23.477
23.474	23.4679
23.4706	23.4555
23.4682	23.4423
23.4646	23.4301
23.4613	23.4178
23.4586	23.4048
23.4559	23.3918
23.4532	23.3789
23.4511	23.3653
23.4495	23.3512
23.4487	23.3363
23.4476	23.3217
23.4454	23.3083
23.4424	23.2956
23.4391	23.2833
23.4361	23.2706
23.4341	23.257
23.4317	23.2437
23.4717	23.1881
23.4714	23.1729
23.4717	23.157
23.47	23.1431
23.4671	23.1305
23.4305	23.1516
23.4275	23.1389
23.4262	23.1245
23.4256	23.1095
23.5493	22.9716
23.5482	22.959
23.5479	22.9453
23.5494	22.93
23.5507	22.9148
23.5537	22.8981
23.5545	22.8835
23.555	22.8692
23.555	22.8554
23.5451	22.8513
23.5444	22.838
23.5436	22.8247
23.5416	22.8127
23.5394	22.8009
23.5255	22.8005
23.5239	22.7877
23.519	22.7783
23.5117	22.7712
23.5044	22.7642
23.4873	22.7668
23.4799	22.7597
23.4725	22.7525
23.4651	22.7453
23.3369	22.8584
23.3291	22.8508
23.3212	22.8432
23.3134	22.8355
23.3056	22.8279
23.2736	22.8447
23.2676	22.8354
23.2641	22.8237
23.2602	22.8124
23.3583	22.6987
23.3521	22.6898
23.3471	22.6795
23.3431	22.6683
23.339	22.6572
23.3624	22.6189
23.3562	22.6103
23.3487	22.6031
23.3412	22.5958
23.3337	22.5886
23.1843	22.7233
23.1767	22.7159
23.169	22.7085
23.1614	22.7011
23.1828	22.6642
23.175	22.6567
23.1672	22.6491
23.1599	22.6411
23.1521	22.6336
23.1878	22.5822
23.18	22.5746
23.1721	22.567
23.1653	22.5584
23.1398	22.5685
23.1328	22.56
23.1252	22.5522
23.1174	22.5446
23.1097	22.5368
23.0754	22.5559
23.0678	22.5482
23.06	22.5407
23.0523	22.5332
23.021	22.5494
23.0134	22.542
23.0058	22.5346
22.9982	22.5273
22.9906	22.5199
23.1884	22.3088
23.182	22.3026
23.1756	22.2964
23.1692	22.2902
22.9731	22.4717
22.9654	22.4643
22.9577	22.4568
22.95	22.4493
22.9423	22.4418
22.932	22.4369
22.9244	22.4295
22.9167	22.422
22.909	22.4146
22.9014	22.4071
22.8937	22.3996
22.886	22.3922
22.8784	22.3847
22.8707	22.3773
22.9298	22.3026
22.9221	22.2951
22.9143	22.2876
22.9065	22.28
22.8373	22.3343
22.8296	22.3268
22.8219	22.3194
