0	0
0	0
0	0
0	0
0	0
0	0
0	0
0	0
0	0
0	0
0	0
0	0
0	0
0	0
0	0
0.00765938	0.00210427
0.0153191	0.00420824
0.022979	0.00631193
0.0306392	0.00841534
0.0382998	0.0105185
0.0459449	0.012617
0.0535904	0.0147152
0.0612361	0.0168132
0.0688821	0.0189109
0.0765284	0.0210082
0.0841594	0.0231011
0.0917906	0.0251936
0.0994221	0.0272858
0.107054	0.0293778
0.114674	0.031466
0.122293	0.033554
0.129914	0.0356417
0.137534	0.0377291
0.145155	0.0398162
0.203941	0.055904
0.264273	0.0723924
0.343742	0.0940763
0.439311	0.120101
0.55074	0.150373
0.736145	0.200571
0.936816	0.254661
1.13768	0.308553
1.33873	0.362246
1.53959	0.415636
1.74064	0.468827
1.23328	1.23061
1.36041	1.35776
1.48754	1.4849
1.61375	1.61238
1.74059	1.73922
1.86744	1.86606
1.99428	1.9929
2.11823	2.12226
2.24489	2.2489
2.37155	2.37554
2.49821	2.50219
2.62487	2.62884
2.75008	2.75643
2.87649	2.88283
3.0029	3.00922
3.12931	3.13562
3.25489	3.26244
3.38121	3.38851
3.50762	3.51449
3.63412	3.64039
3.76067	3.76623
3.88627	3.8925
4.0127	4.01795
4.13914	4.14339
4.26546	4.26894
4.39084	4.39503
4.51708	4.52025
4.64344	4.64535
4.76983	4.77042
4.89643	4.89529
5.02152	5.02117
5.14889	5.14477
5.27677	5.26787
5.40493	5.39068
5.53223	5.51394
5.66023	5.63651
5.78858	5.75872
5.91738	5.88048
6.04701	6.00141
6.16935	6.12928
6.2985	6.25034
6.42734	6.37171
6.55568	6.49358
6.68426	6.61522
6.81146	6.73771
6.94087	6.858
7.06975	6.97882
7.19799	7.10028
7.32315	7.22445
7.45082	7.34611
7.57904	7.46723
7.70777	7.58783
7.83678	7.70815
7.96238	7.83142
8.09175	7.95092
8.222	8.06954
8.35166	8.18874
8.55394	8.23615
8.68056	8.35925
8.80719	8.48235
8.93378	8.60548
9.06036	8.72863
9.19074	8.84746
9.31712	8.97028
9.44347	9.09315
9.56966	9.21617
9.69524	9.3392
9.82134	9.46172
9.94743	9.58423
10.0734	9.70685
10.1995	9.82936
10.323	9.9537
10.4484	10.0762
10.5734	10.1989
10.699	10.3212
10.8229	10.4446
10.9484	10.5664
11.0745	10.6875
11.2006	10.8087
11.326	10.9305
11.4497	11.0534
11.5749	11.1749
11.7	11.2963
11.8251	11.4179
11.9474	11.5416
12.0723	11.6628
12.1972	11.784
12.322	11.9052
12.4469	12.0264
12.5637	12.1549
12.6882	12.2757
12.8127	12.3966
12.9372	12.5174
13.0617	12.6382
13.1797	12.7648
13.3039	12.8853
13.428	13.0058
13.5522	13.1263
13.6688	13.2539
13.7927	13.3741
13.9167	13.4943
14.0406	13.6146
14.1645	13.7348
14.2772	13.8657
14.4008	13.9856
14.5244	14.1055
14.648	14.2255
14.7624	14.3542
14.8858	14.4739
15.0092	14.5936
15.1326	14.7133
15.2561	14.833
15.4991	14.8349
15.6237	14.9555
15.7483	15.076
15.873	15.1966
15.9985	15.3158
16.1229	15.4361
16.2464	15.5572
16.3673	15.681
16.4817	15.8113
16.5783	15.9583
16.6842	16.0961
16.7909	16.233
16.8956	16.3719
16.9886	16.5217
17.0884	16.6648
17.1878	16.8082
17.2909	16.948
17.3789	17.08
17.4703	17.1903
17.5384	17.2799
17.6062	17.3718
17.6715	17.4661
17.7147	17.5818
17.7875	17.6687
17.8639	17.754
17.9475	17.834
18.022	17.9264
18.1122	18.0079
18.2027	18.0967
18.2987	18.1926
18.4054	18.2968
18.5159	18.4179
18.6365	18.5376
18.7566	18.6577
18.8767	18.7779
18.9895	18.9048
19.1093	19.0247
19.2289	19.1448
19.3482	19.2653
19.4497	19.368
19.5357	19.4352
19.6196	19.5217
19.7081	19.6131
19.8007	19.71
19.8974	19.8026
19.9869	19.9005
20.0762	19.9986
20.1653	20.0969
20.2545	20.197
20.3397	20.3006
20.429	20.4002
20.5176	20.5004
20.6046	20.6023
20.69	20.7016
20.7528	20.7832
20.7766	20.8284
20.7649	20.8371
20.6765	20.9181
20.6651	20.922
20.654	20.9258
20.6485	20.9239
20.6383	20.9266
20.6304	20.9272
20.6189	20.9312
20.6094	20.9333
20.6003	20.935
20.5093	21.019
20.5006	21.0208
20.4896	21.025
20.4801	21.0276
20.4827	21.0396
20.5293	21.0962
20.5814	21.157
20.6332	21.2151
20.6819	21.2657
20.7464	21.3079
20.8176	21.3867
20.9167	21.4931
21.0153	21.6
21.1139	21.7069
21.2198	21.7899
21.2474	21.8178
21.2485	21.8188
21.2447	21.8149
21.2558	21.7961
21.2525	21.7914
21.2508	21.7853
21.2637	21.7947
21.3392	21.8387
21.4145	21.9145
21.4892	21.991
21.5565	22.0604
21.6	22.1053
21.6564	22.101
21.6773	22.1224
21.7074	22.1532
21.7662	22.2135
21.8403	22.247
21.8856	22.2886
21.9368	22.3264
21.9948	22.3692
22.0457	22.4052
22.0956	22.3937
22.125	22.4064
22.1761	22.4481
22.2366	22.5075
22.285	22.5568
22.3501	22.5796
22.4067	22.6371
22.4603	22.6918
22.4932	22.7254
22.5615	22.7615
22.5982	22.799
22.6195	22.8208
22.6641	22.865
22.7157	22.8799
22.7504	22.9088
22.7861	22.9356
22.813	22.9451
22.846	22.9562
22.9134	22.9777
22.9473	22.9947
22.9814	23.0144
23.014	23.0327
23.0502	23.0329
23.0928	23.0617
23.1418	23.089
23.1851	23.1005
23.2347	23.1135
23.2585	23.1229
23.2902	23.1273
23.3192	23.1373
23.3413	23.1444
23.3737	23.1666
23.4067	23.1979
23.4297	23.2226
23.4523	23.2458
23.4602	23.2516
23.4914	23.2709
23.5305	23.294
23.5564	23.3099
23.5899	23.3406
23.6063	23.3668
23.6197	23.3823
23.6399	23.4057
23.6499	23.4178
23.6609	23.4291
23.6685	23.4687
23.7089	23.5077
23.7549	23.5498
23.806	23.5955
23.852	23.6443
23.9038	23.6873
23.9561	23.7306
24.0066	23.7759
24.0547	23.8235
24.092	23.8816
24.1395	23.9295
24.1871	23.9774
24.2349	24.025
24.2822	24.0722
24.3174	24.1311
24.3658	24.177
24.4161	24.2208
24.4668	24.2643
24.518	24.3073
24.5551	24.3651
24.6076	24.4065
24.6597	24.4492
24.7126	24.4912
24.7409	24.5575
24.7865	24.6056
24.8329	24.6529
24.8821	24.6974
24.9327	24.7404
24.9593	24.8072
25.0124	24.8476
25.0667	24.8867
25.1226	24.9242
25.1794	24.9609
25.2261	25.0074
25.2847	25.042
25.3402	25.0798
25.392	25.1212
25.4323	25.1741
25.4877	25.2118
25.5433	25.2493
25.5973	25.2884
25.6465	25.3324
25.7595	25.3122
25.8152	25.3494
25.8731	25.3845
25.9309	25.4196
26.1743	25.2705
26.2317	25.308
26.2819	25.3529
26.331	25.3978
26.3835	25.4403
26.4242	25.4941
26.4697	25.5432
26.5099	25.5967
26.5471	25.6532
26.5592	25.7342
26.586	25.7908
26.5977	25.8323
26.5916	25.8584
26.569	25.8709
26.4887	25.9404
26.4704	25.9476
26.4495	25.9574
26.4282	25.9676
26.4095	25.9753
26.3665	26.007
26.3488	26.0135
26.3288	26.0221
26.3004	26.0392
26.2495	26.0786
26.2342	26.0824
26.2253	26.0798
26.2196	26.074
26.2138	26.0683
26.1899	26.0806
26.1875	26.0714
26.1885	26.0587
26.1928	26.0428
26.1803	26.0437
26.1759	26.0364
26.1696	26.0311
26.1638	26.0253
26.1579	26.0195
26.1457	26.0201
26.1398	26.0142
26.134	26.0084
26.1283	26.0025
26.1172	26.0019
26.1135	25.994
26.1106	25.9852
26.1088	25.9753
26.1093	25.9632
26.0971	25.9637
26.0991	25.95
26.102	25.9355
26.1074	25.9184
26.1068	25.9073
26.1105	25.8919
26.1116	25.8792
26.1113	25.8678
26.1096	25.8578
26.093	25.8628
26.0871	25.857
26.0806	25.8519
26.0734	25.8474
26.0658	25.8434
26.0357	25.8619
26.0189	25.8671
25.9974	25.8771
25.9739	25.8889
25.9526	25.8986
25.9908	25.8488
25.9733	25.8548
25.959	25.8576
25.9495	25.8556
25.9407	25.8529
25.7828	25.9996
25.7731	25.9981
25.7676	25.9925
25.762	25.9869
25.7564	25.9813
25.7326	25.9942
25.7272	25.9887
25.7217	25.9832
25.7162	25.9777
25.7048	25.9782
25.6994	25.9728
25.6956	25.9657
25.6936	25.9569
25.6915	25.9481
25.6941	25.9347
25.6886	25.9292
25.6832	25.9237
25.6777	25.9183
25.6723	25.9128
25.673	25.9011
25.6676	25.8956
25.6834	25.9117
25.73	25.9593
25.7847	26.0026
25.8413	26.0604
25.9048	26.1257
25.9688	26.1944
26.03	26.2659
26.0947	26.3355
26.1576	26.4098
26.2202	26.4843
26.2839	26.5578
26.3483	26.6305
26.4169	26.6988
26.4796	26.7728
26.5443	26.845
26.6137	26.9125
26.6938	26.9689
26.7725	27.0268
26.8519	27.083
26.9281	27.1424
26.9968	27.2093
27.0723	27.2643
27.1223	27.3198
27.163	27.364
27.1932	27.3946
27.2236	27.3993
27.2314	27.4071
27.2252	27.4008
27.2189	27.3945
27.2116	27.3893
27.2093	27.379
27.1994	27.3763
27.1893	27.3738
27.1806	27.3699
27.1736	27.3643
27.1812	27.3442
27.1761	27.3366
27.1713	27.3287
27.165	27.3224
27.1722	27.3026
27.1659	27.2963
27.1596	27.2899
27.1533	27.2836
27.147	27.2773
27.1475	27.2642
27.1412	27.2578
27.1349	27.2515
27.1265	27.2473
27.0768	27.2844
27.068	27.2807
27.0601	27.2762
27.0534	27.2705
27.0471	27.2642
27.0477	27.2512
27.0415	27.245
27.0352	27.2387
27.029	27.2325
27.0228	27.2262
26.5539	27.6955
26.555	27.6966
26.5561	27.6974
26.5592	27.6964
27.1113	27.1335
27.1212	27.111
27.1437	27.0759
27.1637	27.0433
27.1782	27.0162
27.2646	26.9175
27.2723	26.8976
27.2751	26.8824
27.2731	26.8723
27.2807	26.8525
27.2737	26.8474
27.2656	26.8434
27.2587	26.8382
27.2526	26.8322
27.1535	26.9189
27.1438	26.9161
27.1297	26.9177
27.1119	26.923
27.0889	26.9335
27.0275	26.9825
26.9988	26.9987
26.9738	27.0113
26.9579	27.0147
26.9513	27.0088
26.949	26.9986
26.9555	26.9797
26.961	26.9618
26.9616	26.9486
26.9558	26.9421
26.9578	26.9276
26.9611	26.9119
26.9649	26.8957
26.969	26.8792
26.9737	26.8621
26.9787	26.8446
26.9845	26.8265
26.9903	26.8083
26.9942	26.792
26.9953	26.7785
26.9953	26.7661
26.9975	26.7515
26.9866	26.7502
26.9869	26.7375
26.9839	26.7281
26.9816	26.7182
26.9835	26.7039
26.9794	26.6958
26.9807	26.6821
26.9788	26.6718
26.9714	26.6669
26.9442	26.6819
26.9191	26.6949
26.8862	26.7156
26.8517	26.7379
26.8159	26.7616
26.745	26.8205
26.7077	26.8458
26.6756	26.8659
26.6586	26.8709
26.654	26.8635
26.6375	26.8682
26.6349	26.8589
26.6317	26.8503
26.6279	26.8422
26.6261	26.8322
26.6306	26.8158
26.6368	26.7978
26.6448	26.778
26.6573	26.7537
26.6865	26.7126
26.7052	26.6819
26.7194	26.6559
26.7243	26.6391
26.7256	26.6258
26.7196	26.6198
26.7136	26.6139
26.7076	26.608
26.7016	26.602
26.6893	26.6025
26.6834	26.5966
26.6774	26.5907
26.6714	26.5848
26.6655	26.5789
26.6468	26.5858
26.6409	26.5799
26.635	26.5741
26.6291	26.5682
26.6232	26.5624
26.6111	26.5629
26.6053	26.5571
26.5994	26.5513
26.5935	26.5455
26.7239	26.4029
26.7178	26.3969
26.7117	26.3909
26.706	26.3845
26.7043	26.374
26.7188	26.3475
26.7186	26.3357
26.7105	26.3317
26.6911	26.339
26.6501	26.3681
26.615	26.3912
26.5752	26.4189
26.5415	26.4406
26.5154	26.4546
26.4944	26.4636
26.4913	26.4546
26.4929	26.441
26.4934	26.4285
26.4839	26.4259
26.4799	26.4178
26.4772	26.4085
26.4768	26.3969
26.4794	26.3823
26.4858	26.3639
26.4955	26.3421
26.5069	26.3187
26.5191	26.2945
26.5301	26.2715
26.5394	26.2501
26.5459	26.2316
26.5442	26.2213
26.5352	26.2184
26.5219	26.2197
26.5043	26.2253
26.4813	26.2364
26.4514	26.2544
26.42	26.2738
26.3844	26.2974
26.3603	26.3096
26.3446	26.3133
26.3381	26.3079
26.3139	26.3202
26.3088	26.3134
26.3028	26.3074
26.2969	26.3015
26.2909	26.2955
26.2785	26.296
26.2726	26.2901
26.2666	26.2841
26.2607	26.2782
26.2547	26.2723
26.2488	26.2663
26.2429	26.2604
26.2369	26.2545
26.231	26.2485
26.2315	26.2361
26.2256	26.2302
26.2197	26.2243
26.2137	26.2183
26.2078	26.2124
26.2082	26.2002
26.2004	26.1961
26.1891	26.1956
26.1733	26.1996
26.1585	26.2026
26.149	26.2002
26.143	26.1945
26.1371	26.1886
26.1312	26.1826
26.1253	26.1767
26.1194	26.1708
26.1135	26.1649
26.1076	26.159
26.1016	26.1533
26.0937	26.1494
26.0846	26.1467
26.0754	26.1441
26.067	26.1408
26.0594	26.1366
25.9625	26.222
25.9541	26.2191
25.9453	26.2165
25.9365	26.2139
25.9217	26.2175
25.9126	26.2152
25.9037	26.2128
25.8963	26.2089
25.8907	26.2033
25.9005	26.1821
25.9017	26.1695
25.9046	26.1552
25.9071	26.1414
25.9083	26.1289
25.9199	26.1058
25.9149	26.0995
25.9261	26.1108
25.9791	26.1642
26.0698	26.243
26.1698	26.3433
26.2865	26.4604
26.4032	26.5775
26.5199	26.6945
26.6415	26.8062
26.758	26.923
26.8745	27.0399
26.991	27.1567
27.0718	27.2264
27.0827	27.2371
27.0766	27.2308
27.0704	27.2246
27.0628	27.2198
27.0675	27.2026
27.0584	27.1992
27.049	27.196
27.0389	27.1937
27.0278	27.1922
27.0371	27.1704
27.0261	27.1689
27.0147	27.1677
27.0028	27.167
27.0035	27.1538
26.9901	27.1547
26.9759	27.1563
26.9602	27.1594
26.9438	27.1633
26.9472	27.1473
26.9316	27.1504
26.9213	27.1482
26.9161	27.1409
26.9241	27.1204
26.9137	27.1184
26.8964	27.1231
26.881	27.126
26.8707	27.1238
26.8797	27.1024
26.8747	27.0949
26.8685	27.0887
26.8576	27.0871
26.8484	27.0839
26.8302	27.0897
26.8117	27.0958
26.7972	27.0979
26.7807	27.102
26.4886	27.383
26.4722	27.3892
26.4546	27.3965
26.4355	27.4054
26.41	27.4207
26.3967	27.4239
26.3923	27.4183
26.3985	27.4021
26.4081	27.3825
26.4405	27.3399
26.4517	27.3182
26.4604	27.2991
26.4586	27.2904
26.4974	27.2406
26.4931	27.2338
26.4877	27.228
26.4824	27.2221
26.4836	27.2098
26.5458	27.1361
26.5672	27.103
26.5924	27.0661
26.6119	27.035
26.6276	27.0075
26.6778	26.9454
26.6856	26.9256
26.6931	26.9061
26.7143	26.8728
26.7169	26.8582
26.7476	26.8153
26.7287	26.8219
26.705	26.8334
26.6945	26.8317
26.6909	26.823
26.679	26.8227
26.6727	26.8168
26.6658	26.8115
26.6592	26.8058
26.6597	26.7931
26.6536	26.787
26.6475	26.7809
26.6404	26.7757
26.658	26.7459
26.6482	26.7435
26.6384	26.741
26.6254	26.7418
26.6104	26.7445
26.6154	26.7273
26.6004	26.7301
26.5853	26.733
26.569	26.737
26.5659	26.728
26.5506	26.7311
26.5342	26.7353
26.5151	26.7422
26.4944	26.7508
26.4996	26.7568
26.5021	26.785
26.5063	26.8153
26.5177	26.8512
26.5333	26.8829
26.584	26.897
26.6167	26.933
26.644	26.9734
26.6695	27.0146
26.6738	27.0777
26.6937	27.1253
26.712	27.1745
26.7294	27.2246
26.751	27.2715
26.5795	27.5114
26.6084	27.5509
26.6398	27.5867
26.6715	27.6194
26.7054	27.643
26.7343	27.6578
26.7613	27.6426
26.7855	27.6068
26.8127	27.568
26.8938	27.475
26.9234	27.4332
26.9544	27.3901
26.9856	27.3467
27.0527	27.2672
27.0745	27.233
27.0896	27.2054
27.0917	27.1908
27.0853	27.1847
27.0992	27.1583
27.0929	27.1521
27.0867	27.1458
27.0804	27.1395
27.0879	27.1195
27.0821	27.1127
27.0753	27.107
27.067	27.1028
27.0587	27.0985
27.0526	27.0921
27.0465	27.0856
27.0403	27.0793
27.0344	27.0727
27.035	27.0596
27.0291	27.053
27.023	27.0466
27.0167	27.0403
27.0105	27.0341
27.0046	27.0275
26.9984	27.0212
26.9921	27.015
26.9859	27.0087
26.9796	27.0025
26.9801	26.9896
26.9739	26.9833
26.9676	26.9771
26.9614	26.9709
26.9552	26.9646
26.9567	26.9662
26.9685	26.978
26.9832	26.9927
27.0115	27.021
27.0559	27.0654
27.1003	27.1098
27.1447	27.1541
27.189	27.1985
27.2334	27.2428
27.2776	27.2872
27.3219	27.3315
27.3662	27.3757
27.4105	27.42
27.4548	27.4643
27.5058	27.5016
27.5502	27.5456
27.5944	27.5898
27.6386	27.6339
27.6827	27.6781
27.7268	27.7222
27.771	27.7663
27.8151	27.8104
27.8592	27.8545
27.9032	27.8985
27.9472	27.9426
27.9913	27.9866
28.0353	28.0306
28.0794	28.0746
28.113	28.1083
28.1132	28.1085
28.1065	28.1018
28.0998	28.0951
28.0931	28.0884
28.0864	28.0817
28.0797	28.075
28.073	28.0684
28.0663	28.0617
28.0597	28.055
28.053	28.0483
28.0463	28.0416
28.0396	28.035
28.033	28.0283
28.0263	28.0216
28.0196	28.015
28.013	28.0083
28.0063	28.0017
27.9997	27.995
27.993	27.9883
27.9864	27.9817
27.9797	27.975
27.9731	27.9684
27.9734	27.9548
27.9668	27.9481
27.9601	27.9415
27.9537	27.9347
27.9472	27.9279
27.9406	27.9213
27.9339	27.9146
27.9273	27.908
27.9207	27.9014
27.9141	27.8948
27.9074	27.8882
27.9008	27.8815
27.8942	27.8749
27.8876	27.8683
27.874	27.8687
27.8674	27.8621
27.8608	27.8555
27.8542	27.8489
27.8476	27.8423
27.8411	27.8357
27.8345	27.8291
27.8279	27.8225
27.8213	27.8159
27.8147	27.8094
27.8081	27.8028
27.8016	27.7962
27.795	27.7896
27.7884	27.7831
27.7819	27.7765
27.7753	27.7699
27.7687	27.7634
27.7624	27.7566
27.1027	28.4288
27.1351	28.4628
27.1946	28.5242
27.2586	28.589
27.9782	27.9724
28.0282	28.0221
28.0803	28.0687
28.1383	28.1074
28.1807	28.1248
28.2522	28.04
28.2491	28.0298
28.2428	28.0228
28.2368	28.0154
28.2313	28.0077
28.2388	27.987
28.2322	27.9804
28.2256	27.9738
28.219	27.9672
28.2054	27.9677
28.1987	27.9611
28.1921	27.9545
28.1855	27.9479
28.1799	27.9402
28.1691	27.9378
28.1641	27.9296
28.1578	27.9227
28.1533	27.914
28.149	27.9051
28.1233	27.9176
28.1184	27.9092
28.1129	27.9014
28.1074	27.8937
28.1007	27.8871
28.0921	27.8825
28.0812	27.8802
28.0689	27.8792
28.0576	27.8772
28.036	27.8857
28.0304	27.878
28.028	27.8671
28.0262	27.8557
28.0057	27.8629
27.9935	27.862
27.9785	27.8637
27.9674	27.8615
27.9622	27.8535
27.9452	27.8573
27.9398	27.8494
27.9321	27.8439
27.9222	27.8407
27.9029	27.8467
27.89	27.8464
27.877	27.8462
27.8653	27.8447
27.8539	27.8429
27.8362	27.8474
27.825	27.8455
27.8125	27.8448
27.7999	27.8442
27.789	27.8419
27.7726	27.8452
27.7634	27.8413
27.7556	27.8359
27.7517	27.8267
27.7531	27.8122
27.7611	27.7911
27.7695	27.7696
27.765	27.761
27.7498	27.763
27.7298	27.77
27.7157	27.7709
27.7131	27.7605
27.7174	27.7431
27.7194	27.728
27.7124	27.722
27.6967	27.7246
27.6799	27.7284
27.6686	27.7265
27.6621	27.72
27.6575	27.7115
27.6516	27.7045
27.6451	27.6979
27.6331	27.6969
27.6301	27.6869
27.6243	27.6797
27.6157	27.6753
27.6086	27.6693
27.6024	27.6626
27.5973	27.6548
27.5925	27.6465
27.5877	27.6383
27.582	27.6311
27.5824	27.6178
27.5759	27.6113
27.5694	27.6048
27.5629	27.5983
27.5565	27.5918
27.55	27.5853
27.5435	27.5789
27.5371	27.5724
27.5437	27.5791
27.5451	27.5804
27.5386	27.5739
27.536	27.5714
27.5325	27.5678
27.526	27.5613
27.5198	27.5547
27.514	27.5476
27.5084	27.5402
27.5023	27.5334
27.5076	27.525
27.5015	27.5182
27.4991	27.5155
27.5035	27.5196
27.5058	27.5219
27.5072	27.5232
27.5041	27.5202
27.511	27.5267
27.5159	27.5313
27.5131	27.527
27.5167	27.5251
27.5131	27.5158
27.5071	27.5089
27.501	27.5021
27.4946	27.4956
27.4979	27.4989
27.5085	27.5095
27.5142	27.5152
27.5077	27.5088
27.5232	27.5242
27.5275	27.5285
27.521	27.522
27.5282	27.5292
27.5217	27.5228
27.524	27.5251
27.5487	27.5498
27.5462	27.5472
27.5538	27.5549
27.5625	27.5635
27.556	27.557
27.5495	27.5506
27.5669	27.568
27.5673	27.5683
27.5608	27.5618
27.566	27.5671
27.5596	27.5606
27.5525	27.5547
27.5442	27.5501
27.5368	27.5445
27.5418	27.5491
27.5462	27.5532
27.5451	27.552
27.5459	27.5529
27.5462	27.5532
27.5453	27.5519
27.5444	27.5507
27.5438	27.5501
27.5431	27.5494
27.5427	27.5487
27.5421	27.548
27.5414	27.5474
27.5408	27.5468
27.5402	27.5462
27.5396	27.5456
27.5392	27.5447
27.5385	27.5441
27.5383	27.5431
27.5376	27.5425
27.537	27.5419
27.5364	27.5413
27.5358	27.5407
27.5352	27.5401
27.5346	27.5394
27.5341	27.5387
27.5338	27.5377
27.5338	27.5365
27.5335	27.5356
27.5332	27.5346
27.5329	27.5337
27.5327	27.5327
27.5322	27.5319
27.5316	27.5313
27.531	27.5306
27.5304	27.53
27.5298	27.5294
27.5292	27.5288
27.5286	27.5282
27.5279	27.5276
27.5273	27.527
27.5267	27.5264
27.5261	27.5257
27.5255	27.5251
27.5249	27.5245
27.5243	27.5239
27.5256	27.5252
27.5386	27.5383
27.5132	27.622
27.5414	27.6502
27.5352	27.6435
27.5288	27.6372
27.5442	27.6519
27.6154	27.6057
27.6141	27.6009
27.6208	27.6055
27.6268	27.609
27.6206	27.6021
27.6229	27.5907
27.6306	27.5984
27.6241	27.5919
27.619	27.5869
27.6199	27.5877
27.6134	27.5812
27.6069	27.5747
27.6145	27.5823
27.6343	27.6021
27.6278	27.5956
27.6213	27.5891
27.6421	27.6099
27.6492	27.617
27.6544	27.6222
27.6791	27.6468
27.7028	27.6705
27.6963	27.664
27.6951	27.6628
27.7192	27.7007
27.7507	27.7321
27.7637	27.745
27.7571	27.7385
27.7506	27.732
27.744	27.7255
27.7375	27.7189
27.7309	27.7124
27.7244	27.7059
27.7178	27.6993
27.7113	27.6928
27.7048	27.6863
27.6983	27.6797
27.6917	27.6732
27.6852	27.6667
27.6787	27.6602
27.6722	27.6537
27.6657	27.6472
27.6591	27.6407
27.6526	27.6341
27.6461	27.6276
27.6396	27.6211
27.6331	27.6146
27.6266	27.6081
27.6133	27.6085
27.6068	27.602
27.6003	27.5956
27.5938	27.5891
27.5873	27.5826
27.5808	27.5761
27.5744	27.5696
27.5679	27.5632
27.5614	27.5567
27.555	27.5502
27.5485	27.5438
27.542	27.5373
27.5356	27.5308
27.5291	27.5244
27.5227	27.5179
27.5162	27.5115
27.5097	27.505
27.5033	27.4986
27.4969	27.4921
27.4904	27.4857
27.484	27.4793
27.4775	27.4728
27.4711	27.4664
27.4579	27.4668
27.4515	27.4604
27.445	27.454
27.4386	27.4475
27.4322	27.4411
27.4258	27.4347
27.4194	27.4283
27.413	27.4219
27.4066	27.4155
26.9135	27.9079
26.9138	27.9083
26.9141	27.9086
26.9144	27.9089
27.4015	27.4104
27.3951	27.404
27.389	27.3972
27.3835	27.39
27.406	27.4063
27.4797	27.3743
27.4802	27.3717
27.4823	27.3724
27.4998	27.3898
27.5138	27.3765
27.5212	27.3836
27.5228	27.3848
27.5164	27.3784
27.5101	27.3719
27.5256	27.4001
27.5224	27.3963
27.516	27.3899
27.5237	27.3975
27.5235	27.3966
27.5205	27.3926
27.5176	27.3886
27.5144	27.3847
27.5124	27.3807
27.5036	27.3835
27.5017	27.3794
27.5003	27.3747
27.4989	27.3702
27.4974	27.3656
27.4892	27.3679
27.4874	27.3636
27.4852	27.3598
27.4836	27.3554
27.4823	27.3507
27.4809	27.3461
27.4796	27.3414
27.4786	27.3363
27.4782	27.3307
27.4707	27.3323
27.4697	27.3272
27.4686	27.3224
27.4674	27.3176
27.4516	27.3274
27.4486	27.3244
27.4456	27.3214
27.4426	27.3184
27.4394	27.3156
27.4291	27.32
27.4251	27.318
27.4199	27.3163
27.4143	27.3149
27.4017	27.3207
27.3951	27.3203
27.3878	27.3207
27.3801	27.3215
27.3716	27.323
27.3477	27.3381
27.338	27.339
27.3286	27.3396
27.3191	27.3402
27.3123	27.3402
27.3077	27.3379
27.3032	27.3335
27.2988	27.3291
27.2944	27.3247
27.2775	27.3348
27.2735	27.3301
27.2695	27.3253
27.2669	27.3211
27.2637	27.3175
27.2603	27.3141
27.2559	27.3097
27.2516	27.3054
27.2484	27.3018
27.2522	27.2911
27.2495	27.287
27.2463	27.2835
27.2419	27.2791
27.2375	27.2747
27.2332	27.2703
27.2298	27.2669
27.2254	27.2626
27.222	27.2592
27.2186	27.2558
27.2152	27.2524
27.2118	27.249
27.2075	27.2446
27.2043	27.2411
27.1944	27.2442
27.1912	27.2407
27.1878	27.2373
27.1845	27.2339
27.1814	27.2302
27.1781	27.2268
27.1747	27.2235
27.1715	27.22
27.1682	27.2166
27.1648	27.2132
27.1618	27.2095
27.159	27.2057
27.1556	27.2023
27.1522	27.199
27.1556	27.1889
27.1522	27.1855
27.1489	27.1822
27.1445	27.1798
27.1401	27.1775
27.1361	27.1748
27.1327	27.1714
27.1284	27.1671
27.1251	27.1637
27.1217	27.1604
27.1184	27.157
27.115	27.1537
27.1117	27.1504
27.1154	27.1399
27.1134	27.1352
27.1124	27.1295
27.1111	27.1241
27.1083	27.1202
27.105	27.1168
27.1016	27.1135
27.0983	27.1102
27.0949	27.1068
27.0916	27.1035
27.0882	27.1001
27.0849	27.0968
27.0816	27.0935
27.0782	27.0901
27.0749	27.0868
27.0716	27.0834
27.0682	27.0801
27.0639	27.0758
27.0635	27.0754
27.0855	27.0974
27.1231	27.1349
27.1208	27.1325
27.1145	27.1263
27.1301	27.142
27.1267	27.1386
27.1205	27.1323
27.121	27.1329
27.1147	27.1266
27.1162	27.1281
27.1503	27.1623
27.1602	27.172
27.1627	27.1745
27.1841	27.196
27.1778	27.1897
27.1715	27.1834
27.2007	27.2127
27.2012	27.2132
27.1949	27.2069
27.211	27.223
27.2047	27.2166
27.1986	27.2102
27.2256	27.2358
27.2273	27.2361
27.2211	27.2296
27.2343	27.2428
27.2431	27.2516
27.2585	27.2536
27.2673	27.2624
27.2751	27.2701
27.2829	27.2779
27.2878	27.2828
27.2901	27.2852
27.2838	27.2789
27.2775	27.2725
27.2711	27.2662
27.2648	27.2599
27.2584	27.2535
27.2521	27.2472
27.2457	27.2409
27.2394	27.2345
27.2331	27.2282
27.2268	27.2219
27.2204	27.2155
27.2141	27.2092
27.2078	27.2029
27.2015	27.1966
27.1952	27.1903
27.1888	27.184
27.1825	27.1777
27.183	27.1646
27.1766	27.1583
27.1703	27.152
27.164	27.1457
27.151	27.1461
27.1447	27.1398
27.1384	27.1336
27.1321	27.1273
27.1258	27.121
27.1196	27.1147
27.1133	27.1084
27.107	27.1021
27.1007	27.0959
27.0945	27.0896
27.0882	27.0833
27.0819	27.0771
27.0756	27.0708
27.0694	27.0645
27.0631	27.0583
27.0569	27.052
27.0506	27.0458
27.0443	27.0395
27.0381	27.0333
27.0052	27.0537
26.999	27.0475
26.9928	27.0413
26.9866	27.0351
27.0071	27.0022
27.0008	26.996
26.9946	26.9898
26.9883	26.9835
26.9821	26.9773
26.9759	26.9711
26.9697	26.9649
26.9635	26.9586
26.9572	26.9524
26.951	26.9462
26.9448	26.94
26.9386	26.9338
26.9324	26.9276
26.9262	26.9214
26.92	26.9152
26.9138	26.909
26.9076	26.9028
26.9014	26.8966
26.8952	26.8904
26.889	26.8842
26.8828	26.878
26.8766	26.8718
26.8703	26.8658
26.8642	26.8596
26.858	26.8535
26.8515	26.8476
26.8453	26.8415
26.8391	26.8353
26.833	26.8291
26.8266	26.8232
26.8199	26.8175
26.8127	26.8124
26.8046	26.8082
26.7963	26.8042
26.7874	26.8008
26.7784	26.7975
26.7697	26.7939
26.7611	26.7902
26.7529	26.7861
26.7438	26.783
26.7339	26.7806
26.724	26.7782
26.7145	26.7754
26.7057	26.772
26.6972	26.7682
26.6884	26.7648
26.6799	26.761
26.6784	26.7503
26.6708	26.7456
26.6642	26.74
26.6581	26.7339
26.652	26.7277
26.6459	26.7216
26.6398	26.7155
26.6337	26.7094
26.6267	26.7041
26.6036	26.7151
26.5925	26.7141
26.5819	26.7125
26.5716	26.7106
26.5607	26.7093
26.5426	26.7153
26.5316	26.7142
26.5215	26.7121
26.5125	26.709
26.5041	26.7053
26.5088	26.6884
26.5015	26.6837
26.4951	26.6779
26.489	26.6718
26.483	26.6657
26.4901	26.6465
26.484	26.6405
26.478	26.6344
26.4719	26.6283
26.4725	26.6157
26.4658	26.6103
26.4595	26.6044
26.4535	26.5983
26.4474	26.5922
26.4545	26.5731
26.4485	26.567
26.4424	26.561
26.4364	26.5549
26.4304	26.5488
26.4374	26.5298
26.4314	26.5237
26.4254	26.5177
26.4194	26.5116
26.4199	26.4991
26.4139	26.4931
26.4079	26.4871
26.4019	26.481
26.3959	26.475
26.4029	26.4561
26.397	26.4501
26.391	26.4441
26.385	26.4381
26.3855	26.4257
26.3796	26.4197
26.3736	26.4137
26.3694	26.4061
26.3669	26.3966
26.3789	26.3727
26.3787	26.3612
26.3777	26.3503
26.3769	26.3393
26.3839	26.3204
26.3867	26.3059
26.3911	26.2896
26.3946	26.2743
26.3963	26.2609
26.402	26.2434
26.3994	26.2343
26.3952	26.2268
26.3901	26.2201
26.3789	26.2196
26.3747	26.212
26.3692	26.2058
26.3633	26.2
26.3574	26.1941
26.3603	26.1971
26.391	26.2276
26.4271	26.2635
26.4709	26.3072
26.5241	26.3602
26.5807	26.4287
26.6462	26.494
26.6886	26.5371
26.6962	26.5448
26.7104	26.5712
26.7443	26.605
26.7382	26.599
26.7395	26.6003
26.7795	26.6407
26.7821	26.6561
26.7865	26.6609
26.7909	26.6677
26.7837	26.6628
26.7756	26.6685
26.809	26.7017
26.8121	26.7049
26.8089	26.7017
26.8062	26.6991
26.7935	26.6995
26.7874	26.6934
26.7813	26.6873
26.7752	26.6811
26.7624	26.6817
26.7563	26.6755
26.7502	26.6694
26.744	26.6633
26.7379	26.6572
26.7515	26.6315
26.7454	26.6254
26.7393	26.6193
26.7333	26.6132
26.7272	26.6072
26.7211	26.6012
26.715	26.5951
26.7089	26.5891
26.7028	26.583
26.6836	26.5901
26.6776	26.584
26.6715	26.5779
26.6646	26.5727
26.6572	26.5679
26.6506	26.5624
26.6445	26.5564
26.6384	26.5503
26.6324	26.5443
26.6261	26.5384
26.6125	26.5399
26.6048	26.5355
26.5969	26.5313
26.5896	26.5264
26.5836	26.5204
26.571	26.5209
26.5646	26.5152
26.5829	26.5354
26.6178	26.572
26.6049	26.5728
26.5987	26.5669
26.6137	26.5826
26.6248	26.5944
26.6299	26.5995
26.6327	26.6157
26.6417	26.6257
26.6502	26.6362
26.6587	26.6466
26.6672	26.6571
26.6421	26.7012
26.6484	26.7139
26.6537	26.7275
26.6598	26.7404
26.6671	26.7511
26.6773	26.7589
26.6915	26.7607
26.7078	26.7603
26.7232	26.761
26.728	26.7722
26.7353	26.7809
26.7426	26.7915
26.7492	26.8029
26.7538	26.8143
26.7584	26.8276
26.761	26.841
26.7637	26.8542
26.7683	26.8675
26.7727	26.8791
26.7786	26.891
26.7841	26.9034
26.7894	26.916
26.7939	26.9274
26.8006	26.9386
26.808	26.949
26.8152	26.9597
26.8227	26.97
26.8297	26.979
26.8366	26.9898
26.8433	27.0009
26.8487	27.0114
26.8552	27.0227
26.8613	27.0325
26.8762	27.0334
26.8877	27.0377
26.9023	27.0409
26.9165	27.0425
26.9378	27.037
26.953	27.0376
26.9687	27.0377
26.9842	27.0379
26.9984	27.0395
27.0181	27.0375
27.0275	27.0458
27.0363	27.0547
27.0452	27.0635
27.0543	27.072
27.0641	27.0798
27.0747	27.0869
27.0842	27.0951
27.0928	27.1041
27.1078	27.1067
27.1166	27.1155
27.1255	27.1243
27.1348	27.1326
27.1515	27.1335
27.1602	27.1404
27.1641	27.1434
27.1639	27.1417
27.1675	27.144
27.1743	27.147
27.1824	27.1496
27.1907	27.1521
27.1985	27.1551
27.1991	27.1651
27.2057	27.1683
27.212	27.1718
27.2171	27.1765
27.222	27.1814
27.2268	27.1863
27.2317	27.1911
27.2366	27.196
27.2416	27.2007
27.2399	27.2121
27.2451	27.2166
27.2507	27.2208
27.2564	27.2248
27.2614	27.2295
27.2663	27.2344
27.2712	27.2392
27.2769	27.2442
27.2831	27.2487
27.3161	27.2263
27.322	27.2311
27.3282	27.2356
27.3337	27.2407
27.3391	27.2461
27.3444	27.2514
27.3497	27.2567
27.3551	27.262
27.3604	27.2673
27.359	27.2794
27.3638	27.2842
27.3691	27.2895
27.3744	27.2948
27.3797	27.3001
27.3783	27.3122
27.3836	27.3175
27.3883	27.3224
27.3932	27.3281
27.3985	27.3334
27.4038	27.3386
27.4091	27.3439
27.4144	27.3492
27.4197	27.3545
27.4182	27.3666
27.4293	27.3777
27.4514	27.3993
27.4776	27.4255
27.5038	27.4517
27.53	27.4778
27.5562	27.504
27.5825	27.5301
27.6087	27.5563
27.628	27.5893
27.6541	27.6154
27.6803	27.6415
27.7065	27.6676
27.7326	27.6937
27.7587	27.7198
27.7843	27.7453
27.8096	27.7712
27.8335	27.7985
27.8551	27.8281
27.8711	27.8632
27.8965	27.8888
27.9221	27.9144
27.9475	27.9401
27.9715	27.967
27.996	27.9936
28.0215	28.0191
28.047	28.0446
28.0726	28.07
28.0979	28.0956
28.1234	28.121
28.1489	28.1464
28.1743	28.1719
28.1997	28.1973
28.2251	28.2227
28.2506	28.2481
28.276	28.2735
28.3014	28.2989
28.3267	28.3243
28.3521	28.3496
28.3774	28.375
28.4028	28.4003
28.4281	28.4257
28.4534	28.451
28.4788	28.4763
28.5041	28.5016
28.5289	28.5274
28.5449	28.5619
28.5686	28.5888
28.5937	28.6142
28.6192	28.6393
28.6373	28.6716
28.6627	28.6967
28.688	28.7219
28.7131	28.7473
28.7355	28.7753
28.7555	28.8047
28.7741	28.8306
28.7958	28.8515
28.8148	28.8702
28.8312	28.8867
28.8557	28.8969
28.8764	28.9176
28.8977	28.9389
28.9189	28.9601
28.94	28.9814
28.9622	29.0036
28.9844	29.0258
29.0066	29.0479
29.0288	29.0701
29.0508	29.0924
29.0729	29.1145
29.081	29.1225
29.0739	29.1154
29.0741	29.1011
29.067	29.094
29.0599	29.0869
29.0528	29.0798
29.0457	29.0727
29.0394	29.0649
29.0344	29.0557
29.0281	29.0479
29.021	29.0408
29.014	29.0338
29.0069	29.0267
28.9998	29.0196
28.9928	29.0126
28.9857	29.0055
28.9861	28.991
28.9819	28.9811
28.9794	28.9695
28.9757	28.9591
28.9707	28.95
28.9659	28.9407
28.9618	28.9307
28.9564	28.922
28.9496	28.9148
28.9422	28.9081
28.9314	28.9048
28.9192	28.903
28.9061	28.9021
28.8933	28.9008
28.8817	28.8983
28.8732	28.8928
28.8662	28.8858
28.8594	28.8786
28.8524	28.8716
28.8458	28.8642
28.8424	28.8535
28.8428	28.8391
28.842	28.8259
28.836	28.818
28.8263	28.8137
28.8161	28.8099
28.8085	28.8035
28.8016	28.7965
28.7944	28.7897
28.7854	28.7847
28.7744	28.7818
28.7636	28.7787
28.756	28.7723
28.7506	28.7638
28.7444	28.7561
28.7382	28.7484
28.7314	28.7413
28.7244	28.7343
28.7175	28.7274
28.7105	28.7204
28.7036	28.7135
28.6966	28.7065
28.6897	28.6996
28.6829	28.6925
28.6775	28.6841
28.6731	28.6746
28.6685	28.6653
28.6647	28.6552
28.6607	28.6454
28.6565	28.6357
28.6527	28.6257
28.65	28.6146
28.6532	28.5976
28.6465	28.5905
28.6388	28.5844
28.6297	28.5797
28.6116	28.5839
28.5993	28.5825
28.5865	28.5815
28.5754	28.5788
28.5671	28.5733
28.5602	28.5664
28.5533	28.5596
28.5464	28.5527
28.5395	28.5458
28.5327	28.5389
28.5258	28.5321
28.5189	28.5252
28.5121	28.5183
28.5052	28.5115
28.4984	28.5046
28.4915	28.4977
28.4846	28.4909
28.4778	28.484
28.4709	28.4772
28.4641	28.4703
28.4573	28.4635
28.4504	28.4566
28.4436	28.4498
28.4367	28.443
28.4299	28.4361
28.4188	28.4336
28.402	28.4367
28.3905	28.4346
28.3816	28.4299
28.3689	28.4289
28.3585	28.4257
28.3521	28.4185
28.3509	28.4061
28.3517	28.3917
28.347	28.3827
28.3386	28.3775
28.3302	28.3724
28.3303	28.3586
28.3235	28.3518
28.3167	28.345
28.3099	28.3382
28.3032	28.3314
28.2964	28.3246
28.2896	28.3179
28.2853	28.3086
28.2856	28.2948
28.2928	28.274
28.2886	28.2646
28.2826	28.2572
28.2781	28.2481
28.2746	28.2381
28.2716	28.2276
28.2684	28.2172
28.2649	28.2073
28.2581	28.2005
28.2503	28.1948
28.2425	28.1892
28.2307	28.1875
28.2171	28.1875
28.2014	28.1898
28.1856	28.1921
28.1764	28.1879
28.1705	28.1803
28.1656	28.1717
28.1582	28.1657
28.1477	28.1628
28.1361	28.1609
28.1285	28.155
28.1218	28.1483
28.1151	28.1416
28.1084	28.1349
28.1017	28.1282
28.0954	28.1211
28.0906	28.1124
28.0855	28.1041
28.0833	28.093
28.0832	28.0797
28.0776	28.072
28.0712	28.0649
28.0685	28.0543
28.0646	28.0448
28.0571	28.039
28.0507	28.032
28.0479	28.0214
28.0439	28.0121
28.0375	28.0052
28.0328	27.9966
28.0287	27.9873
28.0207	27.982
28.0135	27.9759
28.0033	27.9728
28.0009	27.9619
28.0008	27.9487
27.9929	27.9433
27.9905	27.9324
27.9812	27.9285
27.9653	27.9311
27.953	27.9301
27.9492	27.9207
27.9489	27.9077
27.9476	27.8957
27.9458	27.8843
27.9437	27.8731
27.9314	27.8722
27.9204	27.87
27.9049	27.8723
27.8924	27.8715
27.8876	27.8631
27.8853	27.8523
27.8813	27.8431
27.8722	27.8389
27.8587	27.8392
27.8458	27.839
27.8388	27.8328
27.8361	27.8223
27.8356	27.8097
27.8243	27.8078
27.8144	27.8045
27.8006	27.8052
27.7854	27.8073
27.7777	27.8018
27.7814	27.7849
27.7829	27.7703
27.7746	27.7655
27.76	27.767
27.7453	27.7686
27.7411	27.7597
27.7438	27.7439
27.742	27.7326
27.7325	27.729
27.7184	27.73
27.7057	27.7296
27.7024	27.7199
27.7051	27.7041
27.7033	27.6928
27.6943	27.6888
27.6801	27.6899
27.6644	27.6926
27.6573	27.6867
27.6589	27.672
27.6607	27.6572
27.6538	27.651
27.6413	27.6505
27.6266	27.6522
27.6182	27.6476
27.6183	27.6345
27.6176	27.6222
27.6092	27.6176
27.5956	27.6183
27.5823	27.6185
27.5762	27.6117
27.5777	27.5972
27.5804	27.5815
27.5755	27.5734
27.5633	27.5727
27.5466	27.5765
27.5361	27.574
27.535	27.5622
27.5391	27.5451
27.5374	27.5339
27.5281	27.5303
27.5163	27.5292
27.5072	27.5253
27.5037	27.5159
27.5021	27.5046
27.4964	27.4974
27.4961	27.4849
27.4896	27.4784
27.4832	27.472
27.4767	27.4655
27.4703	27.4591
27.457	27.4595
27.4506	27.4531
27.4442	27.4466
27.4378	27.4402
27.4382	27.427
27.4316	27.4207
27.4246	27.4148
27.4182	27.4084
27.4118	27.402
27.3986	27.4024
27.3922	27.396
27.3857	27.3896
27.3793	27.3832
27.373	27.3768
27.3666	27.3704
27.3602	27.364
27.3538	27.3576
27.3474	27.3512
27.341	27.3448
27.3346	27.3384
27.3282	27.3321
27.3215	27.326
27.3146	27.3202
27.3083	27.3138
27.3019	27.3074
27.2948	27.3018
27.2869	27.2969
27.279	27.2921
27.2708	27.2876
27.2627	27.283
27.2565	27.2765
27.2529	27.2674
27.2517	27.2559
27.2505	27.2444
27.2452	27.237
27.2344	27.2351
27.2197	27.2372
27.2068	27.2373
27.2005	27.231
27.1971	27.2218
27.1928	27.2134
27.1844	27.2091
27.1723	27.2086
27.1631	27.2051
27.1566	27.199
27.1534	27.1896
27.1563	27.1741
27.1554	27.1623
27.1447	27.1605
27.1268	27.1657
27.1184	27.1615
27.1223	27.145
27.1287	27.126
27.1243	27.1178
27.117	27.1125
27.0971	27.1198
27.0905	27.1139
27.0992	27.0926
27.103	27.0763
27.0956	27.071
27.0866	27.0674
27.0771	27.0644
27.0686	27.0604
27.0629	27.0536
27.0573	27.0466
27.051	27.0403
27.0448	27.0341
27.0385	27.0278
27.0322	27.0216
27.0244	27.0169
27.016	27.0128
27.0066	27.0096
26.9958	27.008
26.9864	27.0049
26.9798	26.999
26.9736	26.9927
26.9673	26.9865
26.9781	26.9973
27.0055	27.0247
27.0406	27.0598
27.0923	27.1115
27.1502	27.1695
27.1867	27.206
27.1853	27.2046
27.1821	27.1953
27.1828	27.182
27.189	27.1631
27.1853	27.1542
27.1822	27.1447
27.1791	27.1351
27.184	27.139
27.2057	27.1602
27.2285	27.1813
27.2662	27.2186
27.3214	27.2744
27.3782	27.3342
27.4337	27.3943
27.4422	27.4091
27.4312	27.4074
27.4124	27.4134
27.4005	27.4125
27.3887	27.4114
27.3802	27.4071
27.375	27.3994
27.367	27.3946
27.3693	27.3796
27.3689	27.3672
27.3653	27.358
27.3674	27.3431
27.3612	27.3366
27.3548	27.3302
27.3478	27.3243
27.341	27.3185
27.3322	27.3145
27.3218	27.3121
27.3123	27.3088
27.3058	27.3026
27.2994	27.2962
27.2931	27.2898
27.2867	27.2835
27.2804	27.2771
27.274	27.2708
27.2609	27.2712
27.2545	27.2648
27.2482	27.2585
27.2418	27.2521
27.2355	27.2458
27.2292	27.2394
27.2226	27.2333
27.2144	27.2288
27.2058	27.2247
27.1995	27.2184
27.1934	27.2119
27.188	27.2046
27.1834	27.1965
27.1856	27.1817
27.1796	27.1751
27.1733	27.1688
27.1669	27.1624
27.1606	27.1561
27.1543	27.1498
27.148	27.1435
27.1417	27.1372
27.1354	27.1309
27.1291	27.1246
27.1228	27.1183
27.1165	27.112
27.1102	27.1057
27.1039	27.0994
27.0976	27.0932
27.0914	27.0869
27.0851	27.0806
27.0788	27.0743
27.0725	27.068
27.0669	27.0611
27.0634	27.0521
27.058	27.0449
27.0514	27.039
27.0437	27.0341
27.0358	27.0296
27.029	27.0238
27.0315	27.0263
27.0374	27.0322
27.0312	27.026
27.0249	27.0197
27.0186	27.0135
27.0294	27.0243
27.0168	27.0517
27.0256	27.0606
27.0348	27.0691
27.0397	27.0702
27.0355	27.0619
27.0238	27.0612
27.0196	27.0529
27.016	27.044
27.012	27.0355
27.014	27.021
27.0103	27.0122
27.008	27.0021
27.006	26.9916
27.0033	26.9818
27.001	26.9717
26.999	26.9612
26.998	26.9497
26.9972	26.9381
27.2994	26.626
27.3005	26.6156
27.3029	26.6038
27.3067	26.5906
27.311	26.577
27.3453	26.5342
27.3412	26.5298
27.3355	26.5271
27.3319	26.5223
27.312	26.5333
27.3065	26.53
27.3	26.5276
27.2921	26.5267
27.282	26.5279
27.2502	26.5504
27.2456	26.5456
27.246	26.5359
27.2498	26.5226
27.2305	26.5321
27.2257	26.527
27.2123	26.5305
27.1968	26.5361
27.1892	26.5339
27.1472	26.5653
27.1474	26.5544
27.1428	26.5483
27.1384	26.542
26.8388	26.8301
26.8371	26.8197
26.8335	26.8114
26.8291	26.8037
26.8234	26.7974
26.792	26.817
26.7907	26.8066
26.792	26.7935
26.7954	26.7782
27.0799	26.4819
27.0998	26.4507
27.117	26.422
27.1311	26.3965
27.1544	26.3618
27.1058	26.3986
27.1245	26.3678
27.1445	26.3356
27.1618	26.3063
27.1729	26.2831
27.1609	26.283
27.1697	26.2621
27.1733	26.2463
27.1655	26.242
27.1597	26.2357
27.1404	26.2429
27.1343	26.237
27.1281	26.231
27.1227	26.2243
27.117	26.2178
27.1433	26.1794
27.1373	26.1736
27.1312	26.1677
27.1251	26.1619
27.119	26.156
27.0608	26.2024
27.0546	26.1964
27.0484	26.1905
27.0422	26.1845
27.0361	26.1786
26.984	26.2186
26.9778	26.2127
26.9717	26.2067
26.9655	26.2007
26.9593	26.1948
26.8882	26.2542
26.8822	26.2483
26.8761	26.2425
26.8701	26.2366
26.9224	26.172
26.9162	26.166
26.9101	26.1601
26.9039	26.1542
26.8978	26.1482
27.002	26.0317
26.9961	26.0259
26.9901	26.0201
26.9841	26.0144
26.9781	26.0086
26.8229	26.1525
26.8168	26.1467
26.8107	26.1408
26.8047	26.1349
26.6743	26.255
