1170	-5100	1	0
1170	-5100	1	0
1170	-5100	1	0
1170	-5100	1	0
1170	-5100	1	0
1170	-5100	1	0
1170	-5100	1	0
1170	-5100	1	0
1170	-5100	1	0
1170	-5100	1	0
1170	-5100	1	0
1170	-5100	1	0
1170	-5100	1	0
1170	-5100	1	0
1170	-5100	1	0
1170	-5100	1	0
1170	-5100	1	0
1170	-5100	1	0
1170	-5100	1	0
1170	-5100	1	0
1170	-5100	1	0
1170	-5100	1	0
1170	-5100	1	0
1170	-5100	1	0
1170	-5100	1	0
1170	-5100	1	0
1170	-5100	1	-4.44409e-05
1170	-5100	1	-0.000222188
1170	-5100	1	-0.000466573
1170	-5099.99	1	-0.000888694
1170	-5099.99	0.999999	-0.00138859
1170	-5099.98	0.999998	-0.0019995
1170	-5099.98	0.999996	-0.00272134
1170	-5099.97	0.999994	-0.00355414
1170	-5099.96	0.99999	-0.00449789
1170	-5099.95	0.999985	-0.00555261
1170	-5099.94	0.999977	-0.00671819
1170	-5099.93	0.999968	-0.00799453
1170	-5099.92	0.999956	-0.00938163
1170	-5099.91	0.999941	-0.0108795
1170	-5099.89	0.999922	-0.012488
1170	-5099.88	0.999899	-0.0142072
1170	-5099.86	0.999871	-0.0160369
1170	-5099.84	0.999838	-0.0179772
1170	-5099.83	0.999799	-0.0200281
1170	-5099.81	0.999754	-0.0221893
1170	-5099.79	0.999701	-0.0244604
1170	-5099.77	0.99964	-0.0268414
1170	-5099.74	0.99957	-0.0293324
1170	-5099.72	0.99949	-0.031933
1169.99	-5099.7	0.9994	-0.034643
1169.99	-5099.67	0.999298	-0.0374623
1169.99	-5099.65	0.999184	-0.0403908
1169.99	-5099.62	0.999057	-0.0434286
1169.99	-5099.59	0.998915	-0.0465752
1169.99	-5099.57	0.998758	-0.0498304
1169.99	-5099.54	0.998584	-0.0531942
1169.99	-5099.51	0.998393	-0.0566663
1169.98	-5099.47	0.998184	-0.0602468
1169.98	-5099.44	0.997954	-0.0639352
1169.98	-5099.41	0.997704	-0.0677313
1169.98	-5099.37	0.997431	-0.0716349
1169.98	-5099.34	0.997135	-0.0756458
1169.97	-5099.3	0.996814	-0.0797637
1169.97	-5099.27	0.996467	-0.0839881
1169.97	-5099.23	0.996092	-0.0883188
1169.96	-5099.19	0.995689	-0.0927556
1169.96	-5099.15	0.995255	-0.0972983
1169.95	-5099.11	0.99479	-0.101946
1169.95	-5099.07	0.994291	-0.1067
1169.95	-5099.03	0.993758	-0.111558
1169.94	-5098.98	0.993188	-0.116521
1169.94	-5098.94	0.992581	-0.121587
1169.93	-5098.89	0.991934	-0.126758
1169.92	-5098.85	0.991241	-0.132064
1169.92	-5098.8	0.990471	-0.137722
1169.91	-5098.74	0.98952	-0.144397
1169.9	-5098.66	0.988186	-0.153262
1169.88	-5098.56	0.986294	-0.165
1169.86	-5098.44	0.983739	-0.179601
1169.83	-5098.29	0.980394	-0.197047
1169.8	-5098.12	0.976103	-0.217307
1169.75	-5097.92	0.970689	-0.240341
1169.69	-5097.7	0.967594	-0.252512
1169.63	-5097.45	0.9676	-0.252489
1169.56	-5097.18	0.967606	-0.252466
1169.48	-5096.89	0.967623	-0.252398
1169.4	-5096.57	0.967653	-0.252284
1169.31	-5096.22	0.967683	-0.252172
1169.21	-5095.85	0.967712	-0.25206
1169.11	-5095.46	0.967741	-0.251949
1169	-5095.04	0.967789	-0.251763
1168.89	-5094.6	0.967857	-0.251502
1168.76	-5094.13	0.967924	-0.251242
1168.64	-5093.64	0.967991	-0.250984
1168.5	-5093.13	0.968066	-0.250695
1168.36	-5092.58	0.968148	-0.250378
1168.22	-5092.02	0.968229	-0.250064
1168.06	-5091.43	0.96831	-0.24975
1167.91	-5090.81	0.968391	-0.249438
1167.74	-5090.18	0.968481	-0.249086
1167.57	-5089.51	0.968582	-0.248695
1167.39	-5088.82	0.968682	-0.248304
1167.21	-5088.11	0.968782	-0.247915
1167.02	-5087.37	0.968881	-0.247526
1166.83	-5086.61	0.968991	-0.247098
1166.63	-5085.83	0.96911	-0.246631
1166.42	-5085.02	0.969227	-0.246167
1166.21	-5084.18	0.969344	-0.245708
1165.99	-5083.32	0.969459	-0.245252
1165.77	-5082.44	0.969585	-0.244756
1165.54	-5081.53	0.969719	-0.244222
1165.31	-5080.59	0.969853	-0.243692
1165.07	-5079.64	0.969984	-0.243168
1164.82	-5078.65	0.970123	-0.242615
1164.57	-5077.65	0.970269	-0.242029
1164.31	-5076.62	0.970414	-0.241446
1164.05	-5075.56	0.970558	-0.240869
1163.78	-5074.48	0.970699	-0.240297
1163.51	-5073.37	0.97085	-0.239687
1163.23	-5072.24	0.97101	-0.239037
1162.94	-5071.09	0.97117	-0.238389
1162.66	-5069.91	0.971328	-0.237742
1162.36	-5068.71	0.97153	-0.236919
1162.06	-5067.48	0.971773	-0.23592
1161.76	-5066.23	0.972014	-0.234922
1161.45	-5064.95	0.972255	-0.233924
1161.14	-5063.65	0.972494	-0.232928
1160.82	-5062.32	0.972743	-0.231885
1160.5	-5060.97	0.973002	-0.230798
1160.17	-5059.6	0.973256	-0.229724
1159.84	-5058.2	0.973506	-0.228661
1159.51	-5056.77	0.973763	-0.227563
1159.17	-5055.32	0.974027	-0.22643
1158.83	-5053.84	0.974284	-0.225325
1158.48	-5052.35	0.974523	-0.224289
1158.13	-5050.82	0.974734	-0.223369
1157.78	-5049.27	0.974921	-0.222551
1157.42	-5047.7	0.975073	-0.221884
1157.06	-5046.1	0.975169	-0.221463
1156.69	-5044.48	0.975203	-0.221312
1156.31	-5042.83	0.974824	-0.222977
1155.93	-5041.16	0.974029	-0.226423
1155.53	-5039.47	0.973161	-0.230126
1155.13	-5037.75	0.972201	-0.234148
1154.7	-5036.02	0.971139	-0.238514
1154.27	-5034.26	0.969954	-0.243288
1153.82	-5032.47	0.968654	-0.248416
1153.35	-5030.67	0.96726	-0.253786
1152.87	-5028.85	0.965768	-0.259408
1152.37	-5027	0.964169	-0.26529
1151.8	-5024.95	0.962264	-0.272118
1151.26	-5023.06	0.960409	-0.278595
1150.75	-5021.35	0.958638	-0.284627
1150.12	-5019.23	0.956372	-0.292152
1149.52	-5017.28	0.954232	-0.299067
1148.9	-5015.32	0.952026	-0.306018
1148.25	-5013.33	0.949746	-0.313022
1147.58	-5011.33	0.947392	-0.320077
1146.89	-5009.31	0.944974	-0.327146
1146.18	-5007.27	0.942492	-0.334228
1145.45	-5005.21	0.939933	-0.341359
1144.68	-5003.14	0.937294	-0.348539
1143.9	-5001.05	0.934575	-0.355766
1143.09	-4998.94	0.931787	-0.363005
1142.25	-4996.81	0.928931	-0.370253
1141.39	-4994.67	0.92599	-0.377547
1140.5	-4992.51	0.922964	-0.384885
1139.59	-4990.34	0.919875	-0.392212
1138.65	-4988.15	0.916721	-0.399528
1137.68	-4985.95	0.913479	-0.406885
1136.68	-4983.73	0.910148	-0.414283
1135.66	-4981.5	0.906728	-0.421716
1134.61	-4979.25	0.903292	-0.429026
1133.52	-4977	0.899842	-0.436216
1132.41	-4974.72	0.896303	-0.443442
1131.27	-4972.44	0.892673	-0.450705
1130.1	-4970.14	0.888989	-0.457929
1128.9	-4967.83	0.885255	-0.465106
1127.67	-4965.51	0.881441	-0.472294
1126.41	-4963.17	0.877549	-0.479486
1125.12	-4960.83	0.873574	-0.486692
1123.8	-4958.48	0.869579	-0.493794
1122.45	-4956.11	0.865557	-0.50081
1121.06	-4953.73	0.861416	-0.507901
1119.65	-4951.35	0.857151	-0.515066
1118.2	-4948.96	0.852882	-0.522104
1116.72	-4946.55	0.848617	-0.529007
1115.2	-4944.14	0.844244	-0.535959
1113.66	-4941.72	0.839769	-0.542944
1112.07	-4939.3	0.835204	-0.54994
1110.46	-4936.86	0.829296	-0.55881
1108.8	-4934.43	0.821977	-0.56952
1107.1	-4932	0.814474	-0.5802
1105.35	-4929.57	0.806784	-0.590846
1103.55	-4927.14	0.798925	-0.601431
1101.71	-4924.72	0.790895	-0.611951
1099.82	-4922.31	0.782678	-0.622427
1097.88	-4919.9	0.77427	-0.632856
1095.9	-4917.5	0.765671	-0.643232
1093.86	-4915.1	0.756934	-0.653492
1091.78	-4912.72	0.74806	-0.663632
1089.65	-4910.34	0.739007	-0.673697
1087.47	-4907.98	0.729808	-0.683652
1085.25	-4905.63	0.720646	-0.693304
1082.97	-4903.29	0.7116	-0.702585
1080.65	-4900.96	0.702638	-0.711548
1078.28	-4898.65	0.693855	-0.720115
1075.87	-4896.34	0.685401	-0.728166
1073.41	-4894.05	0.677286	-0.73572
1070.91	-4891.77	0.669437	-0.742869
1068.37	-4889.5	0.661889	-0.749602
1065.79	-4887.24	0.654591	-0.755983
1063.17	-4884.98	0.647823	-0.761791
1060.51	-4882.74	0.6417	-0.766956
1057.82	-4880.5	0.635946	-0.771733
1055.09	-4878.27	0.630519	-0.776174
1052.33	-4876.04	0.625984	-0.779836
1049.55	-4873.81	0.6225	-0.78262
1046.73	-4871.58	0.619722	-0.784822
1043.89	-4869.34	0.617746	-0.786377
1041.03	-4867.09	0.616339	-0.787481
1038.14	-4864.84	0.615309	-0.788286
1035.23	-4862.57	0.614564	-0.788867
1032.31	-4860.29	0.61399	-0.789314
1029.36	-4858	0.613668	-0.789564
1026.4	-4855.69	0.61385	-0.789423
1023.41	-4853.37	0.614448	-0.788957
1020.42	-4851.04	0.615104	-0.788446
1017.4	-4848.68	0.615836	-0.787875
1014.37	-4846.31	0.616738	-0.787169
1011.32	-4843.92	0.61766	-0.786446
1008.26	-4841.52	0.618542	-0.785752
1005.19	-4839.09	0.619509	-0.784989
1002.09	-4836.65	0.620516	-0.784194
998.987	-4834.19	0.621341	-0.78354
995.864	-4831.71	0.622014	-0.783006
992.725	-4829.22	0.62281	-0.782373
989.571	-4826.7	0.623814	-0.781573
986.402	-4824.17	0.625081	-0.78056
983.219	-4821.62	0.626548	-0.779383
980.023	-4819.04	0.628188	-0.778061
976.815	-4816.45	0.630079	-0.776531
973.595	-4813.83	0.632272	-0.774746
970.365	-4811.19	0.634674	-0.77278
967.125	-4808.52	0.637323	-0.770597
963.877	-4805.83	0.640344	-0.768089
960.622	-4803.1	0.643555	-0.7654
957.361	-4800.35	0.646891	-0.762582
954.095	-4797.57	0.651487	-0.75866
950.831	-4794.75	0.657351	-0.753584
947.573	-4791.89	0.663443	-0.748227
944.32	-4788.98	0.669768	-0.742571
941.076	-4786.04	0.676322	-0.736606
937.841	-4783.05	0.683099	-0.730326
934.617	-4780.01	0.69005	-0.723762
931.407	-4776.92	0.69708	-0.716993
928.21	-4773.79	0.705166	-0.709042
925.037	-4770.6	0.714247	-0.699894
921.888	-4767.35	0.723251	-0.690585
918.766	-4764.05	0.732161	-0.681132
915.672	-4760.69	0.74094	-0.671571
912.606	-4757.27	0.749461	-0.662048
909.568	-4753.8	0.757732	-0.652566
906.558	-4750.27	0.765841	-0.64303
903.579	-4746.68	0.773714	-0.633535
900.628	-4743.04	0.781073	-0.62444
897.705	-4739.35	0.787859	-0.615855
894.807	-4735.61	0.79423	-0.607617
891.934	-4731.82	0.800213	-0.599716
889.084	-4727.99	0.805896	-0.592058
886.256	-4724.11	0.810957	-0.585105
883.446	-4720.19	0.815453	-0.578823
880.652	-4716.23	0.819724	-0.572758
877.875	-4712.23	0.823664	-0.567078
875.111	-4708.19	0.827234	-0.561858
872.358	-4704.12	0.830278	-0.55735
869.614	-4700.02	0.83288	-0.553453
866.875	-4695.88	0.835283	-0.54982
864.141	-4691.71	0.837497	-0.546441
861.411	-4687.51	0.839457	-0.543426
858.683	-4683.29	0.841297	-0.540573
855.958	-4679.03	0.843225	-0.537561
853.235	-4674.75	0.845201	-0.534449
850.516	-4670.43	0.847283	-0.531141
847.803	-4666.09	0.849431	-0.5277
845.095	-4661.71	0.851613	-0.524171
842.394	-4657.31	0.853977	-0.520311
839.703	-4652.87	0.856566	-0.516038
837.025	-4648.41	0.859303	-0.511467
834.363	-4643.91	0.862179	-0.506604
831.722	-4639.39	0.865283	-0.501283
829.103	-4634.84	0.868638	-0.495447
826.513	-4630.27	0.872075	-0.489372
823.954	-4625.68	0.87552	-0.483182
821.429	-4621.08	0.87903	-0.476766
818.939	-4616.45	0.882549	-0.47022
816.483	-4611.81	0.886045	-0.463598
814.063	-4607.15	0.889324	-0.457277
811.675	-4602.48	0.892375	-0.451296
809.319	-4597.79	0.895339	-0.445384
806.995	-4593.08	0.898192	-0.439603
804.701	-4588.37	0.90095	-0.433923
802.437	-4583.64	0.903415	-0.428766
800.198	-4578.89	0.905569	-0.424199
797.984	-4574.14	0.907572	-0.419897
795.792	-4569.38	0.909383	-0.41596
793.619	-4564.61	0.910799	-0.412849
791.462	-4559.84	0.911779	-0.410681
789.314	-4555.06	0.912456	-0.409175
787.174	-4550.28	0.912801	-0.408404
785.036	-4545.51	0.912781	-0.408449
782.897	-4540.73	0.912452	-0.409183
780.753	-4535.95	0.911748	-0.41075
778.6	-4531.19	0.910684	-0.413104
776.433	-4526.43	0.909245	-0.416261
774.248	-4521.67	0.907564	-0.419913
772.045	-4516.93	0.905738	-0.423839
769.821	-4512.2	0.903781	-0.427995
767.575	-4507.48	0.901796	-0.432163
765.308	-4502.78	0.899713	-0.436483
763.019	-4498.08	0.897508	-0.440999
760.706	-4493.4	0.895263	-0.445537
758.37	-4488.73	0.893089	-0.44988
756.013	-4484.07	0.89107	-0.453865
753.636	-4479.42	0.889177	-0.457563
751.241	-4474.79	0.887331	-0.461133
748.828	-4470.16	0.88536	-0.464905
746.394	-4465.55	0.883034	-0.46931
743.937	-4460.95	0.880456	-0.474128
741.454	-4456.36	0.877767	-0.479087
738.947	-4451.79	0.875134	-0.48388
736.416	-4447.24	0.87257	-0.488489
733.861	-4442.7	0.869912	-0.493208
731.281	-4438.17	0.867137	-0.49807
728.677	-4433.66	0.864312	-0.502956
726.048	-4429.17	0.861528	-0.507709
723.395	-4424.69	0.858666	-0.512535
720.718	-4420.22	0.855718	-0.517442
718.015	-4415.78	0.852677	-0.522439
715.287	-4411.35	0.849644	-0.527357
712.534	-4406.93	0.846696	-0.532077
709.757	-4402.54	0.843751	-0.536736
706.957	-4398.16	0.840863	-0.541248
704.135	-4393.79	0.838178	-0.545397
701.293	-4389.44	0.835761	-0.549094
698.146	-4384.67	0.83309	-0.553137
695.554	-4380.78	0.830844	-0.556506
692.656	-4376.47	0.828233	-0.560384
689.446	-4371.75	0.825611	-0.56424
686.511	-4367.47	0.823522	-0.567284
683.561	-4363.2	0.821264	-0.570548
680.593	-4358.94	0.818834	-0.57403
677.609	-4354.7	0.816583	-0.577228
674.609	-4350.47	0.814651	-0.579952
671.597	-4346.25	0.812797	-0.582547
668.572	-4342.04	0.810966	-0.585094
665.534	-4337.84	0.80912	-0.587644
662.485	-4333.65	0.807354	-0.590068
659.423	-4329.47	0.805614	-0.59244
656.35	-4325.31	0.803724	-0.595002
653.263	-4321.15	0.801646	-0.597799
650.162	-4317	0.799345	-0.600872
647.046	-4312.87	0.797112	-0.603832
643.916	-4308.75	0.794932	-0.606699
640.771	-4304.64	0.792482	-0.609896
637.609	-4300.55	0.789784	-0.613385
634.429	-4296.47	0.786036	-0.61818
631.221	-4292.42	0.781306	-0.624148
627.982	-4288.39	0.77646	-0.630166
624.713	-4284.39	0.771414	-0.636333
621.413	-4280.41	0.766111	-0.642708
618.08	-4276.47	0.761328	-0.648367
614.722	-4272.54	0.757074	-0.653329
611.338	-4268.64	0.752538	-0.658549
607.928	-4264.77	0.747724	-0.66401
604.49	-4260.92	0.742732	-0.669589
601.021	-4257.1	0.734536	-0.67857
597.495	-4253.34	0.723068	-0.690777
593.907	-4249.63	0.711435	-0.702752
590.259	-4245.99	0.699589	-0.714546
586.551	-4242.41	0.687433	-0.726248
582.784	-4238.89	0.67487	-0.737936
578.957	-4235.44	0.66186	-0.749627
575.07	-4232.05	0.648471	-0.761239
571.125	-4228.74	0.634908	-0.772588
567.124	-4225.5	0.621901	-0.783096
563.071	-4222.32	0.609723	-0.792615
558.972	-4219.21	0.598069	-0.801444
554.829	-4216.15	0.586949	-0.809624
550.647	-4213.15	0.5763	-0.817238
546.427	-4210.21	0.566933	-0.823764
542.178	-4207.31	0.559014	-0.829158
537.904	-4204.45	0.551929	-0.833891
533.607	-4201.62	0.545674	-0.837998
529.292	-4198.83	0.540552	-0.841311
524.962	-4196.06	0.536429	-0.843945
520.62	-4193.31	0.532797	-0.846243
516.268	-4190.58	0.529646	-0.848219
511.908	-4187.87	0.526869	-0.849946
507.54	-4185.17	0.52458	-0.851361
503.166	-4182.48	0.522632	-0.852558
498.787	-4179.8	0.520596	-0.853803
494.403	-4177.13	0.518286	-0.855207
490.012	-4174.48	0.515606	-0.856826
485.613	-4171.84	0.512689	-0.858574
481.204	-4169.21	0.509538	-0.860448
476.78	-4166.6	0.506008	-0.862529
472.341	-4164.01	0.502086	-0.864818
467.882	-4161.43	0.498063	-0.867141
463.406	-4158.87	0.494173	-0.869363
458.916	-4156.33	0.490484	-0.87145
454.416	-4153.81	0.487198	-0.873292
449.908	-4151.3	0.484401	-0.874846
445.388	-4148.8	0.482226	-0.876047
440.857	-4146.31	0.480405	-0.877047
436.314	-4143.83	0.478439	-0.878121
431.759	-4141.35	0.476136	-0.879372
427.19	-4138.89	0.473396	-0.880849
422.607	-4136.43	0.470398	-0.882455
418.009	-4133.99	0.467065	-0.884223
413.395	-4131.56	0.463171	-0.886269
408.765	-4129.15	0.458911	-0.888482
404.119	-4126.77	0.454643	-0.890674
399.46	-4124.4	0.450446	-0.892804
394.79	-4122.05	0.44617	-0.894948
390.11	-4119.73	0.441834	-0.897097
385.42	-4117.43	0.437489	-0.899224
380.719	-4115.16	0.43344	-0.901182
376.01	-4112.9	0.429748	-0.902949
371.293	-4110.67	0.426119	-0.904667
366.569	-4108.45	0.422491	-0.906367
361.836	-4106.25	0.419197	-0.907895
357.097	-4104.07	0.416211	-0.909268
352.353	-4101.91	0.41319	-0.910645
347.602	-4099.76	0.410154	-0.912016
342.844	-4097.63	0.407114	-0.913377
338.081	-4095.51	0.404441	-0.914564
333.314	-4093.41	0.402142	-0.915577
328.542	-4091.32	0.399901	-0.916558
323.767	-4089.24	0.397864	-0.917444
318.988	-4087.17	0.396237	-0.918148
314.207	-4085.11	0.39646	-0.918052
309.431	-4083.05	0.398633	-0.917111
304.661	-4080.97	0.401425	-0.915892
299.899	-4078.87	0.404653	-0.91447
295.146	-4076.76	0.408516	-0.912751
290.403	-4074.62	0.413077	-0.910696
285.673	-4072.47	0.4181	-0.908401
280.956	-4070.28	0.423312	-0.905984
276.252	-4068.07	0.428271	-0.90365
271.561	-4065.84	0.432997	-0.901395
266.883	-4063.58	0.437635	-0.899152
262.218	-4061.29	0.442277	-0.896878
257.566	-4058.99	0.447269	-0.8944
252.928	-4056.65	0.452777	-0.891624
248.306	-4054.29	0.458413	-0.888739
243.699	-4051.9	0.463868	-0.885904
239.104	-4049.48	0.469165	-0.88311
234.521	-4047.03	0.474314	-0.880356
229.948	-4044.56	0.479454	-0.877567
225.39	-4042.05	0.484785	-0.874634
220.847	-4039.52	0.49042	-0.871486
216.323	-4036.96	0.496392	-0.868099
211.818	-4034.36	0.502653	-0.864488
207.332	-4031.74	0.508868	-0.860844
202.866	-4029.08	0.514823	-0.857297
198.417	-4026.39	0.520688	-0.853747
193.542	-4023.4	0.527025	-0.84985
189.57	-4020.92	0.532	-0.846744
184.735	-4017.87	0.537833	-0.843051
180.357	-4015.06	0.54319	-0.83961
175.994	-4012.22	0.548638	-0.83606
171.647	-4009.35	0.554225	-0.832367
167.317	-4006.45	0.559783	-0.828639
163.005	-4003.52	0.565301	-0.824885
158.712	-4000.56	0.570936	-0.820994
154.44	-3997.57	0.576677	-0.816972
150.19	-3994.55	0.582552	-0.812793
145.961	-3991.5	0.588311	-0.808635
141.755	-3988.43	0.593878	-0.804555
137.57	-3985.32	0.599427	-0.800429
133.406	-3982.18	0.604943	-0.796268
129.265	-3979.02	0.610109	-0.792317
125.143	-3975.83	0.614921	-0.788589
121.04	-3972.61	0.619675	-0.784858
116.956	-3969.37	0.624354	-0.781141
112.892	-3966.11	0.628933	-0.77746
108.848	-3962.82	0.633104	-0.774067
104.822	-3959.52	0.636833	-0.771002
100.812	-3956.19	0.640347	-0.768086
96.8176	-3952.85	0.643571	-0.765387
92.8377	-3949.49	0.646276	-0.763104
88.8695	-3946.12	0.648506	-0.76121
84.9116	-3942.75	0.650533	-0.759478
80.9624	-3939.36	0.652408	-0.757868
77.0198	-3935.95	0.65418	-0.756339
73.0833	-3932.54	0.655703	-0.755019
69.1519	-3929.13	0.657015	-0.753878
65.226	-3925.7	0.658307	-0.752749
61.3063	-3922.27	0.659532	-0.751676
57.3917	-3918.83	0.660394	-0.750919
53.4786	-3915.38	0.660962	-0.75042
49.5675	-3911.94	0.66155	-0.749901
45.6598	-3908.49	0.662143	-0.749377
41.7548	-3905.04	0.662736	-0.748853
37.8519	-3901.58	0.663137	-0.748498
33.9497	-3898.12	0.663343	-0.748315
30.0465	-3894.66	0.663532	-0.748148
26.1404	-3891.2	0.663621	-0.748069
22.2305	-3887.73	0.663359	-0.748301
18.315	-3884.26	0.662685	-0.748898
14.3921	-3880.79	0.661784	-0.749695
10.4612	-3877.32	0.660797	-0.750564
6.52216	-3873.86	0.659852	-0.751396
2.57547	-3870.4	0.659734	-0.751499
-1.37393	-3866.93	0.660401	-0.750913
-5.32477	-3863.45	0.661072	-0.750323
-9.277	-3859.96	0.661744	-0.74973
-13.226	-3856.47	0.669042	-0.743224
-17.1257	-3852.9	0.682796	-0.730609
-20.9634	-3849.26	0.696316	-0.717735
-24.7377	-3845.55	0.709596	-0.704608
-28.447	-3841.75	0.722633	-0.691232
-32.0895	-3837.89	0.735855	-0.67714
-35.6599	-3833.94	0.749206	-0.662337
-39.1562	-3829.93	0.762136	-0.647417
-42.5778	-3825.83	0.774521	-0.632549
-45.925	-3821.67	0.786328	-0.617809
-49.2057	-3817.45	0.790532	-0.61242
-52.4924	-3813.22	0.787284	-0.616591
-55.8031	-3809.02	0.7836	-0.621265
-59.1392	-3804.83	0.77941	-0.626514
-62.5042	-3800.67	0.77449	-0.632587
-65.9028	-3796.54	0.768887	-0.639385
-69.3378	-3792.44	0.762851	-0.646575
-72.8114	-3788.37	0.75639	-0.654121
-76.3252	-3784.34	0.749514	-0.661988
-79.881	-3780.35	0.742142	-0.670243
-83.4809	-3776.4	0.734267	-0.678861
-87.1267	-3772.5	0.725985	-0.687711
-90.8193	-3768.64	0.717365	-0.696698
-94.5589	-3764.82	0.708769	-0.705441
-98.3435	-3761.06	0.700258	-0.71389
-102.172	-3757.34	0.691606	-0.722275
-106.044	-3753.67	0.682888	-0.730523
-109.959	-3750.04	0.674235	-0.738517
-113.915	-3746.46	0.666323	-0.745663
-117.905	-3742.92	0.659329	-0.751854
-121.927	-3739.42	0.65284	-0.757496
-125.976	-3735.96	0.646837	-0.762628
-130.05	-3732.52	0.641278	-0.767309
-134.148	-3729.11	0.636562	-0.771226
-138.263	-3725.73	0.632688	-0.774407
-142.394	-3722.37	0.629195	-0.777247
-146.538	-3719.03	0.626068	-0.779769
-150.694	-3715.7	0.623896	-0.781507
-154.855	-3712.38	0.622711	-0.782452
-159.02	-3709.07	0.621906	-0.783092
-163.187	-3705.76	0.621324	-0.783554
-167.355	-3702.46	0.620753	-0.784006
-171.525	-3699.16	0.620274	-0.784385
-175.696	-3695.86	0.61976	-0.784791
-179.868	-3692.57	0.618888	-0.785479
-184.044	-3689.28	0.617756	-0.78637
-188.223	-3686.01	0.616643	-0.787243
-192.406	-3682.73	0.615737	-0.787951
-196.592	-3679.46	0.615052	-0.788487
-200.778	-3676.2	0.614655	-0.788796
-204.965	-3672.94	0.614611	-0.78883
-209.151	-3669.68	0.615057	-0.788482
-213.333	-3666.41	0.615982	-0.78776
-217.509	-3663.14	0.617133	-0.786859
-221.68	-3659.87	0.618309	-0.785935
-225.845	-3656.59	0.619342	-0.785121
-230.005	-3653.3	0.620148	-0.784485
-234.161	-3650.01	0.620566	-0.784154
-238.316	-3646.73	0.620449	-0.784247
-242.471	-3643.44	0.619843	-0.784726
-246.628	-3640.16	0.618879	-0.785486
-250.789	-3636.89	0.617645	-0.786457
-254.954	-3633.62	0.616232	-0.787565
-259.124	-3630.36	0.61478	-0.788699
-263.3	-3627.11	0.613324	-0.789832
-267.48	-3623.87	0.611862	-0.790964
-271.666	-3620.64	0.61037	-0.792117
-275.857	-3617.41	0.608787	-0.793334
-280.053	-3614.2	0.607025	-0.794682
-284.256	-3610.99	0.605115	-0.796138
-288.466	-3607.8	0.603024	-0.797723
-292.684	-3604.62	0.600649	-0.799513
-296.911	-3601.45	0.597947	-0.801535
-301.148	-3598.3	0.594793	-0.803879
-305.397	-3595.17	0.591192	-0.806531
-309.66	-3592.06	0.587145	-0.809482
-313.939	-3588.97	0.582616	-0.812748
-318.234	-3585.9	0.577674	-0.816268
-322.547	-3582.87	0.572784	-0.819707
-326.876	-3579.86	0.568003	-0.823026
-331.223	-3576.87	0.562973	-0.826475
-335.587	-3573.92	0.557692	-0.830048
-339.969	-3570.99	0.552107	-0.833773
-344.37	-3568.09	0.546434	-0.837502
-348.789	-3565.23	0.540911	-0.84108
-353.226	-3562.39	0.535659	-0.844435
-357.679	-3559.58	0.530938	-0.847411
-362.145	-3556.79	0.527369	-0.849636
-366.62	-3554.02	0.525022	-0.851089
-371.101	-3551.26	0.523577	-0.851979
-375.584	-3548.51	0.523245	-0.852183
-380.066	-3545.76	0.524231	-0.851576
-384.541	-3542.99	0.527278	-0.849693
-389.003	-3540.21	0.532311	-0.846549
-393.445	-3537.4	0.538438	-0.842665
-397.865	-3534.56	0.545075	-0.838387
-402.262	-3531.68	0.549346	-0.835595
-406.649	-3528.79	0.551211	-0.834366
-411.03	-3525.89	0.553065	-0.833138
-415.408	-3522.98	0.554908	-0.831912
-419.784	-3520.06	0.556746	-0.830683
-424.159	-3517.12	0.55837	-0.829592
-428.536	-3514.17	0.559649	-0.82873
-432.915	-3511.21	0.560524	-0.828138
-437.294	-3508.24	0.560883	-0.827895
-441.674	-3505.28	0.558585	-0.829448
-446.067	-3502.33	0.553744	-0.832687
-450.477	-3499.42	0.548597	-0.836087
-454.904	-3496.53	0.543179	-0.839617
-459.349	-3493.67	0.537551	-0.843231
-463.813	-3490.84	0.533601	-0.845736
-468.289	-3488.02	0.532382	-0.846504
-472.77	-3485.2	0.531218	-0.847235
-477.254	-3482.4	0.530088	-0.847943
-481.743	-3479.59	0.528962	-0.848645
-486.237	-3476.79	0.527941	-0.849281
-490.736	-3474	0.527089	-0.84981
-495.238	-3471.21	0.52626	-0.850324
-499.744	-3468.42	0.525434	-0.850834
-504.254	-3465.64	0.524606	-0.851345
-508.769	-3462.86	0.523867	-0.8518
-513.288	-3460.08	0.523261	-0.852173
-517.811	-3457.31	0.522653	-0.852545
-522.337	-3454.54	0.522045	-0.852918
-526.867	-3451.77	0.521347	-0.853345
-531.401	-3449	0.520516	-0.853852
-535.939	-3446.23	0.519683	-0.854359
-540.482	-3443.47	0.518849	-0.854866
-545.03	-3440.71	0.518013	-0.855373
-549.584	-3437.96	0.517087	-0.855933
-554.146	-3435.21	0.516025	-0.856573
-558.716	-3432.46	0.51496	-0.857214
-563.295	-3429.71	0.513892	-0.857855
-567.881	-3426.96	0.51282	-0.858496
-572.476	-3424.22	0.511747	-0.859136
-577.54	-3421.21	0.510567	-0.859838
-581.691	-3418.75	0.509599	-0.860412
-586.31	-3416.02	0.508519	-0.861051
-590.938	-3413.29	0.507439	-0.861688
-596.038	-3410.29	0.506249	-0.862388
-600.683	-3407.56	0.505164	-0.863024
-605.336	-3404.84	0.504076	-0.86366
-609.531	-3402.4	0.503094	-0.864232
-614.668	-3399.41	0.501892	-0.86493
-619.346	-3396.7	0.5008	-0.865563
-624.032	-3393.99	0.499704	-0.866196
-628.726	-3391.29	0.498617	-0.866822
-633.425	-3388.59	0.497845	-0.867266
-638.125	-3385.89	0.497508	-0.867459
-642.825	-3383.19	0.497489	-0.86747
-647.523	-3380.5	0.497887	-0.867242
-652.218	-3377.8	0.498748	-0.866747
-656.91	-3375.1	0.499813	-0.866133
-661.596	-3372.39	0.500967	-0.865467
-666.278	-3369.68	0.502286	-0.864701
-670.954	-3366.96	0.503657	-0.863904
-675.625	-3364.23	0.505077	-0.863074
-680.291	-3361.49	0.50663	-0.862164
-684.95	-3358.75	0.508295	-0.861183
-689.602	-3356	0.509978	-0.860187
-694.249	-3353.24	0.511674	-0.85918
-698.888	-3350.47	0.513278	-0.858222
-703.522	-3347.7	0.514771	-0.857327
-708.15	-3344.91	0.516263	-0.85643
-712.771	-3342.12	0.517753	-0.85553
-717.388	-3339.33	0.519241	-0.854628
-722.001	-3336.52	0.5205	-0.853862
-726.614	-3333.7	0.52153	-0.853233
-731.225	-3330.88	0.52256	-0.852602
-735.836	-3328.05	0.52359	-0.85197
-740.446	-3325.22	0.524619	-0.851337
-745.053	-3322.37	0.525649	-0.850702
-749.66	-3319.53	0.526678	-0.850065
-754.268	-3316.67	0.527708	-0.849426
-758.874	-3313.8	0.528738	-0.848785
-763.478	-3310.93	0.529653	-0.848215
-768.079	-3308.06	0.530453	-0.847714
-772.675	-3305.18	0.531253	-0.847213
-777.267	-3302.3	0.532052	-0.846712
-781.856	-3299.41	0.53285	-0.84621
-786.44	-3296.52	0.535114	-0.84478
-791.012	-3293.61	0.538835	-0.842412
-795.571	-3290.68	0.542545	-0.840027
-800.115	-3287.74	0.546244	-0.837626
-804.645	-3284.77	0.550041	-0.835138
-809.16	-3281.79	0.553934	-0.832561
-813.661	-3278.78	0.557815	-0.829965
-818.146	-3275.75	0.561683	-0.827353
-822.616	-3272.71	0.565539	-0.824722
-827.072	-3269.64	0.569165	-0.822224
-831.516	-3266.55	0.572563	-0.81986
-835.949	-3263.45	0.575953	-0.817483
-840.37	-3260.32	0.579334	-0.81509
-844.781	-3257.17	0.582705	-0.812684
-849.179	-3254.01	0.585962	-0.810339
-853.567	-3250.83	0.589105	-0.808057
-857.943	-3247.62	0.592239	-0.805762
-862.309	-3244.41	0.595365	-0.803456
-866.663	-3241.17	0.598482	-0.801136
-871.005	-3237.91	0.601486	-0.798883
-875.337	-3234.64	0.604378	-0.796698
-879.659	-3231.35	0.607262	-0.794501
-883.969	-3228.05	0.610139	-0.792294
-888.269	-3224.73	0.612904	-0.790157
-892.559	-3221.39	0.615558	-0.788091
-896.839	-3218.04	0.618206	-0.786016
-901.109	-3214.67	0.620847	-0.783932
-905.368	-3211.29	0.623481	-0.781838
-909.618	-3207.89	0.625901	-0.779902
-913.859	-3204.48	0.628109	-0.778126
-918.091	-3201.06	0.630311	-0.776343
-922.315	-3197.62	0.632509	-0.774553
-926.531	-3194.17	0.634702	-0.772757
-930.738	-3190.7	0.636719	-0.771096
-934.937	-3187.23	0.638649	-0.769498
-939.129	-3183.74	0.640747	-0.767752
-943.312	-3180.24	0.642978	-0.765885
-947.486	-3176.73	0.64527	-0.763955
-951.65	-3173.21	0.647158	-0.762356
-955.809	-3169.67	0.648663	-0.761076
-959.961	-3166.13	0.650258	-0.759714
-964.107	-3162.57	0.652014	-0.758207
-968.245	-3159.01	0.653997	-0.756497
-972.375	-3155.43	0.656042	-0.754724
-976.497	-3151.84	0.658191	-0.752851
-980.608	-3148.23	0.660733	-0.750621
-984.708	-3144.61	0.663755	-0.74795
-988.793	-3140.97	0.667082	-0.744985
-992.863	-3137.32	0.670717	-0.741713
-996.915	-3133.64	0.674812	-0.73799
-1000.95	-3129.93	0.679273	-0.733885
-1004.96	-3126.2	0.684128	-0.729362
-1008.94	-3122.44	0.689137	-0.724631
-1012.9	-3118.66	0.694262	-0.719722
-1016.83	-3114.84	0.699764	-0.714374
-1020.74	-3110.99	0.705638	-0.708573
-1024.61	-3107.11	0.711901	-0.70228
-1028.45	-3103.19	0.718372	-0.695659
-1032.25	-3099.24	0.725048	-0.688698
-1036.01	-3095.24	0.732138	-0.681156
-1039.73	-3091.21	0.739676	-0.672964
-1043.4	-3087.14	0.747657	-0.664086
-1047.02	-3083.01	0.7595	-0.650507
-1050.55	-3078.81	0.774892	-0.632094
-1053.98	-3074.52	0.790126	-0.612944
-1057.3	-3070.15	0.805014	-0.593256
-1060.51	-3065.7	0.819331	-0.573321
-1063.62	-3061.17	0.833053	-0.553193
-1066.61	-3056.57	0.846282	-0.532735
-1069.49	-3051.89	0.858984	-0.512003
-1072.53	-3046.67	0.872287	-0.488994
-1075.17	-3041.85	0.883309	-0.468791
-1077.46	-3037.46	0.8923	-0.451443
-1080.13	-3032.04	0.902634	-0.430408
-1082.46	-3027.06	0.911395	-0.411533
-1084.68	-3022.03	0.91941	-0.393301
-1086.8	-3016.96	0.925944	-0.377662
-1088.85	-3011.86	0.931018	-0.364974
-1090.83	-3006.73	0.935299	-0.353858
-1092.75	-3001.58	0.938868	-0.344277
-1094.63	-2996.41	0.941125	-0.338059
-1096.48	-2991.23	0.942022	-0.335552
-1098.32	-2986.05	0.942209	-0.335025
-1100.17	-2980.87	0.942097	-0.335342
-1102.01	-2975.7	0.942021	-0.335554
-1103.86	-2970.52	0.941732	-0.336365
-1105.71	-2965.34	0.941125	-0.33806
-1107.57	-2960.17	0.940366	-0.340165
-1109.45	-2955	0.939415	-0.342781
-1111.34	-2949.84	0.938209	-0.34607
-1113.25	-2944.69	0.936811	-0.349837
-1115.18	-2939.54	0.935393	-0.353609
-1117.13	-2934.4	0.934018	-0.357225
-1119.1	-2929.27	0.932702	-0.360649
-1121.09	-2924.15	0.931455	-0.363858
-1123.1	-2919.04	0.930316	-0.366758
-1125.12	-2913.93	0.929353	-0.369193
-1127.15	-2908.82	0.928645	-0.370969
-1129.19	-2903.72	0.928248	-0.371961
-1131.24	-2898.62	0.928048	-0.37246
-1133.28	-2893.52	0.927886	-0.372864
-1135.33	-2888.43	0.927745	-0.373215
-1137.38	-2883.33	0.927672	-0.373395
-1139.43	-2878.24	0.927651	-0.373449
-1141.49	-2873.14	0.927683	-0.373369
-1143.54	-2868.05	0.927817	-0.373035
-1145.58	-2862.95	0.928039	-0.372483
-1147.63	-2857.85	0.928247	-0.371964
-1149.67	-2852.76	0.928415	-0.371545
-1151.71	-2847.66	0.928638	-0.370986
-1153.74	-2842.56	0.928955	-0.370193
-1155.77	-2837.46	0.92937	-0.369149
-1157.79	-2832.36	0.929855	-0.367927
-1159.81	-2827.26	0.930445	-0.366431
-1161.82	-2822.15	0.931194	-0.364525
-1163.81	-2817.04	0.932049	-0.362334
-1165.79	-2811.93	0.932979	-0.359931
-1167.76	-2806.81	0.933938	-0.357436
-1169.72	-2801.68	0.934938	-0.354812
-1171.66	-2796.55	0.936042	-0.351887
-1173.58	-2791.42	0.937255	-0.348644
-1175.48	-2786.28	0.938498	-0.345284
-1177.37	-2781.13	0.939737	-0.341899
-1179.24	-2775.98	0.940987	-0.338442
-1181.08	-2770.82	0.942225	-0.334981
-1182.91	-2765.65	0.943469	-0.331462
-1184.71	-2760.48	0.94639	-0.323027
-1186.45	-2755.29	0.950915	-0.309452
-1188.12	-2750.07	0.955397	-0.295323
-1189.7	-2744.83	0.95982	-0.280618
-1191.21	-2739.57	0.964158	-0.26533
-1192.62	-2734.28	0.968395	-0.24942
-1193.95	-2728.97	0.972425	-0.233214
-1195.19	-2723.65	0.976124	-0.217215
-1196.35	-2718.3	0.979446	-0.201706
-1197.42	-2712.94	0.982307	-0.187277
-1198.41	-2707.56	0.984733	-0.174072
-1199.34	-2702.17	0.986825	-0.161791
-1200.19	-2696.77	0.988665	-0.150135
-1200.99	-2691.36	0.990364	-0.138487
-1201.72	-2685.95	0.99193	-0.126785
-1202.39	-2680.53	0.993381	-0.114869
-1202.99	-2675.1	0.994751	-0.102329
-1203.52	-2669.67	0.996014	-0.089195
-1203.98	-2664.23	0.997063	-0.0765893
-1204.37	-2658.78	0.997901	-0.0647553
-1204.7	-2653.34	0.998588	-0.0531204
-1204.96	-2647.89	0.999108	-0.0422368
-1205.17	-2642.44	0.99947	-0.0325387
-1205.33	-2636.98	0.999694	-0.0247254
-1205.45	-2631.53	0.999819	-0.019001
-1205.54	-2626.08	0.999887	-0.015037
-1205.62	-2620.63	0.999922	-0.0124958
-1205.68	-2615.18	0.999939	-0.0110478
-1205.74	-2609.73	0.999948	-0.010209
-1205.8	-2604.29	0.999954	-0.00959683
-1205.85	-2598.84	0.999956	-0.00938902
-1205.9	-2593.4	0.999954	-0.00957147
-1205.95	-2587.96	0.999948	-0.0101616
-1206.01	-2582.51	0.999941	-0.0109081
-1206.07	-2577.07	0.999935	-0.011397
-1206.13	-2571.64	0.999933	-0.0115569
-1206.2	-2566.2	0.999935	-0.0113731
-1206.26	-2560.76	0.999941	-0.010888
-1206.31	-2555.32	0.999948	-0.0102188
-1206.37	-2549.89	0.999955	-0.00949201
-1206.42	-2544.45	0.999962	-0.00873444
-1206.46	-2539.02	0.999974	-0.00718012
-1206.5	-2533.59	0.999988	-0.00498064
-1206.52	-2528.16	0.999996	-0.00293571
-1206.53	-2522.73	1	-0.000903436
-1206.53	-2517.3	0.999999	0.00118748
-1206.52	-2511.87	0.999997	0.00257671
-1206.51	-2506.44	0.999995	0.00327819
-1206.49	-2501.02	0.999992	0.00410246
-1206.46	-2495.59	0.999987	0.00500192
-1206.43	-2490.17	0.999983	0.00577378
-1206.4	-2484.74	0.999979	0.00641505
-1206.36	-2479.32	0.999975	0.00708696
-1206.32	-2473.9	0.99997	0.00778949
-1206.28	-2468.48	0.999964	0.00851571
-1206.23	-2463.06	0.999957	0.00931879
-1206.18	-2457.64	0.999947	0.0102777
-1206.12	-2452.22	0.999935	0.0113906
-1206.06	-2446.81	0.999921	0.0125617
-1205.99	-2441.4	0.999907	0.0136012
-1205.91	-2435.98	0.999895	0.0145062
-1205.83	-2430.57	0.999881	0.0154112
-1205.75	-2425.16	0.999867	0.016316
-1205.66	-2419.75	0.999852	0.0172206
-1205.56	-2414.35	0.999808	0.0195865
-1205.45	-2408.94	0.999726	0.0234132
-1205.31	-2403.54	0.999629	0.0272393
-1205.16	-2398.14	0.999517	0.0310648
-1204.98	-2392.74	0.999446	0.0332949
-1204.8	-2387.34	0.999424	0.0339301
-1204.61	-2381.94	0.999402	0.0345651
-1204.43	-2376.55	0.99938	0.0352001
-1204.24	-2371.15	0.999358	0.0358351
-1204.04	-2365.75	0.999344	0.0362032
-1203.84	-2360.35	0.999341	0.0362972
-1203.65	-2354.94	0.999342	0.0362653
-1203.45	-2349.54	0.999357	0.0358664
-1203.26	-2344.13	0.999386	0.0350461
-1203.07	-2338.72	0.999421	0.0340184
-1202.89	-2333.31	0.999457	0.0329571
-1202.71	-2327.9	0.999491	0.0318959
-1202.54	-2322.49	0.999525	0.0308345
-1202.38	-2317.08	0.999561	0.0296394
-1202.22	-2311.67	0.999599	0.0283107
-1202.07	-2306.27	0.999636	0.0269822
-1201.93	-2300.86	0.999671	0.0256538
-1201.79	-2295.46	0.999704	0.0243258
-1201.66	-2290.05	0.999736	0.0229982
-1201.54	-2284.65	0.999765	0.0216711
-1201.43	-2279.25	0.999793	0.0203443
-1201.32	-2273.85	0.999819	0.0190177
-1201.22	-2268.45	0.999841	0.0178251
-1201.13	-2263.05	0.999859	0.0167666
-1201.04	-2257.65	0.999877	0.0157082
-1200.96	-2252.26	0.999893	0.01465
-1200.88	-2246.86	0.999908	0.0135918
-1200.81	-2241.46	0.99992	0.0126675
-1200.74	-2236.07	0.999929	0.0118768
-1200.68	-2230.68	0.999939	0.0110862
-1200.62	-2225.28	0.999947	0.0102958
-1200.57	-2219.89	0.999955	0.0095081
-1200.52	-2214.49	0.999962	0.00872685
-1200.47	-2209.1	0.999968	0.00795539
-1200.43	-2203.7	0.999974	0.00719002
-1200.4	-2198.3	0.999979	0.00643861
-1200.36	-2192.91	0.999984	0.00571217
-1200.33	-2187.52	0.999987	0.00500539
-1200.31	-2182.12	0.999991	0.00430328
-1200.29	-2176.73	0.999994	0.00360137
-1200.27	-2171.34	0.999996	0.00289952
-1200.25	-2165.95	0.999998	0.00219737
-1200.24	-2160.55	0.999999	0.00149476
-1200.24	-2155.15	1	0.000791929
-1200.23	-2149.75	1	8.85908e-05
-1200.23	-2144.34	1	-0.000508241
-1200.24	-2138.94	1	-0.000944551
-1200.24	-2133.53	0.999999	-0.00138132
-1200.25	-2128.12	0.999998	-0.00181885
-1200.26	-2122.7	0.999997	-0.00225682
-1200.28	-2117.28	0.999996	-0.00269491
-1200.29	-2111.86	0.999995	-0.00313301
-1200.31	-2106.43	0.999994	-0.00357139
-1200.33	-2101.01	0.999992	-0.00401034
-1200.35	-2095.57	0.99999	-0.00444969
-1200.38	-2090.14	0.999988	-0.00488897
-1200.41	-2084.7	0.999986	-0.00532856
-1200.44	-2079.26	0.999983	-0.00576852
-1200.47	-2073.82	0.999981	-0.00620855
-1200.5	-2068.38	0.999978	-0.00664862
-1200.54	-2062.94	0.999975	-0.00708898
-1200.58	-2057.49	0.999972	-0.00752959
-1200.62	-2052.05	0.999968	-0.00797041
-1200.66	-2046.6	0.999998	0.00200364
-1200.59	-2041.15	0.999619	0.0275987
-1200.39	-2035.69	0.998584	0.0531966
-1200.04	-2030.24	0.996892	0.0787788
-1199.55	-2024.79	0.994546	0.104299
-1198.87	-2018.81	0.992851	0.119362
-1198.28	-2013.91	0.992899	0.118962
-1197.56	-2007.93	0.992965	0.118407
-1196.98	-2003.03	0.993038	0.117793
-1196.27	-1997.05	0.993291	0.115641
-1195.65	-1991.61	0.993694	0.112122
-1195.04	-1986.16	0.994131	0.108183
-1194.46	-1980.71	0.994598	0.103799
-1193.9	-1975.26	0.995094	0.0989295
-1193.37	-1969.81	0.99568	0.0928537
-1192.88	-1964.36	0.99633	0.0855952
-1192.43	-1958.9	0.99696	0.0779138
-1192.02	-1953.44	0.997554	0.0698948
-1191.65	-1947.98	0.998089	0.0617869
-1191.33	-1942.52	0.998556	0.0537255
-1191.06	-1937.06	0.998958	0.0456491
-1190.82	-1931.59	0.999294	0.0375714
-1190.64	-1926.13	0.999564	0.0295238
-1190.49	-1920.67	0.999757	0.0220284
-1190.39	-1915.2	0.999881	0.0154264
-1190.32	-1909.74	0.999954	0.00960359
-1190.27	-1904.28	0.999989	0.0046231
-1190.26	-1898.81	1	0.000829855
-1190.26	-1893.35	0.999998	-0.00206199
-1190.28	-1887.9	0.999989	-0.00479082
-1190.31	-1882.44	0.999972	-0.00750523
-1190.36	-1876.98	0.999948	-0.0102194
-1190.42	-1871.53	0.99992	-0.0126629
-1190.49	-1866.07	0.99989	-0.0148353
-1190.58	-1860.62	0.999855	-0.0170072
-1190.67	-1855.16	0.999816	-0.0191786
-1190.78	-1849.71	0.999772	-0.0213495
-1190.91	-1844.26	0.99973	-0.0232496
-1191.04	-1838.81	0.99969	-0.0248793
-1191.17	-1833.36	0.999649	-0.0265093
-1191.32	-1827.91	0.999604	-0.0281388
-1191.48	-1822.47	0.999561	-0.0296328
-1191.64	-1817.02	0.99952	-0.0309952
-1191.82	-1811.58	0.999474	-0.0324329
-1192	-1806.13	0.999419	-0.0340788
-1192.19	-1800.69	0.99935	-0.0360401
-1192.39	-1795.25	0.999269	-0.0382223
-1192.6	-1789.81	0.999174	-0.040628
-1192.83	-1784.38	0.999058	-0.0433962
-1193.07	-1778.94	0.998918	-0.0465127
-1193.33	-1773.51	0.998752	-0.049943
-1193.61	-1768.08	0.998566	-0.0535316
-1193.91	-1762.65	0.998361	-0.0572236
-1194.23	-1757.23	0.998142	-0.0609345
-1194.57	-1751.8	0.997928	-0.0643427
-1194.92	-1746.38	0.997746	-0.0670998
-1195.29	-1740.97	0.997604	-0.0691813
-1195.67	-1735.55	0.997485	-0.0708792
-1196.06	-1730.13	0.997373	-0.0724301
-1196.45	-1724.72	0.997262	-0.0739536
-1196.86	-1719.31	0.997174	-0.0751241
-1197.27	-1713.9	0.997122	-0.0758153
-1197.68	-1708.49	0.997092	-0.0762131
-1198.09	-1703.09	0.997084	-0.0763068
-1198.51	-1697.68	0.997118	-0.0758676
-1198.92	-1692.28	0.997185	-0.0749744
-1199.32	-1686.88	0.997258	-0.0740003
-1199.72	-1681.47	0.997331	-0.0730132
-1200.11	-1676.07	0.997403	-0.0720259
-1200.5	-1670.67	0.997483	-0.0709062
-1200.88	-1665.27	0.997571	-0.0696535
-1201.26	-1659.86	0.997658	-0.0684002
-1201.62	-1654.45	0.997743	-0.0671472
-1201.99	-1649.04	0.997827	-0.0658928
-1202.34	-1643.63	0.997909	-0.0646373
-1202.69	-1638.21	0.997989	-0.0633825
-1203.03	-1632.8	0.998068	-0.0621282
-1203.36	-1627.38	0.998146	-0.0608731
-1203.69	-1621.96	0.998221	-0.0596166
-1204.01	-1616.54	0.998296	-0.0583595
-1204.33	-1611.12	0.998368	-0.0571021
-1204.63	-1605.7	0.998439	-0.0558446
-1204.93	-1600.29	0.998509	-0.0545879
-1205.23	-1594.87	0.998577	-0.0533316
-1205.51	-1589.46	0.998643	-0.0520752
-1205.79	-1584.04	0.998709	-0.0507913
-1206.07	-1578.63	0.998784	-0.0492988
-1206.33	-1573.21	0.998884	-0.0472244
-1206.58	-1567.8	0.999008	-0.0445375
-1206.81	-1562.39	0.999138	-0.0415169
-1207.03	-1556.98	0.999265	-0.0383394
-1207.23	-1551.57	0.999383	-0.0351283
-1207.42	-1546.16	0.99949	-0.0319183
-1207.58	-1540.75	0.999586	-0.0287735
-1207.73	-1535.34	0.999666	-0.0258506
-1207.87	-1529.93	0.999728	-0.0233123
-1207.99	-1524.52	0.999768	-0.0215278
-1208.1	-1519.12	0.999791	-0.0204554
-1208.21	-1513.71	0.999807	-0.0196617
-1208.31	-1508.31	0.99982	-0.0189703
-1208.42	-1502.91	0.999833	-0.0182892
-1208.51	-1497.5	0.999845	-0.0176086
-1208.61	-1492.1	0.999857	-0.0169277
-1208.7	-1486.7	0.999868	-0.0162468
-1208.78	-1481.3	0.999879	-0.015566
-1208.87	-1475.9	0.999889	-0.0148853
-1208.94	-1470.49	0.999899	-0.014205
-1209.02	-1465.09	0.999909	-0.0135251
-1209.09	-1459.69	0.999917	-0.0128452
-1209.16	-1454.28	0.999926	-0.012175
-1209.22	-1448.87	0.999933	-0.0115585
-1209.29	-1443.46	0.999939	-0.0110466
-1209.34	-1438.05	0.999943	-0.0106467
-1209.4	-1432.64	0.999947	-0.0103326
-1209.46	-1427.23	0.999948	-0.0101869
-1209.51	-1421.82	0.999948	-0.0101745
-1209.57	-1416.4	0.999948	-0.010162
-1209.62	-1410.99	0.999948	-0.0101501
-1209.68	-1405.57	0.999949	-0.0101386
-1209.73	-1400.16	0.999949	-0.0101267
-1209.79	-1394.74	0.999949	-0.0101149
-1209.84	-1389.33	0.999949	-0.0101034
-1209.9	-1383.91	0.999949	-0.0100915
-1209.95	-1378.5	0.999949	-0.0100794
-1210	-1373.09	0.999949	-0.0100672
-1210.06	-1367.67	0.999949	-0.0100548
-1210.11	-1362.26	0.99995	-0.0100424
-1210.17	-1356.85	0.99995	-0.01003
-1210.22	-1351.44	0.99995	-0.0100173
-1210.28	-1346.03	0.99995	-0.0100047
-1210.33	-1340.61	0.99995	-0.00999239
-1210.38	-1335.2	0.99995	-0.00997972
-1210.44	-1329.25	0.99995	-0.00996547
-1210.49	-1324.38	0.99995	-0.00995412
-1210.55	-1318.98	0.999951	-0.00994176
-1210.61	-1313.02	0.999951	-0.00992823
-1210.65	-1308.15	0.999951	-0.00991795
-1210.71	-1302.74	0.999951	-0.00990701
-1210.77	-1296.78	0.999951	-0.00989431
-1210.82	-1291.36	0.999951	-0.00988245
-1210.87	-1285.94	0.999951	-0.00987077
-1210.93	-1280.52	0.999951	-0.0098588
-1210.98	-1275.1	0.999952	-0.00984663
-1211.03	-1269.67	0.999952	-0.00983477
-1211.09	-1264.25	0.999952	-0.00982306
-1211.14	-1258.82	0.999952	-0.00984545
-1211.19	-1253.39	0.99995	-0.0100364
-1211.25	-1247.96	0.999944	-0.0105375
-1211.31	-1242.53	0.999936	-0.0113312
-1211.37	-1237.1	0.999925	-0.0122343
-1211.44	-1231.68	0.999915	-0.0130271
-1211.51	-1226.25	0.999909	-0.0135056
-1211.59	-1220.82	0.999909	-0.0134999
-1211.66	-1215.39	0.999916	-0.0129438
-1211.73	-1209.96	0.999929	-0.0119048
-1211.79	-1204.53	0.999944	-0.0105382
-1211.84	-1199.1	0.999961	-0.00884654
-1211.89	-1193.67	0.999976	-0.00694791
-1211.92	-1188.23	0.999987	-0.00504418
-1211.94	-1182.8	0.999995	-0.00314043
-1211.96	-1177.36	0.999999	-0.00123766
-1211.96	-1171.93	1	0.000667128
-1211.95	-1166.48	0.999997	0.00257337
-1211.93	-1161.04	0.99999	0.00447128
-1211.9	-1155.59	0.99998	0.006307
-1211.87	-1150.14	0.999969	0.00785039
-1211.82	-1144.68	0.999959	0.00903935
-1211.77	-1139.22	0.99995	0.0100327
-1211.71	-1133.75	0.99994	0.0109289
-1211.65	-1128.27	0.99993	0.0118068
-1211.58	-1122.78	0.999919	0.0126887
-1211.51	-1117.29	0.999908	0.0135746
-1211.44	-1111.79	0.999896	0.0144532
-1211.35	-1106.28	0.999883	0.0153041
-1211.27	-1100.76	0.999873	0.0159658
-1211.18	-1095.24	0.999865	0.0164408
-1211.09	-1089.71	0.999857	0.0168879
-1210.99	-1084.17	0.99985	0.017324
-1210.89	-1078.63	0.999842	0.0177593
-1210.8	-1073.07	0.999834	0.0181977
-1210.69	-1067.51	0.999826	0.018639
-1210.59	-1061.94	0.999818	0.0190796
-1210.48	-1056.37	0.999809	0.0195195
-1210.37	-1050.78	0.999804	0.0198223
-1210.26	-1045.19	0.9998	0.0199882
-1210.15	-1039.6	0.999797	0.0201532
-1210.03	-1033.99	0.999794	0.0203174
-1209.92	-1028.38	0.99979	0.0204808
-1209.8	-1022.76	0.999787	0.0206461
-1209.69	-1017.13	0.999783	0.0208134
-1209.57	-1011.49	0.99978	0.0209798
-1209.45	-1005.85	0.999776	0.0211453
-1209.33	-1000.2	0.999776	0.0211565
-1209.21	-994.557	0.99978	0.0209744
-1209.09	-988.913	0.999785	0.0207385
-1208.98	-983.27	0.99979	0.020485
-1208.86	-977.629	0.999795	0.0202287
-1208.75	-971.989	0.999801	0.0199722
-1208.64	-966.35	0.999806	0.0197156
-1208.53	-960.712	0.999811	0.0194592
-1208.42	-955.076	0.999816	0.019203
-1208.31	-949.441	0.99982	0.0189471
-1208.2	-943.808	0.999825	0.018691
-1208.1	-938.176	0.99983	0.0184348
-1208	-932.545	0.999835	0.0181788
-1207.89	-926.915	0.999839	0.0179229
-1207.79	-921.286	0.999844	0.017667
-1207.69	-915.653	0.999848	0.0174106
-1207.6	-910.015	0.999853	0.0171534
-1207.5	-904.37	0.999857	0.0168953
-1207.41	-898.719	0.999862	0.0166363
-1207.31	-893.067	0.999866	0.0163779
-1207.22	-887.416	0.99987	0.0161206
-1207.13	-881.766	0.999874	0.0158636
-1207.04	-876.117	0.999878	0.0156067
-1206.95	-870.47	0.999882	0.01535
-1206.87	-864.824	0.999886	0.0150932
-1206.78	-859.179	0.99989	0.0148364
-1206.7	-853.536	0.999894	0.0145755
-1206.62	-847.894	0.999898	0.014293
-1206.54	-842.253	0.999903	0.0139536
-1206.46	-836.614	0.999908	0.013553
-1206.38	-830.976	0.999914	0.0131159
-1206.31	-825.339	0.99992	0.0126396
-1206.24	-819.704	0.999927	0.012117
-1206.17	-814.07	0.999933	0.0115695
-1206.11	-808.437	0.999939	0.011019
-1206.05	-802.806	0.999945	0.0104687
-1205.99	-797.175	0.999951	0.00991871
-1205.94	-791.547	0.999956	0.00936904
-1205.89	-785.919	0.999961	0.00881933
-1205.84	-780.293	0.999966	0.00826957
-1205.79	-774.668	0.99997	0.00772012
-1205.75	-769.044	0.999974	0.00717097
-1205.71	-763.421	0.999978	0.00662194
-1205.68	-757.794	0.999982	0.00607217
-1205.64	-752.159	0.999985	0.00552088
-1205.61	-746.517	0.999988	0.00496791
-1205.59	-740.867	0.99999	0.0044133
-1205.56	-735.21	0.999993	0.00385853
-1205.54	-729.546	0.999995	0.00330376
-1205.52	-723.88	0.999996	0.00274819
-1205.51	-718.216	0.999998	0.00219262
-1205.5	-712.553	0.999999	0.00163736
-1205.49	-706.891	0.999999	0.00108274
-1205.49	-701.229	1	0.000528578
-1205.48	-695.564	1	-2.58883e-05
-1205.48	-689.896	1	-0.000581041
-1205.49	-684.224	0.999999	-0.00113703
-1205.5	-678.548	0.999999	-0.00155127
-1205.51	-672.869	0.999998	-0.00182372
-1205.52	-667.185	0.999998	-0.00209696
-1205.53	-661.497	0.999997	-0.00237105
-1205.54	-655.806	0.999997	-0.00264479
-1205.56	-650.111	0.999996	-0.00291815
-1205.58	-644.411	0.999995	-0.00319231
-1205.6	-638.708	0.999994	-0.00346731
-1205.62	-633.001	0.999993	-0.00374311
-1205.64	-627.29	0.999992	-0.00401826
-1205.66	-621.576	0.999991	-0.00429269
-1205.69	-615.857	0.99999	-0.00456799
-1205.71	-610.135	0.999988	-0.00484405
-1205.74	-604.409	0.999987	-0.00512092
-1205.77	-598.679	0.999985	-0.00539742
-1205.8	-592.945	0.999984	-0.00567299
-1205.84	-587.208	0.999982	-0.00594935
-1205.87	-581.467	0.999981	-0.00622652
-1205.91	-575.724	0.999979	-0.00650342
-1205.95	-569.983	0.999977	-0.00677909
-1205.99	-564.243	0.999975	-0.00705446
-1206.03	-558.504	0.999973	-0.00732953
-1206.07	-552.767	0.999971	-0.00760431
-1206.11	-547.031	0.999969	-0.00787927
-1206.16	-541.294	0.999967	-0.00815477
-1206.21	-535.55	0.999964	-0.00843099
-1206.26	-529.8	0.999962	-0.00870863
-1206.31	-524.043	0.99996	-0.00898764
-1206.36	-518.279	0.999958	-0.00915069
-1206.41	-512.509	0.999958	-0.00913911
-1206.46	-506.732	0.999958	-0.00912887
-1206.52	-500.948	0.999958	-0.00911993
-1206.57	-495.159	0.999959	-0.00911018
-1206.62	-489.362	0.999959	-0.00909857
-1206.68	-483.562	0.999959	-0.00908819
-1206.73	-477.764	0.999959	-0.00907838
-1206.78	-471.967	0.999959	-0.0090683
-1206.83	-466.171	0.999959	-0.00905731
-1206.89	-460.376	0.999959	-0.00904506
-1206.94	-454.584	0.999959	-0.0090325
-1206.99	-448.792	0.999959	-0.00901967
-1207.04	-443.002	0.999959	-0.00900704
-1207.1	-437.213	0.99996	-0.00899478
-1207.15	-431.426	0.99996	-0.00898223
-1207.2	-425.64	0.99996	-0.00896939
-1207.26	-419.277	0.99996	-0.00895498
-1207.31	-413.494	0.99996	-0.00894227
-1207.36	-407.713	0.99996	-0.00892999
-1207.41	-401.933	0.99996	-0.00891744
-1207.46	-396.154	0.99996	-0.00890462
-1207.51	-390.376	0.99996	-0.00889207
-1207.57	-384.6	0.999961	-0.00887983
-1207.62	-378.826	0.999961	-0.00886732
-1207.67	-373.053	0.999961	-0.0088545
-1207.72	-367.281	0.999961	-0.00884142
-1207.77	-361.511	0.999961	-0.00882875
-1207.82	-355.742	0.999961	-0.00881651
-1207.87	-349.974	0.999961	-0.008804
-1207.92	-344.208	0.999961	-0.00879122
-1207.97	-338.443	0.999961	-0.00877874
-1208.02	-332.68	0.999962	-0.00876654
-1208.07	-326.918	0.999962	-0.00875403
-1208.12	-321.157	0.999962	-0.00874125
-1208.17	-315.398	0.999962	-0.0087282
-1208.23	-309.64	0.999962	-0.00871557
-1208.28	-303.884	0.999962	-0.00870337
-1208.33	-298.129	0.999962	-0.00869089
-1208.38	-292.375	0.999962	-0.00867815
-1208.43	-286.623	0.999962	-0.00866511
-1208.47	-280.872	0.999963	-0.00865248
-1208.52	-275.123	0.999963	-0.00864028
-1208.57	-269.375	0.999963	-0.0086278
-1208.62	-263.628	0.999963	-0.00861506
-1208.67	-257.883	0.999963	-0.00860259
-1208.72	-252.139	0.999963	-0.00859042
-1208.77	-246.396	0.999963	-0.00857798
-1208.82	-240.655	0.999963	-0.00856524
-1208.87	-234.915	0.999963	-0.00855224
-1208.92	-229.175	0.999965	-0.00839588
-1208.97	-223.431	0.999967	-0.00809647
-1209.01	-217.681	0.99997	-0.00779775
-1209.06	-211.926	0.999972	-0.00750002
-1209.1	-206.166	0.999974	-0.00720092
-1209.14	-200.404	0.999976	-0.00690056
-1209.18	-194.643	0.999978	-0.00660069
-1209.22	-188.883	0.99998	-0.0063006
-1209.25	-183.125	0.999982	-0.00600023
-1209.29	-177.368	0.999984	-0.00569972
-1209.32	-171.613	0.999985	-0.00541396
-1209.35	-165.859	0.999986	-0.00520881
-1209.38	-160.106	0.999987	-0.00516078
-1209.41	-154.355	0.999986	-0.00529704
-1209.44	-148.605	0.999984	-0.00557284
-1209.47	-142.857	0.999983	-0.00590983
-1209.51	-137.11	0.99998	-0.00626123
-1209.54	-131.364	0.999978	-0.00661641
-1209.58	-125.62	0.999976	-0.00697624
-1209.62	-119.877	0.999973	-0.0073397
-1209.67	-114.136	0.99997	-0.0077165
-1209.71	-108.396	0.999967	-0.00812252
-1209.76	-102.657	0.999963	-0.0085839
-1209.81	-96.9203	0.999958	-0.00912179
-1209.86	-91.1845	0.999953	-0.00971426
-1209.92	-85.4501	0.999947	-0.0103253
-1209.98	-79.7172	0.99994	-0.0109401
-1210.05	-73.9856	0.999933	-0.0115552
-1210.11	-68.2555	0.999926	-0.0121706
-1210.18	-62.5268	0.999918	-0.0127855
-1210.26	-56.7996	0.99991	-0.0133999
-1210.34	-51.0738	0.999902	-0.0140144
-1210.42	-45.3494	0.999893	-0.0146291
-1210.5	-39.6264	0.999884	-0.0152432
-1210.59	-33.9048	0.999874	-0.0158568
-1210.68	-28.1847	0.999864	-0.0164699
-1210.78	-22.466	0.999857	-0.0169404
-1210.88	-16.7488	0.999851	-0.0172684
-1210.98	-11.0329	0.999845	-0.0175958
-1211.08	-5.31843	0.999839	-0.0179228
-1211.18	0.394625	0.999833	-0.01825
-1211.29	6.10628	0.999827	-0.0185776
-1211.39	11.817	0.999821	-0.0189047
-1211.5	17.528	0.999815	-0.0192316
-1211.61	23.2402	0.999809	-0.0195587
-1211.72	28.9527	0.999805	-0.0197438
-1211.84	34.6638	0.999804	-0.0197862
-1211.95	40.3735	0.999803	-0.0198282
-1212.06	46.0829	0.999803	-0.0198697
-1212.18	51.793	0.999802	-0.019878
-1212.29	57.5025	0.999805	-0.0197448
-1212.4	63.2107	0.999813	-0.0193426
-1212.51	68.9175	0.999827	-0.0186095
-1212.62	74.6231	0.999846	-0.0175561
-1212.71	80.3274	0.999868	-0.0162413
-1212.8	86.0305	0.999891	-0.0147349
-1212.88	91.7323	0.999914	-0.0130906
-1212.95	97.4329	0.999936	-0.0113484
-1213.01	103.132	0.999954	-0.0095558
-1213.06	108.83	0.99997	-0.00775388
-1213.1	114.527	0.999982	-0.00595316
-1213.13	120.223	0.999991	-0.00415246
-1213.15	125.917	0.999997	-0.00235181
-1213.16	131.61	1	-0.000694101
-1213.16	137.301	1	0.000820715
-1213.16	142.991	0.999997	0.00233549
-1213.14	148.681	0.999993	0.00385049
-1213.11	154.37	0.999986	0.00536567
-1213.08	160.059	0.999976	0.00688
-1213.04	165.747	0.999965	0.00839352
-1212.99	171.433	0.999951	0.00990697
-1212.93	177.118	0.999935	0.0114206
-1212.86	182.804	0.999918	0.012792
-1212.78	188.489	0.999902	0.0140209
-1212.7	194.174	0.999884	0.0152211
-1212.61	199.857	0.999867	0.0163311
-1212.52	205.539	0.99985	0.0173291
-1212.42	211.221	0.999836	0.0181023
-1212.31	216.904	0.999826	0.0186715
-1212.2	222.59	0.999816	0.0191682
-1212.09	228.277	0.999808	0.0195703
-1211.98	233.966	0.999802	0.0199005
-1211.87	239.656	0.999796	0.0202061
-1211.75	245.348	0.99979	0.0205074
-1211.63	251.043	0.999783	0.0208084
-1211.52	256.741	0.999777	0.0211032
-1211.39	262.442	0.999775	0.0212187
-1211.27	268.142	0.999776	0.0211452
-1211.14	274.411	0.999779	0.0210439
-1211.02	280.11	0.99978	0.020952
-1210.91	285.241	0.999782	0.0208665
-1210.8	290.942	0.999785	0.0207323
-1210.67	297.213	0.999791	0.0204612
-1210.55	302.911	0.999798	0.0201114
-1210.44	308.609	0.999805	0.0197292
-1210.32	314.305	0.999813	0.019347
-1210.22	320	0.99982	0.0189648
-1210.11	325.695	0.999827	0.0185828
-1210	331.389	0.999834	0.0182335
-1209.9	337.081	0.999838	0.0180081
-1209.8	342.772	0.999839	0.0179673
-1209.7	348.461	0.999837	0.0180391
-1209.59	354.15	0.999836	0.0181183
-1209.49	359.836	0.999835	0.0181433
-1209.39	365.522	0.999837	0.0180704
-1209.28	371.206	0.99984	0.0178998
-1209.18	376.889	0.999844	0.0176541
-1209.08	382.57	0.999849	0.0173719
-1208.99	388.25	0.999854	0.0170854
-1208.89	393.929	0.999859	0.0167988
-1208.79	399.606	0.999864	0.0165125
-1208.7	405.282	0.999868	0.0162265
-1208.61	410.957	0.999873	0.0159407
-1208.52	416.63	0.99988	0.0155129
-1208.43	422.302	0.999888	0.014943
-1208.35	427.973	0.999897	0.0143733
-1208.27	433.643	0.999905	0.013804
-1208.19	439.311	0.999912	0.013235
-1208.12	444.978	0.99992	0.0126555
-1208.05	450.643	0.999928	0.0120039
-1207.98	456.307	0.999937	0.0112087
-1207.92	461.97	0.999947	0.0102698
-1207.86	467.632	0.999957	0.00923314
-1207.81	473.292	0.999967	0.00815385
-1207.77	478.951	0.999975	0.00707188
-1207.73	484.609	0.999982	0.00602995
-1207.7	490.265	0.999987	0.00510719
-1207.67	495.92	0.99999	0.00437402
-1207.65	501.574	0.999993	0.00384176
-1207.63	507.226	0.999994	0.00344717
-1207.61	512.877	0.999995	0.0030924
-1207.6	518.527	0.999996	0.00286417
-1207.58	524.177	0.999996	0.00275926
-1207.56	529.83	0.999996	0.00264692
-1207.55	535.487	0.999997	0.00253405
-1207.53	541.15	0.999997	0.00242033
-1207.52	546.816	0.999997	0.00230688
-1207.51	552.482	0.999998	0.0021942
-1207.5	558.146	0.999998	0.00208162
-1207.48	563.81	0.999998	0.00196928
-1207.47	569.471	0.999998	0.0018569
-1207.46	575.132	0.999998	0.00174448
-1207.45	580.791	0.999999	0.00163229
-1207.45	586.449	0.999999	0.00152033
-1207.44	592.105	0.999999	0.00140864
-1207.43	597.76	0.999999	0.00129667
-1207.42	603.415	0.999999	0.00118441
-1207.42	609.071	0.999999	0.00107214
-1207.41	614.731	1	0.000959494
-1207.4	620.396	1	0.000846159
-1207.4	626.067	1	0.000874693
-1207.39	631.742	0.999999	0.00104498
-1207.39	637.419	0.999999	0.00121435
-1207.38	643.094	0.999999	0.00138346
-1207.37	648.768	0.999999	0.00126978
-1207.37	654.442	1	0.000873205
-1207.36	660.118	1	0.000476477
-1207.36	665.795	1	7.94431e-05
-1207.36	671.473	1	-0.000317896
-1207.36	677.154	1	-0.000573137
-1207.37	682.835	1	-0.000686281
-1207.37	688.519	1	-0.00079973
-1207.38	694.204	1	-0.000913484
-1207.38	699.891	0.999999	-0.00102751
-1207.39	705.577	1	-0.000998972
-1207.39	711.262	1	-0.000827654
-1207.4	716.946	1	-0.000656107
-1207.4	722.628	1	-0.000484331
-1207.4	728.31	1	-0.00031286
-1207.4	733.989	1	-0.000141695
-1207.4	739.668	1	2.96613e-05
-1207.4	745.345	1	0.000201208
-1207.4	751.02	1	0.000372984
-1207.4	756.695	1	0.000544302
-1207.4	762.367	1	0.000715162
-1207.39	768.039	1	0.000886252
-1207.39	773.709	0.999999	0.00105757
-1207.38	779.378	0.999999	0.00122912
-1207.37	785.046	0.999999	0.00140021
-1207.36	790.712	0.999999	0.00157084
-1207.36	796.377	0.999998	0.0017417
-1207.35	802.04	0.999998	0.00192007
-1207.33	807.702	0.999998	0.00217062
-1207.32	813.363	0.999997	0.00246279
-1207.31	819.022	0.999996	0.00286527
-1207.29	824.68	0.999994	0.0035523
-1207.27	830.337	0.99999	0.00457604
-1207.24	835.992	0.999982	0.00591822
-1207.2	841.646	0.999972	0.00745757
-1207.16	847.298	0.999959	0.0091007
-1207.1	852.949	0.999941	0.0108372
-1207.03	858.599	0.999919	0.0127023
-1206.96	864.247	0.999891	0.0147318
-1206.87	869.893	0.999856	0.0169433
-1206.77	875.538	0.999813	0.0193298
-1206.65	881.181	0.99976	0.0218913
-1206.53	886.824	0.999696	0.0246428
-1206.38	892.468	0.999623	0.0274439
-1206.22	898.114	0.999542	0.0302662
-1206.04	903.763	0.999449	0.0331833
-1205.85	909.414	0.999347	0.036127
-1205.64	915.07	0.999242	0.0389322
-1205.41	920.731	0.999134	0.0415997
-1205.17	926.397	0.99902	0.0442703
-1204.91	932.07	0.998898	0.046944
-1204.64	937.749	0.998768	0.0496209
-1204.35	943.433	0.998646	0.0520169
-1204.05	949.123	0.998534	0.0541318
-1203.73	954.82	0.998417	0.0562498
-1203.41	960.521	0.998296	0.0583481
-1203.07	966.222	0.998181	0.0602868
-1202.72	971.922	0.998092	0.0617375
-1202.37	977.619	0.998037	0.0626195
-1202.01	983.315	0.998009	0.0630764
-1201.65	989.01	0.998003	0.0631599
-1201.29	994.703	0.997994	0.0633145
-1200.93	1000.39	0.997967	0.0637398
-1200.56	1006.09	0.997931	0.064292
-1200.19	1011.77	0.997881	0.0650685
-1199.82	1017.46	0.997813	0.0661049
-1199.44	1023.15	0.997725	0.0674199
-1199.05	1028.83	0.997613	0.0690499
-1198.65	1034.51	0.997474	0.0710302
-1198.25	1040.19	0.997303	0.0733887
-1197.82	1045.87	0.997098	0.0761324
-1197.38	1051.54	0.996857	0.0792178
-1196.92	1057.21	0.996588	0.0825368
-1196.45	1062.88	0.996299	0.0859511
-1195.95	1068.54	0.995998	0.089377
-1195.43	1074.21	0.995711	0.0925174
-1194.9	1079.86	0.995442	0.0953725
-1194.35	1085.52	0.995164	0.0982259
-1193.79	1091.17	0.994879	0.101078
-1193.21	1096.82	0.994585	0.103927
-1192.61	1102.47	0.994298	0.106634
-1192	1108.12	0.99402	0.109199
-1191.37	1113.76	0.993735	0.111762
-1190.73	1119.4	0.993444	0.114323
-1190.08	1125.03	0.993146	0.116882
-1189.41	1130.66	0.992879	0.119126
-1188.73	1136.29	0.99266	0.120938
-1188.04	1141.92	0.99243	0.122814
-1187.34	1147.54	0.992201	0.124646
-1186.63	1153.17	0.992004	0.126208
-1185.91	1158.79	0.991905	0.126982
-1185.2	1164.4	0.991937	0.12673
-1184.48	1170.02	0.992056	0.125794
-1183.77	1175.64	0.992258	0.124192
-1183.07	1181.25	0.992546	0.121871
-1182.39	1186.87	0.992898	0.11897
-1181.72	1192.49	0.993257	0.115934
-1181.07	1198.11	0.993607	0.112893
-1180.44	1203.73	0.993948	0.109851
-1179.83	1209.35	0.994291	0.106698
-1179.23	1214.97	0.994642	0.103379
-1178.66	1220.59	0.994981	0.100059
-1178.1	1226.21	0.99531	0.0967389
-1177.56	1231.83	0.995616	0.0935301
-1177.04	1237.45	0.995895	0.0905174
-1176.53	1243.08	0.996152	0.0876383
-1176.05	1248.7	0.996376	0.0850616
-1175.57	1254.32	0.996558	0.082895
-1175.11	1259.94	0.9967	0.081168
-1174.65	1265.57	0.996813	0.0797753
-1174.2	1271.2	0.996913	0.0785135
-1173.76	1276.84	0.996995	0.0774644
-1173.33	1282.49	0.997053	0.0767189
-1172.89	1288.15	0.997074	0.0764377
-1172.46	1293.82	0.997056	0.0766802
-1172.02	1299.49	0.997015	0.07721
-1171.53	1305.74	0.996959	0.0779322
-1171.13	1310.87	0.996915	0.0784848
-1170.64	1317.14	0.996884	0.0788806
-1170.23	1322.27	0.996889	0.0788237
-1169.74	1328.54	0.996932	0.0782689
-1169.29	1334.24	0.997004	0.0773499
-1168.85	1339.94	0.997106	0.076027
-1168.42	1345.64	0.997237	0.0742887
-1168	1351.34	0.997391	0.0721879
-1167.59	1357.04	0.997555	0.0698806
-1167.2	1362.74	0.997717	0.0675289
-1166.82	1368.44	0.997882	0.0650478
-1166.45	1374.13	0.998046	0.0624774
-1166.1	1379.83	0.998194	0.0600731
-1165.76	1385.53	0.998316	0.0580053
-1165.44	1391.22	0.998404	0.0564711
-1165.12	1396.92	0.998465	0.0553876
-1164.8	1402.61	0.998511	0.0545434
-1164.49	1408.3	0.998544	0.0539489
-1164.19	1414	0.998561	0.0536365
-1163.88	1419.69	0.998554	0.0537637
-1163.57	1425.37	0.998523	0.0543379
-1163.26	1431.06	0.998477	0.0551695
-1162.95	1436.75	0.998423	0.0561347
-1162.63	1442.43	0.998368	0.0571127
-1162.3	1448.11	0.998368	0.0571045
-1161.98	1453.79	0.998436	0.0559041
-1161.66	1459.47	0.998529	0.0542254
-1161.36	1465.15	0.998646	0.052029
-1161.07	1470.83	0.998784	0.0493003
-1160.79	1476.51	0.998926	0.046327
-1160.54	1482.19	0.999066	0.0432213
-1160.3	1487.86	0.999202	0.0399354
-1160.08	1493.54	0.999327	0.0366713
-1159.88	1499.22	0.999436	0.0335779
-1159.7	1504.89	0.999524	0.0308604
-1159.53	1510.57	0.999591	0.0286043
-1159.37	1516.24	0.999644	0.0266984
-1159.22	1521.91	0.999686	0.0250629
-1159.08	1527.58	0.999715	0.0238797
-1158.95	1533.25	0.99973	0.0232312
-1158.82	1538.92	0.999735	0.0230147
-1158.69	1544.59	0.999733	0.0231035
-1158.55	1550.25	0.999728	0.0233378
-1158.42	1555.92	0.999728	0.0233429
-1158.29	1561.58	0.999742	0.0227163
-1158.16	1567.24	0.999771	0.0214083
-1158.05	1572.9	0.99981	0.0194746
-1157.94	1578.56	0.999856	0.0169675
-1157.85	1584.22	0.999899	0.0141927
-1157.78	1589.88	0.999933	0.01154
-1157.72	1595.53	0.999958	0.00921363
-1157.67	1601.19	0.999973	0.00735208
-1157.63	1606.84	0.999983	0.00589032
-1157.6	1612.49	0.999989	0.00466887
-1157.58	1618.15	0.999993	0.00360954
-1157.56	1623.8	0.999996	0.00271118
-1157.55	1629.44	0.999998	0.00212265
-1157.54	1635.09	0.999998	0.00185841
-1157.53	1640.74	0.999998	0.00181927
-1157.52	1646.38	0.999998	0.00205601
-1157.5	1652.02	0.999997	0.00263287
-1157.49	1657.67	0.999994	0.00359752
-1157.46	1663.31	0.999988	0.00496432
-1157.43	1668.95	0.999978	0.00667476
-1157.39	1674.58	0.999964	0.00853464
-1157.34	1680.22	0.999947	0.0102897
-1157.28	1685.85	0.999931	0.0117119
-1157.21	1691.49	0.99992	0.0126576
-1157.13	1697.12	0.999915	0.013073
-1157.06	1702.75	0.999917	0.0128871
-1156.99	1708.38	0.999921	0.0125545
-1156.92	1714.01	0.999928	0.0120205
-1156.85	1719.63	0.99994	0.0109262
-1156.8	1725.26	0.999953	0.00966756
-1156.74	1730.88	0.999964	0.00850939
-1156.7	1736.51	0.999972	0.00751935
-1156.66	1742.13	0.999978	0.0066188
-1156.62	1747.75	0.999984	0.00572866
-1156.59	1753.37	0.999988	0.00481791
-1156.57	1758.98	0.999993	0.0037833
-1156.55	1764.6	0.999996	0.00266121
-1156.54	1770.21	0.999999	0.00145176
-1156.53	1775.83	1	1.44636e-05
-1156.53	1781.44	0.999999	-0.00159072
-1156.55	1787.05	0.999995	-0.00309138
-1156.57	1792.66	0.99999	-0.00447618
-1156.6	1798.27	0.999982	-0.00595684
-1156.63	1803.88	0.999972	-0.00751915
-1156.68	1809.49	0.999959	-0.0090991
-1156.73	1815.1	0.999944	-0.0105391
-1156.8	1820.71	0.99993	-0.0118394
-1156.86	1826.33	0.999914	-0.0131403
-1156.94	1831.94	0.999896	-0.0144419
-1157.03	1837.56	0.999876	-0.015737
-1157.12	1843.18	0.999858	-0.0168285
-1157.21	1848.81	0.999845	-0.0175908
-1157.31	1854.43	0.999837	-0.0180461
-1157.42	1860.05	0.999835	-0.0181765
-1157.52	1865.68	0.999841	-0.0178149
-1157.62	1871.3	0.999854	-0.0171111
-1157.71	1876.94	0.999865	-0.0164071
-1157.8	1882.57	0.999877	-0.0157033
-1157.89	1888.21	0.999888	-0.0149892
-1157.97	1893.85	0.999901	-0.0140764
-1158.05	1899.49	0.999917	-0.0129086
-1158.12	1905.12	0.999932	-0.0116379
-1158.18	1910.76	0.999947	-0.0103305
-1158.24	1916.4	0.999959	-0.00902289
-1158.28	1922.04	0.99997	-0.00771533
-1158.32	1927.68	0.999979	-0.00640761
-1158.36	1933.32	0.999987	-0.00509973
-1158.38	1938.97	0.999993	-0.00379172
-1158.4	1944.62	0.999997	-0.00248271
-1158.41	1950.27	0.999999	-0.00116542
-1158.42	1955.92	1	0.00023831
-1158.41	1961.57	0.999998	0.0018208
-1158.4	1967.22	0.999994	0.00353226
-1158.37	1972.87	0.999986	0.00522303
-1158.34	1978.51	0.999977	0.00672023
-1158.3	1984.16	0.999969	0.00789482
-1158.25	1989.8	0.999961	0.00877919
-1158.2	1995.45	0.999954	0.00954759
-1158.15	2001.09	0.999946	0.0103444
-1158.09	2006.73	0.999937	0.0111849
-1158.02	2012.37	0.999928	0.0120358
-1157.95	2018	0.999917	0.0128867
-1157.88	2023.64	0.999906	0.0137369
-1157.8	2029.28	0.999894	0.0145865
-1157.7	2035.48	0.99988	0.0155041
-1157.62	2040.55	0.999869	0.0161911
-1157.52	2046.76	0.999856	0.0169422
-1157.43	2051.85	0.999847	0.0175006
-1157.32	2058.07	0.999835	0.018165
-1157.22	2063.72	0.999824	0.018757
-1157.11	2069.36	0.999814	0.0192877
-1157	2075.01	0.999806	0.0196826
-1156.89	2080.66	0.999801	0.0199387
-1156.78	2086.3	0.999798	0.0201016
-1156.66	2091.94	0.999797	0.0201711
-1156.55	2097.58	0.999798	0.020122
-1156.44	2103.22	0.999801	0.0199616
-1156.34	2108.3	0.999805	0.019727
-1156.22	2114.5	0.999814	0.019288
-1156.11	2120.14	0.999825	0.01872
-1156	2125.77	0.999837	0.0180553
-1155.9	2131.4	0.999849	0.0173769
-1155.81	2137.04	0.99986	0.0167455
-1155.71	2142.67	0.999868	0.0162576
-1155.62	2148.3	0.999872	0.0160135
-1155.54	2153.36	0.999876	0.0157274
-1155.46	2158.99	0.999883	0.0152677
-1155.37	2164.62	0.999887	0.0150591
-1155.29	2170.24	0.999889	0.0149189
-1155.2	2175.86	0.999894	0.0145806
-1155.12	2181.49	0.999903	0.0139211
-1155.04	2187.12	0.999914	0.0131356
-1154.97	2192.74	0.999924	0.0123027
-1154.91	2198.37	0.999934	0.0114701
-1154.84	2204	0.999943	0.0106378
-1154.78	2209.62	0.999952	0.00980554
-1154.73	2215.25	0.99996	0.00897333
-1154.68	2220.87	0.999967	0.00814098
-1154.64	2226.5	0.999973	0.00730836
-1154.6	2232.13	0.999979	0.00647555
-1154.57	2237.75	0.999984	0.00564284
-1154.54	2243.38	0.999988	0.00481037
-1154.51	2249	0.999992	0.00397809
-1154.49	2254.63	0.999995	0.00314584
-1154.47	2260.25	0.999997	0.00242602
-1154.46	2265.88	0.999998	0.0018748
-1154.45	2271.5	0.999999	0.00132358
-1154.45	2277.13	1	0.000772352
-1154.44	2282.75	1	0.000221129
-1154.44	2288.38	1	-0.000330095
-1154.45	2294	1	-0.000881319
-1154.45	2299.63	0.999999	-0.00143254
-1154.46	2305.25	0.999998	-0.00198129
-1154.47	2310.87	0.999997	-0.00237094
-1154.49	2316.5	0.999997	-0.00242737
-1154.5	2322.12	0.999998	-0.00221114
-1154.51	2327.75	0.999999	-0.00168355
-1154.52	2333.37	1	-0.00086432
-1154.52	2339	1	0.000145674
-1154.52	2344.62	0.999999	0.00121646
-1154.51	2350.25	0.999997	0.00227568
-1154.49	2355.87	0.999995	0.00328855
-1154.47	2361.5	0.999991	0.00424139
-1154.45	2367.12	0.999987	0.00516363
-1154.42	2372.74	0.999982	0.00607716
-1154.38	2378.37	0.999976	0.00699068
-1154.34	2383.99	0.999969	0.0079042
-1154.29	2389.62	0.999962	0.00870535
-1154.24	2395.24	0.999956	0.00933795
-1154.19	2400.87	0.99995	0.00997055
-1154.13	2407.05	0.999943	0.0106664
-1154.07	2412.11	0.999937	0.0112356
-1154	2418.3	0.999929	0.0119314
-1153.93	2423.92	0.999921	0.0125641
-1153.86	2429.55	0.999913	0.0131972
-1153.78	2435.18	0.999904	0.0138307
-1153.7	2440.82	0.999897	0.0143241
-1153.62	2446.46	0.999892	0.0146629
-1153.54	2452.11	0.999888	0.0149376
-1153.45	2457.77	0.999886	0.0151082
-1153.37	2463.42	0.999884	0.0152102
-1153.28	2469.07	0.999883	0.0152976
-1153.19	2474.72	0.999882	0.015385
-1153.11	2480.37	0.99988	0.0154651
-1153.02	2486.03	0.999881	0.0154419
-1152.93	2491.69	0.999885	0.0151348
-1152.85	2497.35	0.999895	0.0144638
-1152.77	2503.01	0.999909	0.0134654
-1152.7	2508.67	0.999926	0.0121546
-1152.63	2514.33	0.999945	0.0104993
-1152.57	2519.98	0.999964	0.008485
-1152.53	2525.64	0.999981	0.00624419
-1152.5	2531.29	0.999991	0.0041258
-1152.48	2536.95	0.999997	0.0025191
-1152.47	2542.6	0.999999	0.0016059
-1152.46	2548.25	0.999999	0.00129531
-1152.46	2553.9	0.999999	0.00131068
-1152.45	2559.55	0.999999	0.00139083
-1152.44	2565.21	0.999999	0.00143558
-1152.43	2570.86	0.999999	0.00159972
-1152.42	2576.51	0.999998	0.00190513
-1152.41	2582.16	0.999998	0.00221778
-1152.4	2587.8	0.999997	0.00258757
-1152.38	2593.45	0.999995	0.00303618
-1152.36	2599.09	0.999994	0.00351366
-1152.34	2604.73	0.999992	0.00397654
-1152.32	2610.38	0.99999	0.00441755
-1152.29	2616.02	0.999988	0.00485147
-1152.26	2621.66	0.999986	0.00528565
-1152.23	2627.31	0.999984	0.00571995
-1152.2	2632.96	0.999981	0.00615416
-1152.16	2638.62	0.999978	0.00658823
-1152.13	2644.26	0.999975	0.0070118
-1152.09	2649.91	0.999974	0.00723294
-1152.05	2655.56	0.999974	0.00721291
-1152	2661.21	0.999975	0.00714062
-1151.96	2666.86	0.999975	0.00706525
-1151.92	2672.51	0.999976	0.00698987
-1151.89	2678.16	0.999976	0.00691449
-1151.85	2683.81	0.999977	0.00680269
-1151.81	2689.46	0.999979	0.00654318
-1151.77	2695.11	0.999982	0.00605083
-1151.74	2700.75	0.999986	0.00533928
-1151.71	2706.4	0.99999	0.0044449
-1151.69	2712.05	0.999994	0.00337889
-1151.67	2717.7	0.999998	0.00213267
-1151.66	2723.34	1	0.000688582
-1151.66	2728.99	1	-0.000977869
-1151.67	2734.64	0.999996	-0.00285901
-1151.69	2740.29	0.999988	-0.00488299
-1151.73	2745.93	0.999976	-0.00689601
-1151.77	2751.57	0.999964	-0.00852022
-1151.82	2757.22	0.999955	-0.00951487
-1151.87	2762.86	0.999951	-0.00989983
-1151.93	2768.5	0.999952	-0.00976651
-1151.98	2774.13	0.999956	-0.00941515
-1152.04	2779.77	0.999958	-0.00914508
-1152.09	2785.41	0.999959	-0.00903912
-1152.14	2791.04	0.999959	-0.00900883
-1152.19	2796.67	0.99996	-0.00898262
-1152.24	2802.31	0.99996	-0.00895649
-1152.29	2807.94	0.99996	-0.00893048
-1152.34	2813.57	0.99996	-0.0089045
-1152.39	2819.21	0.999961	-0.00887856
-1152.44	2824.84	0.999961	-0.00885259
-1152.49	2830.48	0.999961	-0.00882657
-1152.54	2836.11	0.999961	-0.00880055
-1152.59	2841.75	0.999961	-0.00878484
-1152.64	2847.38	0.999961	-0.00884778
-1152.69	2853.01	0.999959	-0.00906094
-1152.74	2858.64	0.999956	-0.00940245
-1152.8	2864.27	0.999952	-0.00982247
-1152.85	2869.89	0.999947	-0.0102816
-1152.91	2875.52	0.999944	-0.0106075
-1152.97	2881.14	0.999942	-0.010793
-1153.03	2886.76	0.99994	-0.0109784
-1153.09	2892.39	0.999938	-0.0111638
-1153.16	2898.01	0.999936	-0.0113492
-1153.22	2903.64	0.999933	-0.0115347
-1153.29	2909.26	0.999931	-0.0117202
-1153.35	2914.89	0.999929	-0.0119057
-1153.42	2920.51	0.999927	-0.0120913
-1153.49	2926.14	0.999925	-0.0122768
-1153.56	2931.76	0.999922	-0.0124623
-1153.63	2937.39	0.99992	-0.0126479
-1153.7	2943.01	0.999918	-0.0128336
-1153.77	2948.64	0.999915	-0.0130194
-1153.85	2954.27	0.999913	-0.0132054
-1153.92	2959.91	0.99991	-0.0133917
-1154	2965.55	0.999908	-0.0135787
-1154.07	2971.2	0.999905	-0.0137663
-1154.15	2976.85	0.999905	-0.0138124
-1154.23	2982.51	0.999906	-0.0137167
-1154.31	2988.17	0.999907	-0.0136217
-1154.38	2993.84	0.999909	-0.0135274
-1154.46	2999.5	0.99991	-0.0134336
-1154.54	3005.17	0.999909	-0.0134805
-1154.61	3010.84	0.999907	-0.0136678
-1154.69	3016.51	0.999904	-0.0138551
-1154.77	3022.18	0.999901	-0.0140421
-1154.85	3027.84	0.9999	-0.0141158
-1154.93	3033.51	0.999902	-0.0140196
-1155.01	3039.17	0.999903	-0.0139233
-1155.09	3044.83	0.999904	-0.0138268
-1155.17	3050.49	0.999906	-0.0137301
-1155.24	3056.15	0.999907	-0.0136336
-1155.32	3061.81	0.999908	-0.0135376
-1155.4	3067.46	0.99991	-0.0134414
-1155.48	3073.69	0.999911	-0.0133356
-1155.56	3079.35	0.999912	-0.0132396
-1155.63	3085.02	0.999913	-0.0131583
-1155.7	3090.12	0.999914	-0.0131128
-1155.78	3096.35	0.999914	-0.013082
-1155.85	3102.01	0.999915	-0.0130572
-1155.93	3107.68	0.999915	-0.0130322
-1156	3113.34	0.999915	-0.0130072
-1156.08	3119.01	0.999916	-0.0129824
-1156.15	3124.68	0.999916	-0.012958
-1156.22	3130.36	0.999916	-0.0129342
-1156.3	3136.04	0.999917	-0.0129098
-1156.37	3141.71	0.999917	-0.0128846
-1156.44	3147.39	0.999917	-0.0128593
-1156.51	3153.06	0.999918	-0.0128337
-1156.59	3158.74	0.999918	-0.012808
-1156.66	3164.42	0.999918	-0.0127826
-1156.73	3170.11	0.999919	-0.0127577
-1156.81	3175.8	0.999919	-0.0127335
-1156.88	3181.49	0.999919	-0.01271
-1156.95	3187.19	0.999921	-0.0125434
-1157.02	3192.88	0.999925	-0.0122332
-1157.09	3198.57	0.999929	-0.0119227
-1157.16	3204.27	0.999933	-0.011612
-1157.22	3209.97	0.999936	-0.0113013
-1157.29	3215.67	0.99994	-0.0109904
-1157.35	3221.38	0.999943	-0.0106799
-1157.41	3227.09	0.999946	-0.0103702
-1157.47	3232.8	0.999949	-0.0100607
-1157.52	3238.5	0.999952	-0.00975041
-1157.58	3244.21	0.999955	-0.00943934
-1157.63	3249.92	0.999958	-0.00912796
-1157.68	3255.63	0.999961	-0.00881658
-1157.73	3261.34	0.999964	-0.00850565
-1157.78	3267.06	0.999965	-0.00833762
-1157.83	3272.77	0.999965	-0.0083121
-1157.88	3278.49	0.999966	-0.00828639
-1157.92	3284.2	0.999966	-0.00826049
-1157.97	3289.91	0.999966	-0.00823478
-1158.02	3295.63	0.999966	-0.00820957
-1158.06	3301.35	0.999967	-0.00818492
-1158.11	3307.07	0.999967	-0.00816089
-1158.16	3312.79	0.999967	-0.00813701
-1158.2	3318.51	0.999968	-0.00796909
-1158.25	3324.23	0.999971	-0.00765699
-1158.29	3329.96	0.999973	-0.00734503
-1158.33	3335.69	0.999975	-0.00703402
-1158.37	3341.42	0.999977	-0.00672348
-1158.41	3347.15	0.999979	-0.00641198
-1158.45	3352.87	0.999981	-0.00609956
-1158.48	3358.6	0.999983	-0.00578695
-1158.51	3364.32	0.999985	-0.00547415
-1158.54	3370.04	0.999987	-0.00516173
-1158.57	3375.76	0.999988	-0.00484969
-1158.6	3381.48	0.99999	-0.00453746
-1158.63	3387.2	0.999991	-0.00422504
-1158.65	3392.91	0.999992	-0.00391243
-1158.67	3398.63	0.999994	-0.00360031
-1158.69	3404.34	0.999995	-0.00328873
-1158.71	3410.05	0.999996	-0.00297696
-1158.72	3415.76	0.999996	-0.00266499
-1158.74	3421.47	0.999997	-0.00235341
-1158.75	3427.18	0.999998	-0.00204221
-1158.76	3432.89	0.999999	-0.00173081
-1158.77	3438.59	0.999999	-0.00141923
-1158.78	3444.3	0.999999	-0.00110745
-1158.78	3450	1	-0.000796175
-1158.79	3455.7	1	-0.00048543
-1158.79	3461.4	1	-0.000174494
-1158.79	3467.1	1	0.000136633
-1158.79	3472.8	1	0.000304899
-1158.79	3478.49	1	0.000330305
-1158.79	3484.19	1	0.000351706
-1158.78	3489.88	1	0.000336561
-1158.78	3495.57	1	0.000256148
-1158.78	3501.26	1	0.000143042
-1158.78	3506.95	1	3.01649e-05
-1158.78	3512.64	1	-7.19927e-05
-1158.78	3518.32	1	-0.00013093
-1158.78	3524.01	1	-0.000131464
-1158.78	3529.69	1	-9.99163e-05
-1158.78	3535.39	1	-6.23415e-05
-1158.78	3541.08	1	-2.55297e-05
-1158.78	3546.78	1	1.05192e-05
-1158.78	3552.48	1	4.73692e-05
-1158.78	3558.18	1	8.54017e-05
-1158.78	3563.87	1	0.000123625
-1158.78	3569.57	1	0.000162039
-1158.78	3575.26	1	0.000200224
-1158.78	3580.95	1	0.00023818
-1158.78	3586.64	1	0.000276327
-1158.78	3592.33	1	0.000314665
-1158.77	3598.01	1	0.000353232
-1158.77	3603.7	1	0.000391493
-1158.77	3609.39	1	0.000429297
-1158.77	3615.08	1	0.000466833
-1158.76	3620.77	1	0.000504027
-1158.76	3626.46	1	0.000541182
-1158.76	3632.15	1	0.000578718
-1158.75	3637.83	1	0.000616675
-1158.75	3643.52	1	0.000654822
-1158.75	3649.21	1	0.000693045
-1158.74	3654.89	1	0.000731077
-1158.74	3660.57	1	0.000768995
-1158.73	3666.25	1	0.000807104
-1158.73	3671.94	1	0.000845366
-1158.73	3677.62	1	0.000883474
-1158.72	3683.31	1	0.000921354
-1158.71	3689	1	0.000959272
-1158.71	3694.68	1	0.000997381
-1158.7	3700.36	0.999999	0.00103572
-1158.7	3706.05	0.999999	0.00107387
-1158.69	3711.73	0.999999	0.00111178
-1158.68	3717.41	0.999999	0.00114989
-1158.68	3723.09	0.999999	0.00118819
-1158.67	3728.77	0.999999	0.00122668
-1158.66	3734.45	0.999999	0.00126487
-1158.66	3740.12	0.999999	0.00130271
-1158.65	3745.8	0.999999	0.00134074
-1158.64	3751.47	0.999999	0.00137897
-1158.63	3757.14	0.999999	0.00141738
-1158.63	3762.81	0.999999	0.00145549
-1158.62	3768.48	0.999999	0.00149329
-1158.61	3774.15	0.999999	0.00153129
-1158.6	3779.81	0.999999	0.00156947
-1158.59	3785.48	0.999999	0.00160743
-1158.58	3791.14	0.999999	0.00164515
-1158.57	3796.81	0.999999	0.00168311
-1158.56	3802.47	0.999999	0.00172126
-1158.55	3808.13	0.999998	0.0017596
-1158.54	3813.78	0.999998	0.00179763
-1158.53	3819.44	0.999998	0.00183532
-1158.52	3825.1	0.999998	0.00187312
-1158.51	3830.76	0.999998	0.00191066
-1158.5	3836.43	0.999998	0.00194743
-1158.49	3842.1	0.999998	0.00198443
-1158.48	3847.77	0.999998	0.00202224
-1158.47	3853.44	0.999998	0.00206025
-1158.46	3859.12	0.999998	0.00209813
-1158.44	3864.8	0.999998	0.00213549
-1158.43	3870.47	0.999998	0.0021728
-1158.42	3876.15	0.999998	0.00221066
-1158.41	3881.83	0.999997	0.00224862
-1158.39	3887.52	0.999997	0.00228617
-1158.38	3893.21	0.999997	0.00232351
-1158.37	3898.89	0.999997	0.00236142
-1158.35	3904.58	0.999997	0.00239953
-1158.34	3910.27	0.999997	0.0024375
-1158.33	3915.96	0.999997	0.00247471
-1158.31	3921.66	0.999997	0.00251196
-1158.3	3927.35	0.999997	0.00254486
-1158.28	3933.04	0.999997	0.00257006
-1158.27	3938.74	0.999997	0.00259477
-1158.25	3944.44	0.999997	0.00261943
-1158.24	3950.13	0.999997	0.0026444
-1158.22	3955.83	0.999996	0.00266975
-1158.21	3961.52	0.999996	0.00269532
-1158.19	3967.21	0.999996	0.00272109
-1158.18	3972.9	0.999996	0.00274671
-1158.16	3978.59	0.999996	0.002772
-1158.14	3984.29	0.999996	0.00279693
-1158.13	3989.98	0.999996	0.00282109
-1158.11	3995.68	0.999996	0.00284554
-1158.1	4001.38	0.999996	0.00287094
-1158.08	4007.07	0.999996	0.00289651
-1158.06	4012.76	0.999996	0.00292228
-1158.05	4018.46	0.999996	0.00294824
-1158.03	4024.15	0.999996	0.00297402
-1158.01	4029.85	0.999996	0.00299902
-1158	4035.55	0.999995	0.00302345
-1157.98	4041.25	0.999995	0.00304788
-1157.96	4046.95	0.999995	0.00307223
-1157.94	4052.66	0.999995	0.00309678
-1157.93	4058.36	0.999995	0.00312214
-1157.91	4064.07	0.999995	0.00314764
-1157.89	4069.77	0.999995	0.00317309
-1157.87	4075.48	0.999995	0.00319836
-1157.85	4081.2	0.999995	0.00322358
-1157.84	4086.91	0.999995	0.00324859
-1157.82	4092.62	0.999995	0.00327375
-1157.8	4098.33	0.999995	0.0032991
-1157.78	4104.04	0.999994	0.00332455
-1157.76	4109.75	0.999994	0.00334968
-1157.74	4115.47	0.999994	0.00337418
-1157.72	4121.18	0.999994	0.00339843
-1157.7	4127.47	0.999994	0.00342573
-1157.68	4133.18	0.999994	0.00345122
-1157.66	4138.89	0.999994	0.00347689
-1157.64	4144.03	0.999994	0.00349671
-1157.62	4150.32	0.999994	0.00351553
-1157.6	4156.03	0.999994	0.00353243
-1157.58	4161.74	0.999994	0.00354948
-1157.56	4167.45	0.999994	0.00356676
-1157.54	4173.16	0.999994	0.00358423
-1157.52	4178.87	0.999994	0.0036019
-1157.5	4184.58	0.999994	0.00347605
-1157.48	4190.3	0.999995	0.00320635
-1157.46	4196.01	0.999996	0.00293654
-1157.45	4201.73	0.999996	0.00266688
-1157.43	4207.44	0.999997	0.00239733
-1157.42	4213.16	0.999998	0.00212787
-1157.41	4218.87	0.999998	0.00185851
-1157.4	4224.59	0.999999	0.00158931
-1157.39	4230.3	0.999999	0.00132007
-1157.38	4236.02	0.999999	0.00119388
-1157.37	4241.73	0.999999	0.00121093
-1157.37	4247.44	0.999999	0.00122821
-1157.36	4253.15	0.999999	0.00124568
-1157.35	4258.86	0.999999	0.00126292
-1157.35	4264.57	0.999999	0.00127997
-1157.34	4270.28	0.999999	0.00129725
-1157.33	4275.99	0.999999	0.00131434
-1157.32	4281.71	0.999999	0.00133086
-1157.32	4287.42	0.999999	0.00134746
-1157.31	4293.13	0.999999	0.00136451
-1157.3	4298.85	0.999999	0.00138144
-1157.29	4304.56	0.999999	0.00139827
-1157.28	4310.27	0.999999	0.0014152
-1157.28	4315.98	0.999999	0.0014321
-1157.27	4321.7	0.999999	0.00144881
-1157.26	4327.41	0.999999	0.00146544
-1157.25	4333.13	0.999999	0.00148227
-1157.24	4338.84	0.999999	0.0014992
-1157.23	4344.55	0.999999	0.00151622
-1157.22	4350.27	0.999999	0.00153342
-1157.22	4355.99	0.999999	0.00155791
-1157.21	4361.7	0.999999	0.00167304
-1157.2	4367.42	0.999998	0.00195182
-1157.18	4373.14	0.999997	0.00234351
-1157.17	4378.86	0.999996	0.00279433
-1157.15	4384.57	0.999995	0.00327792
-1157.13	4390.29	0.999993	0.00376757
-1157.11	4396	0.999991	0.00425378
-1157.09	4401.71	0.999989	0.00473687
-1157.06	4407.42	0.999986	0.00522
-1157.03	4413.12	0.999985	0.00555985
-1156.99	4418.83	0.999983	0.00575645
-1156.96	4424.54	0.999982	0.00595317
-1156.93	4430.24	0.999981	0.00614997
-1156.89	4435.94	0.99998	0.00634684
-1156.85	4441.64	0.999979	0.00654345
-1156.82	4447.34	0.999977	0.00673978
-1156.78	4453.04	0.999976	0.00693624
-1156.74	4458.74	0.999975	0.00713269
-1156.7	4464.45	0.999973	0.00732903
-1156.65	4470.15	0.999972	0.00752536
-1156.61	4475.84	0.99997	0.00772178
-1156.57	4481.54	0.999969	0.00791827
-1156.52	4487.24	0.999967	0.00811483
-1156.47	4492.93	0.999965	0.00831113
-1156.43	4498.63	0.999964	0.00850716
-1156.38	4504.32	0.999962	0.00870327
-1156.33	4510.01	0.99996	0.00889945
-1156.28	4515.7	0.99996	0.00895304
-1156.23	4521.39	0.999961	0.00886405
-1156.18	4527.07	0.999961	0.00877513
-1156.13	4532.76	0.999962	0.00868629
-1156.08	4538.44	0.999963	0.00859749
-1156.03	4544.13	0.999964	0.00848336
-1155.98	4549.83	0.999966	0.00829648
-1155.93	4555.52	0.999968	0.00802942
-1155.89	4561.22	0.99997	0.00772201
-1155.85	4566.93	0.999973	0.00740715
-1155.8	4572.63	0.999975	0.00709222
-1155.76	4578.34	0.999977	0.00677686
-1155.73	4584.06	0.999979	0.00646109
-1155.69	4589.78	0.999981	0.00614486
-1155.66	4595.5	0.999983	0.00582866
-1155.62	4601.22	0.999985	0.00551251
-1155.59	4606.95	0.999987	0.00519589
-1155.56	4612.69	0.999988	0.00487885
-1155.54	4618.42	0.99999	0.00456193
-1155.51	4624.15	0.999991	0.00424543
-1155.49	4629.89	0.999992	0.00392912
-1155.46	4635.62	0.999993	0.00361296
-1155.44	4641.35	0.999995	0.00329695
-1155.43	4647.07	0.999995	0.00312453
-1155.41	4652.8	0.999995	0.00309569
-1155.39	4658.52	0.999995	0.003067
-1155.37	4664.25	0.999995	0.00303847
-1155.36	4669.97	0.999995	0.00301009
-1155.34	4675.69	0.999996	0.00298148
-1155.32	4681.41	0.999996	0.00295264
-1155.31	4687.13	0.999996	0.00292395
-1155.29	4692.84	0.999996	0.00288489
-1155.27	4698.56	0.999996	0.00279112
-1155.26	4704.27	0.999997	0.00261279
-1155.24	4709.99	0.999997	0.00239108
-1155.23	4715.7	0.999998	0.00216643
-1155.22	4721.41	0.999998	0.00194198
-1155.21	4727.11	0.999999	0.00171744
-1155.2	4732.82	0.999999	0.00148864
-1155.19	4738.53	0.999999	0.00123794
-1155.18	4744.23	1	0.000936918
-1155.18	4749.93	1	0.000581389
-1155.18	4755.63	1	0.000200529
-1155.18	4761.33	1	-0.000183573
-1155.18	4767.03	1	-0.000567438
-1155.18	4772.73	1	-0.000956918
-1155.19	4778.43	0.999999	-0.00135772
-1155.2	4784.12	0.999998	-0.00176237
-1155.21	4789.82	0.999998	-0.00216679
-1155.22	4795.51	0.999997	-0.00257094
-1155.24	4801.2	0.999996	-0.00297483
-1155.25	4806.89	0.999994	-0.00337876
-1155.27	4812.57	0.999993	-0.00378284
-1155.3	4818.26	0.999991	-0.00418664
-1155.32	4823.95	0.999989	-0.00459022
-1155.35	4829.63	0.999988	-0.00499375
-1155.38	4835.31	0.999985	-0.00539732
-1155.41	4840.99	0.999983	-0.00580067
-1155.44	4846.67	0.999981	-0.00620375
-1155.48	4852.35	0.999978	-0.00660656
-1155.52	4858.03	0.999975	-0.00700941
-1155.56	4863.7	0.999973	-0.00741242
-1155.61	4869.94	0.999969	-0.0078554
-1155.65	4875.62	0.999966	-0.00825788
-1155.7	4881.29	0.999964	-0.00851857
-1155.75	4886.96	0.999963	-0.00863747
-1155.8	4892.63	0.999962	-0.00875614
-1155.85	4898.29	0.99996	-0.00888919
-1155.9	4903.96	0.999959	-0.00908358
-1155.95	4909.62	0.999956	-0.00939404
-1156	4915.29	0.999952	-0.00983092
-1156.06	4920.95	0.999946	-0.0103613
-1156.12	4926.61	0.99994	-0.0109278
-1156.18	4932.27	0.999936	-0.0113415
-1156.25	4937.92	0.999933	-0.0115807
-1156.31	4943.58	0.99993	-0.0117914
-1156.38	4949.24	0.999928	-0.0119955
-1156.45	4954.89	0.999926	-0.0121993
-1156.52	4960.54	0.999927	-0.0121216
-1156.59	4966.19	0.999931	-0.0117624
-1156.65	4971.84	0.999935	-0.0114383
-1156.72	4977.49	0.999937	-0.0112251
-1156.78	4983.14	0.999939	-0.0110403
-1156.84	4988.78	0.99994	-0.0109086
-1156.9	4994.42	0.999939	-0.0110061
-1156.97	5000.07	0.999935	-0.011397
-1157.03	5005.71	0.999926	-0.0121354
-1157.1	5011.35	0.999912	-0.0132398
-1157.18	5016.99	0.999892	-0.0147213
-1157.27	5022.62	0.999863	-0.0165741
-1157.36	5028.26	0.999823	-0.0187982
-1157.48	5033.89	0.999619	-0.0276166
-1157.67	5039.52	0.999073	-0.0430382
-1157.95	5045.15	0.998267	-0.0588485
-1158.32	5050.77	0.997183	-0.0750134
-1158.78	5056.38	0.995808	-0.0914665
-1159.33	5061.98	0.994112	-0.108361
-1159.98	5067.57	0.992107	-0.125396
-1160.72	5073.15	0.989864	-0.142021
-1161.56	5078.72	0.987399	-0.158253
-1162.48	5084.26	0.984739	-0.174039
-1163.5	5089.8	0.98188	-0.189501
-1164.6	5095.31	0.978799	-0.204825
-1165.78	5100.81	0.975522	-0.219902
-1167.05	5106.28	0.972073	-0.234679
-1168.4	5111.74	0.968648	-0.248436
-1169.83	5117.17	0.96529	-0.261181
-1171.32	5122.59	0.961831	-0.273645
-1172.89	5127.98	0.958262	-0.285893
-1174.52	5133.35	0.954684	-0.29762
-1176.22	5138.71	0.951111	-0.308851
-1177.97	5144.04	0.947428	-0.31997
-1179.79	5149.34	0.943621	-0.331027
-1181.68	5154.63	0.93967	-0.342082
-1183.62	5159.89	0.935822	-0.352473
-1185.62	5165.13	0.93207	-0.362279
-1187.67	5170.35	0.928125	-0.372268
-1189.78	5175.54	0.923986	-0.382427
-1191.95	5180.71	0.919674	-0.392683
-1194.17	5185.85	0.915543	-0.402221
-1196.44	5190.97	0.911615	-0.411046
-1198.77	5196.07	0.907564	-0.419914
-1201.14	5201.14	0.903391	-0.428818
-1203.56	5206.19	0.899277	-0.43738
-1206.02	5211.22	0.895237	-0.445591
-1208.54	5216.22	0.891092	-0.453822
-1211.09	5221.19	0.886827	-0.462102
-1213.7	5226.14	0.882428	-0.470447
-1216.35	5231.07	0.877065	-0.480371
-1219.06	5235.95	0.870668	-0.491871
-1221.83	5240.81	0.864003	-0.503486
-1224.67	5245.62	0.857018	-0.515286
-1227.58	5250.39	0.849943	-0.526874
-1230.55	5255.12	0.842793	-0.538239
-1233.58	5259.81	0.835326	-0.549755
-1236.67	5264.46	0.82756	-0.561377
-1239.83	5269.06	0.819504	-0.573073
-1243.05	5273.62	0.812359	-0.583158
-1246.33	5278.14	0.806208	-0.591632
-1249.65	5282.62	0.799909	-0.600122
-1253.01	5287.07	0.793465	-0.608615
-1256.42	5291.48	0.787566	-0.61623
-1259.87	5295.85	0.782238	-0.62298
-1263.36	5300.2	0.776768	-0.629786
-1266.89	5304.52	0.771098	-0.636717
-1270.45	5308.8	0.765194	-0.6438
-1274.05	5313.05	0.759391	-0.650635
-1277.69	5317.26	0.753582	-0.657354
-1281.36	5321.44	0.747266	-0.664525
-1285.08	5325.59	0.740386	-0.672182
-1288.84	5329.69	0.727527	-0.686079
-1292.7	5333.69	0.708285	-0.705927
-1296.67	5337.59	0.68787	-0.725834
-1300.75	5341.36	0.666253	-0.745726
-1304.94	5345.02	0.643439	-0.765497
-1309.24	5348.54	0.619326	-0.785134
-1313.65	5351.93	0.594025	-0.804446
-1318.16	5355.18	0.567795	-0.82317
-1322.78	5358.27	0.540791	-0.841157
-1327.49	5361.22	0.521738	-0.853106
-1332.24	5364.1	0.511065	-0.859542
-1337.03	5366.91	0.500441	-0.865771
-1341.85	5369.67	0.490033	-0.871704
-1346.7	5372.37	0.480043	-0.877245
-1351.59	5375	0.460843	-0.887481
-1356.55	5377.5	0.431903	-0.90192
-1361.59	5379.83	0.402344	-0.915489
-1366.7	5382	0.371758	-0.92833
-1371.87	5383.99	0.34012	-0.940382
-1377.11	5385.81	0.319218	-0.947681
-1382.38	5387.56	0.309604	-0.950866
-1387.66	5389.26	0.299984	-0.953944
-1392.96	5390.9	0.290524	-0.956868
-1398.27	5392.49	0.281385	-0.959595
-1403.59	5394.03	0.273105	-0.961984
-1404.66	5394.34	0.272346	-0.962199
-1404.66	5394.34	0.272346	-0.962199
-1404.66	5394.34	0.272346	-0.962199
-1404.66	5394.34	0.272346	-0.962199
-1404.66	5394.34	0.272346	-0.962199
-1404.66	5394.34	0.272346	-0.962199
-1404.66	5394.34	0.272346	-0.962199
-1404.66	5394.34	0.272346	-0.962199
-1404.66	5394.34	0.272346	-0.962199
-1404.66	5394.34	0.272346	-0.962199
-1404.66	5394.34	0.272346	-0.962199
-1404.66	5394.34	0.272346	-0.962199
-1404.66	5394.34	0.272346	-0.962199
-1404.66	5394.34	0.272346	-0.962199
-1404.66	5394.34	0.272346	-0.962199
-1404.66	5394.34	0.272346	-0.962199
-1404.66	5394.34	0.272346	-0.962199
-1404.66	5394.34	0.272346	-0.962199
-1404.66	5394.34	0.272346	-0.962199
-1404.66	5394.34	0.272346	-0.962199
-1404.66	5394.34	0.272346	-0.962199
-1404.66	5394.34	0.272346	-0.962199
-1404.66	5394.34	0.272346	-0.962199
-1404.66	5394.34	0.272346	-0.962199
-1404.66	5394.34	0.272346	-0.962199
-1404.66	5394.34	0.272346	-0.962199
-1404.66	5394.34	0.272346	-0.962199
-1404.66	5394.34	0.272346	-0.962199
-1404.66	5394.34	0.272346	-0.962199
-1404.66	5394.34	0.272346	-0.962199
-1404.66	5394.34	0.272346	-0.962199
-1404.66	5394.34	0.272346	-0.962199
-1404.66	5394.34	0.272346	-0.962199
-1404.66	5394.34	0.272346	-0.962199
-1404.66	5394.34	0.272346	-0.962199
-1404.66	5394.34	0.272346	-0.962199
-1404.66	5394.34	0.272346	-0.962199
-1404.66	5394.34	0.272346	-0.962199
-1404.66	5394.34	0.272346	-0.962199
-1404.66	5394.34	0.272346	-0.962199
-1404.66	5394.34	0.272346	-0.962199
-1404.66	5394.34	0.272346	-0.962199
-1404.66	5394.34	0.272346	-0.962199
-1404.66	5394.34	0.272346	-0.962199
-1404.66	5394.34	0.272346	-0.962199
-1404.66	5394.34	0.272346	-0.962199
-1404.66	5394.34	0.272346	-0.962199
-1404.66	5394.34	0.272346	-0.962199
-1404.66	5394.34	0.272346	-0.962199
-1404.66	5394.34	0.272346	-0.962199
-1404.66	5394.34	0.272346	-0.962199
-1404.66	5394.34	0.272346	-0.962199
-1404.66	5394.34	0.272346	-0.962199
-1404.66	5394.34	0.272346	-0.962199
-1404.66	5394.34	0.272346	-0.962199
-1404.66	5394.34	0.272346	-0.962199
-1404.66	5394.34	0.272346	-0.962199
-1404.66	5394.34	0.272346	-0.962199
-1404.66	5394.34	0.272346	-0.962199
-1404.66	5394.34	0.272346	-0.962199
-1404.66	5394.34	0.272346	-0.962199
-1404.66	5394.34	0.272346	-0.962199
-1404.66	5394.34	0.272346	-0.962199
-1404.66	5394.34	0.272346	-0.962199
-1404.66	5394.34	0.272346	-0.962199
-1404.66	5394.34	0.272346	-0.962199
-1404.66	5394.34	0.272346	-0.962199
-1404.66	5394.34	0.272346	-0.962199
-1404.66	5394.34	0.272346	-0.962199
-1404.66	5394.34	0.272346	-0.962199
-1404.66	5394.34	0.272346	-0.962199
-1404.66	5394.34	0.272346	-0.962199
-1404.66	5394.34	0.272346	-0.962199
-1404.66	5394.34	0.272346	-0.962199
-1404.66	5394.34	0.272346	-0.962199
-1404.66	5394.34	0.272346	-0.962199
-1404.66	5394.34	0.272346	-0.962199
-1404.66	5394.34	0.272346	-0.962199
-1404.66	5394.34	0.272346	-0.962199
-1404.66	5394.34	0.272346	-0.962199
-1404.66	5394.34	0.272346	-0.962199
-1404.66	5394.34	0.272346	-0.962199
-1404.66	5394.34	0.272346	-0.962199
-1404.66	5394.34	0.272346	-0.962199
-1404.66	5394.34	0.272346	-0.962199
-1404.66	5394.34	0.272346	-0.962199
-1404.66	5394.34	0.272346	-0.962199
-1404.66	5394.34	0.272346	-0.962199
-1404.66	5394.34	0.272346	-0.962199
-1404.66	5394.34	0.272346	-0.962199
-1404.66	5394.34	0.272346	-0.962199
-1404.66	5394.34	0.272346	-0.962199
-1404.66	5394.34	0.272346	-0.962199
-1404.66	5394.34	0.272346	-0.962199
-1404.66	5394.34	0.272346	-0.962199
-1404.66	5394.34	0.272346	-0.962199
-1404.66	5394.34	0.272346	-0.962199
-1404.66	5394.34	0.272346	-0.962199
-1404.66	5394.34	0.272346	-0.962199
-1404.66	5394.34	0.272346	-0.962199
-1404.66	5394.34	0.272346	-0.962199
-1404.66	5394.34	0.272346	-0.962199
-1404.66	5394.34	0.272346	-0.962199
-1404.66	5394.34	0.272346	-0.962199
-1404.66	5394.34	0.272346	-0.962199
-1404.66	5394.34	0.272346	-0.962199
-1404.66	5394.34	0.272346	-0.962199
-1404.66	5394.34	0.272346	-0.962199
-1404.66	5394.34	0.272346	-0.962199
-1404.66	5394.34	0.272346	-0.962199
-1404.66	5394.34	0.272346	-0.962199
-1404.66	5394.34	0.272346	-0.962199
-1404.66	5394.34	0.272346	-0.962199
-1404.66	5394.34	0.272346	-0.962199
-1404.66	5394.34	0.272346	-0.962199
-1404.66	5394.34	0.272346	-0.962199
-1404.66	5394.34	0.272346	-0.962199
-1404.66	5394.34	0.272346	-0.962199
-1404.66	5394.34	0.272346	-0.962199
-1404.66	5394.34	0.272346	-0.962199
-1404.66	5394.34	0.272346	-0.962199
-1404.66	5394.34	0.272346	-0.962199
-1404.66	5394.34	0.272346	-0.962199
-1404.66	5394.34	0.272346	-0.962199
-1404.66	5394.34	0.272346	-0.962199
-1404.66	5394.34	0.272346	-0.962199
-1404.66	5394.34	0.272346	-0.962199
