1170	-5100	1	0
1170	-5100	1	0
1170	-5100	1	0
1170	-5100	1	0
1170	-5100	1	0
1170	-5100	1	0
1170	-5100	1	0
1170	-5100	1	0
1170	-5100	1	0
1170	-5100	1	0
1170	-5100	1	0
1170	-5100	1	0
1170	-5100	1	0
1170	-5100	1	0
1170	-5100	1	0
1170	-5100	1	0
1170	-5100	1	0
1170	-5100	1	0
1170	-5100	1	0
1170	-5100	1	0
1170	-5100	1	0
1170	-5100	1	0
1170	-5100	1	0
1170	-5100	1	0
1170	-5100	1	0
1170	-5100	1	0
1170	-5100	1	0
1170	-5100	1	0
1170	-5100	1	0
1170	-5100	1	0
1170	-5100	1	0
1170	-5100	1	0
1170	-5100	1	0
1170	-5100	1	0
1170	-5100	1	2.39164e-08
1170	-5099.98	1	1.02073e-07
1170	-5099.94	1	2.4274e-07
1170	-5099.89	1	2.9102e-07
1170	-5099.83	1	-2.08721e-06
1170	-5099.74	1	-1.08431e-05
1170	-5099.62	1	-2.82036e-05
1170	-5099.48	1	-5.57767e-05
1170	-5099.31	1	-9.66488e-05
1170	-5099.11	1	-0.000156979
1170	-5098.87	1	-0.000245025
1170	-5098.59	1	-0.000368416
1170	-5098.28	1	-0.000535009
1170	-5097.92	1	-0.000755298
1170	-5097.52	0.999999	-0.00104125
1170	-5097.07	0.999999	-0.00140496
1170	-5096.57	0.999998	-0.00185568
1170	-5096.04	0.999997	-0.00239938
1170	-5095.45	0.999995	-0.00304244
1169.99	-5094.82	0.999993	-0.00379161
1169.99	-5094.15	0.999989	-0.00465307
1169.99	-5093.42	0.999984	-0.00563261
1169.98	-5092.66	0.999977	-0.00673527
1169.98	-5091.84	0.999968	-0.00796466
1169.97	-5090.99	0.999957	-0.00932517
1169.96	-5090.08	0.999941	-0.0108305
1169.95	-5089.13	0.999922	-0.0125058
1169.94	-5088.13	0.999897	-0.0143636
1169.92	-5087.09	0.999865	-0.0164027
1169.9	-5086	0.999826	-0.0186286
1169.88	-5084.87	0.999778	-0.0210525
1169.85	-5083.69	0.999719	-0.0236909
1169.82	-5082.46	0.999647	-0.0265566
1169.79	-5081.19	0.99956	-0.0296635
1169.75	-5079.86	0.999455	-0.0330119
1169.7	-5078.5	0.99933	-0.0365883
1169.64	-5077.08	0.999184	-0.0403952
1169.58	-5075.62	0.999012	-0.044451
1169.51	-5074.11	0.99881	-0.0487764
1169.44	-5072.56	0.998575	-0.0533734
1169.35	-5070.96	0.998303	-0.0582371
1169.25	-5069.31	0.99799	-0.0633701
1169.14	-5067.62	0.997632	-0.0687748
1169.01	-5065.88	0.997225	-0.0744527
1168.87	-5064.1	0.996764	-0.0803895
1168.72	-5062.27	0.996246	-0.0865686
1168.55	-5060.39	0.995666	-0.0930053
1168.37	-5058.47	0.995015	-0.0997229
1168.17	-5056.5	0.994287	-0.106736
1167.94	-5054.49	0.993476	-0.114043
1167.7	-5052.43	0.992576	-0.121624
1167.44	-5050.33	0.991582	-0.129479
1167.15	-5048.18	0.99048	-0.137653
1166.84	-5045.99	0.989259	-0.146171
1166.5	-5043.76	0.987914	-0.155005
1166.13	-5041.48	0.986445	-0.164095
1165.74	-5039.16	0.984845	-0.173435
1165.31	-5036.8	0.983099	-0.183076
1164.86	-5034.4	0.98119	-0.193047
1164.37	-5031.95	0.979105	-0.203353
1163.84	-5029.47	0.976834	-0.213996
1163.27	-5026.94	0.974367	-0.224966
1162.67	-5024.38	0.971692	-0.236252
1162.02	-5021.78	0.9688	-0.247844
1161.33	-5019.14	0.965677	-0.259746
1160.6	-5016.46	0.962302	-0.271984
1159.82	-5013.75	0.958657	-0.284564
1158.99	-5011.01	0.954731	-0.29747
1158.1	-5008.23	0.950507	-0.310703
1157.17	-5005.42	0.945963	-0.324274
1156.18	-5002.58	0.941087	-0.338165
1155.12	-4999.71	0.935866	-0.352355
1154.01	-4996.81	0.930267	-0.366883
1152.84	-4993.89	0.924259	-0.381766
1151.6	-4990.94	0.917823	-0.39699
1150.29	-4987.97	0.91095	-0.412518
1148.91	-4984.99	0.903628	-0.428318
1147.46	-4981.98	0.895843	-0.444371
1145.78	-4978.66	0.886815	-0.462124
1144.34	-4975.93	0.879146	-0.476553
1142.49	-4972.58	0.869453	-0.494015
1140.72	-4969.53	0.860291	-0.509803
1138.88	-4966.47	0.85081	-0.525474
1136.96	-4963.41	0.841095	-0.540887
1134.95	-4960.34	0.831233	-0.555925
1132.87	-4957.27	0.821277	-0.57053
1130.7	-4954.2	0.811262	-0.584683
1128.45	-4951.13	0.801235	-0.59835
1126.13	-4948.05	0.791269	-0.611469
1123.72	-4944.98	0.781425	-0.624
1121.24	-4941.92	0.771733	-0.635946
1118.68	-4938.85	0.762203	-0.647338
1116.05	-4935.78	0.752825	-0.658221
1113.34	-4932.72	0.74361	-0.668614
1110.56	-4929.66	0.734604	-0.678496
1107.71	-4926.61	0.72585	-0.687853
1104.79	-4923.55	0.717377	-0.696685
1101.79	-4920.5	0.709223	-0.704984
1098.73	-4917.45	0.701437	-0.712732
1095.61	-4914.4	0.694057	-0.71992
1092.42	-4911.35	0.687112	-0.726552
1089.17	-4908.3	0.680627	-0.732631
1085.88	-4905.26	0.67464	-0.738147
1082.54	-4902.23	0.669194	-0.743088
1079.18	-4899.22	0.664334	-0.747436
1075.79	-4896.22	0.660103	-0.751175
1072.39	-4893.25	0.656526	-0.754303
1068.98	-4890.29	0.65359	-0.756848
1065.56	-4887.34	0.651233	-0.758878
1062.13	-4884.41	0.649416	-0.760434
1058.7	-4881.48	0.648161	-0.761503
1055.26	-4878.56	0.647473	-0.762088
1051.83	-4875.64	0.64728	-0.762252
1048.39	-4872.72	0.647464	-0.762096
1044.96	-4869.81	0.647915	-0.761713
1041.54	-4866.89	0.648551	-0.761171
1038.11	-4863.97	0.649335	-0.760503
1034.7	-4861.05	0.650259	-0.759712
1031.28	-4858.13	0.651299	-0.758822
1027.88	-4855.2	0.652422	-0.757856
1024.47	-4852.27	0.653584	-0.756854
1021.08	-4849.33	0.654745	-0.75585
1017.68	-4846.39	0.655912	-0.754837
1014.29	-4843.44	0.657116	-0.75379
1010.91	-4840.48	0.658398	-0.75267
1007.52	-4837.51	0.659774	-0.751464
1004.13	-4834.54	0.661261	-0.750156
1000.75	-4831.55	0.662877	-0.748728
997.374	-4828.55	0.664627	-0.747176
993.999	-4825.55	0.666515	-0.745492
990.629	-4822.53	0.668536	-0.74368
987.264	-4819.49	0.670672	-0.741754
983.904	-4816.45	0.67292	-0.739715
980.55	-4813.39	0.675299	-0.737544
977.203	-4810.32	0.67782	-0.735228
973.86	-4807.23	0.680472	-0.732774
970.521	-4804.12	0.683224	-0.730209
967.183	-4800.98	0.686061	-0.727544
963.846	-4797.83	0.689001	-0.72476
960.51	-4794.64	0.692056	-0.721843
957.176	-4791.44	0.695223	-0.718794
953.843	-4788.2	0.698508	-0.715602
950.511	-4784.94	0.701924	-0.712252
947.182	-4781.64	0.705446	-0.708764
943.855	-4778.32	0.709054	-0.705154
940.532	-4774.96	0.712739	-0.70143
937.213	-4771.58	0.716506	-0.69758
933.898	-4768.16	0.720386	-0.693573
930.589	-4764.7	0.724371	-0.689411
927.287	-4761.22	0.728411	-0.68514
923.993	-4757.7	0.732458	-0.680812
920.707	-4754.15	0.736499	-0.676439
917.43	-4750.56	0.740532	-0.672021
914.161	-4746.94	0.744585	-0.667527
910.902	-4743.29	0.74875	-0.662852
907.653	-4739.6	0.753095	-0.657911
904.417	-4735.87	0.757575	-0.652748
901.195	-4732.11	0.762088	-0.647473
897.986	-4728.32	0.766629	-0.642091
894.793	-4724.48	0.771277	-0.6365
891.616	-4720.61	0.77605	-0.630671
888.457	-4716.7	0.780884	-0.624677
885.316	-4712.74	0.785711	-0.618594
882.195	-4708.75	0.790528	-0.612426
879.094	-4704.73	0.795334	-0.606172
876.013	-4700.66	0.800107	-0.599857
872.953	-4696.55	0.804839	-0.593493
869.915	-4692.4	0.809526	-0.587085
866.899	-4688.21	0.814115	-0.580704
863.905	-4683.99	0.81854	-0.574449
860.932	-4679.72	0.822797	-0.568335
857.979	-4675.42	0.82691	-0.562334
855.048	-4671.09	0.830887	-0.556441
852.136	-4666.71	0.834688	-0.550724
849.244	-4662.3	0.838256	-0.545276
846.369	-4657.86	0.841576	-0.540139
843.511	-4653.38	0.844657	-0.535309
840.668	-4648.88	0.847506	-0.530786
837.838	-4644.34	0.850124	-0.526582
835.02	-4639.77	0.852528	-0.522681
832.213	-4635.17	0.85475	-0.51904
829.415	-4630.55	0.8568	-0.515648
826.625	-4625.9	0.858667	-0.512534
823.842	-4621.22	0.860326	-0.509744
821.063	-4616.52	0.861763	-0.507311
818.288	-4611.79	0.862994	-0.505214
815.514	-4607.04	0.86405	-0.503406
812.739	-4602.27	0.864935	-0.501884
809.963	-4597.48	0.865618	-0.500706
807.183	-4592.67	0.866094	-0.499882
804.398	-4587.84	0.866409	-0.499336
801.606	-4583	0.866579	-0.49904
798.805	-4578.13	0.866608	-0.498989
795.995	-4573.25	0.866539	-0.499109
793.175	-4568.36	0.866485	-0.499203
790.345	-4563.44	0.866549	-0.499093
787.507	-4558.51	0.866713	-0.498807
784.661	-4553.57	0.866932	-0.498427
781.809	-4548.6	0.867224	-0.497919
778.95	-4543.62	0.86763	-0.497211
776.087	-4538.62	0.868105	-0.496381
773.222	-4533.61	0.868589	-0.495534
770.358	-4528.58	0.869072	-0.494686
767.496	-4523.55	0.869563	-0.493823
764.638	-4518.51	0.870093	-0.492888
761.786	-4513.47	0.870684	-0.491843
758.942	-4508.43	0.871303	-0.490745
756.105	-4503.39	0.871921	-0.489647
753.275	-4498.34	0.872536	-0.488549
750.453	-4493.3	0.873151	-0.487451
747.638	-4488.25	0.873756	-0.486365
744.831	-4483.2	0.874323	-0.485344
742.03	-4478.15	0.874839	-0.484414
739.235	-4473.1	0.87529	-0.483599
736.446	-4468.05	0.87564	-0.482965
733.661	-4462.99	0.875869	-0.48255
730.879	-4457.94	0.875984	-0.48234
728.099	-4452.89	0.876035	-0.482247
725.32	-4447.84	0.876009	-0.482294
722.542	-4442.8	0.875774	-0.482721
719.76	-4437.76	0.875283	-0.483611
716.974	-4432.72	0.874603	-0.484841
714.181	-4427.69	0.873792	-0.486299
711.381	-4422.67	0.872869	-0.487955
708.571	-4417.65	0.871799	-0.489864
705.751	-4412.64	0.870542	-0.492095
702.919	-4407.65	0.869069	-0.49469
700.071	-4402.66	0.867374	-0.497656
697.207	-4397.68	0.865479	-0.500945
694.325	-4392.72	0.863429	-0.504471
691.423	-4387.77	0.86126	-0.508164
688.5	-4382.84	0.858988	-0.511996
685.557	-4377.92	0.856594	-0.515991
682.591	-4373.02	0.854073	-0.520154
679.602	-4368.14	0.851405	-0.524509
676.588	-4363.27	0.848607	-0.529024
673.55	-4358.42	0.845632	-0.533766
670.485	-4353.59	0.842512	-0.538678
667.393	-4348.78	0.839225	-0.543785
664.273	-4343.99	0.835722	-0.549152
661.122	-4339.22	0.831974	-0.554815
657.939	-4334.48	0.828008	-0.560716
654.724	-4329.76	0.823832	-0.566833
651.474	-4325.06	0.819409	-0.573209
648.188	-4320.4	0.814698	-0.579885
644.865	-4315.76	0.809681	-0.58687
641.503	-4311.16	0.804382	-0.594113
638.1	-4306.59	0.798781	-0.601622
634.655	-4302.05	0.792818	-0.609458
631.166	-4297.55	0.786507	-0.617581
627.631	-4293.09	0.77986	-0.625954
624.05	-4288.67	0.772872	-0.634562
620.42	-4284.29	0.765526	-0.643405
616.741	-4279.95	0.757862	-0.652415
613.013	-4275.66	0.749996	-0.661442
609.234	-4271.42	0.742015	-0.670383
605.406	-4267.22	0.733931	-0.679224
601.53	-4263.07	0.725746	-0.687963
597.606	-4258.97	0.717477	-0.696582
593.635	-4254.92	0.709239	-0.704968
589.619	-4250.92	0.701195	-0.71297
585.56	-4246.96	0.69334	-0.72061
581.048	-4242.66	0.684779	-0.72875
576.904	-4238.8	0.676953	-0.736026
573.14	-4235.36	0.669846	-0.7425
568.921	-4231.59	0.661881	-0.749609
564.664	-4227.87	0.653844	-0.756629
559.938	-4223.82	0.644922	-0.764248
555.602	-4220.19	0.636738	-0.77108
551.229	-4216.61	0.628486	-0.777821
546.821	-4213.08	0.620166	-0.784471
542.376	-4209.6	0.611814	-0.791001
537.897	-4206.16	0.603575	-0.797306
533.385	-4202.78	0.595545	-0.803322
528.841	-4199.44	0.587663	-0.809106
524.266	-4196.14	0.579851	-0.814722
519.662	-4192.89	0.572078	-0.820199
515.03	-4189.68	0.564303	-0.825568
510.368	-4186.52	0.556487	-0.830856
505.68	-4183.41	0.548642	-0.836057
500.964	-4180.34	0.540868	-0.841108
496.222	-4177.31	0.533244	-0.845961
491.454	-4174.33	0.52575	-0.850639
486.663	-4171.4	0.518303	-0.855197
481.848	-4168.5	0.510833	-0.85968
477.01	-4165.65	0.503328	-0.864096
472.15	-4162.84	0.4958	-0.868436
467.267	-4160.07	0.488376	-0.872633
462.362	-4157.35	0.481281	-0.876566
457.439	-4154.67	0.474679	-0.880159
452.498	-4152.02	0.468557	-0.883433
447.541	-4149.41	0.462824	-0.88645
442.57	-4146.83	0.457479	-0.88922
437.585	-4144.28	0.452495	-0.891767
432.589	-4141.76	0.447811	-0.894128
427.582	-4139.26	0.443383	-0.896332
422.565	-4136.79	0.439163	-0.898407
417.539	-4134.35	0.435177	-0.900345
412.504	-4131.92	0.431472	-0.902126
407.461	-4129.52	0.428043	-0.903759
402.411	-4127.14	0.424828	-0.905274
397.356	-4124.77	0.421756	-0.906709
392.294	-4122.43	0.418815	-0.908072
387.227	-4120.1	0.415999	-0.909365
382.155	-4117.78	0.413304	-0.910593
377.078	-4115.49	0.410774	-0.911737
371.997	-4113.2	0.408487	-0.912764
366.912	-4110.93	0.406456	-0.913671
361.825	-4108.68	0.404655	-0.914469
356.735	-4106.43	0.40308	-0.915165
351.644	-4104.19	0.401667	-0.915786
346.551	-4101.96	0.400306	-0.916382
341.457	-4099.74	0.398945	-0.916975
336.362	-4097.53	0.397583	-0.917566
331.266	-4095.32	0.396221	-0.918155
326.168	-4093.12	0.394859	-0.918742
321.069	-4090.94	0.393497	-0.919326
315.969	-4088.76	0.392148	-0.919902
310.868	-4086.59	0.390915	-0.920427
305.766	-4084.42	0.389964	-0.92083
300.664	-4082.26	0.389381	-0.921077
295.563	-4080.11	0.389192	-0.921157
290.464	-4077.95	0.389446	-0.921049
285.368	-4075.8	0.390176	-0.92074
280.276	-4073.64	0.391318	-0.920256
275.19	-4071.47	0.39278	-0.919632
270.109	-4069.3	0.394517	-0.918889
265.034	-4067.11	0.396552	-0.918012
259.966	-4064.92	0.398955	-0.91697
254.907	-4062.71	0.401803	-0.915726
249.857	-4060.48	0.405162	-0.914245
244.818	-4058.24	0.409018	-0.912526
239.791	-4055.98	0.413258	-0.910614
234.777	-4053.69	0.417776	-0.90855
229.776	-4051.38	0.422548	-0.906341
224.79	-4049.04	0.427582	-0.903977
219.819	-4046.67	0.432902	-0.901441
214.864	-4044.28	0.4385	-0.898731
209.927	-4041.85	0.444319	-0.895868
205.008	-4039.4	0.450333	-0.892861
200.107	-4036.91	0.456615	-0.889664
195.227	-4034.39	0.463242	-0.886232
190.368	-4031.83	0.470237	-0.88254
185.531	-4029.23	0.477533	-0.878614
180.719	-4026.59	0.484998	-0.874515
175.931	-4023.92	0.492503	-0.870311
171.168	-4021.2	0.499968	-0.866044
166.431	-4018.44	0.507392	-0.861716
161.72	-4015.65	0.514775	-0.857325
157.034	-4012.81	0.522116	-0.852874
152.375	-4009.94	0.529387	-0.848381
147.742	-4007.03	0.536435	-0.843942
143.135	-4004.08	0.54313	-0.839649
138.554	-4001.09	0.549505	-0.835491
133.996	-3998.08	0.555667	-0.831405
129.463	-3995.03	0.561683	-0.827353
124.951	-3991.94	0.567505	-0.82337
120.457	-3988.83	0.573024	-0.819539
115.978	-3985.68	0.578113	-0.815956
111.512	-3982.5	0.582682	-0.8127
107.056	-3979.29	0.586655	-0.809837
102.609	-3976.06	0.58997	-0.807426
98.1686	-3972.8	0.592575	-0.805515
93.7302	-3969.53	0.59448	-0.804111
89.2906	-3966.24	0.595823	-0.803116
84.848	-3962.95	0.596792	-0.802396
80.4009	-3959.63	0.597514	-0.801859
75.9486	-3956.32	0.598028	-0.801475
71.4901	-3952.99	0.598285	-0.801283
67.0243	-3949.65	0.598243	-0.801314
62.5496	-3946.31	0.597986	-0.801506
58.0654	-3942.97	0.597682	-0.801733
53.5719	-3939.62	0.59756	-0.801824
49.0703	-3936.26	0.597923	-0.801554
44.563	-3932.9	0.598846	-0.800864
39.6015	-3929.18	0.600202	-0.799848
35.539	-3926.13	0.601426	-0.798928
31.023	-3922.73	0.602971	-0.797763
26.506	-3919.31	0.604874	-0.796321
21.9896	-3915.87	0.607128	-0.794604
17.4753	-3912.41	0.609642	-0.792677
12.9643	-3908.93	0.612384	-0.79056
8.45763	-3905.43	0.615348	-0.788255
3.95638	-3901.9	0.618412	-0.785854
-0.987649	-3898	0.62178	-0.783192
-5.47596	-3894.42	0.624838	-0.780755
-9.95826	-3890.83	0.627893	-0.7783
-14.4344	-3887.2	0.630945	-0.775827
-18.9042	-3883.56	0.633995	-0.773337
-23.3676	-3879.89	0.637041	-0.77083
-27.8243	-3876.19	0.640141	-0.768257
-32.2736	-3872.47	0.643454	-0.765485
-36.7141	-3868.72	0.647056	-0.762443
-41.1442	-3864.95	0.650867	-0.759192
-45.5628	-3861.15	0.654783	-0.755817
-49.9693	-3857.31	0.658702	-0.752404
-54.3637	-3853.45	0.662482	-0.749078
-58.7468	-3849.56	0.665951	-0.745996
-63.1202	-3845.64	0.66898	-0.74328
-67.4864	-3841.7	0.671536	-0.740972
-71.8475	-3837.74	0.673631	-0.739068
-76.2059	-3833.76	0.675317	-0.737527
-80.5635	-3829.76	0.676713	-0.736247
-84.9214	-3825.75	0.677971	-0.735089
-89.2802	-3821.72	0.679161	-0.733989
-93.6402	-3817.68	0.680284	-0.732949
-98.0016	-3813.63	0.68134	-0.731967
-102.365	-3809.56	0.682304	-0.731069
-106.731	-3805.49	0.683087	-0.730337
-111.1	-3801.4	0.683651	-0.729809
-115.474	-3797.3	0.684048	-0.729437
-119.854	-3793.19	0.684321	-0.72918
-124.24	-3789.07	0.684459	-0.729051
-128.633	-3784.95	0.684406	-0.729101
-133.034	-3780.82	0.684092	-0.729396
-137.446	-3776.68	0.683503	-0.729947
-141.868	-3772.54	0.682724	-0.730676
-146.303	-3768.4	0.681816	-0.731523
-150.751	-3764.26	0.680802	-0.732468
-155.212	-3760.12	0.679692	-0.733498
-159.688	-3755.98	0.678503	-0.734598
-164.177	-3751.84	0.677286	-0.73572
-168.681	-3747.7	0.676064	-0.736843
-173.2	-3743.56	0.674838	-0.737966
-177.733	-3739.42	0.673608	-0.739089
-182.28	-3735.28	0.672337	-0.740245
-186.839	-3731.14	0.671015	-0.741443
-191.405	-3727.02	0.669679	-0.74265
-195.977	-3722.9	0.668342	-0.743854
-200.555	-3718.79	0.667003	-0.745055
-205.138	-3714.7	0.665657	-0.746258
-209.728	-3710.61	0.664244	-0.747516
-214.324	-3706.53	0.662698	-0.748887
-218.926	-3702.47	0.66102	-0.750369
-223.537	-3698.41	0.659171	-0.751993
-228.156	-3694.37	0.657102	-0.753802
-232.786	-3690.35	0.654862	-0.755749
-237.425	-3686.33	0.652533	-0.75776
-242.076	-3682.34	0.650091	-0.759857
-246.738	-3678.36	0.647497	-0.762068
-251.412	-3674.4	0.644776	-0.764371
-256.099	-3670.46	0.641969	-0.766731
-260.798	-3666.54	0.63911	-0.769115
-265.511	-3662.63	0.636189	-0.771533
-270.237	-3658.75	0.633212	-0.773979
-274.976	-3654.88	0.630208	-0.776426
-279.728	-3651.04	0.627197	-0.77886
-284.494	-3647.21	0.624178	-0.781282
-289.272	-3643.41	0.621151	-0.783691
-294.064	-3639.62	0.618115	-0.786087
-298.868	-3635.86	0.615134	-0.788423
-303.685	-3632.11	0.612325	-0.790606
-308.513	-3628.38	0.609773	-0.792576
-313.35	-3624.67	0.60748	-0.794335
-318.196	-3620.97	0.605351	-0.795959
-323.05	-3617.29	0.603306	-0.79751
-327.912	-3613.62	0.60131	-0.799016
-332.781	-3609.96	0.599323	-0.800507
-337.657	-3606.32	0.597334	-0.801993
-342.54	-3602.69	0.595341	-0.803473
-347.431	-3599.07	0.593346	-0.804947
-352.329	-3595.47	0.591367	-0.806403
-357.234	-3591.88	0.589537	-0.807741
-362.145	-3588.3	0.588024	-0.808843
-367.06	-3584.73	0.586758	-0.809762
-371.979	-3581.17	0.585556	-0.810632
-376.901	-3577.62	0.58439	-0.811473
-381.826	-3574.08	0.583421	-0.81217
-386.753	-3570.54	0.582732	-0.812664
-391.682	-3567.01	0.58215	-0.813082
-396.611	-3563.48	0.581555	-0.813507
-401.54	-3559.96	0.580959	-0.813932
-406.471	-3556.44	0.580364	-0.814357
-411.402	-3552.93	0.579769	-0.814781
-416.334	-3549.42	0.579174	-0.815204
-421.267	-3545.92	0.57856	-0.81564
-426.201	-3542.42	0.57787	-0.816128
-431.136	-3538.93	0.577124	-0.816657
-436.073	-3535.45	0.576377	-0.817184
-441.011	-3531.97	0.575629	-0.817711
-445.95	-3528.49	0.574882	-0.818236
-450.891	-3525.02	0.574134	-0.818761
-455.833	-3521.56	0.573387	-0.819285
-460.777	-3518.1	0.572639	-0.819808
-465.722	-3514.65	0.571891	-0.82033
-470.668	-3511.21	0.571143	-0.820851
-475.616	-3507.77	0.570395	-0.821371
-480.565	-3504.33	0.569646	-0.82189
-485.515	-3500.9	0.568898	-0.822408
-490.467	-3497.48	0.568149	-0.822925
-495.42	-3494.06	0.567401	-0.823442
-500.374	-3490.65	0.566652	-0.823957
-505.329	-3487.25	0.565903	-0.824472
-510.286	-3483.85	0.565154	-0.824986
-515.244	-3480.45	0.564404	-0.825498
-520.204	-3477.07	0.563655	-0.82601
-525.164	-3473.68	0.562905	-0.826521
-530.126	-3470.31	0.562156	-0.827031
-535.089	-3466.94	0.561406	-0.827541
-540.054	-3463.57	0.560656	-0.828049
-545.02	-3460.21	0.559906	-0.828556
-549.987	-3456.86	0.559156	-0.829062
-554.955	-3453.51	0.558406	-0.829568
-559.924	-3450.17	0.557655	-0.830073
-564.895	-3446.83	0.556905	-0.830576
-569.866	-3443.5	0.556154	-0.831079
-574.839	-3440.17	0.555404	-0.831581
-579.813	-3436.85	0.554653	-0.832082
-584.789	-3433.54	0.553902	-0.832582
-589.765	-3430.23	0.553151	-0.833081
-594.743	-3426.93	0.5524	-0.833579
-599.722	-3423.63	0.551648	-0.834077
-604.702	-3420.34	0.550897	-0.834573
-609.683	-3417.06	0.550164	-0.835057
-614.665	-3413.78	0.549541	-0.835467
-619.647	-3410.5	0.549142	-0.835729
-624.629	-3407.23	0.549023	-0.835807
-629.609	-3403.96	0.54921	-0.835684
-634.586	-3400.68	0.549713	-0.835354
-639.558	-3397.41	0.550458	-0.834863
-644.526	-3394.13	0.551354	-0.834271
-649.488	-3390.85	0.552358	-0.833607
-654.444	-3387.56	0.553413	-0.832907
-659.394	-3384.27	0.554471	-0.832203
-664.338	-3380.97	0.555529	-0.831497
-669.276	-3377.67	0.556553	-0.830812
-674.209	-3374.36	0.557501	-0.830176
-679.136	-3371.05	0.558366	-0.829595
-684.057	-3367.73	0.559178	-0.829048
-688.974	-3364.41	0.559976	-0.828509
-693.886	-3361.09	0.560773	-0.827969
-698.793	-3357.77	0.56157	-0.827429
-703.694	-3354.44	0.562366	-0.826889
-708.591	-3351.1	0.56316	-0.826348
-713.483	-3347.77	0.563954	-0.825806
-718.37	-3344.43	0.564747	-0.825264
-723.251	-3341.08	0.56554	-0.824721
-728.128	-3337.74	0.566331	-0.824178
-733	-3334.39	0.567121	-0.823634
-737.866	-3331.03	0.567911	-0.82309
-742.728	-3327.68	0.568699	-0.822546
-747.585	-3324.31	0.569487	-0.822
-752.436	-3320.95	0.570274	-0.821455
-757.283	-3317.58	0.57106	-0.820908
-762.125	-3314.21	0.571845	-0.820362
-766.961	-3310.84	0.572629	-0.819815
-771.793	-3307.46	0.573412	-0.819267
-776.62	-3304.08	0.574195	-0.818719
-781.441	-3300.7	0.574977	-0.81817
-786.258	-3297.31	0.575757	-0.817621
-791.07	-3293.92	0.576537	-0.817071
-795.876	-3290.52	0.577316	-0.816521
-800.678	-3287.12	0.578094	-0.81597
-805.475	-3283.72	0.578871	-0.815419
-810.266	-3280.32	0.579648	-0.814867
-815.053	-3276.91	0.580423	-0.814315
-819.835	-3273.5	0.581197	-0.813763
-824.611	-3270.09	0.581971	-0.813209
-829.383	-3266.67	0.582744	-0.812656
-834.149	-3263.25	0.583516	-0.812102
-838.911	-3259.82	0.584287	-0.811547
-843.667	-3256.4	0.585057	-0.810992
-848.419	-3252.97	0.585826	-0.810437
-853.165	-3249.53	0.586595	-0.809881
-857.906	-3246.1	0.587362	-0.809324
-862.643	-3242.66	0.588129	-0.808767
-867.374	-3239.21	0.588894	-0.80821
-872.1	-3235.77	0.589659	-0.807652
-876.822	-3232.32	0.590423	-0.807094
-881.538	-3228.86	0.591186	-0.806535
-886.249	-3225.41	0.591948	-0.805976
-890.955	-3221.95	0.592719	-0.805409
-895.657	-3218.49	0.59361	-0.804753
-900.352	-3215.02	0.594765	-0.8039
-905.039	-3211.55	0.596152	-0.802872
-910.187	-3207.72	0.597928	-0.80155
-914.856	-3204.23	0.599872	-0.800096
-919.515	-3200.73	0.602199	-0.798346
-923.697	-3197.56	0.604564	-0.796556
-928.793	-3193.68	0.607765	-0.794117
-933.41	-3190.14	0.611021	-0.791614
-938.01	-3186.57	0.614548	-0.788879
-942.592	-3182.99	0.618307	-0.785936
-947.154	-3179.39	0.622475	-0.782639
-951.695	-3175.76	0.627181	-0.778873
-956.21	-3172.1	0.632414	-0.77463
-960.699	-3168.42	0.638142	-0.769919
-965.157	-3164.7	0.644292	-0.764779
-969.583	-3160.94	0.650783	-0.759264
-973.974	-3157.15	0.657535	-0.753424
-978.329	-3153.32	0.664499	-0.74729
-982.646	-3149.46	0.671639	-0.740879
-986.924	-3145.55	0.678909	-0.734222
-991.162	-3141.6	0.686207	-0.727406
-995.358	-3137.61	0.693422	-0.720531
-999.512	-3133.58	0.700465	-0.713687
-1003.63	-3129.51	0.707285	-0.706929
-1007.7	-3125.4	0.713887	-0.700261
-1011.73	-3121.26	0.720289	-0.693674
-1015.73	-3117.08	0.726572	-0.687091
-1019.68	-3112.87	0.732791	-0.680454
-1023.6	-3108.62	0.738947	-0.673763
-1027.47	-3104.34	0.74504	-0.66702
-1031.3	-3100.03	0.751068	-0.660225
-1035.1	-3095.68	0.757031	-0.653379
-1038.85	-3091.3	0.762929	-0.646482
-1042.56	-3086.89	0.768761	-0.639536
-1046.23	-3082.45	0.774528	-0.63254
-1049.85	-3077.98	0.780228	-0.625495
-1053.44	-3073.47	0.785862	-0.618402
-1056.98	-3068.94	0.791428	-0.611262
-1060.48	-3064.37	0.796928	-0.604075
-1063.94	-3059.77	0.802359	-0.596842
-1067.35	-3055.15	0.807722	-0.589563
-1070.73	-3050.49	0.813017	-0.58224
-1074.05	-3045.81	0.818243	-0.574873
-1077.34	-3041.1	0.823399	-0.567462
-1080.58	-3036.36	0.828487	-0.560009
-1083.77	-3031.6	0.833504	-0.552513
-1086.93	-3026.81	0.838451	-0.544976
-1090.03	-3021.99	0.843325	-0.537404
-1093.1	-3017.14	0.848082	-0.529866
-1096.11	-3012.27	0.852693	-0.522413
-1099.09	-3007.38	0.857202	-0.51498
-1102.02	-3002.46	0.861645	-0.507511
-1104.91	-2997.52	0.866021	-0.500008
-1107.75	-2992.56	0.870329	-0.492471
-1110.55	-2987.57	0.87457	-0.4849
-1113.3	-2982.56	0.878743	-0.477296
-1116.01	-2977.53	0.882848	-0.469659
-1118.68	-2972.48	0.886884	-0.461992
-1121.3	-2967.4	0.890853	-0.454293
-1123.87	-2962.31	0.894752	-0.446563
-1126.4	-2957.2	0.898583	-0.438804
-1128.89	-2952.06	0.902345	-0.431016
-1131.33	-2946.91	0.906037	-0.423199
-1133.72	-2941.74	0.90966	-0.415354
-1136.07	-2936.55	0.913213	-0.407482
-1138.37	-2931.34	0.916697	-0.399583
-1140.63	-2926.12	0.920111	-0.391658
-1142.84	-2920.87	0.923449	-0.383721
-1145	-2915.61	0.926684	-0.375841
-1147.12	-2910.34	0.929797	-0.368072
-1149.2	-2905.05	0.932804	-0.360383
-1151.23	-2899.74	0.935721	-0.352742
-1153.21	-2894.42	0.938546	-0.345155
-1155.16	-2889.08	0.941284	-0.337616
-1157.06	-2883.74	0.943934	-0.330134
-1158.91	-2878.38	0.9465	-0.322704
-1160.72	-2873	0.948995	-0.315291
-1162.5	-2867.62	0.951406	-0.307938
-1164.22	-2862.22	0.953712	-0.300722
-1165.91	-2856.82	0.955911	-0.293657
-1167.56	-2851.4	0.958007	-0.286745
-1169.16	-2845.97	0.959999	-0.280002
-1170.73	-2840.54	0.961899	-0.273406
-1172.27	-2835.09	0.963717	-0.266925
-1173.76	-2829.64	0.965471	-0.260512
-1175.22	-2824.18	0.967175	-0.25411
-1176.64	-2818.71	0.968837	-0.2477
-1178.02	-2813.24	0.970437	-0.241353
-1179.37	-2807.76	0.971952	-0.23518
-1180.68	-2802.27	0.973377	-0.229209
-1181.96	-2796.78	0.974729	-0.223392
-1183.21	-2791.28	0.976014	-0.21771
-1184.42	-2785.78	0.977228	-0.212191
-1185.61	-2780.27	0.978376	-0.206836
-1186.76	-2774.76	0.97947	-0.201589
-1187.88	-2769.24	0.980526	-0.196388
-1188.98	-2763.72	0.981552	-0.191198
-1190.04	-2758.2	0.982549	-0.186005
-1191.07	-2752.67	0.983519	-0.180803
-1192.08	-2747.14	0.984471	-0.175549
-1193.05	-2741.61	0.985418	-0.170153
-1194	-2736.07	0.986377	-0.164502
-1194.91	-2730.53	0.987346	-0.158579
-1195.78	-2724.99	0.988304	-0.152498
-1196.62	-2719.45	0.989229	-0.146374
-1197.43	-2713.9	0.990117	-0.140246
-1198.2	-2708.35	0.990966	-0.134117
-1198.94	-2702.79	0.991776	-0.127985
-1199.65	-2697.23	0.992548	-0.121851
-1200.31	-2691.68	0.993282	-0.115715
-1200.95	-2686.12	0.993978	-0.109578
-1201.55	-2680.55	0.994636	-0.10344
-1202.11	-2674.99	0.995255	-0.0973009
-1202.64	-2669.43	0.995836	-0.091167
-1203.14	-2663.86	0.996373	-0.0850878
-1203.6	-2658.29	0.996862	-0.0791576
-1204.07	-2652.17	0.997341	-0.0728795
-1204.43	-2647.16	0.997687	-0.0679702
-1204.79	-2641.59	0.998028	-0.0627769
-1205.16	-2635.47	0.998351	-0.0573969
-1205.44	-2630.46	0.998579	-0.0533002
-1205.76	-2624.34	0.998814	-0.048685
-1206.02	-2618.78	0.998992	-0.044878
-1206.26	-2613.21	0.999143	-0.0413934
-1206.47	-2608.21	0.999255	-0.0385864
-1206.67	-2602.65	0.999359	-0.0357876
-1206.87	-2597.09	0.999446	-0.0332938
-1207.05	-2591.53	0.999518	-0.0310476
-1207.21	-2585.98	0.99958	-0.0289815
-1207.37	-2580.43	0.999634	-0.0270703
-1207.52	-2574.88	0.999681	-0.025265
-1207.67	-2568.77	0.999725	-0.02343
-1207.79	-2563.22	0.999759	-0.0219473
-1207.91	-2557.68	0.999787	-0.02064
-1208.01	-2552.69	0.999808	-0.0195959
-1208.12	-2547.15	0.999827	-0.0186047
-1208.22	-2541.61	0.999841	-0.0178096
-1208.32	-2536.07	0.999852	-0.0171805
-1208.41	-2530.54	0.999861	-0.0166726
-1208.5	-2525.01	0.999869	-0.016182
-1208.59	-2519.48	0.999877	-0.0156916
-1208.68	-2513.95	0.999884	-0.0152014
-1208.76	-2508.42	0.999892	-0.0147115
-1208.84	-2502.9	0.999899	-0.0142219
-1208.92	-2497.38	0.999906	-0.0137324
-1208.99	-2491.86	0.999912	-0.0132432
-1209.06	-2486.34	0.999919	-0.0127542
-1209.13	-2480.82	0.999925	-0.0122655
-1209.2	-2475.31	0.999931	-0.0117769
-1209.26	-2469.8	0.999936	-0.0112886
-1209.32	-2464.29	0.999942	-0.0108005
-1209.38	-2458.78	0.999947	-0.0103127
-1209.44	-2453.28	0.999952	-0.00982515
-1209.49	-2447.78	0.999956	-0.00933782
-1209.54	-2442.27	0.999961	-0.00885072
-1209.59	-2436.23	0.999965	-0.00831517
-1209.63	-2431.28	0.999969	-0.0078772
-1209.68	-2425.79	0.999973	-0.00739078
-1209.72	-2420.29	0.999976	-0.00690458
-1209.75	-2414.81	0.999979	-0.00641862
-1209.79	-2409.32	0.999982	-0.00593288
-1209.82	-2403.83	0.999985	-0.0054474
-1209.85	-2398.35	0.999988	-0.00496219
-1209.88	-2392.32	0.99999	-0.00442872
-1209.9	-2387.39	0.999992	-0.00399246
-1209.92	-2381.91	0.999994	-0.00350793
-1209.94	-2376.44	0.999995	-0.00302364
-1209.95	-2370.97	0.999997	-0.00253957
-1209.96	-2365.5	0.999998	-0.00205573
-1209.97	-2360.03	0.999999	-0.00157212
-1209.98	-2354.56	0.999999	-0.00108873
-1209.99	-2348.55	1	-0.000557317
-1209.99	-2343.64	1	-0.000122762
-1209.99	-2338.18	1	0.000360072
-1209.99	-2332.71	1	0.000843272
-1209.98	-2327.24	0.999999	0.00132705
-1209.97	-2321.77	0.999998	0.00181156
-1209.96	-2316.29	0.999997	0.00229679
-1209.95	-2310.25	0.999996	0.00283147
-1209.93	-2304.75	0.999994	0.00331841
-1209.91	-2299.8	0.999993	0.00375737
-1209.89	-2294.28	0.999991	0.00424588
-1209.86	-2288.21	0.999989	0.00478416
-1209.84	-2282.68	0.999986	0.00527438
-1209.81	-2277.15	0.999983	0.00576544
-1209.77	-2271.6	0.99998	0.00625729
-1209.74	-2266.05	0.999977	0.00674995
-1209.7	-2260.5	0.999974	0.00724341
-1209.66	-2254.93	0.99997	0.00773767
-1209.61	-2249.36	0.999966	0.00823272
-1209.57	-2243.78	0.999962	0.00872858
-1209.52	-2238.19	0.999957	0.00922523
-1209.46	-2232.6	0.999953	0.00972268
-1209.41	-2227	0.999948	0.0102209
-1209.35	-2221.39	0.999943	0.01072
-1209.29	-2215.77	0.999937	0.0112198
-1209.22	-2210.15	0.999931	0.0117205
-1209.16	-2204.52	0.999925	0.0122219
-1209.09	-2198.88	0.999919	0.0127241
-1209.01	-2193.23	0.999913	0.0132271
-1208.94	-2187.58	0.999906	0.0137309
-1208.86	-2181.92	0.999899	0.0142355
-1208.78	-2176.26	0.999891	0.0147408
-1208.69	-2170.58	0.999884	0.0152469
-1208.6	-2164.9	0.999877	0.0157119
-1208.51	-2159.21	0.999872	0.0159908
-1208.42	-2153.52	0.999872	0.0159944
-1208.33	-2147.82	0.999875	0.0158396
-1208.24	-2142.11	0.999877	0.0156573
-1208.15	-2136.39	0.99988	0.0154747
-1208.06	-2130.67	0.999883	0.0152919
-1207.98	-2124.94	0.999886	0.0151087
-1207.89	-2119.2	0.999889	0.0148871
-1207.81	-2113.45	0.999895	0.0145036
-1207.72	-2107.7	0.999904	0.0138493
-1207.65	-2101.94	0.999915	0.0130322
-1207.57	-2096.17	0.999926	0.012199
-1207.5	-2090.4	0.999935	0.0113644
-1207.44	-2084.62	0.999945	0.0105286
-1207.38	-2078.83	0.999953	0.00973432
-1207.33	-2073.04	0.999958	0.00913215
-1207.27	-2067.23	0.999961	0.00878923
-1207.22	-2061.42	0.999963	0.00860727
-1207.17	-2055.61	0.999964	0.00847678
-1207.12	-2049.78	0.999965	0.00834609
-1207.08	-2043.95	0.999966	0.00821521
-1207.03	-2038.11	0.999967	0.00808414
-1206.98	-2032.27	0.999968	0.00795288
-1206.94	-2026.41	0.999969	0.00782143
-1206.89	-2020.56	0.99997	0.00768983
-1206.85	-2014.69	0.999971	0.00755807
-1206.8	-2008.82	0.999972	0.00742617
-1206.76	-2002.95	0.999973	0.0072941
-1206.72	-1997.07	0.999974	0.00716189
-1206.67	-1991.19	0.999975	0.00702952
-1206.63	-1985.29	0.999976	0.006897
-1206.59	-1979.4	0.999977	0.00676433
-1206.55	-1973.49	0.999978	0.00663151
-1206.51	-1967.59	0.999979	0.00649853
-1206.48	-1961.67	0.99998	0.0063654
-1206.44	-1955.76	0.999981	0.00623212
-1206.4	-1949.83	0.999981	0.00609868
-1206.37	-1943.9	0.999982	0.00596509
-1206.33	-1937.97	0.999983	0.00583135
-1206.3	-1932.03	0.999984	0.0056975
-1206.26	-1926.09	0.999985	0.00556353
-1206.23	-1920.14	0.999985	0.0054294
-1206.2	-1914.19	0.999986	0.00529513
-1206.17	-1908.23	0.999987	0.00516074
-1206.14	-1902.27	0.999987	0.00502623
-1206.11	-1896.3	0.999988	0.00489162
-1206.08	-1890.33	0.999989	0.00475696
-1206.05	-1884.37	0.999989	0.00462234
-1206.02	-1878.4	0.99999	0.00448776
-1206	-1872.44	0.999991	0.00435321
-1205.97	-1866.48	0.999991	0.00421875
-1205.95	-1860.52	0.999992	0.00408436
-1205.92	-1854.56	0.999992	0.00399666
-1205.9	-1848.61	0.999992	0.00404713
-1205.87	-1842.66	0.999991	0.00418911
-1205.85	-1836.71	0.999991	0.00433105
-1205.82	-1830.76	0.99999	0.00447292
-1205.8	-1824.82	0.999989	0.00461471
-1205.77	-1818.87	0.999989	0.00475642
-1205.74	-1812.93	0.999988	0.00489806
-1205.71	-1806.99	0.999987	0.00503962
-1205.68	-1801.06	0.999987	0.0051723
-1205.65	-1795.12	0.999986	0.00529608
-1205.62	-1789.19	0.999985	0.00541979
-1205.58	-1783.26	0.999985	0.00554346
-1205.55	-1777.33	0.999984	0.00566709
-1205.52	-1771.41	0.999983	0.00579065
-1205.48	-1765.48	0.999983	0.00591413
-1205.45	-1759.56	0.999982	0.00603757
-1205.41	-1753.64	0.999981	0.00616097
-1205.37	-1747.73	0.99998	0.0062843
-1205.34	-1741.81	0.999979	0.00640755
-1205.3	-1735.9	0.999979	0.00653076
-1205.26	-1729.99	0.999978	0.00665394
-1205.22	-1724.08	0.999977	0.00677704
-1205.18	-1718.17	0.999976	0.00690006
-1205.14	-1712.27	0.999975	0.00702304
-1205.1	-1706.37	0.999974	0.00714598
-1205.05	-1700.47	0.999974	0.00726886
-1205.01	-1694.57	0.999973	0.00739166
-1204.97	-1688.68	0.999972	0.00751441
-1204.92	-1682.78	0.999971	0.00763714
-1204.88	-1676.89	0.99997	0.00775977
-1204.83	-1671.01	0.999969	0.00788238
-1204.79	-1665.12	0.999968	0.00800495
-1204.74	-1659.23	0.999967	0.00812744
-1204.69	-1653.35	0.999966	0.00824986
-1204.64	-1647.47	0.999965	0.00837223
-1204.59	-1641.59	0.999964	0.00849457
-1204.54	-1635.72	0.999963	0.00861682
-1204.49	-1629.85	0.999962	0.00873901
-1204.44	-1623.97	0.999961	0.00886115
-1204.39	-1618.11	0.99996	0.00898327
-1204.33	-1612.24	0.999959	0.0091053
-1204.27	-1605.79	0.999957	0.00923945
-1204.23	-1600.51	0.999956	0.00934917
-1204.17	-1594.65	0.999955	0.00947105
-1204.11	-1588.21	0.999954	0.00960503
-1204.05	-1582.35	0.999953	0.00972679
-1203.99	-1576.5	0.999952	0.00984851
-1203.94	-1570.65	0.99995	0.00997016
-1203.88	-1564.8	0.999949	0.0100917
-1203.82	-1558.95	0.999948	0.0102133
-1203.76	-1553.11	0.999947	0.0103347
-1203.7	-1547.26	0.999945	0.0104562
-1203.64	-1541.42	0.999944	0.0105775
-1203.58	-1535.59	0.999943	0.0106988
-1203.51	-1529.75	0.999941	0.0108201
-1203.45	-1523.92	0.99994	0.0109413
-1203.38	-1518.08	0.999939	0.0110624
-1203.32	-1512.25	0.999938	0.0111683
-1203.25	-1506.43	0.999938	0.0111354
-1203.19	-1500.6	0.999941	0.0108298
-1203.13	-1494.78	0.999947	0.0102781
-1203.07	-1488.96	0.999954	0.00956269
-1203.02	-1483.14	0.999962	0.00877213
-1202.97	-1477.32	0.999968	0.00797328
-1202.92	-1471.51	0.999974	0.00717478
-1202.88	-1465.7	0.999979	0.00640682
-1202.85	-1459.89	0.999984	0.00566938
-1202.82	-1454.08	0.999988	0.00493223
-1202.79	-1448.27	0.999991	0.00419543
-1202.77	-1442.47	0.999994	0.00345897
-1202.75	-1436.67	0.999996	0.00276798
-1202.73	-1430.87	0.999998	0.00218044
-1202.72	-1425.07	0.999999	0.00165974
-1202.71	-1419.28	0.999999	0.00114785
-1202.71	-1413.48	1	0.00063618
-1202.71	-1407.69	1	0.000124782
-1202.71	-1401.91	1	-0.00038635
-1202.71	-1396.12	1	-0.000897252
-1202.72	-1390.34	0.999999	-0.00140792
-1202.73	-1384.55	0.999998	-0.00191837
-1202.74	-1378.77	0.999997	-0.00242858
-1202.75	-1373	0.999996	-0.00293857
-1202.77	-1367.22	0.999994	-0.00344832
-1202.79	-1361.45	0.999992	-0.00395785
-1202.82	-1355.68	0.99999	-0.00446711
-1202.84	-1349.91	0.999988	-0.0049761
-1202.87	-1344.14	0.999985	-0.00548486
-1202.91	-1338.38	0.999982	-0.00599338
-1202.94	-1332.62	0.999979	-0.00650168
-1202.98	-1326.86	0.999975	-0.00700975
-1203.02	-1321.1	0.999972	-0.00751759
-1203.07	-1315.34	0.999968	-0.00802519
-1203.11	-1309.59	0.999964	-0.00853257
-1203.16	-1303.84	0.999959	-0.00903968
-1203.22	-1298.09	0.999954	-0.00954651
-1203.27	-1292.34	0.999949	-0.0100531
-1203.33	-1286.6	0.999944	-0.0105595
-1203.39	-1280.86	0.999939	-0.0110656
-1203.46	-1275.12	0.999933	-0.0115715
-1203.53	-1269.38	0.999927	-0.0120772
-1203.6	-1263.64	0.999921	-0.0125827
-1203.67	-1257.91	0.999914	-0.0130879
-1203.75	-1252.18	0.999908	-0.0135928
-1203.82	-1246.45	0.999901	-0.0140975
-1203.91	-1240.72	0.999893	-0.0146019
-1203.99	-1235	0.999886	-0.0151062
-1204.08	-1229.28	0.999878	-0.0156101
-1204.17	-1223.56	0.99987	-0.0161139
-1204.26	-1217.84	0.999862	-0.0166174
-1204.36	-1212.12	0.999853	-0.0171207
-1204.46	-1206.41	0.999845	-0.0176237
-1204.56	-1200.7	0.999836	-0.0181265
-1204.66	-1194.99	0.999826	-0.0186291
-1204.77	-1189.28	0.999817	-0.0191313
-1204.88	-1183.58	0.999807	-0.0196334
-1205	-1177.88	0.999797	-0.0201352
-1205.11	-1172.18	0.999787	-0.0206367
-1205.23	-1166.48	0.999777	-0.0211381
-1205.35	-1160.78	0.999766	-0.0216392
-1205.48	-1155.09	0.999755	-0.02214
-1205.6	-1149.4	0.999744	-0.0226407
-1205.73	-1143.71	0.999732	-0.0231411
-1205.87	-1138.02	0.999721	-0.0236412
-1206	-1132.34	0.999709	-0.024141
-1206.14	-1126.66	0.999697	-0.024626
-1206.28	-1120.98	0.999688	-0.0249663
-1206.42	-1115.3	0.999686	-0.0250761
-1206.57	-1109.62	0.999685	-0.0250855
-1206.71	-1103.95	0.999685	-0.0250949
-1206.85	-1098.28	0.999685	-0.0251043
-1206.99	-1092.61	0.999685	-0.0251137
-1207.13	-1086.95	0.999684	-0.025123
-1207.28	-1081.28	0.999684	-0.0251324
-1207.42	-1075.62	0.999684	-0.0251418
-1207.56	-1069.96	0.999684	-0.0251512
-1207.7	-1064.3	0.999683	-0.0251606
-1207.85	-1058.64	0.999683	-0.02517
-1207.99	-1052.99	0.999683	-0.0251793
-1208.13	-1047.34	0.999683	-0.0251887
-1208.27	-1041.69	0.999682	-0.0251981
-1208.42	-1036.04	0.999682	-0.0252075
-1208.56	-1030.4	0.999682	-0.0252169
-1208.7	-1024.76	0.999682	-0.0252262
-1208.84	-1019.12	0.999682	-0.0252356
-1208.99	-1013.48	0.999681	-0.0252449
-1209.13	-1007.84	0.999681	-0.0252542
-1209.27	-1002.21	0.999681	-0.0252635
-1209.41	-996.576	0.999681	-0.0252728
-1209.55	-990.946	0.99968	-0.0252821
-1209.7	-985.319	0.99968	-0.0252914
-1209.84	-979.694	0.99968	-0.0253007
-1209.98	-974.071	0.99968	-0.02531
-1210.12	-968.45	0.999679	-0.0253193
-1210.27	-962.831	0.999679	-0.0253286
-1210.41	-957.215	0.999679	-0.0253379
-1210.55	-951.6	0.999679	-0.0253472
-1210.69	-945.988	0.999678	-0.0253565
-1210.84	-940.378	0.999678	-0.0253659
-1210.98	-934.771	0.999678	-0.0253752
-1211.12	-929.165	0.999678	-0.0253845
-1211.26	-923.562	0.999678	-0.0253937
-1211.42	-917.4	0.999677	-0.0254039
-1211.55	-912.361	0.999677	-0.0254122
-1211.7	-906.205	0.999677	-0.0254223
-1211.85	-900.611	0.999677	-0.0254316
-1211.97	-895.577	0.999676	-0.0254399
-1212.12	-889.987	0.999676	-0.0254491
-1212.26	-884.399	0.999676	-0.0254583
-1212.4	-878.813	0.999676	-0.0254676
-1212.54	-873.229	0.999675	-0.0254768
-1212.7	-867.09	0.999675	-0.0254869
-1212.84	-861.51	0.999675	-0.0254962
-1212.98	-855.933	0.999675	-0.0255054
-1213.11	-850.916	0.999674	-0.0255137
-1213.25	-845.343	0.999674	-0.0255229
-1213.4	-839.772	0.999674	-0.0255322
-1213.55	-833.647	0.999674	-0.0255423
-1213.7	-828.081	0.999674	-0.0255515
-1213.84	-822.516	0.999673	-0.0255607
-1213.98	-816.954	0.999673	-0.0255698
-1214.12	-811.395	0.999673	-0.025579
-1214.25	-806.393	0.999673	-0.0255872
-1214.39	-800.837	0.999672	-0.0255963
-1214.53	-795.284	0.999672	-0.0256055
-1214.68	-789.732	0.999672	-0.0256146
-1214.83	-783.629	0.999672	-0.0256247
-1214.98	-778.082	0.999671	-0.0256339
-1215.12	-772.537	0.999671	-0.025643
-1215.26	-766.995	0.999671	-0.0256522
-1215.39	-762.009	0.999671	-0.0256604
-1215.53	-756.471	0.99967	-0.0256696
-1215.69	-750.381	0.99967	-0.0256796
-1215.81	-745.401	0.99967	-0.0256879
-1215.96	-739.869	0.99967	-0.025697
-1216.1	-734.34	0.99967	-0.0257062
-1216.25	-728.26	0.999669	-0.0257162
-1216.4	-722.735	0.999669	-0.0257253
-1216.54	-717.213	0.999669	-0.0257344
-1216.68	-711.692	0.999669	-0.0257434
-1216.81	-706.725	0.999668	-0.0257516
-1216.95	-701.209	0.999668	-0.0257607
-1217.09	-695.695	0.999668	-0.0257697
-1217.24	-690.183	0.999668	-0.0257788
-1217.39	-684.122	0.999667	-0.0257888
-1217.52	-679.165	0.999667	-0.025797
-1217.66	-673.66	0.999667	-0.0258061
-1217.8	-668.157	0.999667	-0.0258151
-1217.95	-662.656	0.999666	-0.0258242
-1218.09	-657.157	0.999666	-0.0258333
-1218.23	-651.66	0.999666	-0.0258424
-1218.39	-645.616	0.999666	-0.0258523
-1218.51	-640.673	0.999666	-0.0258605
-1218.66	-635.183	0.999665	-0.0258696
-1218.8	-629.695	0.999665	-0.0258786
-1218.94	-624.209	0.999665	-0.0258876
-1219.08	-618.725	0.999667	-0.0258144
-1219.22	-613.244	0.999676	-0.0254624
-1219.38	-607.217	0.999693	-0.0247929
-1219.51	-601.74	0.999708	-0.0241561
-1219.64	-596.265	0.999723	-0.0235196
-1219.76	-591.339	0.999737	-0.022947
-1219.88	-585.868	0.999751	-0.0223111
-1220	-580.399	0.999765	-0.0216754
-1220.13	-574.386	0.99978	-0.0209766
-1220.24	-568.921	0.999793	-0.0203416
-1220.35	-563.459	0.999806	-0.0197069
-1220.45	-558.545	0.999817	-0.0191359
-1220.56	-552.541	0.99983	-0.0184383
-1220.66	-547.085	0.999841	-0.0178045
-1220.76	-541.631	0.999853	-0.017171
-1220.85	-536.179	0.999863	-0.0165379
-1220.94	-530.729	0.999874	-0.015905
-1221.02	-525.282	0.999883	-0.0152725
-1221.1	-519.836	0.999893	-0.0146402
-1221.18	-514.393	0.999902	-0.0140083
-1221.26	-508.952	0.999911	-0.0133766
-1221.33	-503.513	0.999919	-0.0127452
-1221.4	-498.076	0.999927	-0.0121142
-1221.46	-492.641	0.999934	-0.0114834
-1221.52	-487.209	0.999941	-0.010853
-1221.58	-481.778	0.999948	-0.0102228
-1221.63	-476.35	0.999954	-0.00959298
-1221.68	-470.924	0.99996	-0.00896343
-1221.73	-465.5	0.999965	-0.00833418
-1221.78	-460.078	0.99997	-0.00770524
-1221.82	-454.658	0.999975	-0.00707659
-1221.85	-449.241	0.999979	-0.00644825
-1221.89	-443.825	0.999983	-0.00582025
-1221.92	-438.412	0.999987	-0.00519259
-1221.94	-433.001	0.99999	-0.00456523
-1221.97	-427.592	0.999992	-0.00393817
-1221.99	-422.185	0.999995	-0.00331142
-1222	-416.781	0.999996	-0.00268498
-1222.02	-411.379	0.999998	-0.00205883
-1222.03	-405.978	0.999999	-0.001433
-1222.03	-400.58	1	-0.000807462
-1222.04	-395.184	1	-0.000182233
-1222.04	-389.791	1	0.000442691
-1222.03	-384.399	0.999999	0.00106731
-1222.02	-379.01	0.999999	0.00169162
-1222.01	-373.623	0.999997	0.00231563
-1222	-368.238	0.999996	0.00293933
-1221.98	-362.855	0.999994	0.00356272
-1221.96	-357.475	0.999991	0.00418581
-1221.94	-352.096	0.999988	0.00480859
-1221.91	-346.72	0.999985	0.00543107
-1221.88	-341.346	0.999982	0.00605323
-1221.85	-335.974	0.999978	0.00667509
-1221.81	-330.605	0.999973	0.00729661
-1221.77	-325.237	0.999969	0.00791777
-1221.73	-319.872	0.999964	0.00853863
-1221.68	-314.509	0.999958	0.00915918
-1221.63	-309.148	0.999952	0.00977943
-1221.57	-303.79	0.999946	0.0103994
-1221.52	-298.434	0.999939	0.011019
-1221.46	-293.08	0.999932	0.0116383
-1221.39	-287.728	0.999925	0.0122573
-1221.33	-282.378	0.999917	0.012876
-1221.26	-277.031	0.999909	0.0134944
-1221.18	-271.685	0.9999	0.0141125
-1221.11	-266.342	0.999892	0.0147302
-1221.03	-261.002	0.999882	0.0153477
-1220.94	-255.663	0.999873	0.0159648
-1220.86	-250.327	0.999863	0.0165623
-1220.77	-244.993	0.999855	0.0170199
-1220.68	-239.661	0.999853	0.0171434
-1220.58	-234.331	0.999858	0.0168597
-1220.5	-229.004	0.999867	0.0163032
-1220.41	-223.678	0.999877	0.0156599
-1220.33	-218.355	0.999887	0.0150091
-1220.25	-213.034	0.999897	0.0143586
-1220.17	-207.715	0.999906	0.0137085
-1220.1	-202.398	0.999915	0.0130587
-1220.04	-197.083	0.999923	0.0124092
-1219.97	-191.771	0.999931	0.01176
-1219.91	-186.46	0.999938	0.0111459
-1219.85	-181.152	0.999944	0.010613
-1219.8	-175.846	0.999949	0.0101266
-1219.74	-170.542	0.999954	0.00964046
-1219.69	-165.24	0.999958	0.00915453
-1219.65	-159.94	0.999962	0.00866882
-1219.6	-154.642	0.999967	0.00818338
-1219.56	-149.347	0.99997	0.00769821
-1219.52	-144.054	0.999974	0.00727277
-1219.48	-138.763	0.999976	0.00699342
-1219.44	-133.474	0.999977	0.00681402
-1219.41	-128.187	0.999978	0.00664812
-1219.37	-122.903	0.999979	0.0064823
-1219.34	-117.62	0.99998	0.00631656
-1219.31	-112.34	0.999981	0.00615093
-1219.28	-107.062	0.999982	0.00598541
-1219.24	-101.786	0.999983	0.00581997
-1219.21	-96.5125	0.999984	0.00565461
-1219.18	-91.241	0.999985	0.00548932
-1219.16	-85.9717	0.999986	0.00532411
-1219.13	-80.7045	0.999987	0.00515897
-1219.1	-75.4396	0.999988	0.00499391
-1219.07	-70.1768	0.999988	0.00481557
-1219.05	-64.9162	0.999989	0.004624
-1219.03	-59.6577	0.99999	0.00443254
-1219	-54.4014	0.999991	0.00424116
-1218.98	-49.1474	0.999992	0.00404986
-1218.96	-43.8954	0.999993	0.00385867
-1218.94	-38.6457	0.999993	0.00366759
-1218.92	-33.3982	0.999994	0.00347659
-1218.9	-28.1528	0.999995	0.0032857
-1218.89	-22.9096	0.999995	0.00309493
-1218.87	-17.6685	0.999996	0.00290423
-1218.86	-12.4297	0.999996	0.00271362
-1218.84	-7.19301	0.999997	0.00252311
-1218.83	-1.95852	0.999997	0.00233272
-1218.82	3.2738	0.999998	0.0021424
-1218.81	8.50394	0.999998	0.00195217
-1218.8	13.7319	0.999998	0.00176204
-1218.79	18.9579	0.999999	0.00157202
-1218.78	24.1817	0.999999	0.00138208
-1218.77	29.4034	0.999999	0.00119222
-1218.77	34.6228	0.999999	0.00100246
-1218.76	39.8401	1	0.000812823
-1218.76	45.0552	1	0.000623263
-1218.76	50.2681	1	0.00043378
-1218.75	55.4789	1	0.000244403
-1218.75	60.6874	1	5.51483e-05
-1218.75	65.8938	1	-0.00013403
-1218.76	71.098	1	-0.000323102
-1218.76	76.3	1	-0.000512051
-1218.76	81.4999	1	-0.000700925
-1218.76	86.6975	1	-0.000889722
-1218.77	91.893	0.999999	-0.00107841
-1218.78	97.0863	0.999999	-0.00126698
-1218.78	102.277	0.999999	-0.00145547
-1218.79	107.466	0.999999	-0.00164389
-1218.8	112.653	0.999998	-0.0018322
-1218.81	117.838	0.999998	-0.00202038
-1218.82	123.02	0.999998	-0.00220849
-1218.83	128.2	0.999997	-0.00239652
-1218.85	133.896	0.999997	-0.00260324
-1218.86	138.554	0.999996	-0.00277226
-1218.87	144.245	0.999996	-0.00297875
-1218.89	149.416	0.999995	-0.0031664
-1218.91	154.585	0.999994	-0.00335393
-1218.92	159.752	0.999994	-0.00354134
-1218.94	164.917	0.999993	-0.00372868
-1218.96	170.079	0.999992	-0.00391594
-1218.98	175.24	0.999992	-0.00410309
-1219.01	180.398	0.999991	-0.00429012
-1219.03	185.554	0.99999	-0.00447708
-1219.05	190.708	0.999989	-0.00466392
-1219.08	195.859	0.999988	-0.00485065
-1219.1	201.009	0.999987	-0.0050373
-1219.13	206.156	0.999986	-0.00522387
-1219.15	211.301	0.999985	-0.00541033
-1219.18	216.444	0.999984	-0.00559668
-1219.21	221.584	0.999983	-0.00578295
-1219.24	226.723	0.999982	-0.00596914
-1219.27	231.859	0.999981	-0.00615522
-1219.31	236.993	0.99998	-0.00634118
-1219.34	242.125	0.999979	-0.00652707
-1219.37	247.255	0.999977	-0.00671288
-1219.41	252.383	0.999976	-0.00689857
-1219.44	257.508	0.999975	-0.00708415
-1219.48	262.631	0.999974	-0.00726965
-1219.52	267.752	0.999972	-0.00745508
-1219.56	272.871	0.999971	-0.0076404
-1219.59	277.987	0.999969	-0.00782559
-1219.64	283.102	0.999968	-0.00801071
-1219.68	288.214	0.999966	-0.00819576
-1219.72	293.324	0.999965	-0.00838069
-1219.76	298.432	0.999964	-0.00853976
-1219.81	303.538	0.999963	-0.00858069
-1219.85	308.641	0.999964	-0.00845214
-1219.89	313.743	0.999966	-0.00822815
-1219.93	318.842	0.999969	-0.0079345
-1219.97	323.939	0.999972	-0.00748877
-1220.01	329.034	0.999976	-0.00691123
-1220.04	334.126	0.99998	-0.00630284
-1220.07	339.217	0.999984	-0.00569479
-1220.1	344.305	0.999987	-0.00508704
-1220.13	349.391	0.99999	-0.0044796
-1220.15	354.475	0.999993	-0.00387245
-1220.17	359.557	0.999995	-0.00326562
-1220.18	364.637	0.999996	-0.00265908
-1220.19	369.714	0.999998	-0.00205289
-1220.2	374.79	0.999999	-0.00144704
-1220.21	379.863	1	-0.000841496
-1220.21	384.934	1	-0.000236256
-1220.21	390.003	1	0.000368678
-1220.21	395.069	1	0.000973308
-1220.2	400.134	0.999999	0.00157763
-1220.19	405.196	0.999998	0.00218161
-1220.18	410.256	0.999996	0.00278525
-1220.17	415.314	0.999994	0.00338858
-1220.15	420.369	0.999992	0.0039916
-1220.13	425.423	0.999989	0.00459432
-1220.1	430.474	0.999986	0.00519673
-1220.08	435.523	0.999983	0.00579883
-1220.04	440.57	0.99998	0.00640062
-1220.01	445.615	0.999975	0.00700207
-1219.97	450.657	0.999971	0.00760318
-1219.94	455.698	0.999966	0.00820397
-1219.89	460.736	0.999961	0.00880446
-1219.85	465.772	0.999956	0.00940464
-1219.8	470.805	0.99995	0.0100045
-1219.75	475.837	0.999944	0.0106041
-1219.69	480.866	0.999937	0.0112033
-1219.64	485.893	0.99993	0.0118022
-1219.57	490.918	0.999923	0.0124008
-1219.51	495.941	0.999916	0.012999
-1219.44	500.962	0.999908	0.0135972
-1219.38	505.988	0.999899	0.0141961
-1219.3	511.02	0.999891	0.0147958
-1219.23	516.058	0.999881	0.0153965
-1219.15	521.102	0.999872	0.015998
-1219.07	526.153	0.999862	0.0166004
-1218.98	531.209	0.999852	0.0172036
-1218.89	536.271	0.999841	0.0178077
-1218.8	541.339	0.99983	0.0184127
-1218.71	546.415	0.999819	0.0190188
-1218.61	551.498	0.999807	0.019626
-1218.51	556.59	0.999795	0.0202344
-1218.4	561.689	0.999783	0.0208439
-1218.29	566.796	0.99977	0.0214545
-1218.18	571.911	0.999757	0.0220663
-1218.07	577.034	0.999743	0.0226792
-1217.95	582.165	0.999729	0.0232934
-1217.83	587.303	0.999714	0.0239086
-1217.71	592.45	0.999699	0.024525
-1217.58	597.604	0.999684	0.0251425
-1217.45	602.766	0.999668	0.0257612
-1217.31	607.936	0.999652	0.026381
-1217.18	613.114	0.999635	0.0270019
-1217.03	618.299	0.999618	0.027624
-1216.89	623.492	0.999601	0.0282471
-1216.74	628.693	0.999583	0.0288714
-1216.59	633.901	0.999565	0.0294968
-1216.43	639.117	0.999546	0.0301233
-1216.28	644.341	0.999527	0.030751
-1216.11	649.572	0.999508	0.0313797
-1215.95	654.811	0.999488	0.0320096
-1215.78	660.057	0.999467	0.0326406
-1215.6	665.311	0.999446	0.0332727
-1215.43	670.572	0.999425	0.0339059
-1215.25	675.841	0.999403	0.0345402
-1215.06	681.117	0.999381	0.0351755
-1214.88	686.401	0.999359	0.035812
-1214.69	691.692	0.999335	0.0364495
-1214.49	696.99	0.999312	0.0370882
-1214.29	702.296	0.999288	0.0377279
-1214.09	707.61	0.999264	0.0383687
-1213.89	712.93	0.999239	0.0390107
-1213.68	718.258	0.999213	0.0396537
-1213.46	723.594	0.999188	0.0402978
-1213.25	728.937	0.999161	0.040943
-1213.03	734.287	0.999135	0.0415893
-1212.8	739.645	0.999108	0.0422367
-1212.55	745.547	0.999077	0.0429501
-1212.34	750.383	0.999052	0.0435348
-1212.11	755.763	0.999023	0.0441855
-1211.87	761.15	0.998994	0.0448372
-1211.6	767.084	0.998962	0.0455554
-1211.37	771.946	0.998935	0.046144
-1211.1	777.897	0.998901	0.0468646
-1210.84	783.314	0.99887	0.0475209
-1210.58	788.739	0.998839	0.0481782
-1210.32	794.171	0.998807	0.0488366
-1210.08	799.066	0.998778	0.0494301
-1209.78	805.056	0.998741	0.0501565
-1209.51	810.509	0.998708	0.0508181
-1209.23	815.969	0.998674	0.0514807
-1208.97	820.89	0.998643	0.0520781
-1208.66	826.913	0.998605	0.0528093
-1208.36	832.395	0.998569	0.0534753
-1208.07	837.885	0.998533	0.0541423
-1207.8	842.832	0.9985	0.0547436
-1207.47	848.886	0.99846	0.0554797
-1207.16	854.398	0.998422	0.05615
-1206.88	859.364	0.998388	0.0567542
-1206.56	864.889	0.99835	0.0574265
-1206.21	870.975	0.998307	0.0581674
-1205.89	876.516	0.998267	0.0588419
-1205.59	881.508	0.998231	0.05945
-1205.26	887.061	0.998191	0.0601266
-1204.92	892.622	0.99815	0.0608043
-1204.58	898.19	0.998108	0.0614831
-1204.24	903.763	0.998066	0.0621626
-1203.89	909.337	0.998023	0.062842
-1203.5	915.465	0.997976	0.0635891
-1203.14	921.033	0.997933	0.0642678
-1202.82	926.043	0.997893	0.0648783
-1202.42	932.163	0.997844	0.0656242
-1202.05	937.724	0.9978	0.0663019
-1201.72	942.727	0.997759	0.0669115
-1201.34	948.283	0.997713	0.0675885
-1200.93	954.393	0.997663	0.0683327
-1200.55	959.944	0.997616	0.069009
-1200.16	965.493	0.997569	0.0696848
-1199.77	971.04	0.997522	0.0703604
-1199.38	976.584	0.997474	0.0710355
-1199.02	981.571	0.99743	0.0716429
-1198.62	987.111	0.997382	0.0723174
-1198.22	992.648	0.997333	0.0729915
-1197.81	998.182	0.997283	0.0736653
-1197.36	1004.27	0.997228	0.074406
-1196.95	1009.8	0.997178	0.075079
-1196.53	1015.32	0.997127	0.0757517
-1196.15	1020.3	0.997081	0.0763568
-1195.73	1025.82	0.997029	0.0770287
-1195.3	1031.34	0.996977	0.0777004
-1194.83	1037.41	0.996919	0.0784387
-1194.39	1042.92	0.996866	0.0791096
-1193.95	1048.43	0.996812	0.0797801
-1193.55	1053.39	0.996764	0.0803832
-1193.11	1058.9	0.99671	0.0810531
-1192.66	1064.41	0.996655	0.0817225
-1192.21	1069.91	0.9966	0.0823916
-1191.75	1075.41	0.996545	0.0830603
-1191.29	1080.91	0.996489	0.0837287
-1190.78	1086.95	0.996427	0.0844635
-1190.31	1092.44	0.99637	0.0851312
-1189.84	1097.93	0.996312	0.0857987
-1189.37	1103.43	0.996255	0.0864661
-1188.89	1108.91	0.996197	0.0871333
-1188.41	1114.4	0.996138	0.0878004
-1187.92	1119.89	0.996079	0.0884675
-1187.43	1125.38	0.99602	0.0891347
-1186.94	1130.87	0.99596	0.0898019
-1186.45	1136.36	0.995899	0.0904692
-1185.95	1141.85	0.995838	0.0911365
-1185.44	1147.34	0.995777	0.0918039
-1184.93	1152.83	0.995715	0.0924713
-1184.42	1158.32	0.995653	0.0931388
-1183.91	1163.81	0.99559	0.0938063
-1183.39	1169.3	0.995527	0.0944738
-1182.87	1174.79	0.995464	0.0951414
-1182.34	1180.28	0.9954	0.095809
-1181.81	1185.77	0.995335	0.0964766
-1181.28	1191.26	0.99527	0.0971443
-1180.74	1196.76	0.995205	0.0978119
-1180.2	1202.25	0.995139	0.0984797
-1179.65	1207.74	0.995073	0.0991474
-1179.1	1213.23	0.995006	0.0998152
-1178.55	1218.72	0.994939	0.100483
-1177.99	1224.22	0.994871	0.101151
-1177.43	1229.71	0.994803	0.101819
-1176.87	1235.2	0.994734	0.102487
-1176.3	1240.69	0.994665	0.103155
-1175.73	1246.19	0.994596	0.103823
-1175.16	1251.68	0.994526	0.104491
-1174.58	1257.17	0.994455	0.105159
-1174	1262.67	0.994385	0.105827
-1173.41	1268.16	0.994321	0.106419
-1172.82	1273.66	0.99428	0.106804
-1172.23	1279.15	0.994262	0.106973
-1171.64	1284.65	0.994253	0.107057
-1171.05	1290.14	0.994244	0.107142
-1170.45	1295.64	0.994235	0.107226
-1169.86	1301.14	0.99423	0.107271
-1169.27	1306.64	0.994249	0.107095
-1168.68	1312.13	0.994307	0.106552
-1168.09	1317.63	0.994395	0.105731
-1167.51	1323.13	0.994491	0.104819
-1166.93	1328.64	0.994587	0.103906
-1166.36	1334.14	0.994682	0.102994
-1165.79	1339.64	0.994778	0.102059
-1165.23	1345.15	0.994885	0.101019
-1164.67	1350.66	0.995004	0.0998331
-1164.12	1356.16	0.995134	0.0985281
-1163.58	1361.67	0.99527	0.0971461
-1163.04	1367.18	0.995406	0.0957435
-1162.51	1372.69	0.99554	0.0943406
-1162	1378.21	0.995672	0.0929373
-1161.48	1383.72	0.995802	0.0915336
-1160.98	1389.24	0.99593	0.0901296
-1160.48	1394.75	0.996057	0.0887109
-1160	1400.27	0.996185	0.0872635
-1159.52	1405.79	0.996313	0.0857874
-1159.04	1411.31	0.996441	0.0842968
-1158.58	1416.84	0.996566	0.0828057
-1158.12	1422.36	0.996689	0.0813141
-1157.68	1427.88	0.996809	0.0798222
-1157.24	1433.41	0.996928	0.0783298
-1156.81	1438.94	0.997044	0.076837
-1156.38	1444.47	0.997158	0.0753439
-1155.97	1450	0.997269	0.0738503
-1155.56	1455.53	0.997379	0.0723564
-1155.16	1461.06	0.997486	0.0708622
-1154.77	1466.6	0.997591	0.0693675
-1154.39	1472.13	0.997694	0.0678725
-1154.02	1477.67	0.997795	0.0663772
-1153.65	1483.21	0.997893	0.0648754
-1153.3	1488.75	0.997992	0.0633387
-1152.95	1494.29	0.998093	0.0617244
-1152.61	1499.83	0.998198	0.0600039
-1152.28	1505.37	0.998305	0.0582059
-1151.96	1510.92	0.998409	0.056387
-1151.65	1516.46	0.99851	0.0545676
-1151.35	1522.01	0.998608	0.0527474
-1151.07	1527.56	0.998702	0.0509266
-1150.79	1533.11	0.998794	0.0491049
-1150.52	1538.66	0.998882	0.0472825
-1150.26	1544.22	0.998966	0.0454591
-1150.01	1549.78	0.999048	0.043635
-1149.77	1555.34	0.999126	0.0418099
-1149.54	1560.9	0.9992	0.0399841
-1149.32	1566.46	0.999272	0.0381574
-1149.11	1572.03	0.99934	0.03633
-1148.92	1577.6	0.999405	0.0345017
-1148.73	1583.17	0.999466	0.0326726
-1148.55	1588.74	0.999524	0.0308428
-1148.38	1594.32	0.999579	0.0290121
-1148.22	1599.89	0.999631	0.0271807
-1148.08	1605.47	0.999679	0.0253486
-1147.94	1611.05	0.999723	0.0235157
-1147.81	1616.63	0.999765	0.021682
-1147.7	1622.22	0.999803	0.0198477
-1147.59	1627.8	0.999838	0.0180127
-1147.49	1633.39	0.999869	0.016177
-1147.41	1638.98	0.999897	0.0143407
-1147.33	1644.57	0.999922	0.0125036
-1147.26	1650.16	0.999943	0.0106658
-1147.21	1655.76	0.999961	0.00882727
-1147.16	1661.35	0.999976	0.00698811
-1147.13	1666.95	0.999987	0.00514835
-1147.1	1672.55	0.999995	0.00330791
-1147.09	1678.15	0.999999	0.00146697
-1147.08	1683.75	1	-0.000373998
-1147.09	1689.35	0.999998	-0.0022145
-1147.11	1694.95	0.999992	-0.00405447
-1147.13	1700.55	0.999983	-0.00589407
-1147.17	1706.14	0.99997	-0.00773339
-1147.22	1711.74	0.999955	-0.00951651
-1147.28	1717.33	0.999938	-0.011107
-1147.34	1722.93	0.999923	-0.0124325
-1147.41	1728.52	0.999909	-0.0134914
-1147.49	1734.12	0.999898	-0.0142946
-1147.57	1739.71	0.999888	-0.014953
-1147.66	1745.3	0.999879	-0.0155866
-1147.75	1750.89	0.999868	-0.0162198
-1147.84	1756.47	0.999858	-0.0168528
-1147.93	1762.06	0.999847	-0.0174854
-1148.04	1768.2	0.999835	-0.018181
-1148.13	1773.22	0.999824	-0.0187498
-1148.25	1779.36	0.999811	-0.0194446
-1148.36	1784.93	0.999798	-0.020076
-1148.47	1790.5	0.999786	-0.020707
-1148.59	1796.07	0.999772	-0.0213378
-1148.71	1801.64	0.999759	-0.0219682
-1148.84	1807.21	0.999745	-0.0225983
-1148.96	1812.77	0.99973	-0.0232281
-1149.09	1818.33	0.999715	-0.0238576
-1149.23	1823.89	0.999701	-0.0244725
-1149.36	1829.45	0.999688	-0.0249954
-1149.5	1835	0.99968	-0.0253061
-1149.65	1840.56	0.99968	-0.0253148
-1149.79	1846.11	0.999686	-0.0250665
-1149.92	1851.65	0.999694	-0.0247288
-1150.06	1857.2	0.999702	-0.0243912
-1150.19	1862.74	0.999711	-0.0240538
-1150.33	1868.29	0.999719	-0.0237165
-1150.46	1873.83	0.999727	-0.0233795
-1150.59	1879.36	0.999734	-0.0230426
-1150.71	1884.9	0.999742	-0.0227058
-1150.84	1890.43	0.99975	-0.0223692
-1150.96	1895.96	0.999757	-0.0220328
-1151.08	1901.49	0.999764	-0.0217309
-1151.2	1907.02	0.999769	-0.0214778
-1151.32	1912.54	0.999774	-0.021239
-1151.44	1918.07	0.999779	-0.0210003
-1151.55	1923.59	0.999784	-0.0207617
-1151.67	1929.1	0.999789	-0.0205232
-1151.78	1934.62	0.999794	-0.0202848
-1151.89	1940.13	0.999799	-0.0200466
-1152	1945.65	0.999804	-0.0198084
-1152.11	1951.16	0.999808	-0.0195704
-1152.22	1956.66	0.999813	-0.0193325
-1152.32	1962.17	0.999817	-0.0191491
-1152.43	1967.67	0.999818	-0.0190625
-1152.53	1973.17	0.999819	-0.0190182
-1152.64	1978.68	0.99982	-0.0189738
-1152.74	1984.18	0.999821	-0.0189295
-1152.85	1989.69	0.999822	-0.0188852
-1152.95	1995.19	0.999822	-0.0188409
-1153.05	2000.7	0.999823	-0.0187966
-1153.16	2006.21	0.999824	-0.0187522
-1153.26	2011.71	0.999825	-0.0187078
-1153.36	2017.22	0.999826	-0.0186634
-1153.47	2022.73	0.999827	-0.018619
-1153.57	2028.24	0.999827	-0.0185746
-1153.67	2033.76	0.999828	-0.0185302
-1153.77	2039.27	0.999829	-0.0184858
-1153.87	2044.78	0.99983	-0.0184414
-1153.98	2050.3	0.99983	-0.0184172
-1154.08	2055.81	0.999829	-0.0185106
-1154.18	2061.33	0.999825	-0.0187156
-1154.28	2066.84	0.999821	-0.0189348
-1154.39	2072.36	0.999817	-0.019154
-1154.49	2077.88	0.999812	-0.0193733
-1154.6	2083.39	0.999808	-0.0195926
-1154.71	2088.91	0.999804	-0.0198119
-1154.82	2094.43	0.999799	-0.0200313
-1154.93	2099.95	0.999795	-0.0202506
-1155.04	2105.47	0.99979	-0.02047
-1155.16	2111	0.999786	-0.0206895
-1155.27	2116.52	0.999781	-0.020909
-1155.39	2122.04	0.999777	-0.0211285
-1155.51	2127.56	0.999772	-0.0213481
-1155.62	2133.09	0.999767	-0.0215677
-1155.74	2138.61	0.999763	-0.0217873
-1155.86	2144.14	0.999758	-0.0220069
-1155.99	2149.66	0.999753	-0.0222266
-1156.11	2155.19	0.999748	-0.0224463
-1156.23	2160.72	0.999743	-0.022666
-1156.36	2166.25	0.999738	-0.0228857
-1156.49	2171.77	0.999733	-0.0231055
-1156.62	2177.3	0.999728	-0.0233252
-1156.75	2182.83	0.999723	-0.0235451
-1156.88	2188.36	0.999718	-0.0237649
-1157.01	2193.89	0.999712	-0.0239847
-1157.14	2199.42	0.999707	-0.0242046
-1157.28	2204.95	0.999702	-0.0244245
-1157.41	2210.48	0.999696	-0.0246444
-1157.55	2216.01	0.999691	-0.0248643
-1157.69	2221.54	0.999685	-0.0250843
-1157.83	2227.08	0.99968	-0.0253042
-1157.97	2232.61	0.999674	-0.0255242
-1158.11	2238.14	0.999669	-0.0257443
-1158.25	2243.68	0.999663	-0.0259643
-1158.39	2249.21	0.999657	-0.0261844
-1158.54	2254.74	0.999651	-0.0264044
-1158.69	2260.28	0.999646	-0.0266245
-1158.83	2265.81	0.99964	-0.0268446
-1158.98	2271.35	0.999634	-0.0270647
-1159.13	2276.88	0.999628	-0.0272848
-1159.29	2282.42	0.999622	-0.0275049
-1159.44	2287.95	0.999616	-0.027725
-1159.59	2293.49	0.999609	-0.0279451
-1159.75	2299.02	0.999603	-0.0281652
-1159.9	2304.56	0.999597	-0.0283854
-1160.06	2310.09	0.999591	-0.0286055
-1160.22	2315.63	0.999584	-0.0288257
-1160.38	2321.17	0.999578	-0.0290459
-1160.54	2326.7	0.999572	-0.0292661
-1160.71	2332.24	0.999565	-0.0294862
-1160.87	2337.78	0.99956	-0.0296496
-1161.03	2343.31	0.999559	-0.0296886
-1161.2	2348.85	0.99956	-0.0296521
-1161.36	2354.38	0.999562	-0.0296075
-1161.53	2359.92	0.999563	-0.0295629
-1161.69	2365.45	0.999564	-0.0295182
-1161.85	2370.99	0.999566	-0.0294736
-1162.02	2376.52	0.999567	-0.029429
-1162.18	2382.05	0.999568	-0.0293844
-1162.34	2387.58	0.999569	-0.0293398
-1162.5	2393.11	0.999571	-0.0292953
-1162.66	2398.63	0.999572	-0.0292508
-1162.83	2404.16	0.999573	-0.0292143
-1162.99	2409.68	0.999573	-0.0292047
-1163.15	2415.2	0.999573	-0.0292137
-1163.31	2420.72	0.999573	-0.0292228
-1163.49	2426.79	0.999573	-0.0292328
-1163.65	2432.3	0.999572	-0.0292491
-1163.79	2437.27	0.999571	-0.0292824
-1163.96	2442.78	0.99957	-0.0293318
-1164.12	2448.29	0.999568	-0.0293812
-1164.28	2453.8	0.999567	-0.0294307
-1164.44	2459.31	0.999565	-0.0294801
-1164.62	2465.36	0.999564	-0.0295344
-1164.77	2470.32	0.999562	-0.0295788
-1164.95	2476.37	0.999561	-0.0296331
-1165.09	2481.32	0.99956	-0.0296775
-1165.26	2486.83	0.999558	-0.0297268
-1165.42	2492.33	0.999557	-0.0297762
-1165.58	2497.83	0.999555	-0.0298255
-1165.75	2503.33	0.999554	-0.0298748
-1165.91	2508.83	0.999552	-0.0299242
-1166.09	2514.88	0.999551	-0.0299785
-1166.26	2520.38	0.999549	-0.0300278
-1166.41	2525.33	0.999548	-0.0300722
-1166.57	2530.83	0.999546	-0.0301167
-1166.74	2536.33	0.999545	-0.0301539
-1166.91	2541.83	0.999544	-0.0301911
-1167.07	2547.32	0.999543	-0.0302283
-1167.25	2553.37	0.999542	-0.0302693
-1167.42	2558.87	0.999541	-0.0303065
-1167.59	2564.37	0.99954	-0.0303437
-1167.74	2569.32	0.999539	-0.0303772
-1167.91	2574.82	0.999537	-0.0304144
-1168.07	2580.32	0.999536	-0.0304516
-1168.24	2585.82	0.999535	-0.0304888
-1168.41	2591.32	0.999535	-0.0304934
-1168.59	2597.38	0.999541	-0.0302856
-1168.74	2602.33	0.999554	-0.029869
-1168.92	2608.38	0.999573	-0.0292098
-1169.07	2613.34	0.999589	-0.0286584
-1169.22	2618.84	0.999607	-0.0280457
-1169.38	2624.35	0.999624	-0.0274329
-1169.53	2629.86	0.99964	-0.02682
-1169.67	2635.36	0.999657	-0.0262069
-1169.83	2641.42	0.999674	-0.0255323
-1169.95	2646.39	0.999688	-0.0249802
-1170.1	2652.45	0.999705	-0.024305
-1170.22	2657.41	0.999718	-0.0237523
-1170.35	2662.93	0.999732	-0.0231379
-1170.48	2668.45	0.999746	-0.0225233
-1170.6	2673.97	0.99976	-0.0219084
-1170.72	2679.5	0.999773	-0.0212932
-1170.84	2685.02	0.999786	-0.0206778
-1170.95	2690.55	0.999799	-0.0200621
-1171.06	2696.08	0.999811	-0.0194462
-1171.18	2702.16	0.999824	-0.0187685
-1171.27	2707.14	0.999834	-0.0182137
-1171.37	2712.68	0.999845	-0.0175971
-1171.47	2718.21	0.999856	-0.0169803
-1171.56	2723.75	0.999866	-0.0163632
-1171.65	2729.29	0.999876	-0.0157459
-1171.74	2735.39	0.999886	-0.0150666
-1171.82	2740.37	0.999895	-0.0145106
-1171.9	2746.47	0.999904	-0.0138308
-1171.97	2751.47	0.999912	-0.0132743
-1172.04	2757.01	0.99992	-0.0126558
-1172.11	2762.56	0.999928	-0.012037
-1172.18	2768.67	0.999936	-0.0113479
-1172.25	2774.22	0.999943	-0.0106635
-1172.3	2779.78	0.999951	-0.00988097
-1172.35	2784.78	0.999958	-0.00913241
-1172.4	2790.9	0.999966	-0.00821711
-1172.45	2796.46	0.999973	-0.00738469
-1172.49	2802.02	0.999979	-0.00655196
-1172.52	2807.58	0.999984	-0.00571892
-1172.55	2813.15	0.999988	-0.00488557
-1172.58	2818.72	0.999992	-0.00405196
-1172.6	2824.29	0.999995	-0.00321807
-1172.61	2829.86	0.999997	-0.00238388
-1172.63	2835.43	0.999999	-0.00154941
-1172.63	2841	1	-0.00071468
-1172.63	2846.58	1	0.000120357
-1172.63	2852.15	1	0.000955661
-1172.63	2857.73	0.999998	0.00179123
-1172.61	2863.31	0.999997	0.00262711
-1172.6	2868.89	0.999994	0.00346325
-1172.58	2874.48	0.999991	0.00429965
-1172.55	2880.06	0.999987	0.00513636
-1172.52	2885.65	0.999982	0.00597333
-1172.48	2891.23	0.999977	0.00681056
-1172.44	2896.82	0.999971	0.00764809
-1172.4	2902.41	0.999964	0.00848589
-1172.35	2908	0.999957	0.00932394
-1172.3	2913.6	0.999948	0.0101623
-1172.24	2919.19	0.999939	0.0110009
-1172.17	2924.79	0.99993	0.0118398
-1172.11	2930.39	0.99992	0.012679
-1172.03	2935.98	0.999909	0.0135184
-1171.96	2941.58	0.999897	0.014358
-1171.87	2947.19	0.999885	0.0151979
-1171.79	2952.79	0.999871	0.016038
-1171.69	2958.39	0.99986	0.0167506
-1171.6	2964	0.999854	0.0170946
-1171.5	2969.6	0.999856	0.0169704
-1171.41	2975.21	0.999864	0.0165056
-1171.32	2980.82	0.999874	0.0158839
-1171.23	2986.43	0.999885	0.0151775
-1171.15	2992.04	0.999896	0.0144213
-1171.07	2997.65	0.999907	0.0136567
-1170.99	3003.27	0.999917	0.0128772
-1170.92	3008.89	0.999928	0.0120332
-1170.86	3014.51	0.999938	0.0111389
-1170.8	3020.13	0.999948	0.0102439
-1170.74	3025.76	0.999956	0.00934805
-1170.69	3031.4	0.999964	0.0084506
-1170.64	3037.05	0.999971	0.00755093
-1170.6	3042.71	0.999978	0.00664905
-1170.57	3048.38	0.999983	0.00574552
-1170.54	3054.05	0.999988	0.00484133
-1170.51	3059.72	0.999992	0.00393726
-1170.49	3065.39	0.999995	0.0030336
-1170.48	3071.06	0.999998	0.00213036
-1170.47	3076.73	0.999999	0.00122757
-1170.46	3082.39	1	0.000325206
-1170.46	3088.05	1	-0.000576741
-1170.47	3093.71	0.999999	-0.00147827
-1170.48	3099.37	0.999997	-0.00237937
-1170.49	3105.02	0.999995	-0.00328002
-1170.51	3110.67	0.999991	-0.00418024
-1170.54	3116.32	0.999987	-0.00508005
-1170.57	3121.97	0.999982	-0.00597942
-1170.61	3127.62	0.999976	-0.00687838
-1170.65	3133.26	0.99997	-0.00777687
-1170.69	3138.9	0.999962	-0.00867493
-1170.74	3144.54	0.999955	-0.00949372
-1170.8	3150.18	0.999949	-0.0100818
-1170.86	3155.82	0.999946	-0.0104188
-1170.91	3161.45	0.999944	-0.0105711
-1170.97	3167.08	0.999944	-0.010624
-1171.03	3172.71	0.999943	-0.0106623
-1171.09	3178.33	0.999943	-0.0107006
-1171.15	3183.96	0.999942	-0.0107388
-1171.22	3189.58	0.999942	-0.0107915
-1171.28	3195.2	0.999941	-0.0108587
-1171.34	3200.82	0.99994	-0.0109258
-1171.4	3206.43	0.99994	-0.0109929
-1171.46	3212.04	0.999939	-0.01106
-1171.52	3217.65	0.999938	-0.011127
-1171.59	3223.26	0.999937	-0.011194
-1171.65	3228.87	0.999937	-0.011261
-1171.71	3234.47	0.999936	-0.0113279
-1171.77	3240.08	0.999935	-0.0113948
-1171.84	3245.68	0.999934	-0.0114617
-1171.9	3251.27	0.999934	-0.0115285
-1171.97	3256.87	0.999933	-0.0115953
-1172.03	3262.46	0.999932	-0.0116621
-1172.1	3268.05	0.999931	-0.0117289
-1172.16	3273.64	0.99993	-0.0117956
-1172.23	3279.23	0.99993	-0.0118623
-1172.3	3284.81	0.999929	-0.0119289
-1172.36	3290.4	0.999928	-0.0119955
-1172.43	3295.98	0.999927	-0.0120621
-1172.5	3301.56	0.999926	-0.0121287
-1172.57	3307.13	0.999926	-0.0121952
-1172.63	3312.7	0.999925	-0.0122617
-1172.7	3318.28	0.999924	-0.0123281
-1172.77	3323.85	0.999923	-0.0123946
-1172.84	3329.41	0.999922	-0.012461
-1172.91	3334.98	0.999922	-0.0125274
-1172.98	3340.54	0.999921	-0.0125937
-1173.05	3346.1	0.99992	-0.01266
-1173.12	3351.66	0.999919	-0.012712
-1173.19	3357.22	0.999919	-0.0127497
-1173.26	3362.77	0.999918	-0.0127874
-1173.33	3368.32	0.999918	-0.012825
-1173.4	3373.87	0.999917	-0.0128562
-1173.48	3379.42	0.999918	-0.012816
-1173.55	3384.97	0.99992	-0.0126314
-1173.62	3390.51	0.999925	-0.0122705
-1173.68	3396.05	0.999931	-0.0117879
-1173.75	3401.59	0.999938	-0.0111716
-1173.81	3407.13	0.999946	-0.0103867
-1173.86	3412.66	0.999955	-0.0094796
-1173.91	3418.19	0.999964	-0.00853889
-1173.96	3423.72	0.999971	-0.00759863
-1174	3429.25	0.999978	-0.00665881
-1174.03	3434.78	0.999984	-0.00571946
-1174.06	3440.3	0.999989	-0.00478055
-1174.09	3446.38	0.999993	-0.00374828
-1174.11	3451.9	0.999996	-0.00281033
-1174.12	3457.41	0.999998	-0.00187283
-1174.13	3462.38	0.999999	-0.00102947
-1174.13	3468.44	1	7.96467e-07
-1174.13	3473.95	1	0.000936923
-1174.12	3479.46	0.999998	0.00187259
-1174.11	3484.97	0.999996	0.0028078
-1174.09	3490.47	0.999993	0.00374255
-1174.07	3495.97	0.999989	0.00467687
-1174.04	3501.47	0.999984	0.00561078
-1174.01	3506.97	0.999979	0.00654421
-1173.97	3512.47	0.999972	0.00747719
-1173.93	3517.96	0.999965	0.0084097
-1173.88	3523.45	0.999956	0.00934175
-1173.83	3528.94	0.999947	0.0102733
-1173.77	3534.43	0.999937	0.0112044
-1173.7	3539.91	0.999926	0.0121351
-1173.64	3545.39	0.999915	0.0130653
-1173.56	3550.87	0.999902	0.013995
-1173.48	3556.35	0.999889	0.0149242
-1173.4	3561.83	0.999874	0.015853
-1173.31	3567.3	0.999859	0.0167813
-1173.22	3572.77	0.999845	0.0176252
-1173.12	3578.24	0.999833	0.0182687
-1173.02	3583.71	0.999825	0.0186982
-1172.92	3589.17	0.99982	0.0189618
-1172.81	3594.63	0.999818	0.0190816
-1172.71	3600.09	0.999819	0.0190432
-1172.6	3605.55	0.999821	0.0189166
-1172.5	3611	0.999824	0.018784
-1172.4	3616.46	0.999826	0.0186516
-1172.3	3621.91	0.999829	0.0185192
-1172.2	3627.36	0.999831	0.0183869
-1172.1	3632.8	0.999833	0.0182546
-1172	3638.25	0.999836	0.0181224
-1171.9	3643.69	0.999838	0.0179903
-1171.8	3649.13	0.999841	0.0178582
-1171.7	3654.57	0.999843	0.0177262
-1171.61	3660.01	0.999845	0.0175943
-1171.51	3665.44	0.999848	0.0174624
-1171.42	3670.87	0.99985	0.0173306
-1171.33	3676.3	0.999852	0.0171988
-1171.23	3681.73	0.999854	0.0170671
-1171.14	3687.15	0.999857	0.0169355
-1171.05	3692.58	0.999859	0.0168039
-1170.96	3698	0.999861	0.0166725
-1170.87	3703.42	0.999863	0.0165411
-1170.78	3708.83	0.999865	0.0164097
-1170.69	3714.25	0.999867	0.0162784
-1170.6	3719.66	0.99987	0.0161471
-1170.51	3725.07	0.999872	0.016016
-1170.43	3730.48	0.999874	0.0158849
-1170.34	3735.88	0.999876	0.0157539
-1170.26	3741.28	0.999878	0.0156229
-1170.17	3746.69	0.99988	0.015492
-1170.09	3752.08	0.999882	0.0153611
-1170.01	3757.48	0.999884	0.0152303
-1169.93	3762.88	0.999886	0.0150996
-1169.84	3768.27	0.999888	0.014969
-1169.76	3773.66	0.99989	0.0148384
-1169.68	3779.05	0.999892	0.0147079
-1169.61	3784.43	0.999894	0.0145774
-1169.53	3789.82	0.999896	0.014447
-1169.45	3795.2	0.999898	0.0143167
-1169.37	3800.58	0.999899	0.0141864
-1169.3	3805.96	0.999901	0.0140562
-1169.22	3811.33	0.999903	0.0139261
-1169.15	3816.7	0.999905	0.0137961
-1169.07	3822.07	0.999907	0.013666
-1169	3827.44	0.999908	0.0135361
-1168.93	3832.81	0.99991	0.0134062
-1168.86	3838.17	0.999912	0.0132764
-1168.79	3843.54	0.999914	0.0131467
-1168.72	3848.9	0.999915	0.013017
-1168.65	3854.26	0.999917	0.0128873
-1168.58	3859.62	0.999919	0.0127576
-1168.51	3864.98	0.99992	0.0126278
-1168.44	3870.34	0.999922	0.0124979
-1168.37	3875.71	0.999924	0.0123679
-1168.31	3881.09	0.999925	0.0122377
-1168.24	3886.47	0.999927	0.0121074
-1168.18	3891.85	0.999928	0.011977
-1168.11	3897.25	0.99993	0.0118463
-1168.05	3902.64	0.999931	0.0117155
-1167.99	3908.05	0.999933	0.0115845
-1167.92	3913.46	0.999934	0.0114532
-1167.86	3918.88	0.999936	0.0113216
-1167.8	3924.31	0.999937	0.0111898
-1167.74	3929.75	0.999939	0.0110578
-1167.68	3935.2	0.99994	0.0109256
-1167.62	3940.65	0.999942	0.0107931
-1167.56	3946.11	0.999943	0.0106603
-1167.5	3951.58	0.999945	0.0105273
-1167.45	3957.06	0.999946	0.010394
-1167.39	3962.55	0.999947	0.0102605
-1167.33	3968.05	0.999949	0.0101267
-1167.28	3973.55	0.99995	0.00999273
-1167.22	3979.06	0.999951	0.0098585
-1167.17	3984.58	0.999953	0.00972404
-1167.12	3990.11	0.999954	0.00958931
-1167.06	3995.65	0.999955	0.00945431
-1167.01	4001.2	0.999957	0.00931909
-1166.96	4006.75	0.999958	0.00918364
-1166.91	4012.31	0.999959	0.00904791
-1166.86	4017.88	0.99996	0.00891193
-1166.81	4023.46	0.999961	0.00877571
-1166.76	4029.04	0.999963	0.00863926
-1166.71	4034.64	0.999964	0.00850259
-1166.67	4040.24	0.999965	0.00836564
-1166.62	4045.85	0.999966	0.00822843
-1166.57	4051.47	0.999967	0.00809099
-1166.53	4057.1	0.999968	0.00795333
-1166.48	4062.73	0.999969	0.00781543
-1166.44	4068.37	0.999971	0.00767727
-1166.4	4074.03	0.999972	0.00753883
-1166.35	4079.69	0.999973	0.00740017
-1166.31	4085.35	0.999974	0.00726128
-1166.27	4091.03	0.999975	0.00712217
-1166.23	4096.71	0.999976	0.00698278
-1166.19	4102.4	0.999977	0.00684313
-1166.15	4108.1	0.999978	0.00670325
-1166.12	4113.81	0.999978	0.00656313
-1166.08	4119.53	0.999979	0.00642276
-1166.04	4125.25	0.99998	0.00628211
-1166.01	4130.99	0.999981	0.00614124
-1165.97	4136.73	0.999982	0.00600013
-1165.94	4142.48	0.999983	0.00585876
-1165.9	4148.23	0.999984	0.00571713
-1165.87	4154	0.999984	0.00557526
-1165.84	4159.77	0.999985	0.00543317
-1165.81	4165.55	0.999986	0.00529084
-1165.78	4171.34	0.999987	0.00514825
-1165.75	4177.14	0.999987	0.00500539
-1165.72	4182.95	0.999988	0.0048623
-1165.69	4188.76	0.999989	0.00471899
-1165.66	4194.58	0.99999	0.0045754
-1165.64	4200.42	0.99999	0.00443155
-1165.61	4206.25	0.999991	0.00428747
-1165.59	4212.1	0.999991	0.00414316
-1165.56	4217.96	0.999992	0.00399859
-1165.54	4223.82	0.999993	0.00385375
-1165.52	4229.69	0.999993	0.00370867
-1165.5	4236.16	0.999994	0.00354879
-1165.48	4241.46	0.999994	0.00341773
-1165.46	4247.35	0.999995	0.00327192
-1165.44	4253.25	0.999995	0.00312588
-1165.42	4259.17	0.999996	0.00297954
-1165.4	4265.08	0.999996	0.00283297
-1165.39	4271.01	0.999996	0.00269278
-1165.37	4276.95	0.999997	0.00257141
-1165.36	4282.89	0.999997	0.00248082
-1165.34	4288.84	0.999997	0.00240869
-1165.33	4294.8	0.999997	0.00233649
-1165.31	4300.77	0.999997	0.00226424
-1165.3	4306.73	0.999998	0.00219202
-1165.29	4312.68	0.999998	0.00211984
-1165.27	4318.64	0.999998	0.00204767
-1165.26	4324.59	0.999998	0.00197553
-1165.25	4330.55	0.999998	0.00190343
-1165.24	4336.5	0.999998	0.00183136
-1165.23	4342.44	0.999998	0.00175934
-1165.22	4348.39	0.999999	0.00168735
-1165.21	4354.33	0.999999	0.0016154
-1165.2	4360.27	0.999999	0.00154346
-1165.19	4366.21	0.999999	0.00147154
-1165.18	4372.15	0.999999	0.00139968
-1165.17	4378.08	0.999999	0.00133489
-1165.17	4384.01	0.999999	0.00130416
-1165.16	4390.54	0.999999	0.00130902
-1165.15	4396.46	0.999999	0.00131345
-1165.14	4402.39	0.999999	0.00131787
-1165.13	4408.31	0.999999	0.0013223
-1165.13	4414.23	0.999999	0.00132672
-1165.12	4420.15	0.999999	0.00133115
-1165.11	4426.07	0.999999	0.00133557
-1165.1	4431.98	0.999999	0.00134
-1165.09	4437.89	0.999999	0.00134442
-1165.09	4443.8	0.999999	0.00134885
-1165.08	4449.71	0.999999	0.00135327
-1165.07	4455.62	0.999999	0.0013577
-1165.06	4461.52	0.999999	0.00136212
-1165.05	4467.42	0.999999	0.00136655
-1165.05	4473.32	0.999999	0.00137097
-1165.04	4479.22	0.999999	0.00137536
-1165.03	4485.11	0.999999	0.00137971
-1165.02	4491.01	0.999999	0.00138406
-1165.01	4496.9	0.999999	0.00138841
-1165.01	4502.79	0.999999	0.00139276
-1165	4508.67	0.999999	0.0013971
-1164.99	4514.56	0.999999	0.00140145
-1164.98	4520.44	0.999999	0.0014058
-1164.97	4526.32	0.999999	0.00141015
-1164.96	4532.19	0.999999	0.0014145
-1164.96	4538.07	0.999999	0.00141885
-1164.95	4543.94	0.999999	0.0014232
-1164.94	4549.81	0.999999	0.00142755
-1164.93	4555.68	0.999999	0.00143189
-1164.92	4561.55	0.999999	0.00143624
-1164.91	4567.41	0.999999	0.00144059
-1164.91	4573.27	0.999999	0.00144494
-1164.9	4579.13	0.999999	0.00144929
-1164.89	4584.99	0.999999	0.00145364
-1164.88	4590.85	0.999999	0.00145799
-1164.87	4596.7	0.999999	0.00146234
-1164.86	4602.55	0.999999	0.00146668
-1164.85	4608.4	0.999999	0.00147103
-1164.85	4614.25	0.999999	0.00147538
-1164.84	4620.09	0.999999	0.00147973
-1164.83	4625.94	0.999999	0.00148408
-1164.82	4631.78	0.999999	0.00148843
-1164.81	4637.61	0.999999	0.00149278
-1164.8	4643.45	0.999999	0.00149713
-1164.79	4649.28	0.999999	0.00150147
-1164.78	4655.11	0.999999	0.00150582
-1164.78	4660.94	0.999999	0.00151017
-1164.77	4666.77	0.999999	0.00151452
-1164.76	4672.6	0.999999	0.00151887
-1164.75	4678.42	0.999999	0.00152322
-1164.74	4684.24	0.999999	0.00152055
-1164.73	4690.06	0.999999	0.00151086
-1164.72	4695.87	0.999999	0.00150117
-1164.71	4701.69	0.999999	0.00149148
-1164.71	4707.5	0.999999	0.00148179
-1164.7	4713.31	0.999999	0.0014721
-1164.69	4719.12	0.999999	0.00146241
-1164.68	4724.92	0.999999	0.00145272
-1164.67	4730.73	0.999999	0.00144303
-1164.66	4736.53	0.999999	0.00143334
-1164.65	4742.33	0.999999	0.0013936
-1164.65	4748.12	0.999999	0.00125726
-1164.64	4753.92	0.999999	0.00103944
-1164.63	4759.71	1	0.000806705
-1164.63	4765.5	1	0.000574084
-1164.63	4771.29	1	0.000341579
-1164.63	4777.07	1	0.000109149
-1164.63	4782.86	1	-0.000123166
-1164.63	4788.64	1	-0.000355367
-1164.63	4794.42	1	-0.000587453
-1164.63	4800.19	1	-0.000819424
-1164.64	4805.97	0.999999	-0.00105132
-1164.65	4811.74	0.999999	-0.0012831
-1164.65	4817.51	0.999999	-0.00151477
-1164.66	4823.28	0.999998	-0.00174632
-1164.67	4829.05	0.999998	-0.00197776
-1164.69	4834.81	0.999998	-0.00220908
-1164.7	4840.57	0.999997	-0.00244029
-1164.71	4846.33	0.999996	-0.00267142
-1164.73	4852.09	0.999996	-0.00290244
-1164.75	4857.85	0.999995	-0.00313334
-1164.77	4863.6	0.999994	-0.00336414
-1164.79	4869.35	0.999994	-0.00359482
-1164.81	4875.1	0.999993	-0.00382542
-1164.83	4880.84	0.999992	-0.00409203
-1164.85	4886.59	0.99999	-0.00445236
-1164.88	4892.33	0.999988	-0.00491099
-1164.91	4898.07	0.999985	-0.00538719
-1164.94	4903.81	0.999983	-0.00588691
-1164.98	4909.55	0.999979	-0.00650505
-1165.02	4915.28	0.999973	-0.00730506
-1165.06	4921.01	0.999966	-0.00819618
-1165.11	4926.74	0.999959	-0.00909451
-1165.16	4932.47	0.99995	-0.00999241
-1165.22	4938.19	0.999941	-0.0108899
-1165.29	4944.49	0.999929	-0.0118766
-1165.36	4950.21	0.999918	-0.0127732
-1165.43	4955.35	0.999908	-0.0135797
-1165.52	4961.64	0.999894	-0.0145651
-1165.6	4967.35	0.99988	-0.0154603
-1165.69	4973.06	0.999866	-0.0163552
-1165.79	4978.77	0.999851	-0.0172496
-1165.89	4984.48	0.999835	-0.0181436
-1165.99	4990.18	0.999819	-0.0190372
-1166.11	4995.88	0.999801	-0.0199303
-1166.22	5001.58	0.999783	-0.020823
-1166.34	5007.28	0.999764	-0.0217152
-1166.47	5012.98	0.999744	-0.022607
-1166.6	5018.67	0.999724	-0.0235068
-1166.73	5024.36	0.9997	-0.0245005
-1166.88	5030.05	0.999668	-0.0257685
-1167.03	5035.73	0.999625	-0.0273986
-1167.19	5041.42	0.999569	-0.0293527
-1167.36	5047.1	0.9995	-0.031624
-1167.54	5052.77	0.999414	-0.0342416
-1167.74	5058.45	0.999307	-0.0372175
-1167.96	5064.12	0.999177	-0.0405596
-1168.2	5069.79	0.999019	-0.0442821
-1168.46	5075.46	0.998829	-0.0483843
-1168.75	5081.12	0.998603	-0.0528447
-1169.06	5086.78	0.998337	-0.0576481
-1169.39	5092.44	0.998026	-0.0627999
-1169.76	5098.09	0.997663	-0.0683208
-1170.16	5103.74	0.997238	-0.0742764
-1170.6	5109.38	0.996731	-0.0807874
-1171.07	5115.02	0.996122	-0.0879789
-1171.58	5120.65	0.995394	-0.0958694
-1172.15	5126.27	0.99454	-0.104359
-1172.75	5131.89	0.993557	-0.113331
-1173.42	5137.5	0.992446	-0.122679
-1174.13	5143.1	0.99121	-0.132297
-1174.9	5148.69	0.989848	-0.142132
-1175.72	5154.27	0.988354	-0.152174
-1176.6	5159.84	0.986719	-0.162437
-1177.54	5165.4	0.984918	-0.173023
-1178.54	5170.95	0.982917	-0.18405
-1179.61	5176.48	0.980689	-0.195575
-1180.73	5182	0.978207	-0.207633
-1181.93	5187.5	0.975452	-0.220212
-1183.2	5192.98	0.972416	-0.233255
-1184.54	5198.44	0.969084	-0.24673
-1185.96	5203.88	0.965438	-0.260633
-1187.46	5209.3	0.961455	-0.274964
-1189.03	5214.69	0.957102	-0.289752
-1190.69	5220.05	0.952324	-0.305089
-1192.44	5225.39	0.947065	-0.321041
-1194.28	5230.69	0.941321	-0.337514
-1196.21	5235.95	0.935113	-0.354348
-1198.24	5241.18	0.92841	-0.371557
-1200.36	5246.37	0.921145	-0.38922
-1202.58	5251.51	0.913278	-0.407337
-1204.9	5256.61	0.904811	-0.425814
-1207.33	5261.65	0.895747	-0.444564
-1209.86	5266.65	0.886107	-0.463481
-1212.49	5271.58	0.875945	-0.482411
-1215.23	5276.45	0.865266	-0.501313
-1218.07	5281.27	0.854012	-0.520253
-1221.02	5286.01	0.842158	-0.539231
-1224.08	5290.69	0.829725	-0.558173
-1227.24	5295.29	0.816701	-0.577062
-1230.5	5299.82	0.803026	-0.595944
-1233.87	5304.27	0.788661	-0.614829
-1237.34	5308.63	0.773585	-0.633692
-1240.91	5312.91	0.757762	-0.652531
-1244.59	5317.09	0.741155	-0.671333
-1248.37	5321.18	0.723779	-0.690032
-1252.25	5325.17	0.705666	-0.708544
-1256.24	5329.06	0.686874	-0.726777
-1260.32	5332.84	0.667494	-0.744615
-1264.5	5336.5	0.647522	-0.762047
-1268.77	5340.06	0.626875	-0.77912
-1273.14	5343.49	0.605596	-0.795772
-1277.59	5346.81	0.58372	-0.811955
-1282.14	5350	0.561185	-0.82769
-1286.77	5353.07	0.538101	-0.842881
-1291.47	5356	0.514658	-0.857395
-1296.26	5358.8	0.491008	-0.871155
-1301.12	5361.47	0.467356	-0.884069
-1306.04	5364.01	0.443904	-0.896074
-1311.03	5366.41	0.420797	-0.907155
-1316.08	5368.69	0.398126	-0.917331
-1321.18	5370.85	0.375934	-0.926646
-1326.32	5372.88	0.354235	-0.935156
-1331.51	5374.79	0.333027	-0.942917
-1336.74	5376.59	0.312313	-0.949979
-1342.01	5378.27	0.292163	-0.956369
-1347.3	5379.84	0.272805	-0.962069
-1352.63	5381.3	0.254379	-0.967105
-1357.97	5382.67	0.23684	-0.971549
-1363.34	5383.94	0.220204	-0.975454
-1368.73	5385.12	0.204555	-0.978855
-1374.13	5386.21	0.190007	-0.981783
-1379.55	5387.23	0.176671	-0.98427
-1384.98	5388.17	0.164628	-0.986356
-1390.41	5389.06	0.153915	-0.988084
-1395.85	5389.88	0.144574	-0.989494
-1401.3	5390.66	0.136656	-0.990618
-1402.39	5390.81	0.135937	-0.990718
-1402.39	5390.81	0.135937	-0.990718
-1402.39	5390.81	0.135937	-0.990718
-1402.39	5390.81	0.135937	-0.990718
-1402.39	5390.81	0.135937	-0.990718
-1402.39	5390.81	0.135937	-0.990718
-1402.39	5390.81	0.135937	-0.990718
-1402.39	5390.81	0.135937	-0.990718
-1402.39	5390.81	0.135937	-0.990718
-1402.39	5390.81	0.135937	-0.990718
-1402.39	5390.81	0.135937	-0.990718
-1402.39	5390.81	0.135937	-0.990718
-1402.39	5390.81	0.135937	-0.990718
-1402.39	5390.81	0.135937	-0.990718
-1402.39	5390.81	0.135937	-0.990718
-1402.39	5390.81	0.135937	-0.990718
-1402.39	5390.81	0.135937	-0.990718
-1402.39	5390.81	0.135937	-0.990718
-1402.39	5390.81	0.135937	-0.990718
-1402.39	5390.81	0.135937	-0.990718
-1402.39	5390.81	0.135937	-0.990718
-1402.39	5390.81	0.135937	-0.990718
-1402.39	5390.81	0.135937	-0.990718
-1402.39	5390.81	0.135937	-0.990718
-1402.39	5390.81	0.135937	-0.990718
-1402.39	5390.81	0.135937	-0.990718
-1402.39	5390.81	0.135937	-0.990718
-1402.39	5390.81	0.135937	-0.990718
-1402.39	5390.81	0.135937	-0.990718
-1402.39	5390.81	0.135937	-0.990718
-1402.39	5390.81	0.135937	-0.990718
-1402.39	5390.81	0.135937	-0.990718
-1402.39	5390.81	0.135937	-0.990718
-1402.39	5390.81	0.135937	-0.990718
-1402.39	5390.81	0.135937	-0.990718
-1402.39	5390.81	0.135937	-0.990718
-1402.39	5390.81	0.135937	-0.990718
-1402.39	5390.81	0.135937	-0.990718
-1402.39	5390.81	0.135937	-0.990718
-1402.39	5390.81	0.135937	-0.990718
-1402.39	5390.81	0.135937	-0.990718
-1402.39	5390.81	0.135937	-0.990718
-1402.39	5390.81	0.135937	-0.990718
-1402.39	5390.81	0.135937	-0.990718
-1402.39	5390.81	0.135937	-0.990718
-1402.39	5390.81	0.135937	-0.990718
