1170	-5100	1	0
1170	-5100	1	0
1170	-5100	1	0
1170	-5100	1	0
1170	-5100	1	0
1170	-5100	1	0
1170	-5100	1	0
1170	-5100	1	0
1170	-5100	1	0
1170	-5100	1	0
1170	-5100	1	0
1170	-5100	1	0
1170	-5100	1	0
1170	-5100	1	0
1170	-5100	1	0
1170	-5100	1	0
1170	-5100	1	0
1170	-5100	1	0
1170	-5100	1	0
1170	-5100	1	0
1170	-5100	1	0
1170	-5100	1	0
1170	-5100	1	0
1170	-5100	1	0
1170	-5100	1	0
1170	-5100	1	0
1170	-5100	1	0
1170	-5100	1	0
1170	-5100	1	0
1170	-5100	1	0
1170	-5100	1	0
1170	-5100	1	0
1170	-5100	1	0
1170	-5100	1	0
1170	-5100	1	0
1170	-5100	1	0
1170	-5100	1	0
1170	-5100	1	0
1170	-5100	1	0
1170	-5100	1	0
1170	-5100	1	0
1170	-5100	1	0
1170	-5100	1	0
1170	-5100	1	0
1170	-5100	1	0
1170	-5100	1	0
1170	-5100	1	0
1170	-5100	1	0
1170	-5100	1	0
1170	-5100	1	0
1170	-5100	1	0
1170	-5100	1	0
1170	-5100	1	0
1170	-5100	1	0
1170	-5100	1	0
1170	-5100	1	0
1170	-5100	1	0
1170	-5100	1	0
1170	-5100	1	0
1170	-5100	1	0
1170	-5100	1	0
1170	-5100	1	0
1170	-5100	1	0
1170	-5100	1	0
1170	-5100	1	0
1170	-5100	1	0
1170	-5100	1	0
1170	-5100	1	0
1170	-5100	1	0
1170	-5100	1	0
1170	-5100	1	0
1170	-5100	1	0
1170	-5100	1	0
1170	-5100	1	0
1170	-5100	1	0
1170	-5100	1	0
1170	-5100	1	0
1170	-5100	1	0
1170	-5100	1	0
1170	-5100	1	0
1170	-5100	1	0
1170	-5100	1	0
1170	-5100	1	0
1170	-5100	1	0
1170	-5100	1	0
1170	-5100	1	0
1170	-5100	1	0
1170	-5100	1	0
1170	-5100	1	0
1170	-5100	1	0
1170	-5100	1	0
1170	-5100	1	-8.64174e-08
1170	-5100	1	-5.35008e-07
1170	-5099.99	1	-1.62957e-06
1170	-5099.99	1	-3.60681e-06
1170	-5099.98	1	-6.91807e-06
1170	-5099.96	1	-1.20887e-05
1170	-5099.95	1	-1.97632e-05
1170	-5099.92	1	-3.04133e-05
1170	-5099.89	1	-4.41137e-05
1170	-5099.85	1	-6.08727e-05
1170	-5099.81	1	-8.06683e-05
1170	-5099.75	1	-0.000103503
1170	-5099.69	1	-0.000129378
1170	-5099.62	1	-0.000158297
1170	-5099.55	1	-0.000190487
1170	-5099.47	1	-0.000228007
1170	-5099.38	1	-0.000273585
1170	-5099.28	1	-0.000328996
1170	-5099.17	1	-0.000394142
1170	-5099.04	1	-0.00046755
1170	-5098.91	1	-0.000548271
1170	-5098.75	1	-0.00063458
1170	-5098.59	1	-0.000726231
1170	-5098.41	1	-0.000825569
1170	-5098.21	1	-0.000932888
1170	-5098	0.999999	-0.00104722
1170	-5097.77	0.999999	-0.00116965
1170	-5097.52	0.999999	-0.00130119
1170	-5097.25	0.999999	-0.00144377
1170	-5096.97	0.999999	-0.00160396
1170	-5096.67	0.999998	-0.00179214
1170	-5096.36	0.999998	-0.00202156
1170	-5096.02	0.999997	-0.00230003
1170	-5095.67	0.999997	-0.00261779
1169.99	-5095.3	0.999996	-0.00295829
1169.99	-5094.92	0.999994	-0.0033189
1169.99	-5094.51	0.999993	-0.00371564
1169.99	-5094.09	0.999991	-0.00416873
1169.99	-5093.65	0.999989	-0.00468897
1169.99	-5093.2	0.999986	-0.00528484
1169.98	-5092.68	0.999982	-0.00603898
1169.98	-5092.19	0.999977	-0.00681563
1169.98	-5091.68	0.999971	-0.00767586
1169.97	-5091.16	0.999963	-0.0086206
1169.97	-5090.67	0.999954	-0.00957214
1169.96	-5090.06	0.999941	-0.0108577
1169.95	-5089.48	0.999926	-0.0121331
1169.95	-5088.89	0.999909	-0.0135059
1169.94	-5088.28	0.999888	-0.0149565
1169.93	-5087.66	0.999864	-0.0165039
1169.92	-5087.01	0.999835	-0.0181882
1169.91	-5086.35	0.9998	-0.0200231
1169.89	-5085.68	0.999758	-0.0220082
1169.88	-5084.98	0.999708	-0.0241448
1169.86	-5084.34	0.999657	-0.0261894
1169.84	-5083.55	0.999585	-0.0288102
1169.82	-5082.8	0.999511	-0.0312682
1169.79	-5082.04	0.999429	-0.0337847
1169.76	-5081.26	0.999339	-0.0363589
1169.73	-5080.47	0.99924	-0.0389908
1169.7	-5079.65	0.999131	-0.0416806
1169.67	-5078.83	0.999013	-0.0444282
1169.63	-5077.98	0.998884	-0.0472338
1169.59	-5077.12	0.998744	-0.0500981
1169.54	-5076.24	0.998593	-0.0530305
1169.49	-5075.34	0.998428	-0.0560581
1169.44	-5074.43	0.998247	-0.0591859
1169.38	-5073.5	0.998052	-0.0623889
1169.32	-5072.56	0.99784	-0.0656894
1169.26	-5071.6	0.997607	-0.0691431
1169.19	-5070.62	0.997349	-0.0727705
1169.11	-5069.62	0.997066	-0.0765514
1169.04	-5068.61	0.99676	-0.0804336
1168.96	-5067.69	0.996468	-0.0839771
1168.86	-5066.54	0.996088	-0.0883695
1168.76	-5065.47	0.995719	-0.0924275
1168.66	-5064.4	0.99533	-0.0965357
1168.56	-5063.3	0.99492	-0.100673
1168.44	-5062.19	0.994491	-0.104825
1168.32	-5061.06	0.994044	-0.108976
1168.21	-5060.04	0.993627	-0.112717
1168.07	-5058.88	0.993142	-0.116916
1167.92	-5057.59	0.992576	-0.121628
1167.77	-5056.39	0.992024	-0.126046
1167.63	-5055.31	0.991494	-0.130151
1167.45	-5053.96	0.9908	-0.135336
1167.3	-5052.85	0.990196	-0.139683
1167.1	-5051.47	0.98942	-0.145078
1166.93	-5050.32	0.988754	-0.149552
1166.71	-5048.91	0.9879	-0.155093
1166.53	-5047.74	0.987168	-0.159684
1166.29	-5046.29	0.986232	-0.165368
1166.08	-5045.09	0.985431	-0.170077
1165.82	-5043.6	0.984407	-0.175904
1165.6	-5042.38	0.98353	-0.180743
1165.35	-5041	0.982504	-0.18624
1165.08	-5039.61	0.981415	-0.191896
1164.8	-5038.2	0.980262	-0.197702
1164.51	-5036.77	0.979041	-0.203662
1164.21	-5035.34	0.977749	-0.209778
1163.89	-5033.88	0.976391	-0.216011
1163.56	-5032.42	0.974976	-0.222311
1163.19	-5030.79	0.973345	-0.229345
1162.87	-5029.44	0.971946	-0.235202
1162.46	-5027.79	0.970159	-0.242469
1162.07	-5026.26	0.968468	-0.249137
1161.67	-5024.73	0.966717	-0.255848
1161.26	-5023.18	0.964905	-0.262599
1160.83	-5021.62	0.963026	-0.269407
1160.39	-5020.05	0.961071	-0.276302
1159.93	-5018.46	0.959028	-0.28331
1159.45	-5016.87	0.956895	-0.290435
1158.96	-5015.26	0.954672	-0.29766
1158.44	-5013.64	0.952361	-0.304974
1157.92	-5012	0.949961	-0.312369
1157.37	-5010.36	0.947472	-0.319839
1156.8	-5008.71	0.944891	-0.327386
1156.22	-5007.04	0.942212	-0.335017
1155.62	-5005.36	0.939434	-0.34273
1155	-5003.68	0.936552	-0.350528
1154.36	-5001.98	0.933565	-0.358408
1153.69	-5000.27	0.930475	-0.366355
1153.01	-4998.56	0.927276	-0.374378
1152.31	-4996.83	0.923959	-0.382491
1151.58	-4995.1	0.920525	-0.390684
1150.84	-4993.36	0.916972	-0.398951
1150.07	-4991.61	0.9133	-0.407288
1149.28	-4989.85	0.909503	-0.415697
1148.46	-4988.08	0.905579	-0.424177
1147.62	-4986.31	0.901519	-0.432739
1146.76	-4984.53	0.897312	-0.441397
1145.87	-4982.75	0.892956	-0.450144
1144.96	-4980.96	0.888463	-0.458947
1144.02	-4979.16	0.88385	-0.46777
1143.06	-4977.36	0.879142	-0.47656
1142.07	-4975.55	0.874351	-0.485294
1141.06	-4973.74	0.86945	-0.494021
1140.02	-4971.93	0.86442	-0.50277
1138.95	-4970.11	0.859257	-0.511543
1137.86	-4968.29	0.853988	-0.520293
1136.74	-4966.47	0.848673	-0.528918
1135.59	-4964.64	0.843376	-0.537324
1134.41	-4962.81	0.838112	-0.545498
1133.21	-4960.98	0.832841	-0.553512
1131.98	-4959.15	0.827557	-0.561382
1130.73	-4957.32	0.822306	-0.569045
1129.45	-4955.48	0.817131	-0.576452
1128.14	-4953.64	0.812193	-0.583389
1126.81	-4951.8	0.807724	-0.589561
1125.46	-4949.96	0.803799	-0.594901
1124.09	-4948.11	0.800347	-0.599537
1122.69	-4946.26	0.797171	-0.603753
1121.28	-4944.4	0.794098	-0.60779
1119.84	-4942.53	0.791126	-0.611654
1118.39	-4940.66	0.788317	-0.615269
1116.92	-4938.78	0.785683	-0.618629
1115.43	-4936.9	0.783197	-0.621774
1113.92	-4935.01	0.780856	-0.624711
1112.4	-4933.11	0.778681	-0.62742
1110.86	-4931.2	0.776668	-0.62991
1109.3	-4929.29	0.77477	-0.632243
1107.74	-4927.37	0.77292	-0.634504
1106.16	-4925.46	0.771073	-0.636747
1104.58	-4923.55	0.769221	-0.638983
1103	-4921.65	0.767365	-0.64121
1101.41	-4919.75	0.765504	-0.643431
1099.82	-4917.87	0.763639	-0.645643
1098.23	-4915.98	0.761769	-0.647849
1096.63	-4914.11	0.75989	-0.650052
1095.02	-4912.24	0.757984	-0.652273
1093.42	-4910.37	0.756036	-0.65453
1091.81	-4908.52	0.754032	-0.656838
1090.19	-4906.67	0.751956	-0.659214
1088.57	-4904.82	0.749786	-0.66168
1086.94	-4902.99	0.747477	-0.664288
1085.31	-4901.15	0.745003	-0.667061
1083.66	-4899.32	0.742383	-0.669976
1082.01	-4897.49	0.73965	-0.672992
1080.34	-4895.66	0.736817	-0.676092
1078.65	-4893.83	0.733887	-0.679272
1076.96	-4892.01	0.730872	-0.682514
1075.25	-4890.18	0.727807	-0.685782
1073.52	-4888.36	0.724734	-0.689029
1071.79	-4886.54	0.721665	-0.692242
1070.04	-4884.72	0.718591	-0.695433
1068.27	-4882.9	0.715497	-0.698616
1066.49	-4881.08	0.712375	-0.701799
1064.69	-4879.27	0.709226	-0.704982
1062.88	-4877.45	0.706048	-0.708164
1061.05	-4875.64	0.702841	-0.711347
1059.21	-4873.82	0.699612	-0.714523
1057.36	-4872.01	0.696377	-0.717676
1055.48	-4870.2	0.693149	-0.720794
1053.59	-4868.39	0.689919	-0.723887
1051.69	-4866.58	0.686654	-0.726984
1049.77	-4864.78	0.683306	-0.730132
1047.84	-4862.97	0.679839	-0.733361
1045.89	-4861.17	0.676249	-0.736673
1043.92	-4859.37	0.67256	-0.740043
1041.93	-4857.58	0.668814	-0.74343
1039.93	-4855.79	0.665032	-0.746815
1037.92	-4854	0.661216	-0.750195
1035.88	-4852.21	0.65737	-0.753568
1033.83	-4850.43	0.653508	-0.75692
1031.76	-4848.65	0.649631	-0.76025
1029.68	-4846.88	0.645727	-0.763569
1027.57	-4845.11	0.641808	-0.766866
1025.46	-4843.34	0.637885	-0.770131
1023.32	-4841.58	0.633967	-0.77336
1021.17	-4839.82	0.6301	-0.776514
1019	-4838.07	0.626357	-0.779536
1016.81	-4836.32	0.622779	-0.782398
1014.61	-4834.57	0.619351	-0.785115
1012.17	-4832.65	0.615709	-0.787974
1010.16	-4831.09	0.61282	-0.790222
1007.91	-4829.35	0.609694	-0.792637
1005.65	-4827.62	0.60664	-0.794976
1003.37	-4825.88	0.603785	-0.797148
1000.85	-4823.98	0.601064	-0.799201
998.547	-4822.25	0.599024	-0.800731
996.229	-4820.52	0.597382	-0.801956
993.9	-4818.79	0.596096	-0.802913
991.56	-4817.05	0.595036	-0.803699
989.21	-4815.31	0.594162	-0.804345
986.851	-4813.57	0.593591	-0.804767
984.483	-4811.83	0.593345	-0.804948
982.106	-4810.07	0.593285	-0.804992
979.722	-4808.32	0.593271	-0.805003
977.329	-4806.55	0.593267	-0.805006
974.929	-4804.78	0.593352	-0.804943
972.521	-4803.01	0.593615	-0.804749
970.106	-4801.23	0.594035	-0.80444
967.684	-4799.44	0.594514	-0.804085
965.255	-4797.64	0.594992	-0.803732
962.819	-4795.84	0.595468	-0.803379
960.377	-4794.03	0.595971	-0.803006
957.928	-4792.21	0.596523	-0.802596
955.472	-4790.38	0.597144	-0.802134
953.01	-4788.55	0.597853	-0.801605
950.541	-4786.7	0.598638	-0.80102
948.067	-4784.85	0.599513	-0.800365
945.587	-4782.99	0.600519	-0.79961
943.101	-4781.12	0.601645	-0.798763
940.611	-4779.25	0.602842	-0.79786
938.116	-4777.36	0.604133	-0.796884
935.616	-4775.46	0.605586	-0.79578
933.112	-4773.55	0.607236	-0.794521
930.605	-4771.63	0.609067	-0.793119
928.095	-4769.7	0.611065	-0.791581
925.582	-4767.76	0.613235	-0.789901
923.067	-4765.8	0.615554	-0.788095
920.551	-4763.83	0.618051	-0.786138
918.034	-4761.85	0.620754	-0.784005
915.516	-4759.85	0.623604	-0.781741
912.999	-4757.83	0.626558	-0.779375
910.482	-4755.8	0.629614	-0.776908
907.965	-4753.76	0.632771	-0.774339
905.45	-4751.69	0.636067	-0.771634
902.936	-4749.61	0.639521	-0.768773
900.425	-4747.52	0.643106	-0.765778
897.916	-4745.4	0.646765	-0.762689
895.41	-4743.27	0.650448	-0.759551
892.908	-4741.12	0.654159	-0.756357
890.409	-4738.95	0.657929	-0.75308
887.917	-4736.76	0.661814	-0.749668
885.438	-4734.56	0.665884	-0.746056
882.973	-4732.35	0.670154	-0.742222
880.522	-4730.13	0.674624	-0.738161
878.087	-4727.89	0.679292	-0.733868
875.668	-4725.64	0.68412	-0.72937
873.266	-4723.38	0.689063	-0.724701
870.88	-4721.1	0.694045	-0.719932
868.512	-4718.8	0.699	-0.715122
866.162	-4716.49	0.703942	-0.710257
863.829	-4714.16	0.708941	-0.705268
861.515	-4711.82	0.714056	-0.700088
859.219	-4709.47	0.719243	-0.694758
856.943	-4707.1	0.724413	-0.689366
854.685	-4704.71	0.729533	-0.683946
852.447	-4702.31	0.734578	-0.678525
850.229	-4699.89	0.739552	-0.673099
848.029	-4697.46	0.744483	-0.667641
845.849	-4695.02	0.74937	-0.662151
843.689	-4692.56	0.754213	-0.65663
841.547	-4690.08	0.759013	-0.651075
839.424	-4687.59	0.763773	-0.645484
837.317	-4685.09	0.768492	-0.639859
835.226	-4682.56	0.773165	-0.634205
833.152	-4680.02	0.777797	-0.628516
831.095	-4677.46	0.782363	-0.622823
829.055	-4674.88	0.786807	-0.617199
827.031	-4672.28	0.791113	-0.61167
825.023	-4669.67	0.795338	-0.606167
823.031	-4667.04	0.799524	-0.600634
821.055	-4664.4	0.803679	-0.595063
819.094	-4661.73	0.807802	-0.589454
817.149	-4659.05	0.811894	-0.583804
815.218	-4656.35	0.815956	-0.578114
813.302	-4653.63	0.819988	-0.572381
811.401	-4650.89	0.823991	-0.566603
809.514	-4648.13	0.827965	-0.56078
807.642	-4645.35	0.831898	-0.554928
805.785	-4642.55	0.835749	-0.549112
803.943	-4639.73	0.839461	-0.543419
802.116	-4636.89	0.843003	-0.53791
800.302	-4634.03	0.846388	-0.532566
798.502	-4631.15	0.849694	-0.527276
796.716	-4628.26	0.852972	-0.521957
794.944	-4625.35	0.85625	-0.516562
793.186	-4622.41	0.859529	-0.511088
791.442	-4619.46	0.862784	-0.505574
789.713	-4616.5	0.866012	-0.500023
788	-4613.51	0.869214	-0.494437
786.3	-4610.51	0.872383	-0.488822
784.612	-4607.48	0.875499	-0.48322
782.937	-4604.42	0.878526	-0.477695
781.275	-4601.35	0.881443	-0.472291
779.624	-4598.25	0.884264	-0.466987
777.986	-4595.13	0.886997	-0.461776
776.359	-4591.99	0.889615	-0.456711
774.744	-4588.82	0.892084	-0.45187
773.139	-4585.64	0.894389	-0.447291
771.544	-4582.43	0.896521	-0.443
769.958	-4579.21	0.898454	-0.439068
768.379	-4575.96	0.900172	-0.435535
766.806	-4572.7	0.901687	-0.43239
765.238	-4569.42	0.903048	-0.429539
763.675	-4566.12	0.904339	-0.426815
762.116	-4562.81	0.905615	-0.424101
760.56	-4559.48	0.906888	-0.421372
759.009	-4556.13	0.908158	-0.418627
757.463	-4552.76	0.909426	-0.415866
755.921	-4549.38	0.91069	-0.413091
754.384	-4545.98	0.911951	-0.4103
752.853	-4542.57	0.913208	-0.407494
751.327	-4539.13	0.914462	-0.404673
749.806	-4535.69	0.915712	-0.401836
748.29	-4532.22	0.916958	-0.398984
746.78	-4528.74	0.9182	-0.396117
745.277	-4525.24	0.919438	-0.393236
743.779	-4521.73	0.920671	-0.390339
742.288	-4518.2	0.9219	-0.387427
740.802	-4514.65	0.923124	-0.384503
739.323	-4511.09	0.924307	-0.381651
737.849	-4507.51	0.925384	-0.37903
736.381	-4503.91	0.926313	-0.376754
734.915	-4500.3	0.927068	-0.374893
733.452	-4496.67	0.927658	-0.373431
731.989	-4493.03	0.928111	-0.372303
730.525	-4489.38	0.928456	-0.371442
729.059	-4485.71	0.928658	-0.370938
727.59	-4482.03	0.928638	-0.370986
726.114	-4478.34	0.928461	-0.371429
724.633	-4474.64	0.928274	-0.371898
723.145	-4470.93	0.928105	-0.37232
721.651	-4467.21	0.927929	-0.372757
720.15	-4463.47	0.927711	-0.3733
718.642	-4459.73	0.927426	-0.374005
717.127	-4455.97	0.927082	-0.374859
715.603	-4452.21	0.926694	-0.375817
714.071	-4448.44	0.926272	-0.376855
712.529	-4444.65	0.925802	-0.378009
710.978	-4440.86	0.925279	-0.379287
709.416	-4437.06	0.924705	-0.380685
707.844	-4433.24	0.924068	-0.382228
706.261	-4429.42	0.923389	-0.383867
704.666	-4425.59	0.922739	-0.385425
703.06	-4421.76	0.922157	-0.386816
701.444	-4417.91	0.921642	-0.388041
699.819	-4414.05	0.921214	-0.389057
698.184	-4410.19	0.920835	-0.389953
696.541	-4406.31	0.920401	-0.390976
694.889	-4402.43	0.919866	-0.392232
693.226	-4398.54	0.919224	-0.393735
691.551	-4394.63	0.91848	-0.395468
689.864	-4390.72	0.917638	-0.397416
688.164	-4386.81	0.916684	-0.399612
686.276	-4382.49	0.915479	-0.402366
684.543	-4378.56	0.914237	-0.40518
682.968	-4375.02	0.913005	-0.407948
681.2	-4371.08	0.911521	-0.411254
679.233	-4366.74	0.909755	-0.415146
677.423	-4362.79	0.90802	-0.418928
675.591	-4358.84	0.906152	-0.422951
673.736	-4354.88	0.904149	-0.427218
671.857	-4350.92	0.901988	-0.431762
669.952	-4346.97	0.899626	-0.436661
668.02	-4343.01	0.897035	-0.441959
666.058	-4339.05	0.894202	-0.447664
664.065	-4335.1	0.891085	-0.453837
662.039	-4331.15	0.887663	-0.460493
659.976	-4327.2	0.883937	-0.467606
657.876	-4323.26	0.879934	-0.475096
655.737	-4319.33	0.87569	-0.482873
653.557	-4315.41	0.871203	-0.490923
651.334	-4311.51	0.866475	-0.49922
649.069	-4307.61	0.861562	-0.507652
646.759	-4303.72	0.856529	-0.516099
644.405	-4299.85	0.851395	-0.524526
642.007	-4295.99	0.846109	-0.53301
639.564	-4292.15	0.840623	-0.54162
637.075	-4288.32	0.83496	-0.55031
634.541	-4284.51	0.829121	-0.559069
631.959	-4280.72	0.823067	-0.567944
629.33	-4276.94	0.81679	-0.576935
626.653	-4273.19	0.810327	-0.585978
623.927	-4269.45	0.803724	-0.595002
621.153	-4265.74	0.797018	-0.603955
618.331	-4262.05	0.790247	-0.612788
615.461	-4258.38	0.783404	-0.621512
612.543	-4254.74	0.776444	-0.630186
609.578	-4251.12	0.769287	-0.638903
606.564	-4247.52	0.761836	-0.64777
603.5	-4243.96	0.754079	-0.656784
600.387	-4240.42	0.746046	-0.665895
597.223	-4236.91	0.737784	-0.675036
594.008	-4233.43	0.729332	-0.68416
590.741	-4229.98	0.720632	-0.693318
587.424	-4226.57	0.711628	-0.702556
584.054	-4223.19	0.702317	-0.711865
580.631	-4219.85	0.692742	-0.721186
577.155	-4216.54	0.683003	-0.730416
573.628	-4213.28	0.673234	-0.73943
570.049	-4210.06	0.663605	-0.748083
566.42	-4206.87	0.654251	-0.756278
562.744	-4203.72	0.645114	-0.764086
559.022	-4200.61	0.635946	-0.771734
555.254	-4197.53	0.626501	-0.779421
551.44	-4194.5	0.616628	-0.787255
547.578	-4191.51	0.606285	-0.795248
543.667	-4188.56	0.59546	-0.803385
539.707	-4185.66	0.584181	-0.811624
535.698	-4182.81	0.572646	-0.819803
531.639	-4180	0.561165	-0.827704
527.532	-4177.25	0.549987	-0.835173
523.381	-4174.55	0.53919	-0.842184
519.186	-4171.89	0.528718	-0.848797
514.951	-4169.28	0.51848	-0.85509
510.676	-4166.72	0.508476	-0.861076
506.363	-4164.2	0.498849	-0.866689
502.014	-4161.72	0.48971	-0.871885
497.631	-4159.28	0.480956	-0.876744
493.215	-4156.88	0.472336	-0.881418
488.766	-4154.52	0.4638	-0.88594
484.286	-4152.2	0.455577	-0.890196
479.777	-4149.91	0.447744	-0.894162
475.239	-4147.66	0.440146	-0.897926
470.674	-4145.44	0.432739	-0.901519
466.083	-4143.25	0.425659	-0.904884
461.468	-4141.1	0.418918	-0.908024
456.829	-4138.97	0.412299	-0.911049
452.166	-4136.88	0.405654	-0.914027
447.48	-4134.82	0.398973	-0.916963
442.77	-4132.78	0.392275	-0.919848
438.038	-4130.78	0.385567	-0.92268
433.284	-4128.81	0.378829	-0.925466
428.507	-4126.87	0.372042	-0.928216
423.71	-4124.97	0.365175	-0.930939
418.89	-4123.09	0.358245	-0.933628
414.049	-4121.25	0.351353	-0.936243
409.188	-4119.44	0.344745	-0.938696
404.306	-4117.66	0.338594	-0.940932
399.405	-4115.91	0.332907	-0.94296
394.487	-4114.19	0.327789	-0.944751
389.552	-4112.49	0.323381	-0.946269
384.602	-4110.81	0.319774	-0.947494
379.639	-4109.14	0.317136	-0.94838
374.666	-4107.48	0.315692	-0.948862
369.685	-4105.82	0.315485	-0.948931
364.698	-4104.16	0.316217	-0.948687
359.708	-4102.5	0.317443	-0.948277
354.716	-4100.82	0.318876	-0.947796
349.721	-4099.14	0.320392	-0.947285
344.725	-4097.45	0.321957	-0.946754
339.726	-4095.74	0.323792	-0.946128
334.727	-4094.03	0.326066	-0.945347
329.728	-4092.3	0.32866	-0.944448
324.728	-4090.55	0.331486	-0.94346
319.73	-4088.79	0.334507	-0.942393
314.733	-4087.01	0.337691	-0.941257
309.738	-4085.21	0.341157	-0.940006
304.745	-4083.38	0.344998	-0.938604
299.755	-4081.54	0.349199	-0.937049
294.769	-4079.67	0.353742	-0.935343
289.788	-4077.78	0.358536	-0.933516
284.813	-4075.85	0.363363	-0.931648
279.843	-4073.9	0.367874	-0.929876
274.877	-4071.93	0.37181	-0.928309
269.915	-4069.93	0.375208	-0.926941
264.956	-4067.92	0.378367	-0.925656
259.998	-4065.88	0.381505	-0.924367
255.044	-4063.83	0.384642	-0.923066
250.093	-4061.76	0.387777	-0.921753
244.651	-4059.46	0.391223	-0.920296
240.202	-4057.56	0.394047	-0.91909
235.262	-4055.44	0.39724	-0.917715
230.326	-4053.29	0.400605	-0.916251
225.395	-4051.13	0.404297	-0.914628
219.977	-4048.72	0.408869	-0.912593
215.55	-4046.73	0.412943	-0.910757
210.639	-4044.49	0.417746	-0.908564
205.736	-4042.22	0.422843	-0.906203
200.843	-4039.92	0.4282	-0.903684
195.472	-4037.36	0.434231	-0.900802
191.087	-4035.24	0.439167	-0.898405
186.225	-4032.84	0.444696	-0.895682
181.376	-4030.42	0.450389	-0.892833
176.539	-4027.97	0.456418	-0.889765
171.717	-4025.47	0.462965	-0.886377
166.431	-4022.69	0.470721	-0.882282
161.644	-4020.11	0.478114	-0.878298
156.876	-4017.5	0.485743	-0.874102
152.129	-4014.84	0.493578	-0.869701
147.403	-4012.13	0.501588	-0.865107
142.7	-4009.38	0.509763	-0.860315
138.021	-4006.59	0.51815	-0.85529
133.367	-4003.74	0.526728	-0.850034
128.738	-4000.85	0.535423	-0.844584
124.137	-3997.9	0.544252	-0.838922
119.565	-3994.91	0.553223	-0.833033
115.022	-3991.86	0.562234	-0.826978
110.51	-3988.77	0.571209	-0.820805
106.03	-3985.62	0.580151	-0.814509
101.581	-3982.42	0.589069	-0.808083
97.1646	-3979.17	0.597938	-0.801542
92.7819	-3975.87	0.606742	-0.794899
88.4334	-3972.52	0.615477	-0.788155
84.1213	-3969.12	0.624139	-0.781313
79.8485	-3965.68	0.632721	-0.77438
75.6155	-3962.19	0.641222	-0.767355
71.423	-3958.66	0.649621	-0.760258
67.2711	-3955.08	0.657808	-0.753186
63.1592	-3951.45	0.665556	-0.746348
59.0856	-3947.79	0.672724	-0.739894
55.048	-3944.09	0.679278	-0.733881
51.0439	-3940.36	0.685097	-0.728451
47.0694	-3936.6	0.690096	-0.723717
43.121	-3932.82	0.694291	-0.719694
39.1944	-3929.02	0.697581	-0.716506
35.2847	-3925.2	0.699939	-0.714203
31.3875	-3921.37	0.701524	-0.712646
27.4989	-3917.54	0.702511	-0.711673
23.6163	-3913.7	0.703129	-0.711062
19.7379	-3909.87	0.703377	-0.710817
15.8612	-3906.03	0.703073	-0.711117
11.9835	-3902.2	0.702447	-0.711736
8.10378	-3898.37	0.70181	-0.712364
4.22229	-3894.55	0.701188	-0.712976
0.339027	-3890.74	0.700567	-0.713587
-3.54604	-3886.93	0.699905	-0.714236
-7.43325	-3883.12	0.699153	-0.714972
-11.3231	-3879.32	0.698308	-0.715798
-15.2161	-3875.52	0.697383	-0.716698
-19.1125	-3871.74	0.696444	-0.717611
-23.0121	-3867.96	0.695662	-0.718369
-26.9136	-3864.18	0.695248	-0.71877
-30.8147	-3860.41	0.695339	-0.718682
-34.7127	-3856.63	0.695801	-0.718234
-38.6065	-3852.86	0.696307	-0.717744
-42.4963	-3849.08	0.696636	-0.717425
-46.3834	-3845.31	0.696712	-0.717351
-50.269	-3841.54	0.696554	-0.717504
-54.1543	-3837.77	0.696175	-0.717872
-58.0405	-3834	0.695591	-0.718438
-61.9286	-3830.24	0.69485	-0.719155
-65.8193	-3826.48	0.693953	-0.720021
-69.7134	-3822.73	0.692923	-0.721012
-73.6114	-3818.99	0.691858	-0.722034
-77.5134	-3815.26	0.690816	-0.723031
-81.4191	-3811.53	0.689777	-0.724022
-85.3286	-3807.81	0.688644	-0.7251
-89.2428	-3804.1	0.687327	-0.726349
-93.1625	-3800.39	0.68584	-0.727752
-97.0883	-3796.7	0.684273	-0.729226
-101.021	-3793.02	0.682694	-0.730705
-104.959	-3789.34	0.681112	-0.732179
-108.904	-3785.68	0.679528	-0.73365
-112.855	-3782.03	0.677947	-0.735111
-116.813	-3778.38	0.676374	-0.736559
-120.777	-3774.75	0.674802	-0.737998
-124.746	-3771.13	0.673229	-0.739434
-128.722	-3767.51	0.671653	-0.740866
-132.704	-3763.91	0.670075	-0.742293
-136.692	-3760.31	0.668501	-0.743711
-140.686	-3756.73	0.667	-0.745058
-144.685	-3753.16	0.665667	-0.746249
-148.689	-3749.59	0.664524	-0.747267
-152.696	-3746.03	0.663501	-0.748175
-156.706	-3742.48	0.662457	-0.7491
-160.72	-3738.93	0.661286	-0.750134
-164.738	-3735.39	0.659972	-0.75129
-168.76	-3731.87	0.658548	-0.752539
-172.788	-3728.35	0.657045	-0.753851
-176.822	-3724.84	0.655475	-0.755217
-180.861	-3721.34	0.653826	-0.756645
-184.906	-3717.85	0.652073	-0.758156
-188.958	-3714.37	0.650237	-0.759732
-193.017	-3710.9	0.648391	-0.761307
-197.082	-3707.45	0.646645	-0.762791
-201.153	-3704	0.645086	-0.76411
-205.23	-3700.57	0.643648	-0.765322
-209.311	-3697.14	0.642167	-0.766565
-213.397	-3693.72	0.640509	-0.767951
-217.489	-3690.32	0.638664	-0.769485
-221.588	-3686.92	0.636766	-0.771057
-225.694	-3683.54	0.634989	-0.772521
-229.805	-3680.16	0.633369	-0.77385
-233.922	-3676.8	0.631788	-0.775141
-238.044	-3673.44	0.630101	-0.776513
-242.171	-3670.1	0.628227	-0.77803
-246.306	-3666.77	0.626172	-0.779685
-250.448	-3663.45	0.623969	-0.781449
-254.597	-3660.15	0.621644	-0.7833
-258.755	-3656.85	0.619219	-0.785219
-262.921	-3653.58	0.616663	-0.787227
-267.097	-3650.32	0.613978	-0.789323
-271.282	-3647.07	0.611271	-0.791421
-275.476	-3643.84	0.608684	-0.793412
-279.679	-3640.62	0.606335	-0.795209
-283.889	-3637.42	0.604246	-0.796798
-288.105	-3634.23	0.60238	-0.798209
-292.327	-3631.05	0.600661	-0.799504
-296.554	-3627.88	0.598983	-0.800762
-300.785	-3624.72	0.597303	-0.802016
-305.022	-3621.57	0.595621	-0.803265
-309.263	-3618.43	0.593932	-0.804515
-313.509	-3615.3	0.592171	-0.805812
-317.761	-3612.18	0.590265	-0.80721
-322.018	-3609.08	0.588222	-0.808699
-326.282	-3605.98	0.586096	-0.810242
-330.552	-3602.9	0.583936	-0.8118
-334.828	-3599.83	0.581768	-0.813355
-339.111	-3596.77	0.579597	-0.814903
-343.4	-3593.73	0.577424	-0.816445
-347.695	-3590.7	0.575236	-0.817987
-351.997	-3587.68	0.572991	-0.819562
-356.305	-3584.68	0.570613	-0.821219
-360.621	-3581.69	0.568081	-0.822973
-364.944	-3578.71	0.565425	-0.824799
-369.275	-3575.75	0.562635	-0.826705
-373.614	-3572.81	0.559699	-0.828696
-377.963	-3569.88	0.556707	-0.830709
-382.319	-3566.97	0.553879	-0.832597
-386.684	-3564.07	0.551488	-0.834183
-391.054	-3561.19	0.549717	-0.835351
-395.427	-3558.31	0.548541	-0.836123
-399.802	-3555.45	0.547765	-0.836632
-404.178	-3552.58	0.547167	-0.837023
-408.553	-3549.72	0.546623	-0.837379
-412.929	-3546.87	0.546244	-0.837626
-417.303	-3544.02	0.546193	-0.837659
-421.676	-3541.17	0.546359	-0.837551
-426.046	-3538.31	0.546564	-0.837418
-430.413	-3535.46	0.546763	-0.837288
-434.779	-3532.61	0.546965	-0.837155
-439.141	-3529.76	0.547161	-0.837027
-443.501	-3526.91	0.547255	-0.836966
-447.86	-3524.06	0.547122	-0.837053
-452.217	-3521.21	0.546719	-0.837316
-456.574	-3518.37	0.546086	-0.837729
-460.932	-3515.53	0.545343	-0.838213
-465.291	-3512.7	0.544561	-0.838721
-469.65	-3509.87	0.543747	-0.839249
-474.446	-3506.77	0.542809	-0.839856
-478.372	-3504.23	0.542011	-0.840371
-482.734	-3501.42	0.541103	-0.840956
-487.098	-3498.62	0.54016	-0.841562
-491.463	-3495.82	0.539158	-0.842204
-495.83	-3493.02	0.538082	-0.842892
-500.199	-3490.24	0.536902	-0.843645
-504.569	-3487.46	0.535551	-0.844503
-508.943	-3484.69	0.533982	-0.845496
-513.32	-3481.93	0.532268	-0.846576
-517.701	-3479.18	0.530514	-0.847676
-522.086	-3476.44	0.528794	-0.84875
-526.475	-3473.71	0.527234	-0.84972
-530.866	-3470.99	0.525947	-0.850517
-535.259	-3468.28	0.524884	-0.851174
-539.654	-3465.57	0.523913	-0.851772
-544.049	-3462.87	0.522942	-0.852369
-548.446	-3460.18	0.521984	-0.852955
-552.845	-3457.49	0.521059	-0.85352
-557.244	-3454.8	0.520158	-0.85407
-561.644	-3452.13	0.519262	-0.854615
-566.045	-3449.46	0.518366	-0.855159
-570.447	-3446.79	0.51747	-0.855702
-574.849	-3444.13	0.516573	-0.856243
-579.253	-3441.48	0.515691	-0.856775
-584.098	-3438.56	0.514804	-0.857308
-588.503	-3435.92	0.514183	-0.85768
-592.468	-3433.54	0.513839	-0.857886
-596.872	-3430.91	0.51362	-0.858018
-601.274	-3428.27	0.513449	-0.85812
-606.115	-3425.38	0.513358	-0.858175
-610.515	-3422.74	0.513389	-0.858156
-614.912	-3420.11	0.513473	-0.858106
-619.307	-3417.48	0.513562	-0.858053
-623.7	-3414.85	0.51365	-0.858
-628.091	-3412.22	0.513739	-0.857947
-632.479	-3409.6	0.513828	-0.857893
-636.866	-3406.97	0.513916	-0.857841
-641.25	-3404.34	0.514004	-0.857788
-645.633	-3401.72	0.514142	-0.857705
-650.012	-3399.09	0.514443	-0.857525
-654.389	-3396.46	0.514983	-0.8572
-658.762	-3393.83	0.51574	-0.856745
-663.13	-3391.2	0.516682	-0.856177
-667.494	-3388.56	0.51778	-0.855514
-671.852	-3385.92	0.51894	-0.854811
-676.205	-3383.28	0.520066	-0.854126
-680.552	-3380.63	0.521153	-0.853463
-684.894	-3377.97	0.52225	-0.852792
-689.231	-3375.31	0.523383	-0.852098
-693.562	-3372.65	0.524579	-0.851362
-697.888	-3369.98	0.52587	-0.850565
-702.208	-3367.31	0.527267	-0.8497
-706.521	-3364.63	0.528735	-0.848787
-710.828	-3361.94	0.530222	-0.847859
-715.128	-3359.25	0.531712	-0.846925
-719.421	-3356.55	0.533211	-0.845982
-723.708	-3353.84	0.534712	-0.845034
-727.989	-3351.13	0.53621	-0.844085
-732.262	-3348.41	0.537706	-0.843132
-736.529	-3345.68	0.5392	-0.842178
-740.789	-3342.95	0.54069	-0.841222
-745.043	-3340.21	0.542211	-0.840242
-749.29	-3337.47	0.543824	-0.8392
-753.529	-3334.72	0.545581	-0.838058
-757.761	-3331.96	0.547535	-0.836783
-761.984	-3329.19	0.549674	-0.83538
-766.197	-3326.41	0.55189	-0.833917
-770.402	-3323.62	0.554113	-0.832442
-774.598	-3320.82	0.55633	-0.830961
-778.784	-3318.01	0.558553	-0.829469
-782.96	-3315.19	0.560831	-0.82793
-787.127	-3312.36	0.563233	-0.826298
-791.284	-3309.52	0.56582	-0.824529
-795.43	-3306.67	0.568601	-0.822614
-799.564	-3303.8	0.571511	-0.820595
-803.686	-3300.92	0.574525	-0.818487
-807.795	-3298.03	0.577616	-0.816309
-811.892	-3295.12	0.580722	-0.814102
-815.976	-3292.2	0.583819	-0.811884
-820.046	-3289.26	0.586905	-0.809656
-824.104	-3286.31	0.589981	-0.807417
-828.149	-3283.34	0.593047	-0.805168
-832.181	-3280.37	0.596103	-0.802908
-836.199	-3277.37	0.599148	-0.800638
-840.205	-3274.37	0.602159	-0.798376
-844.197	-3271.35	0.605047	-0.796189
-848.178	-3268.31	0.607734	-0.794141
-852.146	-3265.27	0.610278	-0.792187
-856.103	-3262.21	0.612791	-0.790245
-860.048	-3259.14	0.615345	-0.788258
-863.982	-3256.06	0.618009	-0.786171
-867.903	-3252.97	0.620794	-0.783974
-871.812	-3249.87	0.623677	-0.781682
-875.707	-3246.75	0.626622	-0.779323
-879.588	-3243.62	0.62958	-0.776936
-883.456	-3240.48	0.632527	-0.774538
-887.311	-3237.32	0.635464	-0.77213
-891.151	-3234.15	0.638385	-0.769717
-894.978	-3230.96	0.641272	-0.767314
-898.791	-3227.77	0.644069	-0.764968
-902.592	-3224.56	0.646672	-0.762768
-906.38	-3221.34	0.648987	-0.7608
-910.157	-3218.11	0.650982	-0.759093
-913.924	-3214.87	0.652743	-0.757579
-917.683	-3211.63	0.654424	-0.756128
-921.432	-3208.38	0.656107	-0.754668
-925.173	-3205.12	0.657832	-0.753165
-928.905	-3201.85	0.659649	-0.751574
-932.626	-3198.58	0.661575	-0.749879
-936.338	-3195.3	0.663643	-0.748049
-940.038	-3192.01	0.665887	-0.746052
-943.727	-3188.71	0.668297	-0.743895
-947.403	-3185.4	0.670835	-0.741607
-951.066	-3182.07	0.673467	-0.739217
-954.715	-3178.74	0.676183	-0.736734
-958.35	-3175.39	0.678946	-0.734188
-961.971	-3172.03	0.681699	-0.731633
-965.578	-3168.66	0.684374	-0.729132
-969.171	-3165.28	0.686906	-0.726747
-972.751	-3161.89	0.689291	-0.724484
-976.318	-3158.49	0.69158	-0.722299
-979.873	-3155.07	0.693836	-0.720133
-983.416	-3151.65	0.696084	-0.717961
-986.947	-3148.22	0.698327	-0.715779
-990.465	-3144.78	0.700667	-0.713489
-993.97	-3141.33	0.703209	-0.710983
-997.461	-3137.86	0.705946	-0.708266
-1000.94	-3134.39	0.708881	-0.705328
-1004.4	-3130.9	0.712014	-0.702166
-1007.84	-3127.4	0.715352	-0.698764
-1011.26	-3123.88	0.718803	-0.695214
-1014.66	-3120.35	0.722291	-0.69159
-1018.05	-3116.8	0.725769	-0.687939
-1021.41	-3113.23	0.729226	-0.684273
-1024.76	-3109.65	0.73268	-0.680573
-1028.08	-3106.06	0.736156	-0.676811
-1031.39	-3102.45	0.739674	-0.672966
-1034.68	-3098.82	0.74325	-0.669013
-1037.94	-3095.18	0.746927	-0.664906
-1041.18	-3091.52	0.750714	-0.660628
-1044.4	-3087.84	0.754613	-0.65617
-1047.6	-3084.15	0.75862	-0.651533
-1050.77	-3080.44	0.762737	-0.646709
-1053.92	-3076.71	0.766959	-0.641696
-1057.04	-3072.96	0.771283	-0.636492
-1060.44	-3068.81	0.776143	-0.630557
-1063.5	-3065.02	0.780663	-0.624952
-1066.23	-3061.59	0.78484	-0.619699
-1069.24	-3057.76	0.789588	-0.613638
-1072.51	-3053.52	0.79489	-0.606754
-1075.44	-3049.64	0.799767	-0.60031
-1078.35	-3045.75	0.804704	-0.593676
-1081.22	-3041.83	0.809675	-0.586879
-1084.06	-3037.88	0.814634	-0.579976
-1086.86	-3033.92	0.819545	-0.573015
-1089.63	-3029.93	0.824394	-0.566017
-1092.36	-3025.92	0.829181	-0.558981
-1095.06	-3021.89	0.833908	-0.551904
-1097.72	-3017.84	0.838598	-0.544751
-1100.35	-3013.77	0.843273	-0.537486
-1102.94	-3009.67	0.847933	-0.530104
-1105.49	-3005.56	0.852557	-0.522635
-1108	-3001.43	0.857125	-0.515108
-1110.48	-2997.27	0.861648	-0.507506
-1112.92	-2993.1	0.866149	-0.499786
-1115.32	-2988.9	0.87063	-0.491938
-1117.68	-2984.69	0.875078	-0.483982
-1120	-2980.46	0.879491	-0.475916
-1122.28	-2976.21	0.883877	-0.46772
-1124.52	-2971.93	0.888225	-0.459408
-1126.72	-2967.64	0.89252	-0.451008
-1128.88	-2963.33	0.896746	-0.442545
-1130.99	-2959.01	0.90089	-0.434048
-1133.06	-2954.66	0.904951	-0.425516
-1135.1	-2950.3	0.908912	-0.416989
-1137.08	-2945.92	0.912732	-0.408559
-1139.03	-2941.52	0.91638	-0.40031
-1140.94	-2937.11	0.919833	-0.392309
-1142.81	-2932.69	0.923091	-0.384582
-1144.64	-2928.25	0.926178	-0.377086
-1146.44	-2923.8	0.92911	-0.369803
-1148.2	-2919.33	0.93189	-0.362741
-1149.93	-2914.85	0.934531	-0.355881
-1151.62	-2910.37	0.937055	-0.349183
-1153.28	-2905.87	0.939463	-0.342651
-1154.92	-2901.36	0.941708	-0.336431
-1156.52	-2896.84	0.943806	-0.3305
-1158.09	-2892.32	0.945859	-0.324577
-1159.63	-2887.79	0.947936	-0.31846
-1161.14	-2883.25	0.950059	-0.312071
-1162.62	-2878.7	0.95222	-0.305413
-1164.07	-2874.14	0.954396	-0.298544
-1165.48	-2869.58	0.956562	-0.291527
-1166.86	-2865	0.958708	-0.284394
-1168.21	-2860.42	0.960824	-0.277159
-1169.51	-2855.83	0.962898	-0.269866
-1170.79	-2851.24	0.964918	-0.26255
-1172.03	-2846.63	0.966882	-0.255224
-1173.23	-2842.02	0.968789	-0.247886
-1174.39	-2837.4	0.970637	-0.24055
-1175.53	-2832.78	0.972406	-0.233295
-1176.62	-2828.15	0.974069	-0.226252
-1177.69	-2823.51	0.975605	-0.219531
-1178.72	-2818.87	0.976984	-0.213315
-1179.72	-2814.22	0.978169	-0.20781
-1180.7	-2809.57	0.979156	-0.20311
-1181.65	-2804.92	0.979956	-0.199212
-1182.59	-2800.27	0.980588	-0.196077
-1183.52	-2795.62	0.981077	-0.193615
-1184.43	-2790.97	0.981478	-0.191575
-1185.34	-2786.31	0.981844	-0.189688
-1186.23	-2781.66	0.982201	-0.187831
-1187.12	-2777.01	0.982555	-0.185974
-1187.99	-2772.36	0.982904	-0.184118
-1188.86	-2767.71	0.98325	-0.182262
-1189.72	-2763.06	0.983592	-0.180406
-1190.57	-2758.41	0.983931	-0.178551
-1191.41	-2753.76	0.984272	-0.176657
-1192.24	-2749.11	0.98464	-0.174599
-1193.06	-2744.46	0.985049	-0.172272
-1193.87	-2739.81	0.9855	-0.169677
-1194.66	-2735.17	0.985983	-0.166844
-1195.44	-2730.52	0.986494	-0.163795
-1196.21	-2725.87	0.987033	-0.160519
-1196.96	-2721.22	0.987602	-0.156982
-1197.69	-2716.57	0.988199	-0.153172
-1198.4	-2711.92	0.98882	-0.149114
-1199.1	-2707.27	0.989458	-0.144822
-1199.77	-2702.62	0.99011	-0.140295
-1200.42	-2697.97	0.990768	-0.135569
-1201.05	-2693.31	0.991422	-0.130701
-1201.65	-2688.66	0.992063	-0.125741
-1202.23	-2684	0.99269	-0.120696
-1202.79	-2679.35	0.9933	-0.115564
-1203.32	-2674.69	0.993891	-0.11037
-1203.83	-2670.03	0.994464	-0.105078
-1204.31	-2665.37	0.99502	-0.0996724
-1204.77	-2660.71	0.995553	-0.0942061
-1205.2	-2656.06	0.996057	-0.0887119
-1205.6	-2651.4	0.99653	-0.0832345
-1205.98	-2646.74	0.996959	-0.077934
-1206.33	-2642.08	0.997337	-0.0729357
-1206.67	-2637.42	0.997676	-0.068131
-1206.98	-2632.77	0.99799	-0.063367
-1207.26	-2628.11	0.998283	-0.0585811
-1207.53	-2623.45	0.998557	-0.0536946
-1207.77	-2618.8	0.998816	-0.0486516
-1207.98	-2614.14	0.999053	-0.0435016
-1208.18	-2609.49	0.999265	-0.0383238
-1208.35	-2604.84	0.999449	-0.0331774
-1208.49	-2600.19	0.999603	-0.0281759
-1208.61	-2595.54	0.999726	-0.0234244
-1208.71	-2590.89	0.999821	-0.0189459
-1208.79	-2586.25	0.999892	-0.014691
-1208.85	-2581.61	0.999945	-0.010535
-1208.89	-2576.97	0.99998	-0.0063647
-1208.92	-2572.33	0.999998	-0.00211807
-1208.92	-2567.69	0.999998	0.00218353
-1208.9	-2563.05	0.999979	0.00646141
-1208.86	-2558.42	0.999945	0.0105226
-1208.81	-2553.79	0.999901	0.0140733
-1208.74	-2549.16	0.999857	0.0169392
-1208.65	-2544.54	0.999818	0.0190869
-1208.56	-2539.92	0.999788	0.0205907
-1208.46	-2535.29	0.999767	0.0215884
-1208.36	-2530.68	0.999752	0.0222661
-1208.26	-2526.06	0.999739	0.022831
-1208.15	-2521.45	0.999727	0.0233842
-1208.04	-2516.83	0.999715	0.0238867
-1207.93	-2512.22	0.999706	0.0242313
-1207.82	-2507.62	0.999703	0.0243564
-1207.71	-2503.01	0.999703	0.0243645
-1207.6	-2498.41	0.999703	0.0243775
-1207.48	-2493.81	0.999703	0.0243626
-1207.37	-2489.21	0.999703	0.0243881
-1207.26	-2484.61	0.999699	0.0245468
-1207.15	-2480.02	0.999698	0.0245659
-1207.04	-2475.43	0.999708	0.0241737
-1206.93	-2470.84	0.999723	0.0235196
-1206.82	-2466.25	0.99974	0.0228093
-1206.72	-2461.66	0.999757	0.0220332
-1206.62	-2457.08	0.999776	0.0211462
-1206.52	-2452.5	0.999796	0.0202121
-1206.43	-2447.92	0.999812	0.0193759
-1206.34	-2443.34	0.999824	0.0187401
-1206.26	-2438.77	0.999833	0.0182657
-1206.17	-2434.19	0.999841	0.0178276
-1206.09	-2429.62	0.999849	0.0173583
-1206.02	-2425.05	0.999858	0.0168583
-1205.94	-2420.48	0.999866	0.0163525
-1205.87	-2415.91	0.999874	0.0158466
-1205.79	-2411.34	0.999882	0.0153406
-1205.73	-2406.77	0.99989	0.0148344
-1205.66	-2402.2	0.999897	0.0143281
-1205.59	-2397.63	0.999904	0.0138706
-1205.53	-2393.05	0.999909	0.0135213
-1205.47	-2388.48	0.999913	0.0132241
-1205.41	-2383.9	0.999916	0.0129267
-1205.35	-2379.32	0.99992	0.0126293
-1205.29	-2374.74	0.999924	0.0123319
-1205.24	-2370.16	0.999928	0.0120343
-1205.18	-2365.58	0.999931	0.0117367
-1205.13	-2361	0.999935	0.0114389
-1205.08	-2356.42	0.999938	0.0111411
-1205.03	-2351.83	0.999941	0.0108431
-1204.98	-2347.25	0.999944	0.0105449
-1204.93	-2342.66	0.999948	0.0102465
-1204.88	-2338.06	0.999951	0.00994786
-1204.84	-2333.47	0.999953	0.00964899
-1204.79	-2328.87	0.999956	0.0093498
-1204.75	-2324.26	0.999959	0.00905032
-1204.71	-2319.19	0.999962	0.00872049
-1204.67	-2314.58	0.999965	0.00842028
-1204.63	-2309.96	0.999967	0.00811977
-1204.6	-2305.8	0.999969	0.00784902
-1204.56	-2301.18	0.999972	0.00754785
-1204.53	-2296.55	0.999974	0.00724638
-1204.49	-2291.91	0.999976	0.00694457
-1204.46	-2287.27	0.999978	0.0066424
-1204.43	-2282.63	0.99998	0.00633993
-1204.4	-2277.98	0.999982	0.00603713
-1204.37	-2273.33	0.999984	0.00573397
-1204.35	-2268.68	0.999985	0.00541733
-1204.32	-2264.02	0.999987	0.00506739
-1204.3	-2259.35	0.999989	0.00469201
-1204.28	-2254.69	0.999991	0.00430833
-1204.26	-2250.01	0.999992	0.00392427
-1204.24	-2245.34	0.999994	0.0035398
-1204.23	-2240.66	0.999995	0.0031549
-1204.21	-2235.97	0.999996	0.00276562
-1204.2	-2231.28	0.999997	0.00236996
-1204.19	-2226.59	0.999998	0.00197389
-1204.18	-2221.42	0.999999	0.00153771
-1204.17	-2216.72	0.999999	0.00114076
-1204.17	-2212.02	1	0.000743343
-1204.17	-2207.31	1	0.000345508
-1204.17	-2202.59	1	-5.27462e-05
-1204.17	-2197.87	1	-0.000451458
-1204.17	-2193.15	1	-0.00085059
-1204.17	-2188.42	0.999999	-0.00125014
-1204.18	-2183.69	0.999999	-0.00165015
-1204.19	-2178.96	0.999998	-0.00205062
-1204.2	-2174.21	0.999997	-0.00245158
-1204.21	-2169.47	0.999996	-0.00285307
-1204.23	-2164.72	0.999995	-0.00325514
-1204.24	-2159.96	0.999993	-0.00365778
-1204.26	-2155.2	0.999992	-0.00406095
-1204.28	-2150.43	0.99999	-0.00446466
-1204.3	-2145.66	0.999988	-0.0048689
-1204.33	-2140.88	0.999986	-0.00527371
-1204.35	-2136.09	0.999984	-0.00567909
-1204.38	-2131.3	0.999982	-0.00606116
-1204.41	-2126.51	0.99998	-0.00639773
-1204.44	-2121.71	0.999978	-0.00670065
-1204.48	-2116.9	0.999976	-0.0069613
-1204.51	-2112.09	0.999974	-0.00717446
-1204.54	-2107.27	0.999973	-0.00737083
-1204.58	-2102.44	0.999971	-0.00756755
-1204.62	-2097.61	0.99997	-0.00774741
-1204.65	-2092.76	0.99997	-0.00779776
-1204.69	-2087.92	0.999971	-0.00762839
-1204.73	-2083.06	0.999973	-0.00728047
-1204.76	-2078.19	0.999977	-0.00680703
-1204.8	-2073.32	0.99998	-0.0062546
-1204.82	-2068.44	0.999984	-0.00567684
-1204.85	-2063.56	0.999987	-0.00506157
-1204.87	-2058.67	0.99999	-0.00436723
-1204.89	-2053.78	0.999993	-0.00362349
-1204.91	-2048.88	0.999996	-0.00287215
-1204.92	-2043.98	0.999998	-0.00215163
-1204.93	-2039.08	0.999999	-0.00149684
-1204.94	-2034.17	1	-0.000913113
-1204.94	-2029.26	1	-0.000395382
-1204.94	-2024.34	1	8.61088e-05
-1204.94	-2019.41	1	0.000561191
-1204.94	-2014.49	0.999999	0.0010069
-1204.93	-2009.55	0.999999	0.00139852
-1204.93	-2004.61	0.999999	0.00172353
-1204.92	-1999.67	0.999998	0.00197644
-1204.91	-1994.72	0.999998	0.00222974
-1204.89	-1989.76	0.999997	0.00259873
-1204.88	-1984.8	0.999995	0.00316369
-1204.86	-1979.83	0.999992	0.00389485
-1204.84	-1974.85	0.999989	0.00467151
-1204.82	-1969.87	0.999985	0.0054011
-1204.79	-1964.89	0.999981	0.00608709
-1204.76	-1959.9	0.999977	0.00676685
-1204.72	-1954.9	0.999972	0.00744757
-1204.68	-1949.9	0.999967	0.00811848
-1204.64	-1944.89	0.999962	0.00872922
-1204.6	-1939.87	0.999957	0.00927249
-1204.55	-1934.85	0.999952	0.00979851
-1204.5	-1929.83	0.999947	0.0103253
-1204.45	-1924.79	0.999941	0.0108527
-1204.39	-1919.76	0.999935	0.011381
-1204.33	-1914.71	0.999929	0.0119099
-1204.27	-1909.66	0.999923	0.0124396
-1204.21	-1904.61	0.999916	0.01297
-1204.14	-1899.55	0.999909	0.0135011
-1204.07	-1894.48	0.999902	0.014033
-1204	-1889.41	0.999894	0.0145657
-1203.92	-1884.33	0.999886	0.015099
-1203.85	-1879.25	0.999878	0.0156331
-1203.76	-1874.16	0.999869	0.0161679
-1203.68	-1869.06	0.99986	0.0167035
-1203.59	-1863.96	0.999851	0.0172397
-1203.51	-1858.85	0.999842	0.0177767
-1203.41	-1853.74	0.999832	0.0183145
-1203.32	-1848.62	0.999822	0.018853
-1203.22	-1843.5	0.999813	0.0193589
-1203.12	-1838.37	0.999804	0.0198064
-1203.02	-1833.23	0.999795	0.0202231
-1202.91	-1828.09	0.999787	0.0206347
-1202.81	-1822.94	0.999778	0.0210469
-1202.7	-1817.79	0.99977	0.0214597
-1202.59	-1812.63	0.999761	0.021873
-1202.47	-1807.47	0.999752	0.0222812
-1202.36	-1802.3	0.999744	0.0226134
-1202.24	-1797.13	0.999742	0.0227268
-1202.12	-1791.95	0.999746	0.0225499
-1202	-1786.76	0.999754	0.0221667
-1201.89	-1781.57	0.999764	0.0217193
-1201.78	-1776.37	0.999775	0.0212263
-1201.67	-1771.17	0.999787	0.020616
-1201.56	-1765.96	0.999802	0.019875
-1201.46	-1760.75	0.999819	0.0190482
-1201.36	-1755.53	0.999836	0.0181353
-1201.27	-1750.31	0.999853	0.0171363
-1201.18	-1745.08	0.999869	0.0161948
-1201.1	-1739.85	0.99988	0.0155136
-1201.02	-1734.61	0.999885	0.0151788
-1200.94	-1729.36	0.999886	0.0150791
-1200.86	-1724.11	0.999887	0.0150305
-1200.78	-1718.85	0.99989	0.0148638
-1200.7	-1713.59	0.999895	0.0144604
-1200.63	-1708.32	0.999904	0.0138789
-1200.56	-1703.05	0.999913	0.0132049
-1200.49	-1697.77	0.999923	0.0124367
-1200.43	-1692.49	0.999934	0.0115291
-1200.37	-1687.2	0.999945	0.0104842
-1200.31	-1681.91	0.999957	0.00930362
-1200.27	-1676.61	0.999967	0.00807541
-1200.23	-1671.3	0.999977	0.00684566
-1200.19	-1665.99	0.999984	0.00559277
-1200.17	-1660.68	0.999991	0.00434305
-1200.15	-1655.36	0.999995	0.00319549
-1200.13	-1650.03	0.999998	0.00211857
-1200.12	-1644.7	1	0.000986141
-1200.12	-1639.37	1	-0.000314427
-1200.13	-1633.49	0.999998	-0.0018605
-1200.14	-1628.68	0.999996	-0.0029928
-1200.15	-1623.33	0.999992	-0.00408134
-1200.18	-1617.98	0.999987	-0.00513841
-1200.21	-1612.61	0.999981	-0.0061967
-1200.25	-1606.71	0.999973	-0.00730943
-1200.29	-1601.34	0.999967	-0.00817659
-1200.33	-1595.97	0.99996	-0.00894302
-1200.38	-1590.58	0.999951	-0.00987307
-1200.44	-1585.2	0.999938	-0.0111632
-1200.5	-1579.81	0.999921	-0.012602
-1200.57	-1574.41	0.999904	-0.0138379
-1200.65	-1569.01	0.99989	-0.0148389
-1200.73	-1563.6	0.999875	-0.01578
-1200.82	-1558.19	0.99986	-0.0167616
-1200.91	-1552.78	0.999842	-0.0177996
-1201.01	-1547.36	0.999821	-0.0189278
-1201.12	-1541.93	0.999795	-0.0202414
-1201.23	-1536.5	0.999766	-0.0216396
-1201.35	-1531.07	0.999738	-0.0228747
-1201.48	-1525.63	0.999716	-0.0238291
-1201.61	-1520.18	0.999698	-0.0245659
-1201.75	-1514.73	0.999682	-0.0252278
-1201.88	-1509.28	0.999666	-0.0258287
-1202.03	-1503.82	0.999654	-0.0263065
-1202.17	-1498.35	0.999646	-0.0266111
-1202.32	-1492.88	0.999645	-0.0266555
-1202.46	-1487.41	0.999652	-0.0263914
-1202.61	-1481.93	0.999663	-0.0259552
-1202.75	-1476.46	0.999675	-0.0254991
-1202.89	-1470.99	0.999686	-0.0250433
-1203.02	-1465.52	0.999698	-0.0245877
-1203.16	-1460.06	0.999709	-0.0241323
-1203.29	-1454.6	0.99972	-0.0236772
-1203.42	-1449.13	0.99973	-0.0232222
-1203.54	-1443.68	0.99974	-0.0227934
-1203.66	-1438.22	0.999747	-0.0224744
-1203.79	-1432.76	0.999751	-0.022301
-1203.91	-1427.31	0.999754	-0.0221954
-1204.03	-1421.86	0.999756	-0.0220959
-1204.15	-1416.41	0.999759	-0.0219626
-1204.27	-1410.97	0.999763	-0.0217478
-1204.39	-1405.52	0.999769	-0.0214854
-1204.5	-1400.08	0.999775	-0.0212152
-1204.62	-1394.64	0.999782	-0.0208617
-1204.73	-1389.2	0.999794	-0.0203179
-1204.84	-1383.77	0.999808	-0.0195977
-1204.94	-1378.33	0.999823	-0.0188026
-1205.04	-1372.9	0.999837	-0.0180414
-1205.14	-1367.47	0.999848	-0.0174174
-1205.23	-1362.05	0.999857	-0.0169105
-1205.32	-1356.62	0.999865	-0.0164315
-1205.41	-1351.2	0.999873	-0.0159528
-1205.5	-1345.78	0.99988	-0.0154743
-1205.58	-1340.36	0.999888	-0.014996
-1205.66	-1334.94	0.999895	-0.014518
-1205.74	-1329.53	0.999901	-0.0140402
-1205.81	-1324.12	0.999908	-0.0135626
-1205.89	-1318.71	0.999914	-0.0130852
-1205.96	-1313.3	0.99992	-0.012614
-1206.02	-1307.89	0.999926	-0.0121963
-1206.09	-1302.49	0.999929	-0.011887
-1206.15	-1297.09	0.999932	-0.0116803
-1206.21	-1291.69	0.999934	-0.0115288
-1206.28	-1286.29	0.999935	-0.0113971
-1206.34	-1280.9	0.999936	-0.0113067
-1206.4	-1275.5	0.999936	-0.0112973
-1206.46	-1270.11	0.999936	-0.0113474
-1206.52	-1264.72	0.999935	-0.0114111
-1206.58	-1259.34	0.999934	-0.0114749
-1206.64	-1253.95	0.999934	-0.0115171
-1206.71	-1248.57	0.999934	-0.0114863
-1206.77	-1243.19	0.999936	-0.011357
-1206.83	-1237.82	0.999938	-0.0111592
-1206.89	-1232.44	0.99994	-0.0109342
-1206.95	-1227.07	0.999943	-0.0107034
-1207	-1221.7	0.999945	-0.0104453
-1207.06	-1216.33	0.999948	-0.01016
-1207.11	-1210.96	0.999951	-0.00987479
-1207.17	-1205.6	0.999954	-0.00958977
-1207.22	-1200.23	0.999957	-0.00931074
-1207.27	-1194.87	0.999959	-0.00903769
-1207.31	-1189.52	0.999962	-0.0087648
-1207.36	-1184.16	0.999964	-0.00849206
-1207.4	-1178.81	0.999966	-0.00821943
-1207.45	-1173.46	0.999968	-0.00796832
-1207.49	-1168.11	0.99997	-0.00775238
-1207.53	-1162.76	0.999971	-0.00756378
-1207.57	-1157.41	0.999973	-0.00738888
-1207.61	-1152.07	0.999974	-0.00721406
-1207.65	-1146.73	0.999975	-0.00703931
-1207.69	-1141.39	0.999976	-0.00686464
-1207.72	-1136.06	0.999978	-0.0066823
-1207.76	-1130.72	0.999979	-0.00646518
-1207.79	-1125.39	0.999981	-0.00617454
-1207.82	-1120.06	0.999983	-0.00579109
-1207.85	-1114.73	0.999986	-0.00532071
-1207.88	-1109.41	0.999988	-0.00479639
-1207.9	-1104.09	0.999991	-0.00425879
-1207.93	-1098.76	0.999993	-0.00372145
-1207.94	-1093.45	0.999995	-0.00317859
-1207.96	-1088.13	0.999997	-0.00258964
-1207.97	-1082.81	0.999998	-0.00190837
-1207.98	-1077.5	0.999999	-0.00116184
-1207.99	-1072.19	1	-0.000402142
-1207.99	-1066.88	1	0.000357174
-1207.98	-1061.58	0.999999	0.00115074
-1207.97	-1056.27	0.999998	0.00206326
-1207.96	-1050.97	0.999995	0.00308693
-1207.94	-1045.67	0.999992	0.00407165
-1207.92	-1040.38	0.999988	0.00483099
-1207.89	-1035.08	0.999986	0.00531133
-1207.86	-1029.79	0.999984	0.00560514
-1207.83	-1024.5	0.999983	0.00575868
-1207.8	-1019.21	0.999983	0.00576203
-1207.77	-1013.92	0.999984	0.00566713
-1207.74	-1008.64	0.999985	0.0055512
-1207.71	-1003.36	0.999985	0.00543531
-1207.69	-998.079	0.999986	0.00531946
-1207.66	-992.802	0.999986	0.00520368
-1207.63	-987.527	0.999987	0.00508799
-1207.6	-982.254	0.999988	0.00499338
-1207.58	-976.983	0.999988	0.00493323
-1207.55	-971.714	0.999988	0.00488646
-1207.53	-966.448	0.999988	0.00483969
-1207.5	-961.183	0.999989	0.00479292
-1207.48	-955.921	0.999989	0.00474619
-1207.45	-950.661	0.999989	0.0046995
-1207.43	-945.403	0.999989	0.00465281
-1207.4	-940.147	0.999989	0.00460615
-1207.38	-934.893	0.99999	0.00455954
-1207.35	-929.642	0.99999	0.00450685
-1207.33	-924.393	0.99999	0.00442378
-1207.31	-919.145	0.999991	0.00426779
-1207.29	-913.901	0.999992	0.00401842
-1207.27	-908.658	0.999993	0.0037107
-1207.25	-902.893	0.999994	0.00334158
-1207.23	-898.179	0.999995	0.00301609
-1207.22	-892.943	0.999997	0.00263987
-1207.2	-887.709	0.999997	0.00226383
-1207.19	-882.477	0.999998	0.001888
-1207.18	-877.247	0.999999	0.00151234
-1207.17	-872.019	0.999999	0.00113688
-1207.17	-866.794	1	0.000761577
-1207.17	-861.571	1	0.000386455
-1207.17	-856.35	1	1.15315e-05
-1207.17	-851.131	1	-0.000363209
-1207.17	-845.915	1	-0.000737751
-1207.17	-840.7	0.999999	-0.00111211
-1207.18	-835.488	0.999999	-0.00148627
-1207.19	-830.278	0.999998	-0.00186025
-1207.2	-825.07	0.999998	-0.00223403
-1207.21	-819.864	0.999997	-0.00260762
-1207.23	-814.661	0.999996	-0.00298102
-1207.24	-809.459	0.999994	-0.00333317
-1207.26	-804.26	0.999993	-0.00366407
-1207.28	-799.063	0.999992	-0.00403613
-1207.3	-793.868	0.99999	-0.00447181
-1207.33	-788.676	0.999988	-0.00494557
-1207.35	-783.485	0.999985	-0.00541459
-1207.38	-778.297	0.999983	-0.00589159
-1207.41	-773.111	0.99998	-0.00639083
-1207.45	-767.927	0.999976	-0.00688981
-1207.48	-762.746	0.999973	-0.00738852
-1207.52	-757.566	0.999969	-0.00788699
-1207.56	-752.389	0.999965	-0.00838521
-1207.61	-747.214	0.999961	-0.00888314
-1207.66	-742.041	0.999956	-0.00938085
-1207.71	-736.871	0.999951	-0.00987384
-1207.76	-731.186	0.999946	-0.0103879
-1207.81	-726.536	0.999942	-0.0107584
-1207.87	-721.372	0.999938	-0.0111223
-1207.93	-716.211	0.999934	-0.0114772
-1207.99	-710.535	0.99993	-0.0118673
-1208.05	-705.378	0.999925	-0.0122218
-1208.12	-700.223	0.999921	-0.0125761
-1208.18	-695.07	0.999916	-0.0129301
-1208.25	-689.919	0.999912	-0.0132841
-1208.32	-684.771	0.999907	-0.0136379
-1208.39	-679.624	0.999902	-0.0139914
-1208.46	-674.479	0.999897	-0.0143449
-1208.54	-669.337	0.999892	-0.0146981
-1208.61	-664.197	0.999887	-0.0150512
-1208.69	-659.059	0.999881	-0.015404
-1208.77	-653.923	0.999876	-0.0157567
-1208.85	-648.79	0.99987	-0.0161092
-1208.94	-643.659	0.999865	-0.0164615
-1209.02	-638.529	0.999859	-0.0168136
-1209.11	-633.403	0.999853	-0.0171656
-1209.2	-628.278	0.999847	-0.0175173
-1209.29	-623.156	0.99984	-0.0178634
-1209.38	-618.035	0.999836	-0.0181133
-1209.47	-612.917	0.999834	-0.018223
-1209.57	-607.801	0.999833	-0.0182829
-1209.66	-602.688	0.999832	-0.0183428
-1209.76	-597.576	0.999831	-0.0183823
-1209.85	-592.467	0.99983	-0.0184145
-1209.94	-587.36	0.99983	-0.0184595
-1210.04	-582.255	0.999829	-0.0184991
-1210.13	-577.152	0.999828	-0.0185202
-1210.23	-572.052	0.999828	-0.0185284
-1210.32	-566.953	0.999828	-0.0185367
-1210.42	-561.857	0.999828	-0.0185449
-1210.51	-556.763	0.999828	-0.0185531
-1210.6	-551.671	0.999828	-0.0185614
-1210.7	-546.582	0.999828	-0.0185696
-1210.79	-541.494	0.999827	-0.0185779
-1210.89	-536.409	0.999827	-0.0185861
-1210.98	-531.326	0.999827	-0.0185943
-1211.08	-526.245	0.999828	-0.0185528
-1211.17	-521.166	0.999831	-0.018361
-1211.26	-516.09	0.999838	-0.0179868
-1211.35	-511.015	0.999847	-0.0174997
-1211.44	-505.943	0.999856	-0.0169817
-1211.53	-500.873	0.999864	-0.0164641
-1211.61	-495.805	0.999873	-0.0159085
-1211.69	-490.739	0.999884	-0.0152402
-1211.76	-485.675	0.999895	-0.014485
-1211.84	-480.613	0.999906	-0.0137173
-1211.9	-475.554	0.999916	-0.0129501
-1211.97	-470.496	0.999926	-0.0121832
-1212.03	-465.441	0.999935	-0.0113914
-1212.08	-460.388	0.999944	-0.0105364
-1212.13	-455.337	0.999954	-0.00963106
-1212.18	-450.288	0.999962	-0.00871347
-1212.22	-445.241	0.999969	-0.0078344
-1212.26	-440.197	0.999975	-0.00708076
-1212.3	-435.154	0.999979	-0.00649048
-1212.33	-430.114	0.999982	-0.00605073
-1212.36	-425.076	0.999984	-0.0057107
-1212.39	-420.04	0.999985	-0.00539614
-1212.41	-415.006	0.999987	-0.00508174
-1212.44	-409.975	0.999989	-0.00476749
-1212.46	-404.945	0.99999	-0.00445339
-1212.48	-399.916	0.999991	-0.0041394
-1212.5	-394.889	0.999993	-0.00382546
-1212.52	-389.861	0.999994	-0.00351155
-1212.54	-384.834	0.999995	-0.00319764
-1212.55	-379.807	0.999996	-0.00288369
-1212.57	-374.779	0.999997	-0.00256974
-1212.58	-369.751	0.999997	-0.00225575
-1212.59	-364.722	0.999998	-0.00194173
-1212.6	-359.694	0.999999	-0.0016277
-1212.61	-354.665	0.999999	-0.00126497
-1212.61	-349.636	1	-0.000828221
-1212.62	-344.607	1	-0.000366185
-1212.62	-339.578	1	9.58516e-05
-1212.62	-334.549	1	0.000557926
-1212.61	-329.519	0.999999	0.00102004
-1212.61	-324.49	0.999999	0.00148215
-1212.6	-319.46	0.999998	0.00194426
-1212.59	-314.43	0.999997	0.00240641
-1212.57	-309.4	0.999996	0.0028686
-1212.56	-304.369	0.999994	0.00333082
-1212.54	-299.337	0.999993	0.0037932
-1212.52	-294.304	0.999991	0.00425577
-1212.5	-289.269	0.999989	0.00471848
-1212.47	-284.233	0.999987	0.00518135
-1212.45	-279.195	0.999984	0.00564441
-1212.42	-274.155	0.999981	0.00610766
-1212.39	-269.115	0.999978	0.00657106
-1212.35	-264.072	0.999975	0.00703461
-1212.31	-259.028	0.999972	0.00749832
-1212.28	-253.983	0.999968	0.00796221
-1212.23	-248.936	0.999964	0.00842629
-1212.19	-243.888	0.99996	0.00889052
-1212.15	-238.838	0.999956	0.0093549
-1212.1	-233.786	0.999952	0.00981943
-1212.05	-228.733	0.999947	0.0102841
-1211.99	-223.679	0.999942	0.0107489
-1211.94	-218.624	0.999937	0.0112139
-1211.88	-213.567	0.999932	0.0116791
-1211.82	-208.509	0.999926	0.0121444
-1211.76	-203.45	0.999921	0.0125789
-1211.69	-198.389	0.999916	0.0129445
-1211.63	-193.327	0.999913	0.0132228
-1211.56	-188.263	0.99991	0.0134393
-1211.49	-183.199	0.999907	0.0136432
-1211.42	-178.133	0.999904	0.0138472
-1211.35	-173.065	0.999901	0.0140512
-1211.28	-167.997	0.999898	0.0142608
-1211.21	-162.927	0.999895	0.0144959
-1211.13	-157.855	0.999891	0.0147566
-1211.06	-152.783	0.999887	0.0150229
-1210.98	-147.709	0.999883	0.0152893
-1210.9	-142.634	0.999879	0.0155557
-1210.82	-137.557	0.999875	0.0158222
-1210.74	-132.48	0.999871	0.0160834
-1210.66	-127.4	0.999867	0.016319
-1210.58	-122.32	0.999864	0.0165054
-1210.49	-117.239	0.999862	0.0166224
-1210.41	-112.156	0.99986	0.0167138
-1210.32	-107.072	0.999859	0.0168053
-1210.24	-101.986	0.999857	0.0168967
-1210.14	-96.3904	0.999856	0.0169974
-1210.06	-91.3021	0.999854	0.0170889
-1209.98	-86.7213	0.999853	0.0171713
-1209.88	-81.1212	0.999851	0.0172721
-1209.79	-76.0287	0.999849	0.0173637
-1209.7	-70.9347	0.999848	0.0174554
-1209.62	-65.8392	0.999846	0.0175471
-1209.53	-60.7416	0.999844	0.0176388
-1209.44	-55.6401	0.999843	0.0177306
-1209.34	-50.5331	0.999841	0.0178226
-1209.25	-45.4198	0.99984	0.0179147
-1209.16	-40.3	0.999838	0.0180069
-1209.07	-35.1735	0.999837	0.018079
-1208.98	-30.0405	0.999836	0.0181007
-1208.88	-24.9009	0.999836	0.0180868
-1208.79	-19.7547	0.999837	0.0180673
-1208.7	-14.602	0.999837	0.0180478
-1208.6	-9.44261	0.999837	0.0180282
-1208.51	-4.27661	0.999838	0.0180086
-1208.42	0.896161	0.999838	0.017989
-1208.32	6.07587	0.999839	0.0179694
-1208.23	11.2631	0.999839	0.0179497
-1208.14	16.4583	0.999839	0.01793
-1208.04	21.6616	0.99984	0.0178895
-1207.95	26.8731	0.999842	0.0177641
-1207.86	32.0928	0.999847	0.0174892
-1207.77	37.3209	0.999855	0.0170245
-1207.68	42.5573	0.999866	0.0163751
-1207.6	47.8022	0.999879	0.0155857
-1207.52	53.0554	0.999892	0.0146767
-1207.44	58.3171	0.999907	0.0136535
-1207.37	63.5872	0.999921	0.0125557
-1207.31	68.8656	0.999935	0.0114309
-1207.25	74.1525	0.999947	0.0102981
-1207.2	79.4478	0.999958	0.00915552
-1207.15	84.7514	0.999968	0.00800302
-1207.11	90.0634	0.999977	0.00684831
-1207.08	95.3838	0.999984	0.00567783
-1207.05	100.713	0.99999	0.00443921
-1207.03	106.05	0.999995	0.00313227
-1207.01	111.395	0.999998	0.00182284
-1207.01	116.749	1	0.000524547
-1207.01	122.111	1	-0.000784008
-1207.01	127.482	0.999998	-0.00206178
-1207.03	132.861	0.999995	-0.00325383
-1207.05	138.248	0.99999	-0.00443447
-1207.08	143.643	0.999983	-0.00574518
-1207.11	149.047	0.999974	-0.0072021
-1207.15	154.459	0.999962	-0.00871107
-1207.2	159.879	0.999948	-0.0102229
-1207.26	165.308	0.999932	-0.0116958
-1207.33	170.744	0.999915	-0.0130127
-1207.4	176.189	0.999899	-0.0142148
-1207.48	181.643	0.999881	-0.0154191
-1207.57	187.104	0.999862	-0.0166256
-1207.66	192.573	0.999841	-0.0178282
-1207.76	198.049	0.99982	-0.0189987
-1207.87	203.534	0.999797	-0.0201292
-1207.98	209.028	0.999774	-0.0212481
-1208.1	214.532	0.99975	-0.0223694
-1208.23	220.045	0.999724	-0.0234931
-1208.36	225.569	0.999697	-0.0246196
-1208.5	231.103	0.999669	-0.0257344
-1208.64	236.648	0.999641	-0.0268091
-1208.79	242.203	0.999613	-0.0278088
-1208.95	247.763	0.999588	-0.0287053
-1209.11	253.32	0.999564	-0.0295238
-1209.28	258.875	0.99954	-0.0303194
-1209.45	264.428	0.999517	-0.0310862
-1209.62	269.978	0.999495	-0.0317691
-1209.8	275.527	0.999476	-0.0323683
-1209.98	281.072	0.999457	-0.0329387
-1210.17	286.616	0.999438	-0.0335089
-1210.35	292.157	0.999419	-0.0340787
-1210.54	297.696	0.9994	-0.0346482
-1210.74	303.233	0.99938	-0.0352175
-1210.93	308.767	0.99936	-0.0357723
-1211.13	314.3	0.999343	-0.0362558
-1211.33	319.829	0.99933	-0.0365993
-1211.54	325.357	0.999322	-0.0368312
-1211.74	330.882	0.999314	-0.0370346
-1211.94	336.406	0.999307	-0.0372238
-1212.15	341.927	0.999303	-0.0373361
-1212.36	347.445	0.999304	-0.0372962
-1212.56	352.962	0.999314	-0.0370417
-1212.77	358.476	0.999333	-0.0365308
-1212.97	363.989	0.999359	-0.0358122
-1213.16	369.499	0.999389	-0.0349406
-1213.35	375.008	0.999423	-0.0339705
-1213.54	380.514	0.999456	-0.0329787
-1213.72	386.019	0.999488	-0.0319874
-1213.89	391.521	0.999519	-0.0309965
-1214.06	397.022	0.99955	-0.0300061
-1214.22	402.52	0.999579	-0.0290161
-1214.38	408.016	0.999607	-0.0280266
-1214.53	413.511	0.999634	-0.0270375
-1214.68	419.003	0.999661	-0.0260489
-1214.82	424.493	0.999686	-0.0250466
-1214.95	429.982	0.999711	-0.0240308
-1215.08	435.468	0.999735	-0.0230154
-1215.21	440.952	0.999758	-0.0220006
-1215.33	446.434	0.99978	-0.0209862
-1215.44	451.914	0.999801	-0.0199722
-1215.55	457.392	0.99982	-0.0189668
-1215.65	462.868	0.999837	-0.0180459
-1215.74	468.342	0.999851	-0.0172695
-1215.84	473.813	0.999862	-0.0165895
-1215.93	479.283	0.999873	-0.0159378
-1216.01	484.75	0.999883	-0.0152864
-1216.09	490.216	0.999893	-0.0146353
-1216.17	495.679	0.999902	-0.0139845
-1216.25	501.14	0.999911	-0.013334
-1216.32	506.599	0.99992	-0.0126839
-1216.39	512.056	0.999928	-0.0120341
-1216.45	517.51	0.999935	-0.0113846
-1216.51	522.963	0.999942	-0.0107354
-1216.57	528.413	0.999949	-0.0100864
-1216.62	533.862	0.999955	-0.00943785
-1216.67	539.308	0.999961	-0.00878961
-1216.72	544.752	0.999967	-0.00814167
-1216.76	550.193	0.999972	-0.00749403
-1216.8	555.633	0.999977	-0.00684669
-1216.84	561.07	0.999981	-0.00619966
-1216.87	566.506	0.999985	-0.00555296
-1216.9	571.939	0.999988	-0.00490661
-1216.92	577.37	0.999991	-0.00426056
-1216.95	582.799	0.999993	-0.00361481
-1216.96	588.225	0.999996	-0.00296937
-1216.98	593.65	0.999997	-0.00232423
-1216.99	599.072	0.999999	-0.00167939
-1217	604.492	0.999999	-0.0010349
-1217	609.91	1	-0.000390751
-1217	615.326	1	0.000253093
-1217	620.74	1	0.000896633
-1216.99	626.151	0.999999	0.00153987
-1216.98	631.56	0.999998	0.00218279
-1216.97	636.967	0.999996	0.00282538
-1216.95	642.372	0.999994	0.00346762
-1216.93	647.775	0.999992	0.00410955
-1216.91	653.175	0.999989	0.00475118
-1216.88	658.574	0.999985	0.00539249
-1216.85	663.97	0.999982	0.00603351
-1216.82	669.364	0.999978	0.00667421
-1216.78	674.755	0.999973	0.00731457
-1216.74	680.145	0.999968	0.00795458
-1216.7	685.532	0.999963	0.00859428
-1216.65	690.917	0.999957	0.00923368
-1216.6	696.3	0.999951	0.00987276
-1216.54	701.68	0.999945	0.0105115
-1216.48	707.059	0.999938	0.01115
-1216.42	712.435	0.999931	0.0117881
-1216.36	717.809	0.999923	0.0124259
-1216.29	723.181	0.999915	0.0130634
-1216.22	728.55	0.999906	0.0137005
-1216.14	733.918	0.999897	0.0143374
-1216.07	739.283	0.999888	0.0149739
-1215.98	744.646	0.999878	0.0156211
-1215.9	750.007	0.999867	0.0163108
-1215.81	755.365	0.999854	0.0170731
-1215.72	760.722	0.99984	0.0178852
-1215.62	766.076	0.999824	0.0187819
-1215.52	771.427	0.999803	0.0198307
-1215.41	776.777	0.999779	0.021012
-1215.29	782.124	0.999752	0.0222659
-1215.17	787.469	0.999723	0.0235447
-1215.04	792.812	0.999692	0.0248229
-1214.91	798.152	0.999659	0.0261004
-1214.77	803.489	0.999625	0.0273974
-1214.62	808.825	0.999586	0.0287674
-1214.46	814.158	0.999543	0.0302453
-1214.29	819.489	0.999493	0.0318401
-1214.12	824.817	0.999437	0.0335564
-1213.94	830.142	0.999375	0.0353414
-1213.75	835.465	0.999309	0.0371587
-1213.55	840.786	0.999237	0.0390576
-1213.31	846.636	0.999149	0.0412572
-1213.09	851.951	0.999061	0.0433191
-1212.85	857.263	0.998969	0.0453991
-1212.61	862.573	0.998871	0.0475106
-1212.35	867.88	0.998764	0.0496941
-1212.08	873.185	0.99865	0.0519494
-1211.8	878.486	0.998527	0.0542631
-1211.51	883.785	0.998395	0.0566349
-1211.2	889.08	0.998254	0.059059
-1210.88	894.373	0.998107	0.0615026
-1210.55	899.663	0.997953	0.0639447
-1210.21	904.95	0.997794	0.0663852
-1209.85	910.234	0.997629	0.068824
-1209.48	915.515	0.997458	0.0712613
-1209.1	920.792	0.997281	0.0736969
-1208.71	926.067	0.997098	0.0761308
-1208.3	931.338	0.996908	0.0785822
-1207.88	936.606	0.996709	0.0810643
-1207.44	941.871	0.996503	0.0835581
-1207	947.133	0.996291	0.08605
-1206.54	952.391	0.996073	0.0885402
-1206.07	957.647	0.995848	0.0910286
-1205.58	962.898	0.995619	0.0935019
-1205.08	968.146	0.995386	0.0959543
-1204.57	973.391	0.995148	0.0983916
-1204.05	978.633	0.994905	0.100819
-1203.51	983.871	0.994656	0.103245
-1202.96	989.105	0.994406	0.10563
-1202.4	994.336	0.994162	0.107895
-1201.83	999.564	0.993934	0.109976
-1201.25	1004.79	0.993724	0.11186
-1200.66	1010.01	0.993528	0.11359
-1200.06	1015.23	0.993345	0.115178
-1199.45	1020.44	0.993183	0.116562
-1198.83	1025.65	0.993047	0.117717
-1198.22	1030.86	0.992935	0.118657
-1197.59	1036.07	0.992841	0.119445
-1196.96	1041.27	0.992755	0.120155
-1196.33	1046.47	0.992674	0.120827
-1195.7	1051.67	0.992592	0.121493
-1195.06	1056.87	0.992511	0.122159
-1194.42	1062.06	0.99243	0.122811
-1193.78	1067.25	0.992351	0.12345
-1193.13	1072.44	0.992271	0.124088
-1192.48	1077.63	0.992191	0.124726
-1191.83	1082.81	0.992111	0.125364
-1191.17	1087.99	0.992027	0.126027
-1190.51	1093.17	0.991939	0.126716
-1189.85	1098.34	0.991851	0.127405
-1189.18	1103.51	0.991762	0.128094
-1188.51	1108.68	0.991673	0.128782
-1187.84	1113.85	0.991583	0.129469
-1187.17	1119.02	0.991493	0.130157
-1186.49	1124.18	0.991403	0.130843
-1185.8	1129.34	0.991312	0.13153
-1185.12	1134.49	0.991221	0.132216
-1184.43	1139.65	0.991129	0.132901
-1183.74	1144.8	0.991037	0.133586
-1183.04	1149.95	0.990945	0.134271
-1182.34	1155.09	0.990852	0.134955
-1181.64	1160.24	0.990758	0.135639
-1180.94	1165.38	0.990665	0.136323
-1180.23	1170.52	0.99057	0.137006
-1179.52	1175.65	0.990476	0.137688
-1178.8	1180.79	0.990381	0.13837
-1178.08	1185.92	0.990299	0.138956
-1177.36	1191.04	0.990257	0.139252
-1176.64	1196.17	0.990262	0.139217
-1175.92	1201.29	0.990289	0.139023
-1175.2	1206.41	0.990319	0.138812
-1174.49	1211.53	0.990348	0.1386
-1173.77	1216.65	0.990378	0.138389
-1173.06	1221.77	0.990409	0.138164
-1172.34	1226.88	0.990443	0.137922
-1171.63	1231.99	0.990478	0.137674
-1170.92	1237.1	0.990508	0.137457
-1170.21	1242.21	0.990523	0.137347
-1169.51	1247.31	0.990521	0.137363
-1168.8	1252.42	0.990517	0.137392
-1168.09	1257.52	0.99053	0.137296
-1167.38	1262.62	0.99057	0.13701
-1166.68	1267.71	0.990644	0.13647
-1165.98	1272.81	0.990757	0.135652
-1165.28	1277.9	0.990894	0.134643
-1164.6	1282.99	0.991041	0.133557
-1163.91	1288.09	0.991189	0.132458
-1163.23	1293.18	0.991335	0.13136
-1162.56	1298.26	0.991482	0.130244
-1161.9	1303.35	0.991639	0.129041
-1161.24	1308.44	0.991816	0.127673
-1160.59	1313.52	0.992016	0.126115
-1159.94	1318.6	0.992236	0.124369
-1159.31	1323.68	0.992475	0.122447
-1158.69	1328.77	0.99273	0.120361
-1158.08	1333.85	0.992997	0.118142
-1157.48	1338.93	0.993267	0.115847
-1156.89	1344.01	0.993537	0.113509
-1156.31	1349.08	0.993809	0.111101
-1155.75	1354.16	0.994085	0.108607
-1155.2	1359.24	0.99436	0.106056
-1154.67	1364.31	0.994633	0.103468
-1154.14	1369.39	0.994906	0.100805
-1153.63	1374.46	0.995184	0.0980227
-1153.14	1379.54	0.995457	0.0952097
-1152.66	1384.61	0.9957	0.0926311
-1152.19	1389.68	0.9959	0.090462
-1151.74	1394.75	0.996069	0.0885839
-1151.29	1399.82	0.996228	0.0867757
-1150.85	1404.89	0.99639	0.0848988
-1150.42	1409.95	0.996556	0.0829225
-1150.01	1415.02	0.996726	0.080852
-1149.6	1420.08	0.9969	0.0786817
-1149.21	1425.14	0.997075	0.0764252
-1148.82	1430.21	0.997247	0.0741567
-1148.45	1435.27	0.997412	0.0719017
-1148.09	1440.32	0.997564	0.0697504
-1147.74	1445.38	0.997688	0.0679562
-1147.37	1450.94	0.997789	0.0664607
-1147.07	1455.49	0.997869	0.0652485
-1146.71	1461.05	0.997979	0.0635444
-1146.39	1466.1	0.99809	0.0617831
-1146.08	1471.15	0.998208	0.0598466
-1145.78	1476.19	0.998333	0.0577114
-1145.49	1481.24	0.998467	0.055345
-1145.22	1486.28	0.99861	0.0527095
-1144.96	1491.33	0.998757	0.0498504
-1144.71	1496.37	0.998899	0.0469109
-1144.48	1501.41	0.99903	0.0440413
-1144.27	1506.45	0.999149	0.0412415
-1144.06	1511.48	0.999257	0.0385298
-1143.87	1516.52	0.999352	0.0359818
-1143.7	1521.55	0.999441	0.033417
-1143.54	1526.58	0.999532	0.0305968
-1143.39	1531.61	0.999619	0.02759
-1143.25	1536.64	0.999699	0.0245485
-1143.14	1541.67	0.999769	0.0215029
-1143.04	1546.69	0.99983	0.0184389
-1142.95	1551.71	0.999883	0.0153006
-1142.88	1556.73	0.999928	0.012027
-1142.83	1561.75	0.999963	0.00858216
-1142.79	1566.77	0.999988	0.00492307
-1142.77	1571.78	0.999999	0.00103565
-1142.78	1576.8	0.999995	-0.00304928
-1142.8	1581.81	0.999973	-0.0073422
-1142.84	1586.81	0.99993	-0.0118177
-1142.91	1591.82	0.999866	-0.0163588
-1143	1596.82	0.999782	-0.0208668
-1143.12	1601.82	0.999685	-0.0250941
-1143.25	1606.82	0.999589	-0.0286704
-1143.4	1611.82	0.999503	-0.0315338
-1143.56	1616.81	0.999428	-0.0338086
-1143.73	1621.8	0.999372	-0.0354224
-1143.91	1626.79	0.999342	-0.0362579
-1144.09	1631.77	0.999337	-0.0363978
-1144.28	1636.75	0.999345	-0.0361818
-1144.46	1641.73	0.999355	-0.0359106
-1144.63	1646.71	0.999365	-0.0356395
-1144.81	1651.69	0.999377	-0.0353009
-1144.99	1656.66	0.999396	-0.0347648
-1145.16	1661.64	0.999422	-0.0339886
-1145.32	1666.61	0.999453	-0.0330774
-1145.49	1671.57	0.999483	-0.0321418
-1145.64	1676.54	0.999513	-0.0312138
-1145.8	1681.51	0.999541	-0.0302934
-1145.95	1686.47	0.999569	-0.0293734
-1146.09	1691.43	0.999595	-0.028454
-1146.23	1696.39	0.999621	-0.0275349
-1146.36	1701.34	0.999645	-0.0266518
-1146.5	1706.3	0.999665	-0.0258843
-1146.62	1711.25	0.999682	-0.0252094
-1146.75	1716.2	0.999699	-0.0245472
-1146.87	1721.15	0.999715	-0.0238853
-1146.98	1726.09	0.99973	-0.0232238
-1147.1	1731.03	0.999745	-0.0225626
-1147.21	1735.98	0.99976	-0.0219018
-1147.31	1740.92	0.999774	-0.0212714
-1147.42	1745.85	0.999783	-0.0208124
-1147.52	1750.79	0.999785	-0.0207545
-1147.62	1755.72	0.999774	-0.0212667
-1147.73	1760.65	0.999751	-0.022302
-1147.84	1765.58	0.999719	-0.0237012
-1147.96	1770.5	0.999676	-0.0254588
-1148.09	1775.43	0.999619	-0.0276112
-1148.23	1780.35	0.999551	-0.0299557
-1148.38	1785.27	0.999484	-0.0321284
-1148.55	1790.18	0.999428	-0.0338327
-1148.71	1795.1	0.999389	-0.0349552
-1148.89	1800.01	0.999369	-0.0355209
-1149.06	1804.92	0.999362	-0.0357234
-1149.24	1809.82	0.999359	-0.0357856
-1149.41	1814.73	0.999359	-0.035804
-1149.59	1819.63	0.999358	-0.0358224
-1149.76	1824.53	0.999358	-0.0358408
-1149.94	1829.43	0.999357	-0.0358591
-1150.12	1834.33	0.999356	-0.0358722
-1150.29	1839.22	0.999358	-0.0358273
-1150.47	1844.11	0.999363	-0.0356807
-1150.64	1849	0.999371	-0.0354731
-1150.81	1853.89	0.999377	-0.0352848
-1150.99	1858.77	0.999382	-0.0351506
-1151.16	1863.66	0.999386	-0.0350391
-1151.33	1868.54	0.99939	-0.0349277
-1151.5	1873.41	0.999394	-0.0348163
-1151.67	1878.29	0.999398	-0.0347051
-1151.84	1883.17	0.999401	-0.0345938
-1152.01	1888.04	0.999405	-0.0344826
-1152.17	1892.91	0.999409	-0.0343715
-1152.34	1897.78	0.999413	-0.0342604
-1152.51	1902.64	0.999417	-0.0341494
-1152.67	1907.5	0.999421	-0.0340385
-1152.84	1912.37	0.999424	-0.0339276
-1153	1917.22	0.999428	-0.0338168
-1153.17	1922.08	0.999432	-0.033706
-1153.33	1926.94	0.999436	-0.0335953
-1153.49	1931.79	0.999439	-0.0334847
-1153.66	1936.64	0.999443	-0.0333741
-1153.82	1941.49	0.999447	-0.0332463
-1153.98	1946.33	0.999453	-0.0330599
-1154.14	1951.18	0.999464	-0.0327494
-1154.3	1956.02	0.999481	-0.0322063
-1154.45	1960.86	0.999506	-0.0314136
-1154.6	1965.7	0.999536	-0.0304731
-1154.75	1970.53	0.999567	-0.0294247
-1154.89	1975.37	0.999601	-0.0282512
-1155.02	1980.2	0.999635	-0.0270078
-1155.15	1985.03	0.999668	-0.0257547
-1155.27	1989.86	0.999701	-0.0244661
-1155.39	1994.68	0.999733	-0.0231233
-1155.5	1999.51	0.999763	-0.0217572
-1155.6	2004.33	0.999792	-0.0203917
-1155.69	2009.15	0.999819	-0.0190389
-1155.78	2013.96	0.999843	-0.0177057
-1155.87	2018.78	0.999866	-0.0163852
-1155.94	2023.59	0.999886	-0.0150945
-1156.01	2028.41	0.999904	-0.0138643
-1156.08	2033.21	0.99992	-0.0126826
-1156.14	2038.02	0.999934	-0.0115135
-1156.19	2042.83	0.999946	-0.0103448
-1156.24	2047.63	0.999958	-0.00918864
-1156.28	2052.43	0.999967	-0.00809787
-1156.31	2057.23	0.999975	-0.00712523
-1156.35	2062.03	0.99998	-0.00631157
-1156.38	2066.83	0.999984	-0.00568582
-1156.4	2071.63	0.999986	-0.00523077
-1156.43	2076.42	0.999988	-0.00490027
-1156.45	2081.21	0.999989	-0.00466353
-1156.47	2086	0.99999	-0.00452563
-1156.49	2090.79	0.99999	-0.00447631
-1156.52	2095.58	0.99999	-0.00449714
-1156.54	2100.37	0.99999	-0.00456427
-1156.56	2105.15	0.999989	-0.0046773
-1156.58	2109.94	0.999988	-0.00497206
-1156.61	2114.72	0.999985	-0.005501
-1156.63	2119.5	0.999981	-0.00611626
-1156.66	2124.27	0.999977	-0.00673129
-1156.7	2129.05	0.999973	-0.00736982
-1156.73	2133.82	0.999968	-0.0080199
-1156.77	2138.6	0.999963	-0.00856458
-1156.81	2143.37	0.99996	-0.00893455
-1156.86	2148.13	0.999958	-0.00918757
-1156.9	2152.9	0.999956	-0.0093931
-1156.95	2157.66	0.999954	-0.009563
-1156.99	2162.42	0.999953	-0.00969731
-1157.04	2167.18	0.999952	-0.00981972
-1157.09	2171.94	0.999951	-0.00994205
-1157.13	2176.69	0.999949	-0.0100643
-1157.18	2181.45	0.999948	-0.0101865
-1157.23	2186.2	0.999947	-0.0103087
-1157.28	2190.95	0.999945	-0.0104544
-1157.33	2195.69	0.999943	-0.0106523
-1157.38	2200.44	0.999941	-0.0108936
-1157.43	2205.19	0.999938	-0.0111572
-1157.49	2209.94	0.999935	-0.0114209
-1157.54	2214.69	0.999932	-0.0116848
-1157.6	2219.45	0.999929	-0.0119488
-1157.65	2224.2	0.999925	-0.0122129
-1157.71	2228.96	0.999922	-0.0124773
-1157.77	2233.72	0.999919	-0.0127268
-1157.83	2238.49	0.999916	-0.0129366
-1157.9	2243.25	0.999914	-0.0131202
-1157.96	2248.02	0.999911	-0.0133038
-1158.02	2252.79	0.999909	-0.0134876
-1158.09	2257.56	0.999907	-0.0136715
-1158.15	2262.34	0.999904	-0.0138555
-1158.22	2267.12	0.999901	-0.0140396
-1158.29	2271.9	0.999899	-0.0142241
-1158.36	2276.7	0.999896	-0.0144089
-1158.43	2281.5	0.999893	-0.0145941
-1158.5	2286.31	0.999891	-0.0147797
-1158.57	2291.12	0.999888	-0.0149656
-1158.64	2295.94	0.999885	-0.0151518
-1158.71	2300.78	0.999882	-0.0153384
-1158.79	2305.61	0.999879	-0.0155254
-1158.86	2310.46	0.999877	-0.0157126
-1158.94	2315.31	0.999874	-0.0159003
-1159.02	2320.17	0.999871	-0.0160882
-1159.1	2325.04	0.999868	-0.0162764
-1159.18	2329.91	0.999864	-0.016465
-1159.26	2334.79	0.999861	-0.0166538
-1159.34	2339.68	0.999858	-0.016843
-1159.42	2344.57	0.999855	-0.0170326
-1159.51	2349.47	0.999852	-0.0172224
-1159.59	2354.38	0.999848	-0.0174125
-1159.68	2359.29	0.999845	-0.017617
-1159.76	2364.21	0.999841	-0.0178528
-1159.85	2369.14	0.999836	-0.0181136
-1159.94	2374.07	0.999831	-0.0183996
-1160.03	2379.01	0.999825	-0.0187151
-1160.13	2383.96	0.999818	-0.0190523
-1160.22	2388.92	0.999812	-0.0193901
-1160.33	2394.38	0.999805	-0.0197624
-1160.43	2399.35	0.999798	-0.0201015
-1160.53	2404.32	0.999792	-0.0204108
-1160.63	2409.31	0.999787	-0.0206223
-1160.73	2414.3	0.999787	-0.0206495
-1160.84	2419.3	0.999793	-0.020332
-1160.94	2424.31	0.999808	-0.0196174
-1161.03	2429.32	0.999826	-0.0186335
-1161.13	2434.34	0.999847	-0.0174877
-1161.21	2439.37	0.999868	-0.0162408
-1161.29	2444.4	0.999888	-0.0149413
-1161.36	2449.44	0.999907	-0.013627
-1161.43	2454.49	0.999924	-0.0123107
-1161.49	2459.54	0.99994	-0.0109926
-1161.54	2464.6	0.999953	-0.00967263
-1161.59	2469.67	0.999965	-0.00836355
-1161.63	2474.74	0.999975	-0.00714022
-1161.66	2479.81	0.999982	-0.00607953
-1161.69	2484.89	0.999987	-0.00513067
-1161.71	2489.98	0.999991	-0.00420428
-1161.73	2495.08	0.999995	-0.00327659
-1161.75	2500.18	0.999997	-0.0023476
-1161.76	2505.28	0.999999	-0.00141732
-1161.76	2510.39	1	-0.000531811
-1161.77	2515.51	1	0.000214763
-1161.76	2520.63	1	0.00081657
-1161.76	2525.76	0.999999	0.00137302
-1161.75	2530.9	0.999998	0.00193576
-1161.74	2536.04	0.999997	0.00250671
-1161.72	2541.18	0.999995	0.00312488
-1161.71	2546.34	0.999993	0.00382754
-1161.69	2551.49	0.99999	0.00458139
-1161.66	2556.66	0.999986	0.00531014
-1161.63	2561.83	0.999982	0.0059951
-1161.6	2567	0.999978	0.00666792
-1161.56	2572.18	0.999973	0.00734166
-1161.52	2577.37	0.999968	0.00801631
-1161.48	2582.56	0.999962	0.0086919
-1161.43	2587.76	0.999956	0.00936845
-1161.38	2592.96	0.99995	0.0100459
-1161.33	2598.18	0.999942	0.0107244
-1161.27	2603.39	0.999935	0.0114039
-1161.21	2608.62	0.999927	0.0120446
-1161.15	2613.85	0.999921	0.0125613
-1161.08	2619.08	0.999917	0.0129024
-1161.01	2624.32	0.999914	0.0131018
-1160.94	2629.57	0.999912	0.0132368
-1160.87	2634.83	0.999911	0.0133586
-1160.8	2640.09	0.999909	0.0134807
-1160.73	2645.36	0.999907	0.0136029
-1160.66	2650.63	0.999906	0.0137254
-1160.59	2655.91	0.999904	0.013848
-1160.51	2661.2	0.999902	0.0139708
-1160.44	2666.5	0.999901	0.0140938
-1160.36	2671.8	0.999899	0.0142171
-1160.29	2677.11	0.999897	0.0143406
-1160.21	2682.43	0.999895	0.0144643
-1160.13	2687.76	0.999894	0.0145882
-1160.06	2693.1	0.999892	0.0147124
-1159.98	2698.45	0.99989	0.0148369
-1159.9	2703.8	0.999888	0.0149616
-1159.82	2709.16	0.999886	0.0150863
-1159.74	2714.52	0.999884	0.0152112
-1159.65	2719.89	0.999882	0.0153364
-1159.57	2725.28	0.99988	0.015462
-1159.49	2730.68	0.999878	0.0155881
-1159.4	2736.1	0.999877	0.0157148
-1159.32	2741.54	0.999875	0.015842
-1159.23	2747	0.999872	0.0159697
-1159.14	2752.48	0.99987	0.016098
-1159.05	2757.97	0.999868	0.0162265
-1158.96	2763.47	0.999866	0.0163552
-1158.87	2768.96	0.999864	0.0164837
-1158.78	2774.45	0.999862	0.0166122
-1158.69	2779.93	0.99986	0.0167407
-1158.6	2785.42	0.999858	0.016869
-1158.51	2790.9	0.999856	0.0169973
-1158.41	2796.38	0.999853	0.0171255
-1158.32	2801.85	0.999851	0.0172537
-1158.22	2807.33	0.999849	0.0173818
-1158.13	2812.8	0.999847	0.0175099
-1158.03	2818.27	0.999844	0.0176378
-1157.94	2823.74	0.999842	0.0177657
-1157.84	2829.21	0.99984	0.0178936
-1157.74	2834.67	0.999838	0.0180214
-1157.64	2840.14	0.999835	0.0181491
-1157.54	2845.6	0.999833	0.0182768
-1157.44	2851.05	0.999831	0.0184043
-1157.34	2856.51	0.999828	0.0185319
-1157.24	2861.96	0.999826	0.0186594
-1157.14	2867.41	0.999824	0.018751
-1157.04	2872.86	0.999826	0.0186709
-1156.94	2878.31	0.999834	0.0182086
-1156.84	2883.75	0.999852	0.0172196
-1156.75	2889.2	0.999876	0.0157721
-1156.67	2894.64	0.9999	0.0141186
-1156.59	2900.07	0.999921	0.0125612
-1156.53	2905.51	0.999936	0.0113478
-1156.47	2910.95	0.999945	0.0105256
-1156.41	2916.38	0.999951	0.00990809
-1156.36	2921.81	0.999957	0.00932454
-1156.31	2927.24	0.999962	0.0087413
-1156.26	2932.66	0.999966	0.00818605
-1156.22	2938.08	0.999971	0.00763111
-1156.18	2943.51	0.999976	0.00689257
-1156.14	2948.93	0.999983	0.00582626
-1156.12	2954.34	0.99999	0.00447992
-1156.09	2959.76	0.999996	0.00293082
-1156.08	2965.17	0.999999	0.00121273
-1156.08	2970.58	1	-0.000593304
-1156.09	2975.99	0.999997	-0.00224861
-1156.1	2981.4	0.999994	-0.00353306
-1156.12	2986.8	0.999991	-0.00434962
-1156.15	2992.2	0.999988	-0.00488538
-1156.18	2997.6	0.999986	-0.00536573
-1156.21	3003	0.999982	-0.00599293
-1156.24	3008.4	0.999976	-0.00691946
-1156.28	3013.79	0.999968	-0.00800592
-1156.32	3019.18	0.999959	-0.00909888
-1156.38	3025.11	0.999946	-0.010381
-1156.44	3030.49	0.999931	-0.011716
-1156.51	3035.88	0.999915	-0.0130387
-1156.58	3041.26	0.9999	-0.0141177
-1156.66	3046.64	0.999889	-0.0149317
-1156.74	3052.02	0.999878	-0.0155964
-1156.82	3057.39	0.999868	-0.0162275
-1156.91	3062.76	0.999858	-0.0168583
-1157	3068.14	0.999848	-0.0174418
-1157.1	3073.5	0.999841	-0.0178161
-1157.2	3078.87	0.999838	-0.0179929
-1157.29	3084.23	0.999836	-0.0181344
-1157.39	3089.6	0.999833	-0.0182759
-1157.49	3094.96	0.99983	-0.0184172
-1157.59	3100.31	0.999828	-0.0185722
-1157.69	3105.67	0.999824	-0.0187408
-1157.79	3111.02	0.999821	-0.0189092
-1157.89	3116.37	0.999818	-0.0190522
-1157.99	3121.72	0.999819	-0.0190352
-1158.09	3127.07	0.999824	-0.0187494
-1158.19	3132.41	0.999834	-0.0182442
-1158.29	3137.75	0.999846	-0.0175255
-1158.38	3143.09	0.999863	-0.0165374
-1158.47	3148.43	0.999883	-0.0152819
-1158.54	3153.77	0.999905	-0.0138195
-1158.61	3159.1	0.999925	-0.0122764
-1158.68	3164.43	0.999942	-0.0107882
-1158.73	3169.76	0.999955	-0.00952154
-1158.78	3175.09	0.999963	-0.00859038
-1158.82	3180.42	0.999968	-0.00797505
-1158.87	3185.74	0.999971	-0.00765397
-1158.91	3191.06	0.999971	-0.0076119
-1158.95	3196.38	0.999969	-0.00787366
-1158.99	3201.7	0.999964	-0.00850794
-1159.04	3207.01	0.999955	-0.0094623
-1159.09	3212.32	0.999945	-0.0104625
-1159.15	3217.63	0.999938	-0.0111693
-1159.21	3222.94	0.999935	-0.0114049
-1159.27	3228.25	0.999938	-0.0111372
-1159.32	3233.55	0.999945	-0.0104577
-1159.38	3238.85	0.999954	-0.00960527
-1159.43	3244.15	0.999962	-0.00870714
-1159.47	3249.45	0.999971	-0.00767106
-1159.51	3254.74	0.999979	-0.00641644
-1159.54	3260.03	0.999988	-0.00495692
-1159.56	3265.33	0.999994	-0.00334458
-1159.58	3270.61	0.999999	-0.00167932
-1159.58	3275.9	1	-7.62294e-05
-1159.58	3281.18	0.999999	0.00142638
-1159.57	3286.47	0.999996	0.00288226
-1159.55	3291.75	0.999991	0.0043374
-1159.53	3297.02	0.999983	0.00579177
-1159.49	3302.3	0.999974	0.00721291
-1159.45	3307.57	0.999964	0.00852245
-1159.4	3312.84	0.999953	0.00973193
-1159.35	3318.11	0.99994	0.0109198
-1159.29	3323.38	0.999927	0.0120478
-1159.22	3328.64	0.999916	0.0129448
-1159.15	3333.91	0.99991	0.0134143
-1159.08	3339.18	0.99991	0.0133851
-1159.01	3344.45	0.999915	0.0130595
-1158.95	3349.71	0.999919	0.0127281
-1158.88	3354.98	0.999922	0.0124826
-1158.81	3360.25	0.999924	0.0122963
-1158.75	3365.52	0.999926	0.0121311
-1158.69	3370.79	0.999928	0.0119658
-1158.62	3376.07	0.999931	0.0117547
-1158.56	3381.34	0.999935	0.0114365
-1158.5	3386.61	0.999939	0.0110515
-1158.44	3391.88	0.999943	0.0106932
-1158.39	3397.15	0.999946	0.0103942
-1158.33	3402.42	0.999949	0.0101218
-1158.28	3407.69	0.999952	0.00984377
-1158.23	3412.96	0.999955	0.00953891
-1158.18	3418.24	0.999958	0.00918611
-1158.13	3423.51	0.999961	0.00879485
-1158.09	3428.79	0.999965	0.00838429
-1158.04	3434.07	0.999968	0.00796583
-1158	3439.35	0.999972	0.0075471
-1157.96	3444.64	0.999975	0.00712815
-1157.93	3449.93	0.999977	0.00670892
-1157.89	3455.22	0.99998	0.00628939
-1157.86	3460.52	0.999983	0.00586955
-1157.83	3465.81	0.999985	0.00544941
-1157.8	3471.11	0.999987	0.00502896
-1157.78	3476.42	0.999989	0.0046082
-1157.75	3481.73	0.999991	0.00418714
-1157.73	3487.04	0.999993	0.00376577
-1157.71	3492.35	0.999994	0.0033441
-1157.7	3497.67	0.999996	0.00292212
-1157.68	3502.99	0.999997	0.00251914
-1157.67	3508.31	0.999998	0.00214873
-1157.66	3513.64	0.999998	0.0017916
-1157.65	3518.97	0.999999	0.00143416
-1157.64	3524.3	0.999999	0.00107634
-1157.64	3529.64	1	0.000718105
-1157.63	3534.99	1	0.000359447
-1157.63	3540.34	1	-5.50495e-06
-1157.63	3545.69	1	-0.000404026
-1157.64	3551.06	1	-0.000863507
-1157.64	3556.42	0.999999	-0.00137044
-1157.65	3561.79	0.999998	-0.00189168
-1157.66	3567.17	0.999997	-0.00241353
-1157.68	3572.55	0.999996	-0.00293599
-1157.69	3577.94	0.999994	-0.00345906
-1157.71	3583.33	0.999992	-0.00394932
-1157.74	3588.73	0.999991	-0.00429058
-1157.76	3594.14	0.99999	-0.0043816
-1157.78	3599.54	0.999991	-0.00421589
-1157.8	3604.96	0.999993	-0.00385853
-1157.82	3610.37	0.999994	-0.00343167
-1157.84	3615.8	0.999995	-0.00300435
-1157.86	3621.22	0.999997	-0.00257676
-1157.87	3626.65	0.999998	-0.00214925
-1157.88	3632.07	0.999999	-0.00172193
-1157.89	3637.49	0.999999	-0.0012948
-1157.9	3642.91	1	-0.000881703
-1157.9	3648.33	1	-0.000510304
-1157.9	3653.74	1	-0.000166752
-1157.9	3659.15	1	0.000176647
-1157.9	3664.57	1	0.000486362
-1157.9	3669.97	1	0.000734813
-1157.89	3675.38	1	0.000955532
-1157.89	3680.78	0.999999	0.00117614
-1157.88	3686.18	0.999999	0.00139662
-1157.87	3691.58	0.999999	0.001617
-1157.86	3696.98	0.999998	0.00180384
-1157.85	3702.38	0.999998	0.00184859
-1157.84	3707.77	0.999999	0.00167082
-1157.83	3713.16	0.999999	0.00124964
-1157.83	3718.55	1	0.000549953
-1157.83	3723.93	1	-0.000326016
-1157.83	3729.32	0.999999	-0.00112119
-1157.84	3734.7	0.999999	-0.00161805
-1157.85	3740.08	0.999998	-0.00181691
-1157.86	3745.46	0.999998	-0.00189077
-1157.87	3750.83	0.999998	-0.00193872
-1157.88	3756.21	0.999998	-0.00198664
-1157.89	3761.58	0.999998	-0.0019969
-1157.9	3766.95	0.999998	-0.00191952
-1157.91	3772.31	0.999998	-0.00175157
-1157.92	3777.68	0.999999	-0.00156025
-1157.93	3783.04	0.999999	-0.00136901
-1157.93	3788.4	0.999999	-0.00117788
-1157.94	3793.76	1	-0.000986874
-1157.95	3799.12	1	-0.000795941
-1157.95	3804.47	1	-0.000605084
-1157.95	3809.82	1	-0.000414334
-1157.95	3815.17	1	-0.000223706
-1157.95	3820.52	1	-3.31539e-05
-1157.95	3825.86	1	0.000157322
-1157.95	3831.21	1	0.000347721
-1157.95	3836.55	1	0.000538013
-1157.95	3841.88	1	0.000728183
-1157.94	3847.22	1	0.000907413
-1157.94	3852.55	0.999999	0.00104857
-1157.93	3857.89	0.999999	0.00115247
-1157.93	3863.22	0.999999	0.00124933
-1157.92	3868.54	0.999999	0.00134612
-1157.91	3873.87	0.999999	0.00144286
-1157.9	3879.19	0.999999	0.00153957
-1157.9	3884.51	0.999999	0.0016362
-1157.89	3889.83	0.999998	0.00173279
-1157.88	3895.15	0.999998	0.00182935
-1157.87	3900.46	0.999998	0.00192583
-1157.86	3905.78	0.999998	0.00202226
-1157.85	3911.09	0.999998	0.00211867
-1157.83	3916.39	0.999998	0.00221503
-1157.82	3921.7	0.999997	0.00231136
-1157.81	3927.01	0.999997	0.00240764
-1157.8	3932.31	0.999997	0.00250395
-1157.78	3937.62	0.999997	0.00260034
-1157.77	3942.94	0.999996	0.00269681
-1157.75	3948.25	0.999996	0.00275124
-1157.74	3953.57	0.999996	0.00268376
-1157.73	3958.89	0.999997	0.00249092
-1157.71	3964.75	0.999998	0.00221154
-1157.7	3970.08	0.999998	0.00195104
-1157.69	3974.88	0.999999	0.00171639
-1157.68	3980.22	0.999999	0.00145545
-1157.68	3986.09	0.999999	0.00116807
-1157.67	3991.44	1	0.000906345
-1157.67	3996.8	1	0.000644123
-1157.66	4002.17	1	0.000381405
-1157.66	4007.54	1	0.000118076
-1157.66	4012.93	1	-0.000145939
-1157.66	4018.33	1	-0.00040469
-1157.67	4023.74	1	-0.000644253
-1157.67	4029.15	1	-0.000856388
-1157.67	4034.56	0.999999	-0.00105464
-1157.68	4039.97	0.999999	-0.00125281
-1157.69	4045.37	0.999999	-0.00145091
-1157.7	4050.78	0.999999	-0.00164889
-1157.71	4056.18	0.999998	-0.00184676
-1157.72	4061.58	0.999998	-0.00204455
-1157.73	4066.98	0.999997	-0.0022423
-1157.74	4072.38	0.999997	-0.0024401
-1157.75	4077.78	0.999997	-0.00263796
-1157.77	4083.18	0.999996	-0.00283587
-1157.78	4088.58	0.999995	-0.00303374
-1157.8	4093.98	0.999995	-0.00323149
-1157.82	4099.38	0.999994	-0.00342913
-1157.84	4104.78	0.999993	-0.00362669
-1157.86	4110.17	0.999993	-0.00382418
-1157.88	4115.56	0.999992	-0.00402155
-1157.9	4120.95	0.999991	-0.0042188
-1157.92	4126.33	0.99999	-0.00441598
-1157.95	4131.72	0.999989	-0.00461305
-1157.97	4137.1	0.999988	-0.00481
-1158	4142.48	0.999987	-0.00500687
-1158.03	4147.86	0.999986	-0.00520367
-1158.06	4153.23	0.999985	-0.00540035
-1158.08	4158.61	0.999984	-0.00559692
-1158.12	4163.98	0.999983	-0.00579341
-1158.15	4169.35	0.999982	-0.00598979
-1158.18	4174.71	0.999981	-0.00618609
-1158.21	4180.08	0.99998	-0.00638247
-1158.25	4185.45	0.999978	-0.006579
-1158.28	4190.83	0.999977	-0.00677568
-1158.32	4196.2	0.999976	-0.0069724
-1158.36	4201.58	0.999974	-0.00716904
-1158.4	4206.95	0.999973	-0.00736557
-1158.44	4212.32	0.999971	-0.00756198
-1158.48	4217.69	0.99997	-0.00775832
-1158.52	4223.05	0.999968	-0.00795454
-1158.56	4228.41	0.999967	-0.00815065
-1158.61	4233.77	0.999965	-0.00834668
-1158.65	4239.13	0.999964	-0.00854263
-1158.7	4244.49	0.999962	-0.00873847
-1158.75	4249.84	0.99996	-0.0089342
-1158.79	4255.2	0.999958	-0.00912984
-1158.84	4260.55	0.999957	-0.00932538
-1158.89	4265.89	0.999955	-0.0095208
-1158.94	4271.24	0.999953	-0.00971614
-1159	4276.58	0.999951	-0.0099114
-1159.05	4281.92	0.999949	-0.0101066
-1159.1	4287.26	0.999947	-0.0103016
-1159.16	4292.6	0.999945	-0.0104965
-1159.22	4297.93	0.999943	-0.0106914
-1159.27	4303.27	0.999941	-0.0108862
-1159.33	4308.6	0.999939	-0.0110808
-1159.39	4313.92	0.999936	-0.0112754
-1159.45	4319.25	0.999934	-0.0114699
-1159.51	4324.57	0.999932	-0.0116642
-1159.58	4329.89	0.99993	-0.0118585
-1159.64	4335.22	0.999927	-0.0120529
-1159.7	4340.54	0.999925	-0.0122475
-1159.77	4345.87	0.999923	-0.0124421
-1159.84	4351.21	0.99992	-0.012637
-1159.9	4356.54	0.999918	-0.012832
-1159.97	4361.88	0.999915	-0.0130271
-1160.04	4367.23	0.999913	-0.0132223
-1160.12	4372.57	0.99991	-0.0134175
-1160.19	4377.91	0.999907	-0.0136126
-1160.26	4383.25	0.999905	-0.0138076
-1160.33	4388.58	0.999902	-0.0140026
-1160.41	4393.92	0.999899	-0.0141974
-1160.49	4399.25	0.999897	-0.014365
-1160.56	4404.58	0.999897	-0.014381
-1160.64	4409.9	0.9999	-0.0141178
-1160.71	4415.23	0.999908	-0.0135742
-1160.78	4420.55	0.999918	-0.0128317
-1160.85	4425.87	0.999928	-0.0119621
-1160.91	4431.19	0.999939	-0.011033
-1160.97	4436.5	0.999949	-0.0100985
-1161.02	4441.82	0.999958	-0.00916448
-1161.07	4447.13	0.999966	-0.00828298
-1161.11	4452.44	0.999972	-0.0075407
-1161.15	4457.75	0.999976	-0.00699342
-1161.18	4463.05	0.999977	-0.00672567
-1161.22	4468.36	0.999977	-0.0067473
-1161.26	4473.66	0.999976	-0.0068868
-1161.29	4478.96	0.999975	-0.00702046
-1161.33	4484.25	0.999974	-0.00714829
-1161.37	4489.55	0.999974	-0.00727604
-1161.41	4494.84	0.999973	-0.00740371
-1161.45	4500.13	0.999972	-0.00753131
-1161.49	4505.42	0.999971	-0.00765887
-1161.53	4510.7	0.99997	-0.00778639
-1161.57	4515.99	0.999969	-0.00791384
-1161.61	4521.27	0.999968	-0.00804121
-1161.65	4526.55	0.999967	-0.0081685
-1161.7	4531.83	0.999966	-0.00829572
-1161.74	4537.1	0.999965	-0.00842289
-1161.79	4542.37	0.999963	-0.00855003
-1161.83	4547.64	0.999962	-0.0086771
-1161.88	4552.91	0.999961	-0.00880408
-1161.92	4558.18	0.99996	-0.00893099
-1161.97	4563.44	0.999959	-0.00905783
-1162.02	4568.7	0.999958	-0.00918462
-1162.07	4573.96	0.999957	-0.00931138
-1162.12	4579.22	0.999955	-0.00943806
-1162.17	4584.48	0.999954	-0.00956466
-1162.22	4589.73	0.999953	-0.00969119
-1162.27	4594.98	0.999952	-0.00981764
-1162.32	4600.23	0.999951	-0.00994405
-1162.37	4605.47	0.999949	-0.0100704
-1162.43	4610.72	0.999948	-0.0101967
-1162.48	4615.96	0.999947	-0.0103229
-1162.53	4621.2	0.999945	-0.0104491
-1162.59	4626.44	0.999944	-0.0105752
-1162.64	4631.67	0.999943	-0.0107012
-1162.7	4636.91	0.999941	-0.0108272
-1162.76	4642.14	0.99994	-0.0109531
-1162.81	4647.37	0.999939	-0.0110789
-1162.87	4652.59	0.999937	-0.0112047
-1162.93	4657.82	0.999936	-0.0113304
-1162.99	4663.04	0.999934	-0.011456
-1163.06	4668.78	0.999933	-0.0115941
-1163.11	4673.48	0.999931	-0.0117071
-1163.18	4679.22	0.99993	-0.0118451
-1163.24	4684.43	0.999928	-0.0119705
-1163.3	4689.64	0.999927	-0.0120958
-1163.37	4694.85	0.999925	-0.012221
-1163.42	4699.54	0.999924	-0.0123337
-1163.5	4705.26	0.999922	-0.0124714
-1163.55	4709.94	0.999921	-0.0125839
-1163.62	4715.15	0.999919	-0.0127089
-1163.69	4720.34	0.999918	-0.0128338
-1163.75	4725.54	0.999916	-0.0129587
-1163.82	4730.73	0.999914	-0.0130835
-1163.89	4735.93	0.999913	-0.0132083
-1163.96	4741.12	0.999911	-0.013333
-1164.03	4746.3	0.999909	-0.0134576
-1164.1	4752.01	0.999908	-0.0135946
-1164.18	4757.19	0.999906	-0.0137191
-1164.25	4762.37	0.999904	-0.0138435
-1164.32	4767.55	0.999902	-0.0139679
-1164.38	4772.21	0.999901	-0.0140798
-1164.46	4777.9	0.999899	-0.0142164
-1164.53	4782.56	0.999897	-0.0143282
-1164.6	4787.73	0.999896	-0.0144523
-1164.69	4793.41	0.999894	-0.0145888
-1164.76	4798.59	0.999892	-0.0147131
-1164.84	4803.76	0.99989	-0.0148374
-1164.92	4808.94	0.999888	-0.0149618
-1164.99	4814.12	0.999886	-0.0150862
-1165.06	4818.79	0.999884	-0.0151983
-1165.15	4824.49	0.999882	-0.0153353
-1165.23	4829.68	0.99988	-0.0154599
-1165.31	4834.87	0.999879	-0.0155846
-1165.39	4840.05	0.999877	-0.0157091
-1165.48	4845.23	0.999875	-0.0158336
-1165.55	4849.9	0.999873	-0.0159456
-1165.64	4855.59	0.999871	-0.0160824
-1165.72	4860.77	0.999869	-0.0162067
-1165.81	4865.94	0.999867	-0.016331
-1165.88	4870.6	0.999865	-0.0164427
-1165.98	4876.29	0.999863	-0.0165792
-1166.06	4880.94	0.999861	-0.0166909
-1166.15	4886.62	0.999858	-0.0168329
-1166.23	4891.27	0.999856	-0.0169753
-1166.33	4896.94	0.999852	-0.0172073
-1166.42	4902.1	0.999847	-0.0174725
-1166.51	4907.26	0.999842	-0.0177693
-1166.6	4912.41	0.999837	-0.0180398
-1166.68	4917.05	0.999834	-0.0182043
-1166.79	4922.72	0.999833	-0.0182699
-1166.87	4927.35	0.999834	-0.0182472
-1166.96	4932.49	0.999834	-0.0181953
-1167.06	4937.64	0.999835	-0.0181433
-1167.15	4942.78	0.999836	-0.0180914
-1167.25	4948.43	0.999837	-0.0180344
-1167.35	4953.57	0.999838	-0.0180065
-1167.44	4958.7	0.999837	-0.0180347
-1167.52	4963.32	0.999836	-0.018114
-1167.62	4968.97	0.999833	-0.018288
-1167.71	4973.58	0.999829	-0.0184685
-1167.8	4978.71	0.999826	-0.0186689
-1167.9	4983.83	0.999822	-0.0188692
-1168.01	4989.47	0.999817	-0.0191135
-1168.1	4994.08	0.999813	-0.019353
-1168.2	4999.7	0.999806	-0.0196887
-1168.31	5004.82	0.999799	-0.0200341
-1168.41	5009.93	0.999791	-0.0204236
-1168.51	5015.04	0.999783	-0.0208496
-1168.62	5020.15	0.999773	-0.0213012
-1168.73	5025.26	0.999763	-0.0217783
-1168.84	5030.36	0.999751	-0.0222992
-1168.96	5035.46	0.999738	-0.0228896
-1169.08	5040.56	0.999723	-0.0235439
-1169.2	5045.66	0.999707	-0.0242236
-1169.32	5050.75	0.99969	-0.0249029
-1169.45	5055.85	0.999672	-0.0255947
-1169.58	5060.94	0.999654	-0.0263173
-1169.72	5066.02	0.999634	-0.0270706
-1169.86	5071.11	0.999612	-0.0278673
-1170	5076.19	0.999587	-0.028746
-1170.15	5081.27	0.999558	-0.0297191
-1170.3	5086.35	0.999526	-0.0307795
-1170.46	5091.43	0.99949	-0.0319269
-1170.63	5096.5	0.999451	-0.033143
-1170.8	5101.58	0.999408	-0.0344095
-1170.97	5106.65	0.999361	-0.0357445
-1171.16	5111.71	0.999308	-0.0371916
-1171.35	5116.78	0.999246	-0.0388327
-1171.55	5121.84	0.999168	-0.0407875
-1171.76	5126.9	0.999066	-0.0432121
-1171.99	5131.95	0.998927	-0.0463128
-1172.23	5137.01	0.998737	-0.0502448
-1172.49	5142.06	0.998487	-0.0549874
-1172.78	5147.1	0.998177	-0.0603521
-1173.1	5152.15	0.99781	-0.0661379
-1173.44	5157.19	0.997386	-0.0722568
-1173.82	5162.22	0.996897	-0.0787187
-1174.23	5167.25	0.99633	-0.085591
-1174.68	5172.27	0.995671	-0.0929425
-1175.16	5177.29	0.994898	-0.100889
-1175.69	5182.3	0.993971	-0.109642
-1176.26	5187.31	0.992853	-0.119344
-1176.88	5192.31	0.991509	-0.130039
-1177.56	5197.29	0.989915	-0.141665
-1178.29	5202.27	0.988037	-0.154215
-1179.1	5207.23	0.985815	-0.167833
-1179.97	5212.18	0.983174	-0.182673
-1180.92	5217.12	0.980054	-0.198734
-1181.95	5222.03	0.976449	-0.215746
-1183.07	5226.93	0.972322	-0.233646
-1184.28	5231.8	0.967567	-0.252614
-1185.58	5236.64	0.962124	-0.272611
-1186.99	5241.45	0.955947	-0.293539
-1188.51	5246.23	0.948954	-0.315416
-1190.13	5250.96	0.941045	-0.338283
-1191.87	5255.66	0.932132	-0.362119
-1193.73	5260.3	0.922164	-0.386799
-1195.72	5264.9	0.911102	-0.412181
-1197.83	5269.43	0.898912	-0.438129
-1200.07	5273.89	0.885734	-0.464193
-1202.44	5278.29	0.871783	-0.489892
-1204.94	5282.62	0.857105	-0.515142
-1207.56	5286.86	0.841704	-0.539939
-1210.3	5291.03	0.825598	-0.564259
-1213.17	5295.12	0.808798	-0.588086
-1216.14	5299.11	0.791434	-0.611255
-1219.24	5303.02	0.773736	-0.633508
-1222.43	5306.84	0.755815	-0.654786
-1225.73	5310.57	0.737605	-0.675233
-1229.13	5314.2	0.718992	-0.695018
-1232.63	5317.74	0.699921	-0.71422
-1236.22	5321.18	0.680561	-0.732691
-1239.89	5324.52	0.661226	-0.750186
-1243.65	5327.77	0.64216	-0.766571
-1247.49	5330.92	0.623551	-0.781782
-1251.4	5333.98	0.605556	-0.795803
-1255.37	5336.95	0.588326	-0.808624
-1259.41	5339.83	0.571871	-0.820344
-1263.5	5342.64	0.556071	-0.831135
-1267.63	5345.36	0.54085	-0.841119
-1271.82	5348.01	0.526198	-0.850362
-1276.04	5350.59	0.512279	-0.858819
-1280.31	5353.09	0.499199	-0.866488
-1284.61	5355.54	0.486741	-0.873546
-1288.94	5357.92	0.474401	-0.880309
-1293.3	5360.24	0.461947	-0.886908
-1297.7	5362.5	0.449483	-0.893289
-1302.12	5364.69	0.437131	-0.899398
-1306.57	5366.82	0.425093	-0.90515
-1311.05	5368.9	0.413508	-0.910501
-1315.54	5370.92	0.402441	-0.915446
-1320.07	5372.88	0.391862	-0.920024
-1324.61	5374.79	0.381585	-0.924334
-1329.17	5376.65	0.371397	-0.928474
-1333.74	5378.45	0.36117	-0.9325
-1338.34	5380.21	0.350841	-0.936435
-1342.95	5381.92	0.340385	-0.940286
-1347.58	5383.57	0.329823	-0.944043
-1352.23	5385.17	0.319138	-0.947708
-1356.89	5386.71	0.308143	-0.95134
-1361.57	5388.2	0.296553	-0.955016
-1366.26	5389.64	0.284323	-0.958728
-1370.97	5391	0.271617	-0.962405
-1375.69	5392.31	0.258464	-0.966021
-1380.43	5393.55	0.244735	-0.96959
-1385.19	5394.72	0.230522	-0.973067
-1389.96	5395.82	0.216068	-0.976378
-1394.74	5396.85	0.2015	-0.979489
-1399.54	5397.81	0.186901	-0.982379
-1404.35	5398.69	0.17227	-0.98505
-1405.31	5398.86	0.170805	-0.985305
-1405.31	5398.86	0.170805	-0.985305
-1405.31	5398.86	0.170805	-0.985305
-1405.31	5398.86	0.170805	-0.985305
-1405.31	5398.86	0.170805	-0.985305
-1405.31	5398.86	0.170805	-0.985305
-1405.31	5398.86	0.170805	-0.985305
-1405.31	5398.86	0.170805	-0.985305
-1405.31	5398.86	0.170805	-0.985305
-1405.31	5398.86	0.170805	-0.985305
-1405.31	5398.86	0.170805	-0.985305
-1405.31	5398.86	0.170805	-0.985305
-1405.31	5398.86	0.170805	-0.985305
-1405.31	5398.86	0.170805	-0.985305
-1405.31	5398.86	0.170805	-0.985305
-1405.31	5398.86	0.170805	-0.985305
-1405.31	5398.86	0.170805	-0.985305
-1405.31	5398.86	0.170805	-0.985305
-1405.31	5398.86	0.170805	-0.985305
-1405.31	5398.86	0.170805	-0.985305
-1405.31	5398.86	0.170805	-0.985305
-1405.31	5398.86	0.170805	-0.985305
-1405.31	5398.86	0.170805	-0.985305
-1405.31	5398.86	0.170805	-0.985305
-1405.31	5398.86	0.170805	-0.985305
-1405.31	5398.86	0.170805	-0.985305
-1405.31	5398.86	0.170805	-0.985305
-1405.31	5398.86	0.170805	-0.985305
-1405.31	5398.86	0.170805	-0.985305
-1405.31	5398.86	0.170805	-0.985305
-1405.31	5398.86	0.170805	-0.985305
-1405.31	5398.86	0.170805	-0.985305
-1405.31	5398.86	0.170805	-0.985305
-1405.31	5398.86	0.170805	-0.985305
-1405.31	5398.86	0.170805	-0.985305
-1405.31	5398.86	0.170805	-0.985305
-1405.31	5398.86	0.170805	-0.985305
-1405.31	5398.86	0.170805	-0.985305
-1405.31	5398.86	0.170805	-0.985305
-1405.31	5398.86	0.170805	-0.985305
-1405.31	5398.86	0.170805	-0.985305
-1405.31	5398.86	0.170805	-0.985305
-1405.31	5398.86	0.170805	-0.985305
-1405.31	5398.86	0.170805	-0.985305
-1405.31	5398.86	0.170805	-0.985305
-1405.31	5398.86	0.170805	-0.985305
-1405.31	5398.86	0.170805	-0.985305
-1405.31	5398.86	0.170805	-0.985305
-1405.31	5398.86	0.170805	-0.985305
-1405.31	5398.86	0.170805	-0.985305
-1405.31	5398.86	0.170805	-0.985305
-1405.31	5398.86	0.170805	-0.985305
-1405.31	5398.86	0.170805	-0.985305
-1405.31	5398.86	0.170805	-0.985305
-1405.31	5398.86	0.170805	-0.985305
-1405.31	5398.86	0.170805	-0.985305
-1405.31	5398.86	0.170805	-0.985305
-1405.31	5398.86	0.170805	-0.985305
-1405.31	5398.86	0.170805	-0.985305
-1405.31	5398.86	0.170805	-0.985305
-1405.31	5398.86	0.170805	-0.985305
-1405.31	5398.86	0.170805	-0.985305
-1405.31	5398.86	0.170805	-0.985305
-1405.31	5398.86	0.170805	-0.985305
-1405.31	5398.86	0.170805	-0.985305
-1405.31	5398.86	0.170805	-0.985305
-1405.31	5398.86	0.170805	-0.985305
-1405.31	5398.86	0.170805	-0.985305
-1405.31	5398.86	0.170805	-0.985305
-1405.31	5398.86	0.170805	-0.985305
-1405.31	5398.86	0.170805	-0.985305
-1405.31	5398.86	0.170805	-0.985305
-1405.31	5398.86	0.170805	-0.985305
-1405.31	5398.86	0.170805	-0.985305
-1405.31	5398.86	0.170805	-0.985305
-1405.31	5398.86	0.170805	-0.985305
-1405.31	5398.86	0.170805	-0.985305
-1405.31	5398.86	0.170805	-0.985305
-1405.31	5398.86	0.170805	-0.985305
-1405.31	5398.86	0.170805	-0.985305
-1405.31	5398.86	0.170805	-0.985305
-1405.31	5398.86	0.170805	-0.985305
-1405.31	5398.86	0.170805	-0.985305
-1405.31	5398.86	0.170805	-0.985305
-1405.31	5398.86	0.170805	-0.985305
-1405.31	5398.86	0.170805	-0.985305
-1405.31	5398.86	0.170805	-0.985305
-1405.31	5398.86	0.170805	-0.985305
-1405.31	5398.86	0.170805	-0.985305
-1405.31	5398.86	0.170805	-0.985305
-1405.31	5398.86	0.170805	-0.985305
-1405.31	5398.86	0.170805	-0.985305
-1405.31	5398.86	0.170805	-0.985305
-1405.31	5398.86	0.170805	-0.985305
-1405.31	5398.86	0.170805	-0.985305
-1405.31	5398.86	0.170805	-0.985305
-1405.31	5398.86	0.170805	-0.985305
-1405.31	5398.86	0.170805	-0.985305
-1405.31	5398.86	0.170805	-0.985305
-1405.31	5398.86	0.170805	-0.985305
-1405.31	5398.86	0.170805	-0.985305
-1405.31	5398.86	0.170805	-0.985305
-1405.31	5398.86	0.170805	-0.985305
-1405.31	5398.86	0.170805	-0.985305
-1405.31	5398.86	0.170805	-0.985305
-1405.31	5398.86	0.170805	-0.985305
-1405.31	5398.86	0.170805	-0.985305
-1405.31	5398.86	0.170805	-0.985305
-1405.31	5398.86	0.170805	-0.985305
-1405.31	5398.86	0.170805	-0.985305
-1405.31	5398.86	0.170805	-0.985305
-1405.31	5398.86	0.170805	-0.985305
-1405.31	5398.86	0.170805	-0.985305
-1405.31	5398.86	0.170805	-0.985305
-1405.31	5398.86	0.170805	-0.985305
-1405.31	5398.86	0.170805	-0.985305
-1405.31	5398.86	0.170805	-0.985305
-1405.31	5398.86	0.170805	-0.985305
-1405.31	5398.86	0.170805	-0.985305
-1405.31	5398.86	0.170805	-0.985305
-1405.31	5398.86	0.170805	-0.985305
-1405.31	5398.86	0.170805	-0.985305
-1405.31	5398.86	0.170805	-0.985305
-1405.31	5398.86	0.170805	-0.985305
-1405.31	5398.86	0.170805	-0.985305
