1170	-5100	1	0
1170	-5100	1	0
1170	-5100	1	0
1170	-5100	1	0
1170	-5100	1	0
1170	-5100	1	0
1170	-5100	1	0
1170	-5100	1	0
1170	-5100	1	0
1170	-5100	1	0
1170	-5100	1	0
1170	-5100	1	0
1170	-5100	1	0
1170	-5100	1	0
1170	-5100	1	0
1170	-5100	1	0
1170	-5100	1	0
1170	-5100	1	0
1170	-5100	1	0
1170	-5100	1	0
1170	-5100	1	0
1170	-5100	1	0
1170	-5100	1	0
1170	-5100	1	0
1170	-5100	1	0
1170	-5100	1	0
1170	-5100	1	0
1170	-5100	1	0
1170	-5100	1	0
1170	-5100	1	0
1170	-5100	1	0
1170	-5100	1	0
1170	-5100	1	0
1170	-5100	1	0
1170	-5100	1	0
1170	-5100	1	0
1170	-5100	1	0
1170	-5100	1	0
1170	-5100	1	0
1170	-5100	1	0
1170	-5100	1	0
1170	-5100	1	0
1170	-5100	1	0
1170	-5100	1	0
1170	-5100	1	0
1170	-5100	1	0
1170	-5100	1	0
1170	-5100	1	-1.68309e-07
1170	-5099.98	1	-7.20769e-07
1170	-5099.96	1	-2.01419e-06
1170	-5099.91	1	-7.59587e-06
1170	-5099.82	1	-2.67367e-05
1170	-5099.7	1	-7.45802e-05
1170	-5099.54	1	-0.000173399
1170	-5099.34	1	-0.000350672
1170	-5099.08	1	-0.000634808
1170	-5098.78	0.999999	-0.00105241
1170	-5098.43	0.999999	-0.00162824
1170	-5098	0.999997	-0.00245038
1170	-5097.6	0.999995	-0.00331411
1170	-5097.11	0.99999	-0.00447313
1169.99	-5096.52	0.999982	-0.00599794
1169.99	-5095.94	0.999971	-0.00765697
1169.98	-5095.31	0.999954	-0.00959492
1169.98	-5094.63	0.99993	-0.011833
1169.97	-5093.91	0.999896	-0.0144002
1169.95	-5093.13	0.99985	-0.0173463
1169.94	-5092.32	0.999785	-0.0207145
1169.92	-5091.45	0.9997	-0.02451
1169.9	-5090.54	0.999587	-0.02874
1169.87	-5089.58	0.999443	-0.0333752
1169.83	-5088.58	0.999266	-0.0383126
1169.79	-5087.53	0.999054	-0.0434905
1169.74	-5086.43	0.998803	-0.0489095
1169.68	-5085.29	0.99851	-0.0545704
1169.61	-5084.1	0.99817	-0.0604712
1169.53	-5082.86	0.997779	-0.0666124
1169.45	-5081.58	0.997332	-0.0729933
1169.34	-5080.25	0.996826	-0.079607
1169.23	-5078.87	0.996256	-0.0864577
1169.1	-5077.45	0.995614	-0.0935523
1168.96	-5075.98	0.994897	-0.100891
1168.8	-5074.47	0.994099	-0.108474
1168.63	-5072.91	0.993214	-0.116302
1168.44	-5071.31	0.992235	-0.124373
1168.22	-5069.66	0.991158	-0.132689
1167.99	-5067.97	0.989974	-0.141249
1167.74	-5066.23	0.988678	-0.150052
1167.46	-5064.45	0.987263	-0.159097
1167.16	-5062.63	0.985721	-0.168384
1166.83	-5060.76	0.984046	-0.177912
1166.48	-5058.85	0.98223	-0.18768
1166.1	-5056.9	0.980265	-0.197686
1165.69	-5054.9	0.978144	-0.207929
1165.24	-5052.87	0.975858	-0.218407
1164.77	-5050.79	0.973405	-0.229093
1164.26	-5048.67	0.970798	-0.239897
1163.72	-5046.52	0.968065	-0.250698
1163.14	-5044.32	0.965225	-0.261421
1162.52	-5042.09	0.962285	-0.272044
1161.87	-5039.82	0.959255	-0.282543
1161.18	-5037.51	0.956143	-0.292902
1160.46	-5035.18	0.952956	-0.303107
1159.69	-5032.81	0.949693	-0.313183
1158.89	-5030.41	0.946333	-0.323192
1158.04	-5027.97	0.942876	-0.333144
1157.16	-5025.51	0.939338	-0.342994
1156.24	-5023.02	0.935735	-0.352703
1155.28	-5020.49	0.932076	-0.362262
1154.27	-5017.94	0.928303	-0.371825
1153.23	-5015.36	0.924295	-0.381678
1152.14	-5012.75	0.919967	-0.391996
1151	-5010.11	0.915349	-0.402661
1149.81	-5007.45	0.910556	-0.413386
1148.58	-5004.77	0.905687	-0.423946
1147.3	-5002.06	0.900835	-0.434161
1145.97	-4999.33	0.896071	-0.44391
1144.59	-4996.58	0.891452	-0.453115
1143.16	-4993.81	0.887045	-0.461684
1141.69	-4991.01	0.882855	-0.469646
1140.18	-4988.19	0.878718	-0.477341
1138.62	-4985.34	0.874415	-0.485179
1137.02	-4982.48	0.869802	-0.493401
1135.37	-4979.59	0.864863	-0.502008
1133.67	-4976.69	0.859708	-0.510785
1131.91	-4973.77	0.854384	-0.519643
1130.11	-4970.83	0.848804	-0.528708
1128.25	-4967.88	0.842899	-0.538071
1126.34	-4964.91	0.83668	-0.547691
1124.37	-4961.93	0.830146	-0.557546
1122.34	-4958.94	0.823264	-0.567658
1120.25	-4955.94	0.816003	-0.578047
1118.1	-4952.93	0.808371	-0.588673
1115.88	-4949.92	0.800434	-0.599421
1113.6	-4946.91	0.792319	-0.610107
1111.25	-4943.89	0.784184	-0.620528
1108.83	-4940.87	0.776122	-0.630583
1106.35	-4937.85	0.768169	-0.640247
1103.81	-4934.83	0.760389	-0.649468
1101.21	-4931.81	0.752856	-0.658185
1098.54	-4928.79	0.745377	-0.666644
1095.81	-4925.76	0.737627	-0.675209
1093.02	-4922.74	0.72961	-0.683864
1090.16	-4919.72	0.721474	-0.692442
1087.24	-4916.71	0.71322	-0.70094
1084.25	-4913.7	0.704716	-0.709489
1081.2	-4910.69	0.695797	-0.718238
1078.08	-4907.7	0.686465	-0.727163
1074.89	-4904.72	0.676917	-0.736059
1071.63	-4901.76	0.667195	-0.744883
1068.3	-4898.81	0.657059	-0.753839
1064.9	-4895.87	0.646339	-0.76305
1061.42	-4892.96	0.635191	-0.772355
1057.87	-4890.08	0.62406	-0.781376
1054.25	-4887.22	0.613404	-0.789769
1050.56	-4884.38	0.603463	-0.797391
1046.8	-4881.56	0.594463	-0.804123
1042.97	-4878.76	0.586709	-0.809798
1039.09	-4875.97	0.580295	-0.814406
1035.16	-4873.18	0.575107	-0.818078
1031.18	-4870.4	0.571227	-0.820792
1027.16	-4867.61	0.568475	-0.822701
1023.11	-4864.82	0.566612	-0.823985
1019.04	-4862.02	0.565924	-0.824457
1014.94	-4859.21	0.566547	-0.82403
1010.82	-4856.37	0.568088	-0.822968
1006.68	-4853.51	0.570345	-0.821405
1002.54	-4850.62	0.573391	-0.819282
998.378	-4847.7	0.57702	-0.81673
994.211	-4844.74	0.581132	-0.813809
990.037	-4841.75	0.585826	-0.810437
985.859	-4838.71	0.591247	-0.80649
981.68	-4835.63	0.597514	-0.801858
977.506	-4832.5	0.604686	-0.796464
973.339	-4829.31	0.612674	-0.790335
969.184	-4826.06	0.621287	-0.783583
965.044	-4822.74	0.630427	-0.776249
960.924	-4819.36	0.639929	-0.768434
956.824	-4815.92	0.649402	-0.760445
952.746	-4812.4	0.658407	-0.752662
948.687	-4808.82	0.666704	-0.745322
944.644	-4805.17	0.674461	-0.73831
940.612	-4801.45	0.682025	-0.731329
936.591	-4797.67	0.689561	-0.724228
932.583	-4793.82	0.697085	-0.716989
928.588	-4789.91	0.704599	-0.709605
924.608	-4785.92	0.712161	-0.702016
920.647	-4781.87	0.719894	-0.694084
916.711	-4777.75	0.727937	-0.685644
912.808	-4773.56	0.736376	-0.676573
908.942	-4769.31	0.745188	-0.666854
905.118	-4764.99	0.754256	-0.65658
901.338	-4760.6	0.763483	-0.645828
897.606	-4756.14	0.772791	-0.634661
893.925	-4751.6	0.781988	-0.623294
890.294	-4746.99	0.790759	-0.612127
886.714	-4742.31	0.798923	-0.601433
883.18	-4737.57	0.806566	-0.591144
879.693	-4732.76	0.813933	-0.580959
876.252	-4727.89	0.821264	-0.570548
872.86	-4722.95	0.828656	-0.559759
869.521	-4717.95	0.836035	-0.548676
866.235	-4712.88	0.843289	-0.53746
863.003	-4707.75	0.850272	-0.526344
859.826	-4702.56	0.856816	-0.515622
856.7	-4697.31	0.86293	-0.505324
853.624	-4692	0.868776	-0.495205
850.598	-4686.63	0.874492	-0.48504
847.624	-4681.21	0.880037	-0.474906
844.704	-4675.74	0.885202	-0.465207
841.841	-4670.24	0.889835	-0.456282
839.032	-4664.71	0.893965	-0.448137
836.274	-4659.16	0.89771	-0.440587
833.562	-4653.59	0.901198	-0.433408
830.894	-4648	0.904534	-0.426402
828.271	-4642.39	0.90774	-0.419533
825.691	-4636.76	0.910706	-0.413055
823.15	-4631.12	0.913203	-0.407505
820.641	-4625.47	0.91495	-0.403567
818.151	-4619.81	0.915714	-0.401832
815.668	-4614.15	0.915609	-0.40207
813.181	-4608.49	0.915172	-0.403063
810.689	-4602.84	0.914753	-0.404014
808.192	-4597.19	0.91436	-0.404902
805.691	-4591.55	0.913938	-0.405855
803.184	-4585.91	0.913388	-0.40709
800.669	-4580.28	0.912712	-0.408603
798.146	-4574.65	0.912202	-0.409742
795.62	-4569.03	0.912218	-0.409704
793.098	-4563.41	0.912831	-0.408337
790.588	-4557.78	0.913702	-0.406386
788.09	-4552.15	0.91444	-0.404721
785.602	-4546.53	0.914859	-0.403774
783.118	-4540.9	0.914943	-0.403583
780.636	-4535.27	0.914803	-0.403901
778.151	-4529.64	0.914459	-0.404678
775.66	-4524.03	0.913805	-0.406154
773.16	-4518.41	0.912807	-0.40839
770.645	-4512.81	0.911473	-0.411361
768.111	-4507.22	0.909776	-0.4151
765.552	-4501.64	0.907835	-0.419327
762.969	-4496.07	0.905961	-0.42336
760.364	-4490.52	0.904272	-0.426957
757.738	-4484.98	0.902662	-0.430349
755.092	-4479.45	0.90098	-0.433862
752.424	-4473.94	0.899067	-0.437812
749.732	-4468.44	0.896837	-0.442361
747.012	-4462.95	0.894259	-0.44755
744.259	-4457.48	0.891412	-0.453194
741.473	-4452.04	0.888582	-0.458718
738.654	-4446.61	0.885883	-0.463908
735.806	-4441.2	0.883132	-0.469125
732.925	-4435.81	0.88009	-0.474806
729.715	-4429.91	0.876166	-0.48201
726.754	-4424.57	0.87209	-0.489346
724.051	-4419.78	0.868171	-0.496265
720.697	-4413.97	0.863481	-0.504382
717.603	-4408.71	0.859482	-0.511167
714.47	-4403.48	0.85555	-0.517721
711.298	-4398.27	0.851529	-0.524308
708.087	-4393.09	0.847228	-0.531229
704.833	-4387.94	0.8425	-0.538696
701.533	-4382.83	0.837325	-0.546705
698.185	-4377.74	0.831727	-0.555184
694.786	-4372.7	0.82586	-0.563876
691.335	-4367.69	0.819895	-0.572514
687.833	-4362.72	0.813933	-0.580958
684.281	-4357.78	0.808026	-0.589147
680.682	-4352.89	0.802278	-0.59695
677.038	-4348.03	0.796961	-0.604031
673.355	-4343.2	0.792412	-0.609986
669.64	-4338.4	0.788719	-0.614753
665.9	-4333.62	0.785545	-0.618805
662.137	-4328.86	0.782498	-0.622654
658.353	-4324.13	0.779433	-0.626486
654.546	-4319.41	0.776287	-0.63038
650.717	-4314.72	0.772948	-0.634469
646.864	-4310.04	0.769345	-0.638833
642.985	-4305.39	0.765442	-0.643505
639.079	-4300.77	0.761192	-0.648526
635.142	-4296.18	0.756514	-0.653977
631.173	-4291.61	0.751318	-0.65994
627.168	-4287.08	0.745537	-0.666465
623.123	-4282.59	0.739103	-0.673592
619.035	-4278.15	0.731976	-0.68133
614.901	-4273.74	0.724217	-0.689572
610.718	-4269.39	0.716293	-0.6978
606.488	-4265.09	0.708752	-0.705457
602.215	-4260.83	0.701799	-0.712375
597.903	-4256.61	0.695536	-0.718491
593.558	-4252.43	0.689883	-0.723921
589.184	-4248.29	0.684496	-0.729016
584.78	-4244.18	0.679082	-0.734063
580.347	-4240.1	0.673506	-0.739182
575.885	-4236.06	0.667737	-0.744398
571.393	-4232.06	0.661761	-0.749715
566.87	-4228.09	0.655535	-0.755165
562.316	-4224.17	0.649073	-0.760726
557.73	-4220.28	0.642377	-0.766389
553.111	-4216.44	0.635364	-0.772213
548.459	-4212.64	0.627938	-0.778263
543.771	-4208.89	0.620076	-0.784541
539.046	-4205.18	0.611826	-0.790992
534.285	-4201.53	0.60324	-0.797559
529.485	-4197.94	0.594426	-0.80415
524.648	-4194.39	0.585656	-0.810559
519.776	-4190.9	0.577238	-0.816576
514.87	-4187.46	0.569257	-0.82216
509.933	-4184.07	0.561532	-0.827455
504.966	-4180.73	0.553814	-0.83264
499.971	-4177.43	0.546026	-0.837768
494.947	-4174.19	0.538187	-0.842825
489.894	-4170.99	0.53024	-0.847848
484.814	-4167.84	0.522077	-0.852898
479.705	-4164.74	0.51362	-0.858018
474.567	-4161.69	0.504878	-0.863191
469.4	-4158.7	0.495962	-0.868344
464.204	-4155.76	0.486971	-0.873418
458.98	-4152.87	0.477971	-0.878376
453.729	-4150.04	0.469173	-0.883106
448.453	-4147.26	0.460839	-0.887484
443.153	-4144.54	0.453056	-0.891482
437.832	-4141.85	0.44581	-0.895128
432.492	-4139.22	0.439063	-0.898456
427.135	-4136.62	0.432765	-0.901507
421.762	-4134.06	0.42678	-0.904356
416.375	-4131.53	0.420855	-0.907128
410.973	-4129.04	0.414727	-0.909946
405.556	-4126.59	0.408221	-0.912883
400.123	-4124.18	0.401277	-0.915957
394.674	-4121.81	0.393885	-0.91916
389.207	-4119.49	0.386082	-0.922465
383.723	-4117.22	0.378001	-0.925805
378.221	-4115	0.369967	-0.929045
372.702	-4112.82	0.362428	-0.932012
367.169	-4110.69	0.355708	-0.934597
361.623	-4108.59	0.350031	-0.936738
356.068	-4106.53	0.345431	-0.938444
350.505	-4104.49	0.341963	-0.939713
344.938	-4102.47	0.339866	-0.940474
339.37	-4100.46	0.339306	-0.940676
333.805	-4098.46	0.340104	-0.940388
328.244	-4096.44	0.341579	-0.939853
322.688	-4094.42	0.343295	-0.939228
317.138	-4092.38	0.345329	-0.938482
311.595	-4090.34	0.347715	-0.9376
306.06	-4088.28	0.350396	-0.936602
300.532	-4086.2	0.353315	-0.935504
295.014	-4084.11	0.356449	-0.934315
289.505	-4082	0.359825	-0.93302
284.005	-4079.87	0.363486	-0.9316
278.517	-4077.72	0.367483	-0.93003
273.04	-4075.54	0.371942	-0.928256
267.576	-4073.34	0.376908	-0.926251
262.127	-4071.11	0.382237	-0.924064
256.693	-4068.84	0.387906	-0.921699
251.275	-4066.55	0.394058	-0.919085
245.875	-4064.21	0.400745	-0.91619
240.495	-4061.84	0.407877	-0.913037
235.136	-4059.43	0.415467	-0.909608
229.8	-4056.97	0.423638	-0.905832
224.489	-4054.46	0.432361	-0.9017
219.205	-4051.9	0.441583	-0.89722
213.951	-4049.28	0.451338	-0.892353
208.727	-4046.61	0.461694	-0.887039
203.538	-4043.88	0.472626	-0.881263
198.386	-4041.08	0.484159	-0.87498
193.274	-4038.22	0.496327	-0.868136
188.205	-4035.28	0.508962	-0.860789
183.183	-4032.27	0.521964	-0.852968
178.209	-4029.18	0.535364	-0.844621
173.287	-4026.02	0.549146	-0.835726
167.936	-4022.44	0.564506	-0.825429
163.132	-4019.11	0.578416	-0.815742
158.387	-4015.7	0.592124	-0.805847
153.702	-4012.21	0.605464	-0.795873
149.077	-4008.64	0.618207	-0.786016
144.51	-4005	0.63007	-0.776538
139.999	-4001.3	0.640877	-0.767644
135.54	-3997.54	0.650487	-0.759517
131.128	-3993.72	0.658884	-0.752244
126.758	-3989.86	0.666133	-0.745833
122.425	-3985.96	0.672255	-0.74032
118.124	-3982.04	0.677199	-0.7358
113.846	-3978.08	0.680963	-0.732318
109.585	-3974.11	0.683698	-0.729765
105.335	-3970.12	0.685621	-0.727959
101.096	-3966.12	0.686915	-0.726738
96.8639	-3962.11	0.687751	-0.725947
92.6377	-3958.11	0.688365	-0.725364
88.4163	-3954.1	0.688941	-0.724817
84.1997	-3950.09	0.689516	-0.72427
79.9878	-3946.07	0.690032	-0.723779
75.78	-3942.06	0.690358	-0.723468
71.5749	-3938.05	0.690345	-0.72348
67.3705	-3934.04	0.689951	-0.723856
63.1648	-3930.03	0.689358	-0.72442
58.9574	-3926.03	0.688765	-0.724985
54.7483	-3922.03	0.688183	-0.725538
50.5375	-3918.04	0.687492	-0.726192
46.324	-3914.06	0.686581	-0.727053
42.1066	-3910.08	0.685485	-0.728086
37.8847	-3906.11	0.68434	-0.729163
33.6581	-3902.15	0.68321	-0.730222
29.4271	-3898.19	0.6821	-0.731259
25.1917	-3894.25	0.681102	-0.732189
20.9531	-3890.31	0.680341	-0.732895
16.7124	-3886.37	0.679753	-0.733441
12.4704	-3882.44	0.679203	-0.733951
8.22695	-3878.52	0.678652	-0.73446
3.9822	-3874.6	0.678102	-0.734968
-0.263878	-3870.69	0.677551	-0.735476
-4.51129	-3866.77	0.677	-0.735983
-8.76002	-3862.87	0.676449	-0.73649
-13.0101	-3858.97	0.675898	-0.736995
-17.2614	-3855.07	0.675346	-0.737501
-21.5141	-3851.18	0.674795	-0.738005
-25.7681	-3847.29	0.674168	-0.738578
-30.0242	-3843.41	0.673314	-0.739357
-34.2838	-3839.54	0.672122	-0.74044
-38.5489	-3835.67	0.670498	-0.741911
-42.8218	-3831.82	0.668424	-0.743781
-47.1046	-3827.98	0.665896	-0.746044
-51.3999	-3824.16	0.662868	-0.748736
-55.7098	-3820.35	0.659581	-0.751634
-60.0344	-3816.57	0.656564	-0.75427
-64.3712	-3812.81	0.654293	-0.756241
-68.7158	-3809.05	0.652957	-0.757395
-73.0637	-3805.31	0.652284	-0.757974
-77.4127	-3801.57	0.651822	-0.758372
-81.7622	-3797.83	0.651371	-0.758759
-86.1123	-3794.1	0.650998	-0.75908
-90.4624	-3790.37	0.65059	-0.759429
-94.8132	-3786.64	0.650072	-0.759873
-99.1647	-3782.92	0.649633	-0.760248
-103.517	-3779.21	0.649293	-0.760539
-107.868	-3775.49	0.648974	-0.760811
-112.22	-3771.78	0.648655	-0.761083
-116.572	-3768.07	0.648331	-0.761359
-120.923	-3764.37	0.647975	-0.761662
-125.275	-3760.67	0.647558	-0.762016
-129.627	-3756.97	0.647096	-0.762408
-133.982	-3753.28	0.646623	-0.76281
-138.342	-3749.58	0.646149	-0.763211
-142.704	-3745.89	0.64567	-0.763617
-147.067	-3742.21	0.645168	-0.764041
-151.431	-3738.52	0.644632	-0.764493
-155.799	-3734.84	0.644064	-0.764972
-160.171	-3731.16	0.643479	-0.765464
-164.544	-3727.49	0.642894	-0.765955
-168.919	-3723.82	0.642308	-0.766446
-173.298	-3720.15	0.641722	-0.766937
-177.678	-3716.49	0.64113	-0.767433
-182.059	-3712.83	0.640519	-0.767942
-186.442	-3709.18	0.639881	-0.768474
-190.826	-3705.53	0.639215	-0.769028
-195.212	-3701.89	0.638538	-0.76959
-199.599	-3698.25	0.637856	-0.770156
-203.988	-3694.62	0.637139	-0.770749
-208.379	-3690.99	0.636327	-0.771419
-212.772	-3687.37	0.635391	-0.77219
-217.168	-3683.76	0.634348	-0.773048
-221.567	-3680.15	0.63321	-0.77398
-225.97	-3676.55	0.631986	-0.77498
-230.377	-3672.97	0.630689	-0.776036
-234.789	-3669.39	0.629312	-0.777153
-239.206	-3665.81	0.627844	-0.77834
-243.627	-3662.25	0.626284	-0.779595
-248.054	-3658.7	0.624599	-0.780945
-252.488	-3655.16	0.622742	-0.782427
-256.929	-3651.64	0.6207	-0.784048
-261.377	-3648.12	0.618475	-0.785805
-265.834	-3644.62	0.616081	-0.787683
-270.3	-3641.14	0.613545	-0.789659
-274.775	-3637.67	0.610875	-0.791727
-279.261	-3634.22	0.608049	-0.793899
-283.758	-3630.79	0.605056	-0.796183
-288.266	-3627.37	0.60193	-0.798549
-292.786	-3623.98	0.598761	-0.800928
-297.317	-3620.6	0.595683	-0.80322
-301.86	-3617.24	0.59288	-0.805291
-306.411	-3613.9	0.590489	-0.807046
-310.97	-3610.57	0.588449	-0.808534
-315.535	-3607.26	0.586527	-0.80993
-320.107	-3603.95	0.584463	-0.81142
-324.685	-3600.66	0.582105	-0.813114
-329.272	-3597.39	0.57948	-0.814986
-333.867	-3594.13	0.576746	-0.816924
-338.472	-3590.89	0.573995	-0.818859
-343.086	-3587.66	0.571233	-0.820788
-347.709	-3584.45	0.56846	-0.822711
-352.341	-3581.26	0.565652	-0.824644
-356.983	-3578.09	0.562817	-0.826581
-361.633	-3574.93	0.559977	-0.828508
-366.292	-3571.79	0.557154	-0.830409
-370.96	-3568.67	0.554408	-0.832245
-375.636	-3565.56	0.551819	-0.833964
-380.32	-3562.47	0.549428	-0.835541
-385.01	-3559.39	0.547194	-0.837006
-389.707	-3556.33	0.545076	-0.838386
-394.409	-3553.28	0.543063	-0.839692
-399.117	-3550.24	0.541133	-0.840937
-403.83	-3547.21	0.539238	-0.842154
-408.548	-3544.2	0.53734	-0.843366
-413.27	-3541.2	0.535441	-0.844573
-417.998	-3538.2	0.53354	-0.845775
-422.73	-3535.23	0.531637	-0.846972
-427.468	-3532.26	0.529732	-0.848165
-432.21	-3529.3	0.527826	-0.849353
-436.957	-3526.36	0.525918	-0.850536
-441.708	-3523.43	0.523976	-0.851733
-446.465	-3520.51	0.52196	-0.85297
-451.227	-3517.6	0.519882	-0.854238
-455.994	-3514.7	0.517784	-0.855512
-460.767	-3511.82	0.515684	-0.856779
-465.545	-3508.95	0.513582	-0.858041
-470.329	-3506.09	0.511477	-0.859297
-475.121	-3503.25	0.509373	-0.860546
-479.92	-3500.41	0.507292	-0.861774
-484.725	-3497.59	0.505282	-0.862954
-489.539	-3494.78	0.50345	-0.864024
-494.359	-3491.97	0.501908	-0.864921
-499.185	-3489.18	0.500663	-0.865642
-504.012	-3486.39	0.499578	-0.866269
-508.841	-3483.61	0.498524	-0.866876
-513.671	-3480.83	0.497532	-0.867446
-518.502	-3478.07	0.496705	-0.867919
-523.334	-3475.3	0.496116	-0.868257
-528.166	-3472.54	0.495771	-0.868453
-532.996	-3469.79	0.495664	-0.868514
-537.825	-3467.03	0.4958	-0.868437
-542.65	-3464.27	0.496243	-0.868184
-547.473	-3461.52	0.497005	-0.867748
-552.29	-3458.75	0.498043	-0.867152
-557.104	-3455.99	0.499156	-0.866512
-561.918	-3453.21	0.500268	-0.865871
-566.731	-3450.42	0.501411	-0.865209
-571.542	-3447.63	0.502641	-0.864496
-576.351	-3444.83	0.503972	-0.86372
-581.155	-3442.03	0.505326	-0.862929
-585.953	-3439.21	0.506678	-0.862136
-590.748	-3436.39	0.508029	-0.86134
-595.545	-3433.56	0.509381	-0.860541
-600.339	-3430.71	0.510732	-0.85974
-605.129	-3427.87	0.512082	-0.858936
-609.916	-3425.01	0.513432	-0.85813
-614.704	-3422.14	0.514783	-0.857321
-619.489	-3419.26	0.516132	-0.856509
-624.267	-3416.38	0.517483	-0.855693
-629.039	-3413.49	0.518873	-0.854852
-633.805	-3410.59	0.520354	-0.853951
-638.564	-3407.69	0.52197	-0.852964
-643.318	-3404.77	0.523782	-0.851853
-648.073	-3401.84	0.525782	-0.850619
-652.824	-3398.9	0.527888	-0.849314
-657.567	-3395.94	0.53002	-0.847985
-662.304	-3392.98	0.532149	-0.84665
-667.033	-3390	0.534279	-0.845308
-671.754	-3387.01	0.53644	-0.843938
-676.464	-3384.01	0.538673	-0.842515
-681.165	-3380.99	0.540975	-0.841039
-685.857	-3377.97	0.543341	-0.839512
-690.543	-3374.93	0.545778	-0.83793
-695.22	-3371.87	0.548251	-0.836314
-699.887	-3368.81	0.550725	-0.834687
-704.543	-3365.73	0.553194	-0.833053
-709.189	-3362.63	0.555624	-0.831434
-714.288	-3359.22	0.558084	-0.829785
-718.914	-3356.1	0.559991	-0.828499
-723.533	-3352.97	0.561644	-0.827379
-728.143	-3349.84	0.563201	-0.82632
-732.746	-3346.69	0.564795	-0.825231
-737.342	-3343.54	0.566516	-0.824051
-741.935	-3340.38	0.568416	-0.822741
-746.526	-3337.2	0.570461	-0.821325
-751.114	-3334.01	0.572622	-0.81982
-755.7	-3330.8	0.574898	-0.818225
-760.283	-3327.57	0.57729	-0.816539
-764.862	-3324.32	0.579808	-0.814753
-769.436	-3321.06	0.582476	-0.812848
-774.006	-3317.77	0.585293	-0.810822
-778.57	-3314.47	0.588193	-0.80872
-783.128	-3311.14	0.591113	-0.806589
-787.678	-3307.8	0.594009	-0.804458
-792.214	-3304.44	0.5968	-0.80239
-796.736	-3301.07	0.599405	-0.800446
-801.246	-3297.68	0.601762	-0.798676
-805.745	-3294.28	0.603816	-0.797124
-810.234	-3290.88	0.605591	-0.795776
-814.714	-3287.46	0.607129	-0.794603
-819.186	-3284.04	0.608432	-0.793606
-823.651	-3280.61	0.609523	-0.792769
-828.11	-3277.18	0.61052	-0.792001
-832.563	-3273.75	0.611527	-0.791223
-837.01	-3270.3	0.612544	-0.790436
-841.451	-3266.86	0.61356	-0.789648
-845.885	-3263.41	0.614574	-0.788859
-850.313	-3259.96	0.615582	-0.788073
-854.735	-3256.5	0.616583	-0.78729
-859.151	-3253.04	0.617583	-0.786506
-863.561	-3249.57	0.618604	-0.785703
-867.965	-3246.1	0.61974	-0.784807
-872.361	-3242.62	0.621097	-0.783734
-876.75	-3239.14	0.622697	-0.782463
-881.129	-3235.65	0.624542	-0.780991
-885.497	-3232.15	0.626649	-0.779302
-889.854	-3228.64	0.628977	-0.777424
-894.199	-3225.11	0.631491	-0.775383
-898.53	-3221.57	0.634128	-0.773228
-902.847	-3218.02	0.636784	-0.771043
-907.15	-3214.46	0.639365	-0.768903
-911.44	-3210.88	0.641766	-0.766901
-915.718	-3207.3	0.643909	-0.765102
-919.984	-3203.7	0.645835	-0.763477
-924.24	-3200.09	0.647682	-0.761911
-928.485	-3196.48	0.649565	-0.760306
-932.719	-3192.85	0.651556	-0.758601
-936.942	-3189.21	0.653659	-0.756789
-941.154	-3185.57	0.655836	-0.754903
-945.357	-3181.91	0.658063	-0.752963
-949.552	-3178.23	0.660352	-0.750956
-953.741	-3174.54	0.662776	-0.748818
-957.923	-3170.83	0.665408	-0.74648
-962.095	-3167.1	0.668247	-0.74394
-966.258	-3163.35	0.67128	-0.741204
-970.41	-3159.57	0.674484	-0.73829
-974.549	-3155.78	0.677759	-0.735284
-978.677	-3151.96	0.681046	-0.732241
-982.792	-3148.12	0.684448	-0.729062
-986.893	-3144.25	0.688048	-0.725665
-990.979	-3140.36	0.691849	-0.722043
-995.049	-3136.45	0.695816	-0.71822
-999.101	-3132.5	0.699902	-0.714239
-1003.13	-3128.53	0.70415	-0.710051
-1007.15	-3124.53	0.708619	-0.705591
-1011.13	-3120.51	0.713308	-0.700851
-1015.09	-3116.46	0.718143	-0.695895
-1019.02	-3112.38	0.723012	-0.690836
-1022.92	-3108.28	0.727887	-0.685698
-1026.79	-3104.15	0.73285	-0.68039
-1030.62	-3099.99	0.738	-0.6748
-1034.42	-3095.81	0.743442	-0.6688
-1038.19	-3091.6	0.749256	-0.66228
-1041.91	-3087.35	0.755448	-0.655209
-1045.59	-3083.07	0.76197	-0.647613
-1049.23	-3078.76	0.768751	-0.639548
-1052.82	-3074.4	0.775698	-0.631104
-1056.36	-3070.01	0.782697	-0.622403
-1059.85	-3065.59	0.789634	-0.613578
-1063.28	-3061.12	0.796412	-0.604755
-1066.67	-3056.62	0.802934	-0.596068
-1070.01	-3052.09	0.809135	-0.587623
-1073.3	-3047.52	0.815013	-0.579442
-1076.54	-3042.92	0.820545	-0.571583
-1079.74	-3038.29	0.825618	-0.564229
-1082.89	-3033.64	0.830131	-0.557568
-1086.01	-3028.97	0.834116	-0.551589
-1089.1	-3024.27	0.837718	-0.546103
-1092.15	-3019.56	0.841059	-0.540943
-1095.18	-3014.83	0.844225	-0.535989
-1098.18	-3010.08	0.847304	-0.531108
-1101.16	-3005.3	0.850351	-0.526216
-1104.11	-3000.51	0.85337	-0.521306
-1107.03	-2995.7	0.85636	-0.51638
-1109.93	-2990.88	0.859329	-0.511424
-1112.8	-2986.03	0.862352	-0.506308
-1115.64	-2981.16	0.865571	-0.500786
-1118.45	-2976.27	0.869094	-0.494647
-1121.22	-2971.37	0.872969	-0.487775
-1123.95	-2966.44	0.877184	-0.480154
-1126.64	-2961.49	0.881699	-0.471812
-1129.27	-2956.52	0.886467	-0.462791
-1131.86	-2951.52	0.891403	-0.453212
-1134.38	-2946.5	0.896401	-0.443245
-1136.85	-2941.45	0.901353	-0.433086
-1139.26	-2936.37	0.906127	-0.423006
-1141.62	-2931.27	0.910518	-0.413468
-1143.92	-2926.15	0.914357	-0.404908
-1146.17	-2921.01	0.917676	-0.397329
-1148.39	-2915.85	0.920756	-0.39014
-1150.56	-2910.68	0.9239	-0.382634
-1152.69	-2905.49	0.92725	-0.374442
-1154.76	-2900.29	0.930836	-0.365437
-1156.79	-2895.06	0.934609	-0.355676
-1158.76	-2889.82	0.938516	-0.345235
-1160.67	-2884.56	0.942531	-0.334119
-1162.51	-2879.28	0.946625	-0.322338
-1164.29	-2873.97	0.950767	-0.309906
-1165.99	-2868.65	0.954919	-0.296867
-1167.62	-2863.3	0.959045	-0.283254
-1169.17	-2857.93	0.963138	-0.269009
-1170.64	-2852.54	0.967147	-0.254219
-1172.03	-2847.14	0.970941	-0.23932
-1173.33	-2841.71	0.974386	-0.224883
-1174.55	-2836.27	0.977425	-0.211282
-1175.81	-2830.27	0.980309	-0.19747
-1176.89	-2824.8	0.982508	-0.186219
-1177.8	-2819.87	0.984123	-0.177487
-1178.77	-2814.38	0.985508	-0.169626
-1179.7	-2808.89	0.986476	-0.163907
-1180.61	-2803.4	0.987058	-0.160362
-1181.58	-2797.36	0.987351	-0.158551
-1182.46	-2791.87	0.98745	-0.157932
-1183.34	-2786.38	0.987511	-0.157548
-1184.21	-2780.89	0.987574	-0.157156
-1185.09	-2775.41	0.987654	-0.156653
-1185.87	-2770.47	0.987752	-0.15603
-1186.73	-2764.99	0.987894	-0.155133
-1187.68	-2758.96	0.988087	-0.153897
-1188.53	-2753.48	0.988287	-0.152605
-1189.28	-2748.55	0.988476	-0.151376
-1190.12	-2743.07	0.988692	-0.149959
-1190.95	-2737.59	0.988934	-0.148355
-1191.77	-2732.12	0.989235	-0.146334
-1192.57	-2726.64	0.98963	-0.14364
-1193.36	-2721.17	0.990108	-0.140306
-1194.2	-2715.14	0.99072	-0.135922
-1194.94	-2709.66	0.991352	-0.131227
-1195.66	-2704.18	0.992056	-0.125797
-1196.27	-2699.25	0.992734	-0.120329
-1196.92	-2693.77	0.993528	-0.113584
-1197.53	-2688.28	0.994364	-0.106022
-1198.1	-2682.79	0.99521	-0.0977631
-1198.67	-2676.75	0.996089	-0.0883541
-1199.14	-2671.26	0.99681	-0.0798119
-1199.56	-2665.77	0.997456	-0.0712882
-1199.93	-2660.27	0.998022	-0.0628681
-1200.26	-2654.77	0.998492	-0.0548923
-1200.52	-2649.83	0.998828	-0.0484041
-1200.79	-2643.78	0.999135	-0.0415803
-1200.99	-2638.83	0.999316	-0.0369824
-1201.18	-2633.34	0.999456	-0.0329894
-1201.36	-2627.85	0.999547	-0.0300977
-1201.52	-2622.36	0.999604	-0.028124
-1201.67	-2616.87	0.99964	-0.0268364
-1201.82	-2611.38	0.999663	-0.0259645
-1201.96	-2605.89	0.999681	-0.0252471
-1202.09	-2600.41	0.999696	-0.0246655
-1202.23	-2594.93	0.999703	-0.0243873
-1202.36	-2589.45	0.999705	-0.0242976
-1202.49	-2583.97	0.999706	-0.0242415
-1202.63	-2578.5	0.999707	-0.0242115
-1202.76	-2573.03	0.999705	-0.0242749
-1202.89	-2567.55	0.999702	-0.0244311
-1203.03	-2562.08	0.999697	-0.0246041
-1203.16	-2556.62	0.999693	-0.0247722
-1203.3	-2551.15	0.999689	-0.0249266
-1203.43	-2545.69	0.999686	-0.0250394
-1203.57	-2540.23	0.999686	-0.0250719
-1203.71	-2534.77	0.999686	-0.0250512
-1203.84	-2529.31	0.999687	-0.0250232
-1203.98	-2523.85	0.999688	-0.0249953
-1204.12	-2518.4	0.999688	-0.0249674
-1204.25	-2512.95	0.99969	-0.0249109
-1204.39	-2507.5	0.999693	-0.0247573
-1204.52	-2502.06	0.9997	-0.0244957
-1204.67	-2496.07	0.999708	-0.0241554
-1204.8	-2490.63	0.999716	-0.0238375
-1204.93	-2485.19	0.999723	-0.0235197
-1205.06	-2479.75	0.999731	-0.0232021
-1205.17	-2474.86	0.999737	-0.0229164
-1205.31	-2468.88	0.999745	-0.0225673
-1205.43	-2463.45	0.999752	-0.02225
-1205.55	-2458.01	0.999759	-0.0219328
-1205.67	-2452.58	0.999766	-0.0216157
-1205.78	-2447.15	0.999773	-0.0212987
-1205.9	-2441.72	0.99978	-0.0209815
-1206.01	-2436.29	0.999786	-0.0206643
-1206.12	-2430.86	0.999793	-0.0203472
-1206.23	-2425.43	0.999799	-0.0200302
-1206.34	-2420	0.999806	-0.019713
-1206.45	-2414.56	0.999812	-0.0193958
-1206.55	-2409.13	0.999818	-0.0190787
-1206.65	-2403.7	0.999824	-0.0187616
-1206.76	-2398.27	0.99983	-0.0184444
-1206.86	-2392.83	0.999836	-0.018127
-1206.95	-2387.4	0.999841	-0.0178099
-1207.05	-2381.97	0.999847	-0.0174927
-1207.14	-2376.54	0.999852	-0.0171754
-1207.24	-2371.1	0.999858	-0.016858
-1207.33	-2365.67	0.999863	-0.0165407
-1207.42	-2360.24	0.999868	-0.0162235
-1207.5	-2354.8	0.999873	-0.0159141
-1207.59	-2349.37	0.999878	-0.0156126
-1207.67	-2343.93	0.999883	-0.0153112
-1207.76	-2338.5	0.999887	-0.0150098
-1207.84	-2333.06	0.999892	-0.0147081
-1207.92	-2327.62	0.999896	-0.014406
-1207.99	-2322.17	0.999901	-0.0141036
-1208.07	-2316.72	0.999905	-0.0138009
-1208.15	-2311.26	0.999909	-0.0134978
-1208.22	-2305.8	0.999913	-0.0131946
-1208.29	-2300.35	0.999917	-0.0128916
-1208.36	-2294.89	0.999921	-0.0125888
-1208.43	-2289.44	0.999925	-0.0122861
-1208.49	-2283.99	0.999928	-0.0119835
-1208.56	-2278.54	0.999931	-0.0117067
-1208.62	-2273.08	0.999933	-0.0115453
-1208.68	-2267.62	0.999933	-0.0115818
-1208.75	-2262.15	0.999931	-0.0117767
-1208.81	-2256.68	0.999928	-0.0120139
-1208.88	-2251.2	0.999925	-0.0122153
-1208.95	-2245.71	0.999923	-0.0123889
-1209.02	-2240.22	0.999921	-0.0125624
-1209.08	-2234.74	0.999919	-0.012736
-1209.16	-2229.25	0.999917	-0.0129094
-1209.23	-2223.77	0.999914	-0.013083
-1209.3	-2218.28	0.999912	-0.0132567
-1209.37	-2212.78	0.99991	-0.0134306
-1209.45	-2207.29	0.999907	-0.0136046
-1209.52	-2201.79	0.999905	-0.0137787
-1209.6	-2196.28	0.999903	-0.0139531
-1209.67	-2190.77	0.9999	-0.0141275
-1209.75	-2185.26	0.999898	-0.0142757
-1209.83	-2179.76	0.999898	-0.0142661
-1209.91	-2174.25	0.999903	-0.0139088
-1209.99	-2168.73	0.999913	-0.0132159
-1210.06	-2163.22	0.999923	-0.0124318
-1210.12	-2157.7	0.999931	-0.0117732
-1210.19	-2152.18	0.999936	-0.0112744
-1210.25	-2146.67	0.999941	-0.0108316
-1210.31	-2141.14	0.999946	-0.0103822
-1210.36	-2135.61	0.999951	-0.00993242
-1210.42	-2130.08	0.999955	-0.00948242
-1210.47	-2124.54	0.999959	-0.00903139
-1210.52	-2118.98	0.999963	-0.0085725
-1210.56	-2113.41	0.999967	-0.00810628
-1210.61	-2107.84	0.999971	-0.00763987
-1210.65	-2102.27	0.999974	-0.00717369
-1210.69	-2096.7	0.999977	-0.00672803
-1210.73	-2091.12	0.99998	-0.00637205
-1210.76	-2085.54	0.999981	-0.00615698
-1210.8	-2079.96	0.999982	-0.00602793
-1210.83	-2074.39	0.999983	-0.00591331
-1210.86	-2068.81	0.999983	-0.0057986
-1210.89	-2063.22	0.999984	-0.00568366
-1210.92	-2057.63	0.999984	-0.00556861
-1210.96	-2052.04	0.999985	-0.0054536
-1210.99	-2046.45	0.999986	-0.00533043
-1211.02	-2040.86	0.999987	-0.00518456
-1211.04	-2035.26	0.999988	-0.00498906
-1211.07	-2029.65	0.999989	-0.00470902
-1211.1	-2024.05	0.999991	-0.00430967
-1211.12	-2018.45	0.999993	-0.0037747
-1211.14	-2012.85	0.999995	-0.00314695
-1211.16	-2007.24	0.999997	-0.00249155
-1211.17	-2001.63	0.999998	-0.00183547
-1211.18	-1996.02	0.999999	-0.00117114
-1211.18	-1990.41	1	-0.000414339
-1211.18	-1984.8	1	0.000598272
-1211.18	-1979.19	0.999998	0.00192453
-1211.16	-1973.58	0.999994	0.0034359
-1211.14	-1967.97	0.999988	0.00498985
-1211.11	-1962.37	0.999979	0.00654301
-1211.07	-1956.77	0.999967	0.00810158
-1211.02	-1951.17	0.999952	0.00975816
-1210.96	-1945.57	0.999932	0.0116484
-1210.89	-1939.97	0.999905	0.0137802
-1210.81	-1934.38	0.999872	0.0160117
-1210.71	-1928.79	0.999836	0.0181353
-1210.61	-1923.2	0.999799	0.02003
-1210.49	-1917.61	0.999764	0.0217185
-1210.37	-1912.03	0.999729	0.0232647
-1210.23	-1906.45	0.999696	0.0246683
-1210.09	-1900.87	0.999664	0.0259305
-1209.95	-1895.28	0.999635	0.0270332
-1209.79	-1889.7	0.99961	0.0279332
-1209.64	-1884.12	0.999588	0.0287081
-1209.47	-1878.54	0.999567	0.0294335
-1209.31	-1872.96	0.999545	0.0301584
-1209.14	-1867.39	0.999523	0.0308831
-1208.96	-1861.81	0.9995	0.0316079
-1208.79	-1856.23	0.999477	0.0323325
-1208.6	-1850.66	0.999453	0.0330568
-1208.42	-1845.09	0.999429	0.0337807
-1208.23	-1839.52	0.999405	0.0345043
-1208.03	-1833.95	0.999379	0.0352276
-1207.84	-1828.38	0.999354	0.0359395
-1207.64	-1822.81	0.999331	0.036566
-1207.43	-1817.24	0.999316	0.0369882
-1207.22	-1811.67	0.99931	0.037152
-1207.02	-1806.1	0.999311	0.037105
-1206.81	-1800.53	0.999316	0.0369928
-1206.6	-1794.96	0.999318	0.0369321
-1206.4	-1789.4	0.999318	0.0369229
-1206.19	-1783.83	0.99932	0.0368744
-1205.99	-1778.27	0.999327	0.0366887
-1205.76	-1772.14	0.999344	0.0362061
-1205.58	-1767.14	0.999368	0.0355476
-1205.37	-1761.02	0.999406	0.0344574
-1205.18	-1755.46	0.999447	0.0332654
-1205	-1749.91	0.999492	0.0318762
-1204.82	-1744.35	0.999543	0.030235
-1204.66	-1738.8	0.999599	0.0283134
-1204.51	-1733.25	0.999658	0.0261544
-1204.37	-1727.7	0.999716	0.0238132
-1204.24	-1722.15	0.999774	0.0212757
-1204.13	-1716.6	0.999829	0.0184729
-1204.03	-1711.06	0.999882	0.0153848
-1203.95	-1705.52	0.999927	0.0120806
-1203.9	-1699.98	0.999962	0.00868643
-1203.85	-1694.44	0.999986	0.00525936
-1203.83	-1688.91	0.999999	0.00170813
-1203.83	-1683.37	0.999998	-0.00193876
-1203.85	-1677.84	0.999986	-0.00536098
-1203.89	-1672.31	0.999967	-0.00812519
-1203.94	-1666.78	0.99995	-0.00995869
-1203.99	-1661.26	0.999942	-0.0107632
-1204.05	-1655.74	0.999944	-0.0105697
-1204.11	-1650.22	0.999952	-0.00977113
-1204.16	-1644.7	0.99996	-0.00893854
-1204.21	-1639.18	0.999965	-0.00841335
-1204.26	-1633.67	0.999966	-0.00821549
-1204.3	-1628.16	0.999967	-0.00815697
-1204.35	-1622.65	0.999967	-0.00811261
-1204.39	-1617.14	0.999967	-0.00806828
-1204.43	-1611.63	0.999968	-0.00802396
-1204.48	-1606.13	0.999968	-0.00797963
-1204.52	-1600.63	0.999969	-0.00793531
-1204.57	-1595.12	0.999969	-0.00789098
-1204.61	-1589.62	0.999969	-0.00784665
-1204.65	-1584.11	0.99997	-0.00780233
-1204.7	-1578.61	0.99997	-0.007758
-1204.74	-1573.1	0.99997	-0.00772173
-1204.78	-1567.6	0.99997	-0.00773229
-1204.82	-1562.09	0.999969	-0.00788038
-1204.87	-1556.59	0.999966	-0.00825821
-1204.91	-1551.08	0.999961	-0.00887247
-1204.96	-1545.56	0.999954	-0.00959258
-1205.02	-1540.04	0.999947	-0.0103129
-1205.08	-1534.53	0.999939	-0.0110531
-1205.14	-1529.01	0.999929	-0.0118841
-1205.21	-1523.5	0.999917	-0.012869
-1205.28	-1517.98	0.999903	-0.0139368
-1205.36	-1512.47	0.999888	-0.0149699
-1205.45	-1506.95	0.999873	-0.0159628
-1205.54	-1501.42	0.999856	-0.0169518
-1205.63	-1495.89	0.999839	-0.0179207
-1205.73	-1490.35	0.999823	-0.0188331
-1205.84	-1484.82	0.999806	-0.0197024
-1205.95	-1479.28	0.999789	-0.0205368
-1206.07	-1473.75	0.999775	-0.021231
-1206.18	-1468.22	0.999765	-0.0216797
-1206.3	-1462.7	0.999761	-0.0218427
-1206.43	-1457.17	0.999762	-0.0218108
-1206.55	-1451.64	0.999764	-0.0217379
-1206.67	-1446.11	0.999765	-0.0216649
-1206.79	-1440.57	0.999767	-0.0215776
-1206.9	-1435.04	0.999771	-0.0214215
-1207.02	-1429.51	0.999776	-0.021154
-1207.14	-1423.98	0.999783	-0.0208297
-1207.25	-1418.44	0.99979	-0.0205131
-1207.37	-1412.91	0.999796	-0.0202107
-1207.48	-1407.37	0.999802	-0.0199142
-1207.59	-1401.82	0.999808	-0.0196175
-1207.7	-1396.28	0.999813	-0.0193265
-1207.8	-1390.72	0.999819	-0.019041
-1207.91	-1385.14	0.999824	-0.0187543
-1208.01	-1379.54	0.999829	-0.0184663
-1208.12	-1373.93	0.999835	-0.0181852
-1208.22	-1368.29	0.999839	-0.0179402
-1208.32	-1362.63	0.999843	-0.0177295
-1208.42	-1356.95	0.999846	-0.0175244
-1208.52	-1351.27	0.99985	-0.0173193
-1208.62	-1345.6	0.999854	-0.0171142
-1208.71	-1339.92	0.999857	-0.0169092
-1208.81	-1334.25	0.99986	-0.0167043
-1208.9	-1328.58	0.999864	-0.0164995
-1209	-1322.91	0.999867	-0.0162948
-1209.09	-1317.24	0.999871	-0.0160902
-1209.18	-1311.58	0.999874	-0.0158857
-1209.27	-1305.92	0.999877	-0.0156751
-1209.36	-1300.26	0.999881	-0.0154145
-1209.44	-1294.6	0.999887	-0.0150102
-1209.53	-1288.94	0.999897	-0.0143625
-1209.61	-1283.29	0.999909	-0.0134548
-1209.68	-1277.64	0.999923	-0.012404
-1209.75	-1271.99	0.999936	-0.0113265
-1209.81	-1266.34	0.999947	-0.0102496
-1209.86	-1260.7	0.999958	-0.00917317
-1209.91	-1255.05	0.999967	-0.0080827
-1209.96	-1249.41	0.999976	-0.00692009
-1209.99	-1243.77	0.999984	-0.00562731
-1210.02	-1238.14	0.999991	-0.00425007
-1210.04	-1232.5	0.999996	-0.00286725
-1210.05	-1226.87	0.999999	-0.00157003
-1210.06	-1221.24	1	-0.000480517
-1210.06	-1215.61	1	0.00036627
-1210.06	-1209.99	0.999999	0.00106157
-1210.05	-1204.36	0.999999	0.0017193
-1210.04	-1198.74	0.999997	0.00237673
-1210.02	-1193.12	0.999995	0.00303384
-1210.01	-1187.51	0.999993	0.00369062
-1209.98	-1181.89	0.999991	0.00434705
-1209.96	-1176.28	0.999987	0.00500317
-1209.93	-1170.67	0.999984	0.0056528
-1209.9	-1165.06	0.99998	0.00628153
-1209.86	-1159.46	0.999976	0.00689553
-1209.81	-1153.29	0.999971	0.00757057
-1209.77	-1148.25	0.999967	0.00812264
-1209.73	-1142.65	0.999962	0.00873571
-1209.68	-1137.05	0.999956	0.00934848
-1209.62	-1131.46	0.99995	0.00996098
-1209.57	-1125.87	0.999944	0.0105387
-1209.51	-1120.28	0.99994	0.0109691
-1209.45	-1114.69	0.999939	0.0110821
-1209.38	-1109.1	0.999941	0.010871
-1209.32	-1103.52	0.999944	0.0105993
-1209.26	-1097.93	0.999946	0.0104113
-1209.21	-1092.35	0.999947	0.0102749
-1209.15	-1086.76	0.999949	0.0101385
-1209.09	-1081.18	0.99995	0.0100022
-1209.03	-1075.04	0.999951	0.00985228
-1208.98	-1070.01	0.999953	0.00972954
-1208.92	-1063.87	0.999954	0.00957962
-1208.87	-1058.29	0.999955	0.0094434
-1208.82	-1052.71	0.999957	0.00930715
-1208.77	-1047.69	0.999958	0.00918448
-1208.72	-1041.55	0.999959	0.0090346
-1208.67	-1036.53	0.99996	0.00891194
-1208.62	-1030.94	0.999961	0.00877554
-1208.57	-1024.8	0.999963	0.00862545
-1208.52	-1019.21	0.999964	0.00848904
-1208.47	-1013.62	0.999965	0.00835255
-1208.43	-1008.03	0.999966	0.00821599
-1208.38	-1002.44	0.999967	0.00807947
-1208.34	-996.857	0.999968	0.00794302
-1208.29	-991.269	0.99997	0.00780654
-1208.25	-986.237	0.99997	0.00768363
-1208.21	-980.089	0.999972	0.00753345
-1208.16	-974.502	0.999973	0.007397
-1208.12	-968.914	0.999974	0.00726048
-1208.08	-963.318	0.999975	0.00712376
-1208.04	-957.715	0.999976	0.00698682
-1208	-952.107	0.999977	0.00684976
-1207.97	-947.062	0.999977	0.00672647
-1207.93	-941.459	0.999978	0.00658956
-1207.89	-935.297	0.999979	0.006439
-1207.86	-930.258	0.99998	0.00631585
-1207.83	-924.661	0.999981	0.00617909
-1207.79	-919.066	0.999982	0.0060424
-1207.76	-913.473	0.999983	0.00590579
-1207.72	-907.883	0.999983	0.00576926
-1207.69	-902.294	0.999984	0.0056328
-1207.66	-896.149	0.999985	0.00548275
-1207.63	-890.566	0.999986	0.00534638
-1207.6	-884.984	0.999986	0.00521008
-1207.57	-879.404	0.999987	0.00507386
-1207.54	-873.827	0.999988	0.00493771
-1207.51	-868.252	0.999988	0.00480165
-1207.49	-863.236	0.999989	0.00467925
-1207.46	-857.108	0.99999	0.0045297
-1207.44	-852.096	0.99999	0.00440737
-1207.41	-845.973	0.999991	0.00425794
-1207.39	-840.965	0.999991	0.00413575
-1207.37	-835.403	0.999992	0.00400006
-1207.35	-829.287	0.999993	0.00385088
-1207.32	-823.729	0.999993	0.00371534
-1207.3	-818.174	0.999994	0.00357985
-1207.28	-812.62	0.999994	0.00344439
-1207.27	-807.069	0.999995	0.00330901
-1207.25	-801.52	0.999995	0.0031737
-1207.23	-795.973	0.999995	0.00303847
-1207.21	-790.429	0.999996	0.00290331
-1207.2	-784.886	0.999996	0.0027682
-1207.18	-779.346	0.999997	0.00263312
-1207.17	-773.808	0.999997	0.00249812
-1207.16	-768.272	0.999997	0.00236319
-1207.14	-762.738	0.999998	0.00222834
-1207.13	-757.204	0.999998	0.00209349
-1207.12	-751.669	0.999998	0.00195861
-1207.11	-746.136	0.999998	0.00182376
-1207.1	-740.605	0.999999	0.00168898
-1207.09	-735.072	0.999999	0.00155414
-1207.08	-729.537	0.999999	0.00141921
-1207.07	-724.003	0.999999	0.00128436
-1207.07	-718.47	0.999999	0.00114951
-1207.06	-712.934	0.999999	0.00101455
-1207.06	-707.396	1	0.000879545
-1207.05	-701.86	1	0.000744619
-1207.05	-696.324	1	0.000609693
-1207.04	-690.782	1	0.000474577
-1207.04	-685.234	1	0.000339308
-1207.04	-679.686	1	0.000204038
-1207.04	-674.136	1	6.8693e-05
-1207.04	-668.578	1	-6.69195e-05
-1207.04	-663.01	1	-0.000202799
-1207.04	-657.439	1	-0.000338755
-1207.04	-651.869	1	-0.000474711
-1207.05	-646.295	1	-0.000610819
-1207.05	-640.709	1	-0.000747309
-1207.05	-635.105	1	-0.000884333
-1207.06	-629.482	0.999999	-0.00102815
-1207.07	-623.847	0.999999	-0.00117852
-1207.07	-618.21	0.999999	-0.00134347
-1207.08	-612.575	0.999999	-0.00155187
-1207.09	-606.942	0.999998	-0.00181817
-1207.1	-601.311	0.999998	-0.00211335
-1207.11	-595.682	0.999997	-0.00240842
-1207.13	-590.055	0.999996	-0.00270337
-1207.14	-584.431	0.999996	-0.00299817
-1207.16	-578.809	0.999995	-0.00329281
-1207.18	-573.189	0.999994	-0.00358731
-1207.2	-567.571	0.999992	-0.00388786
-1207.22	-561.955	0.999991	-0.0042234
-1207.25	-556.342	0.999989	-0.00461036
-1207.28	-550.73	0.999987	-0.00500537
-1207.3	-545.121	0.999986	-0.00531363
-1207.33	-539.514	0.999985	-0.00547133
-1207.37	-533.91	0.999985	-0.00554445
-1207.4	-528.307	0.999984	-0.00564016
-1207.43	-522.707	0.999984	-0.00574201
-1207.46	-517.109	0.999983	-0.00575281
-1207.49	-511.513	0.999984	-0.00570963
-1207.52	-505.919	0.999984	-0.0057348
-1207.56	-500.327	0.999983	-0.00582212
-1207.59	-494.738	0.999983	-0.00588888
-1207.62	-489.151	0.999982	-0.00592683
-1207.66	-483.566	0.999982	-0.00596475
-1207.69	-477.983	0.999982	-0.00600267
-1207.72	-472.402	0.999982	-0.00604673
-1207.76	-466.822	0.999981	-0.00611127
-1207.79	-461.24	0.999981	-0.00619836
-1207.83	-455.659	0.99998	-0.00629365
-1207.86	-450.079	0.99998	-0.0063889
-1207.9	-444.501	0.999979	-0.00648411
-1207.93	-438.925	0.999978	-0.00657929
-1207.97	-433.351	0.999978	-0.00667442
-1208.01	-427.777	0.999977	-0.00677574
-1208.05	-422.198	0.999976	-0.00689151
-1208.08	-416.616	0.999975	-0.00701552
-1208.12	-411.036	0.999975	-0.00713946
-1208.16	-405.455	0.999974	-0.00726343
-1208.2	-399.873	0.999973	-0.00738749
-1208.25	-394.291	0.999972	-0.0075115
-1208.29	-388.711	0.999971	-0.00763543
-1208.33	-383.132	0.99997	-0.00775937
-1208.38	-377.547	0.999969	-0.00787526
-1208.42	-371.957	0.999969	-0.0079271
-1208.46	-366.364	0.99997	-0.00776074
-1208.51	-360.774	0.999973	-0.0073337
-1208.55	-355.185	0.999976	-0.0068719
-1208.58	-349.599	0.999978	-0.00662159
-1208.62	-344.015	0.999978	-0.00662414
-1208.66	-338.434	0.999977	-0.00672561
-1208.7	-332.854	0.999977	-0.00678402
-1208.73	-327.277	0.999977	-0.00681369
-1208.77	-321.702	0.999977	-0.00685153
-1208.81	-316.129	0.999976	-0.00688937
-1208.85	-310.558	0.999976	-0.00692722
-1208.89	-304.989	0.999976	-0.00697116
-1208.93	-299.422	0.999975	-0.00704371
-1208.97	-293.85	0.999974	-0.0071593
-1209.01	-288.272	0.999973	-0.00731596
-1209.05	-282.694	0.999972	-0.00749315
-1209.09	-277.117	0.999971	-0.00767026
-1209.13	-271.539	0.999969	-0.00784743
-1209.18	-265.953	0.999968	-0.00801874
-1209.22	-260.363	0.999967	-0.0081635
-1209.27	-254.776	0.999966	-0.00827946
-1209.31	-249.191	0.999965	-0.00838716
-1209.36	-243.602	0.999964	-0.00849492
-1209.41	-238.008	0.999963	-0.00860285
-1209.46	-232.409	0.999962	-0.00871085
-1209.51	-226.813	0.999961	-0.00881386
-1209.56	-221.217	0.99996	-0.00889795
-1209.61	-215.617	0.99996	-0.00896484
-1209.66	-210.01	0.999959	-0.00903182
-1209.71	-204.403	0.999959	-0.00909881
-1209.76	-198.797	0.999958	-0.00916579
-1209.81	-193.189	0.999957	-0.0092328
-1209.86	-187.578	0.999957	-0.00929983
-1209.91	-181.969	0.999956	-0.00936682
-1209.97	-176.362	0.999956	-0.0094338
-1210.02	-170.758	0.999955	-0.00950075
-1210.07	-165.155	0.999954	-0.00956766
-1210.13	-159.555	0.999954	-0.00963453
-1210.18	-153.957	0.999953	-0.00970137
-1210.23	-148.361	0.999952	-0.0097682
-1210.29	-142.768	0.999952	-0.009835
-1210.34	-137.176	0.999951	-0.00990175
-1210.41	-131.028	0.99995	-0.00997514
-1210.46	-125.441	0.99995	-0.0100418
-1210.51	-120.415	0.999949	-0.0101018
-1210.57	-114.832	0.999948	-0.0101684
-1210.63	-108.694	0.999948	-0.0102417
-1210.69	-103.115	0.999947	-0.0103083
-1210.75	-97.5334	0.999946	-0.0103749
-1210.8	-91.9504	0.999945	-0.0104415
-1210.86	-86.3697	0.999945	-0.0105081
-1210.92	-80.7891	0.999944	-0.0105747
-1210.98	-75.2074	0.999943	-0.0106413
-1211.04	-69.628	0.999943	-0.0107079
-1211.1	-64.0507	0.999942	-0.0107744
-1211.16	-58.4729	0.999941	-0.010841
-1211.22	-52.893	0.999941	-0.0109076
-1211.28	-47.3153	0.99994	-0.0109742
-1211.34	-41.7383	0.999939	-0.0110407
-1211.41	-36.1585	0.999938	-0.0111072
-1211.47	-30.5762	0.999938	-0.0111738
-1211.53	-24.9961	0.999937	-0.0112404
-1211.59	-19.4171	0.999936	-0.011307
-1211.66	-13.8368	0.999935	-0.0113736
-1211.72	-8.25603	0.999935	-0.0114402
-1211.78	-2.6775	0.999934	-0.0115068
-1211.85	2.89885	0.999933	-0.0115733
-1211.91	8.47301	0.999932	-0.0116398
-1211.98	14.045	0.999931	-0.0117063
-1212.04	19.6148	0.999931	-0.0117727
-1212.11	25.1824	0.99993	-0.0118391
-1212.17	30.7478	0.999929	-0.0119055
-1212.24	36.3111	0.999928	-0.0119718
-1212.31	41.8721	0.999928	-0.0120381
-1212.38	47.431	0.999927	-0.0121044
-1212.44	52.9877	0.999926	-0.0121707
-1212.51	58.5422	0.999925	-0.0122369
-1212.58	64.0951	0.999924	-0.0123031
-1212.65	69.6495	0.999923	-0.0123693
-1212.72	75.2058	0.999923	-0.0124355
-1212.78	80.76	0.999922	-0.0125018
-1212.85	86.3122	0.999921	-0.0125679
-1212.92	91.8649	0.99992	-0.0126341
-1212.99	97.4191	0.999919	-0.0127003
-1213.07	102.971	0.999919	-0.0127665
-1213.14	108.521	0.999918	-0.0128327
-1213.21	114.07	0.999917	-0.0128988
-1213.28	119.619	0.999916	-0.0129649
-1213.35	125.166	0.999915	-0.013031
-1213.42	130.711	0.999914	-0.0130971
-1213.5	136.254	0.999913	-0.0131631
-1213.57	141.794	0.999912	-0.0132291
-1213.64	147.332	0.999912	-0.0132951
-1213.72	152.871	0.999911	-0.0133611
-1213.79	158.413	0.99991	-0.0134271
-1213.87	163.957	0.999909	-0.0134932
-1213.94	169.499	0.999908	-0.0135593
-1214.02	175.04	0.999907	-0.0136253
-1214.09	180.58	0.999906	-0.0136913
-1214.17	186.117	0.999905	-0.0137572
-1214.24	191.654	0.999904	-0.0138232
-1214.32	197.198	0.999903	-0.0139035
-1214.4	202.746	0.999901	-0.0140388
-1214.48	208.3	0.999899	-0.0142151
-1214.56	213.858	0.999896	-0.0143914
-1214.64	219.421	0.999894	-0.014568
-1214.72	224.988	0.999891	-0.0147447
-1214.8	230.558	0.999889	-0.0149298
-1214.88	236.131	0.999886	-0.0151231
-1214.97	241.706	0.999883	-0.0153165
-1215.05	247.283	0.99988	-0.01551
-1215.14	252.863	0.999877	-0.0156749
-1215.23	258.445	0.99988	-0.0155093
-1215.31	264.03	0.999894	-0.0145883
-1215.39	269.617	0.999916	-0.0129301
-1215.46	275.206	0.999943	-0.0107167
-1215.51	280.798	0.999966	-0.00825967
-1215.56	286.393	0.99998	-0.00632757
-1215.59	291.991	0.999986	-0.00520466
-1215.62	297.591	0.999991	-0.00422918
-1215.64	303.193	0.999996	-0.00284762
-1215.65	308.797	0.999999	-0.00120387
-1215.65	314.404	1	0.00024896
-1215.65	320.012	0.999999	0.00123445
-1215.64	325.623	0.999998	0.00193578
-1215.63	331.236	0.999996	0.00275716
-1215.61	336.851	0.999992	0.0039423
-1215.58	342.468	0.999985	0.00540682
-1215.55	348.087	0.999976	0.00688644
-1215.51	353.709	0.999966	0.00820957
-1215.46	359.332	0.999957	0.00925407
-1215.41	364.957	0.99995	0.00997002
-1215.35	370.584	0.999945	0.0104586
-1215.29	376.214	0.999941	0.010877
-1215.23	381.845	0.999938	0.0111794
-1215.16	387.479	0.999944	0.0105672
-1215.11	393.115	0.999963	0.00862471
-1215.06	398.753	0.999982	0.00602994
-1215.04	404.392	0.999994	0.00334077
-1215.02	410.034	1	0.000993322
-1215.02	415.676	1	-0.000471979
-1215.03	421.32	1	-0.000734163
-1215.03	426.965	1	4.94135e-05
-1215.03	432.612	0.999999	0.00124265
-1215.02	438.259	0.999997	0.00235093
-1215	443.908	0.999995	0.00328046
-1214.98	449.554	0.999992	0.00404339
-1214.96	455.199	0.999989	0.00467723
-1214.93	460.844	0.999986	0.00524035
-1214.9	466.487	0.999983	0.00578878
-1214.86	472.129	0.99998	0.00633698
-1214.83	477.768	0.999976	0.00688492
-1214.79	483.405	0.999972	0.00743258
-1214.74	489.04	0.999968	0.00797997
-1214.7	494.673	0.999964	0.00852709
-1214.65	500.303	0.999959	0.00905117
-1214.6	505.932	0.999956	0.00936797
-1214.54	511.558	0.999959	0.00905091
-1214.5	517.182	0.999969	0.00787091
-1214.45	522.804	0.999982	0.00606287
-1214.43	528.423	0.999992	0.00396218
-1214.41	534.041	0.999998	0.00178399
-1214.4	539.656	1	-0.000393168
-1214.41	545.831	0.999996	-0.00278686
-1214.43	551.442	0.999988	-0.00496184
-1214.46	556.49	0.999976	-0.00691861
-1214.51	562.658	0.999957	-0.00930961
-1214.56	567.704	0.999937	-0.0112652
-1214.63	573.308	0.99991	-0.0134369
-1214.71	578.91	0.999878	-0.0156076
-1214.8	584.509	0.999842	-0.0177772
-1214.92	590.666	0.999797	-0.0201624
-1215.03	596.26	0.999751	-0.0223297
-1215.16	601.852	0.9997	-0.0244958
-1215.31	607.441	0.999645	-0.0266509
-1215.46	613.028	0.99959	-0.028621
-1215.62	618.613	0.999546	-0.0301377
-1215.78	623.637	0.999526	-0.0307882
-1215.96	629.775	0.99954	-0.0303324
-1216.11	634.795	0.99958	-0.0289772
-1216.27	640.372	0.999635	-0.0270193
-1216.42	645.946	0.999691	-0.0248551
-1216.55	651.519	0.999743	-0.0226501
-1216.67	657.09	0.999791	-0.0204461
-1216.78	662.659	0.999834	-0.0182429
-1216.88	668.227	0.999871	-0.0160397
-1216.97	674.353	0.999907	-0.0136162
-1217.04	679.92	0.999935	-0.0114141
-1217.1	684.928	0.999956	-0.00943303
-1217.14	690.491	0.999974	-0.00717079
-1217.18	696.052	0.999989	-0.00471539
-1217.2	701.611	0.999998	-0.00205232
-1217.2	707.168	1	0.000695081
-1217.19	712.722	0.999994	0.00344114
-1217.16	718.83	0.999979	0.00646026
-1217.13	723.825	0.99996	0.00892923
-1217.07	729.927	0.999929	0.0119453
-1217	734.918	0.999896	0.014412
-1216.92	740.462	0.999853	0.0171519
-1216.8	746.558	0.999797	0.020164
-1216.7	751.543	0.999744	0.0226272
-1216.57	757.079	0.999678	0.0253626
-1216.42	762.613	0.999605	0.0280965
-1216.24	768.698	0.999516	0.031102
-1216.08	773.674	0.999437	0.0335597
-1215.89	779.2	0.999341	0.036289
-1215.68	784.723	0.999239	0.0390167
-1215.46	790.244	0.999128	0.0417427
-1215.23	795.762	0.999011	0.0444672
-1214.97	801.277	0.998886	0.04719
-1214.71	806.789	0.998754	0.0499111
-1214.43	812.298	0.998614	0.0526305
-1214.1	818.355	0.998452	0.0556199
-1213.82	823.308	0.998313	0.0580642
-1213.49	828.808	0.998151	0.0607785
-1213.15	834.305	0.997982	0.063491
-1212.8	839.8	0.997806	0.0662025
-1212.43	845.294	0.997623	0.0689133
-1212.04	850.785	0.997432	0.0716222
-1211.6	856.821	0.997214	0.0746001
-1211.23	861.758	0.997028	0.0770352
-1210.8	867.239	0.996816	0.079739
-1210.31	873.265	0.996574	0.082711
-1209.89	878.193	0.996364	0.0851954
-1209.42	883.664	0.99611	0.0881176
-1208.93	889.132	0.995828	0.091248
-1208.37	895.142	0.99549	0.0948658
-1207.89	900.056	0.995198	0.0978865
-1207.3	906.058	0.994824	0.101614
-1206.73	911.511	0.994468	0.105044
-1206.15	916.966	0.994095	0.108517
-1205.54	922.417	0.993708	0.112002
-1204.92	927.865	0.993309	0.115484
-1204.28	933.308	0.992899	0.118963
-1203.62	938.747	0.992476	0.122439
-1202.94	944.183	0.992041	0.125913
-1202.25	949.614	0.991595	0.129383
-1201.53	955.04	0.991136	0.132851
-1200.8	960.462	0.990666	0.136314
-1200.04	965.879	0.990207	0.13961
-1199.27	971.291	0.98982	0.142324
-1198.49	976.699	0.989548	0.144204
-1197.7	982.104	0.989389	0.14529
-1196.91	987.506	0.989342	0.145607
-1196.11	992.906	0.989417	0.145101
-1195.32	998.305	0.989589	0.143921
-1194.54	1003.7	0.989805	0.14243
-1193.77	1009.1	0.990032	0.140844
-1193	1014.5	0.990262	0.139217
-1192.25	1019.89	0.990494	0.137554
-1191.5	1025.29	0.990727	0.135864
-1190.77	1030.69	0.990959	0.134168
-1190.04	1036.09	0.991178	0.132541
-1189.32	1041.48	0.991352	0.131228
-1188.61	1046.88	0.991447	0.130512
-1187.9	1052.27	0.991438	0.130576
-1187.19	1057.66	0.991329	0.1314
-1186.47	1063.05	0.991168	0.132612
-1185.75	1068.44	0.990998	0.133878
-1185.02	1073.82	0.990826	0.135142
-1184.28	1079.2	0.990653	0.136407
-1183.54	1084.58	0.990478	0.13767
-1182.79	1089.95	0.990302	0.138933
-1182.03	1095.32	0.990135	0.14012
-1181.27	1100.69	0.990022	0.140913
-1180.51	1106.05	0.990033	0.140834
-1179.74	1111.42	0.990184	0.139771
-1178.99	1116.78	0.990428	0.138028
-1178.25	1122.14	0.990722	0.135902
-1177.52	1127.5	0.991035	0.133606
-1176.8	1132.86	0.991346	0.131276
-1176.1	1138.22	0.991651	0.128953
-1175.4	1143.58	0.991944	0.126678
-1174.72	1148.94	0.992212	0.124558
-1174.06	1154.3	0.992432	0.122796
-1173.4	1159.66	0.992578	0.121608
-1172.74	1165.01	0.992639	0.121109
-1172.09	1170.37	0.992621	0.121261
-1171.43	1175.72	0.992555	0.121801
-1170.78	1181.07	0.992478	0.122423
-1170.11	1186.43	0.992426	0.122843
-1169.45	1191.79	0.992456	0.122604
-1168.79	1197.15	0.992591	0.121504
-1168.14	1202.5	0.992787	0.119891
-1167.5	1207.86	0.993003	0.118091
-1166.86	1213.21	0.993237	0.116104
-1166.24	1218.57	0.993497	0.113854
-1165.63	1223.92	0.993788	0.111287
-1165.04	1229.27	0.994116	0.108317
-1164.46	1234.62	0.994485	0.104883
-1163.91	1239.98	0.994889	0.100978
-1163.37	1245.33	0.995323	0.0966021
-1162.86	1250.68	0.995781	0.0917621
-1162.38	1256.03	0.996257	0.0864386
-1161.93	1261.39	0.996745	0.0806234
-1161.51	1266.74	0.997226	0.0744322
-1161.12	1272.09	0.997678	0.0681067
-1160.77	1277.45	0.998079	0.061955
-1160.45	1282.8	0.998415	0.0562814
-1160.16	1288.15	0.998688	0.0512153
-1159.9	1293.51	0.998914	0.0465949
-1159.66	1298.86	0.999114	0.0420829
-1159.44	1304.21	0.999303	0.0373369
-1159.25	1309.56	0.999481	0.0322027
-1159.09	1314.91	0.999635	0.0270293
-1158.96	1320.25	0.999745	0.022597
-1158.84	1325.6	0.99981	0.0195153
-1158.74	1330.94	0.999838	0.0179774
-1158.65	1336.28	0.999839	0.0179554
-1158.55	1341.62	0.999821	0.0189101
-1158.45	1346.96	0.999799	0.0200449
-1158.34	1352.29	0.999779	0.0210045
-1158.23	1357.62	0.999764	0.0217429
-1158.11	1362.95	0.999751	0.0222929
-1157.99	1368.28	0.999741	0.0227478
-1157.87	1373.6	0.999731	0.023189
-1157.74	1378.93	0.999721	0.0236299
-1157.62	1384.25	0.99971	0.0240705
-1157.49	1389.57	0.9997	0.0245109
-1157.36	1394.88	0.999689	0.0249511
-1157.22	1400.2	0.999678	0.0253911
-1157.09	1405.51	0.999667	0.0258194
-1156.95	1410.82	0.999662	0.0259905
-1156.81	1416.12	0.999676	0.0254498
-1156.68	1421.43	0.999709	0.0241103
-1156.55	1426.75	0.999753	0.0222173
-1156.44	1432.07	0.999801	0.0199697
-1156.34	1437.39	0.999845	0.0175813
-1156.25	1442.7	0.999885	0.015194
-1156.17	1448.02	0.999918	0.0128123
-1156.11	1453.35	0.999946	0.0104259
-1156.06	1458.68	0.999968	0.00803554
-1156.02	1464.02	0.999984	0.00564268
-1156	1469.36	0.999995	0.00324974
-1155.99	1474.7	1	0.000857885
-1155.99	1480.04	0.999999	-0.00153279
-1156	1485.37	0.999992	-0.0038804
-1156.03	1490.7	0.999982	-0.00597031
-1156.06	1496.03	0.999972	-0.00744797
-1156.1	1501.36	0.999967	-0.00814511
-1156.15	1506.69	0.999966	-0.00822465
-1156.19	1512.01	0.999968	-0.00803978
-1156.23	1517.33	0.999969	-0.00783878
-1156.27	1522.65	0.999971	-0.00763786
-1156.31	1527.97	0.999972	-0.00743704
-1156.35	1533.28	0.999974	-0.00723635
-1156.39	1538.59	0.999975	-0.00703573
-1156.43	1543.9	0.999977	-0.00683522
-1156.46	1549.21	0.999978	-0.00663471
-1156.5	1554.53	0.999979	-0.00643385
-1156.53	1559.85	0.999981	-0.00623257
-1156.56	1565.18	0.999982	-0.00603122
-1156.6	1570.51	0.999983	-0.00582996
-1156.63	1575.84	0.999984	-0.00562867
-1156.66	1581.16	0.999985	-0.00542731
-1156.69	1587.03	0.999986	-0.00520571
-1156.72	1592.36	0.999987	-0.00500415
-1156.74	1597.16	0.999988	-0.00482264
-1156.77	1603.03	0.999989	-0.00460071
-1156.79	1608.37	0.999991	-0.00435226
-1156.81	1613.71	0.999992	-0.0039423
-1156.83	1619.06	0.999994	-0.00332924
-1156.85	1624.42	0.999997	-0.00261922
-1156.86	1629.79	0.999998	-0.00189958
-1156.87	1635.17	0.999999	-0.00117864
-1156.88	1640.55	1	-0.00045743
-1156.88	1645.93	1	0.000263433
-1156.87	1651.31	1	0.000983915
-1156.87	1656.69	0.999999	0.0017044
-1156.86	1662.06	0.999997	0.0024253
-1156.84	1667.45	0.999995	0.00314654
-1156.82	1672.83	0.999993	0.00386801
-1156.8	1678.21	0.999989	0.00458982
-1156.77	1683.6	0.999986	0.00531224
-1156.74	1688.99	0.999982	0.00603542
-1156.71	1694.39	0.999977	0.00675939
-1156.67	1699.8	0.999972	0.00748439
-1156.63	1705.21	0.999966	0.00821088
-1156.58	1710.63	0.99996	0.00893912
-1156.53	1716.06	0.999953	0.00966884
-1156.48	1721.5	0.999946	0.0103996
-1156.42	1726.95	0.999938	0.0111313
-1156.36	1732.4	0.99993	0.0118644
-1156.29	1737.87	0.999921	0.0125994
-1156.22	1743.34	0.999911	0.0133359
-1156.15	1748.81	0.999902	0.0140225
-1156.07	1754.29	0.999895	0.0145008
-1155.99	1759.76	0.999892	0.0146629
-1155.91	1765.24	0.999893	0.0146041
-1155.83	1770.73	0.999895	0.0144826
-1155.75	1776.23	0.999897	0.0143608
-1155.67	1781.73	0.999899	0.014239
-1155.59	1787.24	0.9999	0.014117
-1155.51	1792.76	0.999902	0.0139947
-1155.44	1798.27	0.999904	0.0138725
-1155.36	1803.79	0.999905	0.0137502
-1155.29	1809.32	0.999907	0.0136276
-1155.21	1814.86	0.999909	0.0135049
-1155.14	1820.39	0.99991	0.0133821
-1155.06	1825.94	0.999912	0.0132592
-1154.99	1831.48	0.999914	0.0131362
-1154.92	1837.02	0.999915	0.0130133
-1154.84	1842.56	0.999917	0.0128904
-1154.77	1848.12	0.999918	0.0127672
-1154.7	1853.67	0.99992	0.0126438
-1154.63	1859.23	0.999922	0.0125203
-1154.56	1864.8	0.999923	0.0123969
-1154.49	1870.36	0.999925	0.0122733
-1154.43	1875.93	0.999926	0.0121497
-1154.36	1881.5	0.999928	0.0120261
-1154.29	1887.07	0.999929	0.0119024
-1154.23	1892.64	0.999931	0.0117786
-1154.16	1898.22	0.999932	0.0116548
-1154.1	1903.79	0.999934	0.011531
-1154.03	1909.37	0.999935	0.011407
-1153.97	1914.95	0.999937	0.0111989
-1153.91	1920.54	0.999943	0.0106934
-1153.85	1926.12	0.999952	0.00979773
-1153.8	1931.71	0.999962	0.0086964
-1153.75	1937.3	0.999971	0.00756576
-1153.71	1942.9	0.999979	0.00651266
-1153.68	1948.49	0.999983	0.0057716
-1153.64	1954.09	0.999985	0.00554695
-1153.61	1959.69	0.999984	0.00566837
-1153.58	1965.29	0.999984	0.00568634
-1153.55	1970.9	0.999986	0.00522385
-1153.52	1976.5	0.999991	0.0042481
-1153.5	1982.11	0.999995	0.00308642
-1153.49	1987.72	0.999998	0.00210162
-1153.48	1993.33	0.999999	0.0015002
-1153.47	1998.95	0.999999	0.00122668
-1153.46	2004.57	1	0.000917806
-1153.46	2010.18	1	0.00014575
-1153.46	2015.81	0.999999	-0.00113332
-1153.47	2021.43	0.999997	-0.00262822
-1153.49	2027.06	0.999991	-0.00413841
-1153.52	2032.69	0.999985	-0.00553545
-1153.55	2038.32	0.999978	-0.00661194
-1153.59	2043.96	0.999974	-0.00715815
-1153.63	2049.59	0.999975	-0.00708182
-1153.67	2055.23	0.999979	-0.00651932
-1153.7	2060.87	0.999983	-0.00578424
-1153.73	2066.52	0.999987	-0.00506335
-1153.76	2072.16	0.99999	-0.00443561
-1153.78	2077.81	0.999992	-0.00409458
-1153.81	2083.46	0.999991	-0.00430534
-1153.83	2089.11	0.999987	-0.00515582
-1153.87	2094.77	0.99998	-0.00638783
-1153.9	2100.43	0.999971	-0.00759122
-1153.95	2106.08	0.999965	-0.00832812
-1154	2111.75	0.999966	-0.00822421
-1154.04	2117.41	0.999973	-0.0072996
-1154.08	2123.08	0.999982	-0.00601335
-1154.11	2128.75	0.999987	-0.00503779
-1154.14	2134.42	0.999987	-0.00505732
-1154.17	2140.09	0.999981	-0.0061649
-1154.21	2145.77	0.999971	-0.0076621
-1154.26	2151.45	0.999962	-0.00871191
-1154.31	2157.13	0.999962	-0.00876676
-1154.35	2162.81	0.999969	-0.007897
-1154.4	2168.5	0.999977	-0.00680255
-1154.43	2174.19	0.99998	-0.00633542
-1154.47	2179.88	0.999976	-0.00696628
-1154.51	2185.57	0.999966	-0.0082714
-1154.56	2191.26	0.999956	-0.00940478
-1154.62	2196.96	0.999953	-0.00971414
-1154.67	2202.66	0.999959	-0.00905159
-1154.72	2208.36	0.999969	-0.00793011
-1154.76	2214.07	0.999977	-0.00676387
-1154.8	2219.77	0.999984	-0.00559713
-1154.83	2225.48	0.99999	-0.00443019
-1154.85	2231.19	0.999995	-0.00326317
-1154.87	2236.9	0.999998	-0.00209561
-1154.88	2242.61	1	-0.000927744
-1154.88	2248.32	1	0.00023982
-1154.87	2254.6	0.999999	0.00152379
-1154.86	2260.31	0.999996	0.00269071
-1154.85	2265.44	0.999993	0.00374048
-1154.82	2271.14	0.999988	0.00490636
-1154.79	2277.42	0.999981	0.00618866
-1154.75	2283.12	0.999973	0.00735411
-1154.71	2288.25	0.999965	0.00840253
-1154.66	2293.95	0.999954	0.00956722
-1154.6	2299.64	0.999942	0.0107317
-1154.53	2305.91	0.999928	0.012012
-1154.46	2311.6	0.999913	0.0131752
-1154.38	2317.29	0.999897	0.0143379
-1154.3	2322.98	0.99988	0.0155
-1154.21	2328.67	0.999861	0.0166616
-1154.12	2333.78	0.999843	0.0177001
-1154.01	2340.04	0.999824	0.0187729
-1153.9	2345.73	0.999818	0.0190743
-1153.8	2350.85	0.99983	0.0184465
-1153.7	2356.55	0.999858	0.0168725
-1153.61	2362.25	0.999887	0.0150627
-1153.52	2368.51	0.999907	0.0136454
-1153.45	2373.64	0.99991	0.0134166
-1153.37	2379.33	0.999899	0.0142228
-1153.28	2385.59	0.999877	0.0157141
-1153.19	2391.28	0.999858	0.0168322
-1153.09	2396.97	0.999854	0.0170666
-1153	2402.65	0.99987	0.0160954
-1152.92	2407.76	0.999894	0.0145733
-1152.83	2414.01	0.999918	0.0128012
-1152.77	2419.12	0.999926	0.0121472
-1152.69	2425.36	0.999919	0.0127583
-1152.61	2431.04	0.9999	0.0141109
-1152.54	2436.14	0.999882	0.0153465
-1152.45	2441.81	0.999868	0.016264
-1152.36	2447.47	0.999868	0.016242
-1152.27	2453.14	0.999884	0.0152352
-1152.18	2459.37	0.999907	0.0136384
-1152.11	2464.46	0.999924	0.0122977
-1152.04	2470.12	0.999942	0.0108087
-1151.99	2475.78	0.999957	0.00932034
-1151.93	2481.99	0.99997	0.00771938
-1151.89	2487.65	0.999979	0.00648219
-1151.86	2492.73	0.999983	0.00579975
-1151.82	2498.94	0.999983	0.00575661
-1151.79	2504.02	0.99998	0.00634092
-1151.76	2509.67	0.999972	0.00746505
-1151.71	2515.31	0.999961	0.00883697
-1151.66	2520.95	0.999947	0.0102921
-1151.6	2526.58	0.999931	0.0117565
-1151.53	2532.22	0.999913	0.0132202
-1151.44	2538.41	0.99989	0.0148295
-1151.36	2543.48	0.99987	0.0161456
-1151.27	2549.11	0.999845	0.017584
-1151.17	2554.73	0.999821	0.0189009
-1151.06	2560.36	0.999802	0.0199111
-1150.95	2565.98	0.999791	0.0204436
-1150.83	2571.6	0.99979	0.0205012
-1150.71	2577.21	0.999794	0.0202994
-1150.59	2583.39	0.999799	0.0200392
-1150.49	2588.45	0.999803	0.0198263
-1150.37	2594.62	0.999809	0.0195662
-1150.27	2599.68	0.999813	0.0193535
-1150.16	2605.29	0.999817	0.019117
-1150.05	2610.91	0.999822	0.0188807
-1149.94	2617.08	0.999827	0.0186208
-1149.84	2622.13	0.999831	0.0184082
-1149.74	2627.74	0.999835	0.0181721
-1149.63	2633.91	0.99984	0.0179124
-1149.53	2639.52	0.999844	0.0176765
-1149.43	2645.12	0.999848	0.0174407
-1149.33	2650.72	0.999852	0.017205
-1149.24	2656.32	0.999856	0.0169694
-1149.14	2661.92	0.99986	0.0167339
-1149.05	2667.52	0.999864	0.0164634
-1148.96	2673.12	0.999872	0.0160222
-1148.87	2678.71	0.999883	0.0153032
-1148.79	2684.31	0.999896	0.0143994
-1148.71	2689.91	0.99991	0.0134528
-1148.64	2695.5	0.999922	0.0124656
-1148.57	2701.09	0.999936	0.0112816
-1148.51	2706.68	0.999952	0.00975753
-1148.46	2712.27	0.999969	0.0078997
-1148.42	2717.85	0.999984	0.00571667
-1148.39	2723.43	0.999995	0.0031882
-1148.38	2729.01	1	0.000363806
-1148.39	2734.59	0.999996	-0.00271316
-1148.41	2740.17	0.999982	-0.00600151
-1148.45	2745.74	0.999957	-0.00930258
-1148.51	2751.31	0.999926	-0.0121624
-1148.58	2756.88	0.999901	-0.0140541
-1148.66	2762.45	0.999892	-0.0146778
-1148.74	2768.02	0.999901	-0.0140899
-1148.82	2773.58	0.999917	-0.0128471
-1148.89	2779.14	0.999934	-0.0114987
-1148.95	2784.7	0.999948	-0.0101653
-1149	2790.25	0.999961	-0.00884056
-1149.05	2795.81	0.999972	-0.00752259
-1149.09	2801.36	0.99998	-0.00638031
-1149.12	2806.91	0.999983	-0.00588566
-1149.15	2812.46	0.999979	-0.00655525
-1149.19	2818	0.999965	-0.008388
-1149.24	2823.55	0.99994	-0.010986
-1149.31	2829.09	0.999901	-0.0140884
-1149.4	2834.63	0.999846	-0.0175667
-1149.5	2840.16	0.999775	-0.0212238
-1149.63	2845.69	0.999694	-0.0247186
-1149.77	2851.23	0.999618	-0.0276462
-1149.93	2856.75	0.99956	-0.0296627
-1150.1	2862.28	0.999533	-0.0305586
-1150.27	2867.8	0.999542	-0.0302618
-1150.43	2873.32	0.999576	-0.029101
-1150.59	2878.84	0.999617	-0.0276818
-1150.74	2884.36	0.999651	-0.0264027
-1150.88	2889.88	0.999672	-0.0256048
-1151.02	2895.39	0.999668	-0.0257545
-1151.17	2900.9	0.999636	-0.0269681
-1151.32	2906.41	0.999582	-0.0289253
-1151.48	2911.92	0.999507	-0.0313833
-1151.66	2917.42	0.999413	-0.0342569
-1151.86	2922.92	0.999303	-0.0373302
-1152.07	2928.42	0.999195	-0.0401099
-1152.29	2933.91	0.999117	-0.0420194
-1152.53	2939.41	0.999089	-0.0426814
-1152.76	2944.9	0.999114	-0.0420969
-1152.99	2950.39	0.999166	-0.0408399
-1153.21	2955.87	0.99922	-0.039479
-1153.43	2961.36	0.999273	-0.0381186
-1153.63	2966.84	0.999324	-0.0367588
-1153.83	2972.32	0.999373	-0.0353995
-1154.02	2977.8	0.99942	-0.0340487
-1154.21	2983.28	0.999462	-0.0328086
-1154.38	2988.76	0.999492	-0.0318792
-1154.56	2994.24	0.999508	-0.0313662
-1154.73	2999.72	0.999513	-0.0312058
-1154.9	3005.21	0.999513	-0.0311958
-1155.07	3010.69	0.999514	-0.0311657
-1155.24	3016.18	0.999521	-0.0309431
-1155.41	3021.66	0.999541	-0.0303055
-1155.57	3027.14	0.999572	-0.0292595
-1155.73	3032.62	0.999608	-0.0280048
-1155.88	3038.1	0.999643	-0.0267007
-1156.03	3043.59	0.999677	-0.0253964
-1156.16	3049.07	0.99971	-0.0240927
-1156.29	3054.56	0.99974	-0.0227892
-1156.41	3060.04	0.999769	-0.0214857
-1156.53	3065.52	0.999796	-0.0201827
-1156.64	3071.01	0.999822	-0.0188784
-1156.74	3076.5	0.999846	-0.0175711
-1156.83	3082	0.999868	-0.0162621
-1156.92	3087.51	0.999888	-0.0149532
-1157	3093.01	0.999907	-0.0136449
-1157.07	3098.5	0.999924	-0.0123371
-1157.13	3104	0.999939	-0.011029
-1157.19	3109.51	0.999953	-0.00971935
-1157.24	3115.01	0.999965	-0.00840929
-1157.29	3120.52	0.999975	-0.00709986
-1157.32	3126.02	0.999983	-0.00579087
-1157.35	3131.52	0.99999	-0.00448138
-1157.37	3137.03	0.999995	-0.00317131
-1157.39	3142.54	0.999998	-0.00186157
-1157.4	3148.04	1	-0.000552103
-1157.4	3153.54	1	0.000758093
-1157.39	3159.05	0.999998	0.0020692
-1157.37	3164.56	0.999994	0.00338023
-1157.35	3170.07	0.999989	0.00464224
-1157.32	3175.58	0.999984	0.00563168
-1157.29	3181.08	0.999981	0.00614151
-1157.26	3186.59	0.999981	0.00613891
-1157.22	3192.1	0.999983	0.00576882
-1157.19	3197.61	0.999986	0.00528796
-1157.17	3203.12	0.999988	0.00487567
-1157.14	3208.63	0.999989	0.00467583
-1157.11	3214.15	0.999988	0.00479863
-1157.09	3219.66	0.999987	0.00508736
-1157.06	3225.17	0.999986	0.00538202
-1157.03	3230.68	0.999984	0.00567668
-1157	3236.2	0.999982	0.00597144
-1156.96	3241.71	0.99998	0.0062661
-1156.93	3247.22	0.999978	0.0065606
-1156.89	3252.73	0.999977	0.00685511
-1156.85	3258.24	0.999974	0.00714996
-1156.81	3263.76	0.999972	0.00744517
-1156.77	3269.28	0.99997	0.00774035
-1156.73	3274.8	0.999968	0.00803539
-1156.68	3280.32	0.999965	0.00833051
-1156.63	3285.85	0.999963	0.00862616
-1156.59	3291.38	0.99996	0.00892244
-1156.53	3297.49	0.999957	0.00924915
-1156.48	3302.49	0.999955	0.00951704
-1156.43	3308.05	0.999952	0.00981527
-1156.38	3313.62	0.999949	0.0101138
-1156.32	3319.19	0.999946	0.0104122
-1156.25	3325.32	0.999942	0.0107403
-1156.2	3330.33	0.999939	0.0110086
-1156.13	3336.44	0.999936	0.0113364
-1156.07	3341.45	0.999933	0.0116046
-1156	3347.58	0.999929	0.011933
-1155.93	3353.16	0.999925	0.0122321
-1155.87	3358.74	0.999921	0.0125316
-1155.8	3364.33	0.999918	0.0128313
-1155.72	3369.92	0.999915	0.0130385
-1155.65	3375.5	0.999916	0.0129293
-1155.58	3381.09	0.999924	0.0123678
-1155.51	3386.68	0.999934	0.0114785
-1155.45	3392.29	0.999945	0.0104806
-1155.39	3397.9	0.999955	0.00947272
-1155.34	3403.51	0.999964	0.00846434
-1155.3	3409.13	0.999972	0.00744406
-1155.26	3414.74	0.999979	0.00640363
-1155.22	3420.35	0.999986	0.00534915
-1155.2	3425.95	0.999991	0.00428852
-1155.17	3431.56	0.999995	0.00322789
-1155.16	3437.17	0.999998	0.00216756
-1155.15	3442.77	0.999999	0.00110772
-1155.14	3448.38	1	4.84217e-05
-1155.15	3453.98	1	-0.000983606
-1155.15	3459.58	0.999998	-0.00180331
-1155.17	3465.17	0.999998	-0.00204855
-1155.18	3470.77	0.999999	-0.00158625
-1155.18	3476.36	1	-0.00074824
-1155.19	3481.95	1	0.000146879
-1155.18	3487.53	0.999999	0.00104158
-1155.18	3493.12	0.999998	0.00193582
-1155.16	3498.7	0.999996	0.00282964
-1155.14	3504.28	0.999993	0.00372303
-1155.12	3509.86	0.999989	0.00461597
-1155.09	3515.44	0.999985	0.00550848
-1155.06	3521.01	0.99998	0.00640057
-1155.02	3526.59	0.999973	0.00729224
-1154.98	3532.16	0.999967	0.00818348
-1154.93	3537.72	0.999959	0.00907425
-1154.88	3543.29	0.99995	0.0099646
-1154.82	3548.85	0.999941	0.0108545
-1154.76	3554.41	0.999931	0.011744
-1154.69	3559.97	0.99992	0.0126331
-1154.62	3565.53	0.999909	0.0135217
-1154.54	3571.08	0.999896	0.0144098
-1154.46	3576.63	0.999883	0.0152976
-1154.38	3582.19	0.999869	0.0161852
-1154.28	3587.74	0.999854	0.0170728
-1154.19	3593.29	0.999839	0.0179601
-1154.09	3598.83	0.999822	0.018847
-1153.98	3604.38	0.999805	0.0197335
-1153.87	3609.92	0.999789	0.0205362
-1153.75	3615.46	0.999779	0.0210095
-1153.64	3621	0.999782	0.0208731
-1153.52	3626.54	0.999797	0.0201274
-1153.41	3632.07	0.999817	0.0191164
-1153.31	3637.6	0.999836	0.0181342
-1153.21	3643.14	0.999851	0.0172639
-1153.12	3648.66	0.999864	0.0165054
-1153.03	3654.19	0.999875	0.0157958
-1152.94	3659.71	0.999886	0.0150866
-1152.86	3665.24	0.999897	0.0143777
-1152.78	3670.75	0.999906	0.0136833
-1152.71	3676.27	0.999914	0.0131307
-1152.64	3681.79	0.999916	0.0129261
-1152.57	3687.3	0.999914	0.0130876
-1152.49	3692.81	0.99991	0.0133882
-1152.42	3698.32	0.999908	0.0135576
-1152.34	3703.83	0.99991	0.0133878
-1152.27	3709.33	0.999919	0.0127603
-1152.2	3714.83	0.999931	0.0117505
-1152.14	3720.33	0.999944	0.010574
-1152.09	3725.83	0.999956	0.0093695
-1152.04	3731.33	0.999967	0.00816494
-1151.99	3736.83	0.999976	0.00696872
-1151.96	3742.33	0.999983	0.00586359
-1151.93	3747.82	0.999987	0.00504237
-1151.9	3753.32	0.999989	0.00468566
-1151.88	3758.81	0.999988	0.00489597
-1151.85	3764.29	0.999984	0.00563292
-1151.81	3769.78	0.999978	0.0066272
-1151.78	3775.28	0.999971	0.0076074
-1151.73	3780.76	0.999965	0.00833019
-1151.69	3786.25	0.999965	0.00840201
-1151.64	3791.74	0.999971	0.00755438
-1151.6	3797.22	0.999982	0.00595998
-1151.57	3802.71	0.999992	0.00404057
-1151.56	3808.19	0.999998	0.00209398
-1151.55	3813.68	1	0.000368818
-1151.55	3819.16	1	-0.000886637
-1151.56	3824.63	0.999999	-0.00158068
-1151.57	3830.11	0.999999	-0.00172137
-1151.57	3835.58	0.999999	-0.00142127
-1151.58	3841.06	1	-0.000943285
-1151.59	3846.52	1	-0.000521494
-1151.59	3851.99	1	-0.000277697
-1151.59	3857.46	1	-0.000300127
-1151.59	3862.92	1	-0.000646425
-1151.6	3868.38	0.999999	-0.00130377
-1151.61	3873.84	0.999998	-0.00217417
-1151.62	3879.3	0.999995	-0.00314016
-1151.64	3884.75	0.999991	-0.00412637
-1151.66	3890.22	0.999987	-0.00511296
-1151.69	3895.68	0.999981	-0.00609969
-1151.73	3901.14	0.999975	-0.00708615
-1151.77	3906.59	0.999967	-0.00807214
-1151.82	3912.05	0.999959	-0.00905763
-1151.87	3917.5	0.99995	-0.0100427
-1151.92	3922.96	0.999939	-0.0110278
-1151.99	3928.41	0.999928	-0.012013
-1152.05	3933.87	0.999916	-0.0129978
-1152.13	3939.32	0.999903	-0.0139344
-1152.2	3944.76	0.999894	-0.014576
-1152.28	3950.21	0.999894	-0.0145329
-1152.36	3955.65	0.999906	-0.013728
-1152.43	3961.1	0.999921	-0.0125738
-1152.5	3966.54	0.999933	-0.0115511
-1152.56	3971.97	0.999939	-0.0110409
-1152.62	3977.41	0.999936	-0.0113371
-1152.69	3982.85	0.999924	-0.0123584
-1152.76	3988.29	0.999905	-0.0137854
-1152.83	3993.73	0.999882	-0.0153919
-1152.92	3999.17	0.999855	-0.0170404
-1153.02	4004.61	0.999827	-0.0185988
-1153.12	4010.05	0.999802	-0.0198824
-1153.23	4015.49	0.999785	-0.0207546
-1153.35	4020.92	0.999774	-0.0212773
-1153.46	4026.36	0.999765	-0.0216631
-1153.58	4031.8	0.999757	-0.0220415
-1153.7	4037.24	0.999749	-0.0224203
-1153.83	4042.69	0.99974	-0.0227991
-1153.95	4048.13	0.999731	-0.0231778
-1154.09	4054.12	0.999722	-0.0235942
-1154.21	4059.02	0.999714	-0.0239347
-1154.34	4064.46	0.999704	-0.024313
-1154.47	4069.9	0.999695	-0.0246917
-1154.62	4075.89	0.999685	-0.0251088
-1154.76	4081.34	0.999676	-0.0254679
-1154.9	4086.79	0.99967	-0.0256698
-1155.02	4091.69	0.999674	-0.0255479
-1155.16	4097.13	0.999686	-0.0250413
-1155.3	4102.58	0.999704	-0.0243468
-1155.43	4108.02	0.999719	-0.0237099
-1155.55	4113.46	0.999727	-0.0233593
-1155.69	4119.45	0.999722	-0.0235949
-1155.82	4124.89	0.999704	-0.0243163
-1155.94	4129.78	0.999685	-0.0250913
-1156.1	4135.75	0.999666	-0.0258534
-1156.24	4141.18	0.999658	-0.0261636
-1156.37	4146.07	0.999659	-0.0261051
-1156.52	4152.04	0.999667	-0.0257899
-1156.66	4157.46	0.999676	-0.0254732
-1156.8	4162.89	0.999684	-0.0251566
-1156.92	4167.77	0.999691	-0.0248718
-1157.05	4173.18	0.999698	-0.0245556
-1157.19	4178.6	0.999706	-0.0242394
-1157.32	4184.02	0.999715	-0.0238897
-1157.45	4189.45	0.999727	-0.0233811
-1157.57	4194.86	0.999743	-0.02266
-1157.69	4200.28	0.999761	-0.0218832
-1157.81	4205.7	0.999776	-0.0211533
-1157.93	4211.65	0.999792	-0.0203985
-1158.04	4217.06	0.999805	-0.0197278
-1158.14	4221.93	0.999817	-0.019124
-1158.25	4227.89	0.999831	-0.0183852
-1158.34	4232.77	0.999842	-0.0177801
-1158.43	4238.19	0.999854	-0.0171077
-1158.52	4243.61	0.999865	-0.0164358
-1158.61	4249.02	0.999876	-0.0157641
-1158.7	4254.44	0.999886	-0.0150928
-1158.78	4260.39	0.999897	-0.0143547
-1158.85	4265.26	0.999905	-0.0137511
-1158.93	4270.67	0.999914	-0.0130808
-1158.99	4276.07	0.999923	-0.0124107
-1159.06	4281.48	0.999931	-0.011741
-1159.13	4287.42	0.999939	-0.0110045
-1159.18	4292.29	0.999946	-0.0104015
-1159.24	4297.7	0.999953	-0.00973094
-1159.29	4303.65	0.99996	-0.00899311
-1159.33	4308.52	0.999965	-0.00838972
-1159.38	4313.92	0.99997	-0.00771962
-1159.42	4319.87	0.999976	-0.00698286
-1159.46	4324.73	0.99998	-0.00638036
-1159.49	4330.13	0.999984	-0.00571124
-1159.52	4336.07	0.999988	-0.00497557
-1159.54	4340.92	0.99999	-0.00437395
-1159.57	4346.32	0.999993	-0.00370582
-1159.59	4352.25	0.999996	-0.00297107
-1159.6	4357.64	0.999997	-0.00230289
-1159.61	4363.04	0.999999	-0.00163448
-1159.62	4368.43	1	-0.000966227
-1159.62	4373.82	1	-0.000298311
-1159.62	4379.21	1	0.000369489
-1159.62	4384.61	0.999999	0.00103775
-1159.61	4390	0.999999	0.00170643
-1159.6	4395.4	0.999997	0.00237499
-1159.59	4400.8	0.999995	0.00304324
-1159.57	4406.19	0.999993	0.00371135
-1159.55	4411.58	0.99999	0.00437926
-1159.52	4416.97	0.999987	0.00504682
-1159.49	4422.36	0.999984	0.00571408
-1159.46	4427.74	0.99998	0.00638129
-1159.43	4433.13	0.999975	0.00704881
-1159.39	4438.52	0.99997	0.00771644
-1159.34	4443.91	0.999965	0.00838384
-1159.3	4449.3	0.999959	0.00905089
-1159.25	4454.68	0.999953	0.0097176
-1159.19	4460.06	0.999946	0.010384
-1159.14	4465.44	0.999939	0.01105
-1159.08	4470.82	0.999931	0.0117157
-1159.01	4476.2	0.999923	0.0123811
-1158.94	4481.57	0.999915	0.013052
-1158.87	4486.94	0.999905	0.013789
-1158.8	4492.31	0.999893	0.0146547
-1158.71	4497.68	0.999878	0.0155882
-1158.63	4503.04	0.999864	0.0165077
-1158.54	4508.41	0.999849	0.0173728
-1158.44	4513.78	0.999836	0.0181041
-1158.34	4519.15	0.999825	0.0187013
-1158.24	4524.53	0.999815	0.0192573
-1158.14	4529.91	0.999804	0.0198131
-1158.03	4535.28	0.999793	0.0203688
-1157.92	4540.66	0.999782	0.0208916
-1157.81	4546.03	0.999774	0.021246
-1157.69	4551.41	0.999773	0.0212906
-1157.58	4556.78	0.999777	0.0211136
-1157.47	4562.15	0.999782	0.0208956
-1157.35	4567.52	0.999786	0.0206913
-1157.24	4572.9	0.99979	0.0204944
-1157.13	4578.28	0.999794	0.0202975
-1157.02	4583.66	0.999798	0.0201006
-1156.92	4589.04	0.999802	0.0199039
-1156.81	4594.41	0.999806	0.0197072
-1156.7	4599.78	0.99981	0.0195107
-1156.6	4605.16	0.999813	0.0193141
-1156.5	4610.53	0.999817	0.0191177
-1156.39	4615.89	0.999821	0.0189213
-1156.29	4621.26	0.999825	0.0187249
-1156.19	4626.64	0.999828	0.0185281
-1156.09	4632.02	0.999832	0.0183311
-1156	4637.4	0.999836	0.0181341
-1155.9	4642.78	0.999839	0.0179373
-1155.8	4648.16	0.999843	0.0177405
-1155.71	4653.54	0.999846	0.0175437
-1155.61	4658.92	0.99985	0.0173465
-1155.52	4664.31	0.999853	0.0171493
-1155.43	4669.7	0.999856	0.016952
-1155.34	4675.08	0.99986	0.0167549
-1155.25	4680.47	0.999863	0.0165578
-1155.16	4685.85	0.999866	0.0163607
-1155.07	4691.24	0.999869	0.0161632
-1154.98	4696.64	0.999873	0.0159519
-1154.9	4702.03	0.999877	0.0156934
-1154.81	4707.43	0.999882	0.0153523
-1154.73	4712.82	0.999888	0.0149423
-1154.65	4718.22	0.999895	0.0145128
-1154.58	4723.61	0.999901	0.0140835
-1154.5	4729	0.999907	0.0136545
-1154.43	4734.39	0.999913	0.0132256
-1154.36	4739.78	0.999918	0.012797
-1154.29	4745.16	0.999924	0.0123685
-1154.22	4750.54	0.999929	0.0119402
-1154.16	4755.92	0.999934	0.0115121
-1154.1	4761.3	0.999939	0.0110843
-1154.04	4766.68	0.999943	0.0106566
-1153.98	4772.05	0.999948	0.0102292
-1153.93	4777.42	0.999952	0.0098019
-1153.88	4782.79	0.999956	0.00937486
-1153.83	4788.16	0.99996	0.00894805
-1153.78	4793.52	0.999964	0.00852143
-1153.74	4798.89	0.999967	0.008095
-1153.69	4804.25	0.999971	0.00766868
-1153.65	4809.61	0.999974	0.00724248
-1153.62	4814.97	0.999977	0.0068165
-1153.58	4820.32	0.99998	0.00639075
-1153.55	4825.68	0.999982	0.0059652
-1153.52	4831.03	0.999985	0.00553983
-1153.49	4836.38	0.999987	0.00511468
-1153.46	4841.73	0.999989	0.00468969
-1153.44	4847.08	0.999991	0.00426455
-1153.42	4852.43	0.999993	0.00383933
-1153.4	4857.78	0.999994	0.00341434
-1153.38	4863.12	0.999996	0.0029895
-1153.36	4868.47	0.999997	0.00256478
-1153.35	4873.81	0.999998	0.00214029
-1153.34	4879.15	0.999999	0.00171598
-1153.33	4884.49	0.999999	0.00129188
-1153.33	4889.83	1	0.00086791
-1153.32	4895.17	1	0.000444036
-1153.32	4900.5	1	2.04141e-05
-1153.32	4905.84	1	-0.000403002
-1153.32	4911.17	1	-0.00082622
-1153.33	4916.49	0.999999	-0.00124925
-1153.34	4921.82	0.999999	-0.00167206
-1153.35	4927.14	0.999998	-0.00209464
-1153.36	4932.46	0.999997	-0.00251701
-1153.37	4937.78	0.999996	-0.00293921
-1153.39	4943.1	0.999994	-0.00336117
-1153.41	4948.42	0.999993	-0.00378291
-1153.43	4953.73	0.999991	-0.00420444
-1153.46	4959.57	0.999989	-0.00466792
-1153.48	4964.35	0.999987	-0.00504692
-1153.51	4969.65	0.999985	-0.00546781
-1153.54	4974.96	0.999983	-0.0058885
-1153.57	4980.26	0.99998	-0.00630901
-1153.61	4986.09	0.999977	-0.00679053
-1153.64	4990.86	0.999974	-0.00726775
-1153.68	4996.15	0.999969	-0.00791815
-1153.73	5001.97	0.999962	-0.0086916
-1153.77	5007.27	0.999956	-0.00940275
-1153.83	5012.55	0.999949	-0.0101193
-1153.88	5017.84	0.99994	-0.010914
-1153.94	5023.12	0.99993	-0.011854
-1154.01	5028.41	0.999917	-0.0129008
-1154.08	5033.68	0.999901	-0.0140409
-1154.15	5038.96	0.999882	-0.0153851
-1154.24	5044.24	0.999855	-0.0170174
-1154.33	5049.51	0.999821	-0.018926
-1154.43	5054.78	0.999777	-0.0211106
-1154.55	5060.05	0.999721	-0.023609
-1154.68	5065.31	0.999649	-0.0264896
-1154.83	5070.58	0.999556	-0.029811
-1154.99	5075.83	0.999435	-0.0336163
-1155.18	5081.09	0.99928	-0.0379373
-1155.39	5086.35	0.999084	-0.0427807
-1155.62	5091.6	0.99884	-0.0481538
-1155.89	5096.84	0.998538	-0.0540552
-1156.18	5102.09	0.998171	-0.0604569
-1156.52	5107.33	0.997732	-0.067312
-1156.88	5112.56	0.997211	-0.0746304
-1157.29	5117.79	0.996587	-0.0825487
-1157.74	5123.01	0.995825	-0.0912801
-1158.24	5128.23	0.994879	-0.101075
-1158.79	5133.44	0.993692	-0.112144
-1159.4	5138.64	0.992219	-0.124507
-1160.08	5143.83	0.990433	-0.137991
-1160.84	5149.01	0.988304	-0.152495
-1161.67	5154.17	0.985763	-0.168138
-1162.58	5159.32	0.982727	-0.185061
-1163.58	5164.44	0.97911	-0.203332
-1164.68	5169.55	0.97483	-0.222949
-1165.89	5174.63	0.969852	-0.243693
-1167.21	5179.68	0.964191	-0.265209
-1168.64	5184.7	0.957878	-0.287175
-1170.18	5189.68	0.950931	-0.309403
-1171.84	5194.62	0.943328	-0.331862
-1173.62	5199.51	0.935035	-0.354555
-1175.51	5204.37	0.926078	-0.377331
-1177.52	5209.17	0.916535	-0.399955
-1179.65	5213.92	0.906524	-0.422155
-1181.89	5218.61	0.896263	-0.443523
-1184.24	5223.25	0.886071	-0.46355
-1186.69	5227.83	0.876243	-0.481869
-1189.23	5232.36	0.866833	-0.498599
-1191.85	5236.85	0.857722	-0.514114
-1194.55	5241.28	0.84888	-0.528586
-1197.32	5245.66	0.840458	-0.541877
-1200.15	5250.01	0.832772	-0.553616
-1203.04	5254.31	0.826141	-0.563464
-1205.98	5258.58	0.820773	-0.571255
-1208.95	5262.82	0.816689	-0.577078
-1211.95	5267.04	0.8136	-0.581425
-1214.97	5271.25	0.810905	-0.585178
-1218	5275.44	0.807996	-0.589188
-1221.06	5279.61	0.804372	-0.594126
-1224.14	5283.76	0.799697	-0.600403
-1227.26	5287.88	0.793826	-0.608144
-1230.42	5291.96	0.78674	-0.617285
-1233.62	5296.01	0.778563	-0.627566
-1236.89	5300.01	0.769272	-0.638921
-1240.21	5303.95	0.758662	-0.651484
-1243.59	5307.84	0.7467	-0.665161
-1247.05	5311.66	0.733499	-0.67969
-1250.58	5315.41	0.719081	-0.694926
-1254.19	5319.08	0.703416	-0.710778
-1257.88	5322.67	0.686572	-0.727062
-1261.66	5326.16	0.668937	-0.743319
-1265.51	5329.57	0.650887	-0.759175
-1269.45	5332.87	0.632559	-0.774512
-1273.46	5336.09	0.614134	-0.789202
-1277.54	5339.2	0.595736	-0.80318
-1281.69	5342.22	0.577444	-0.816431
-1285.9	5345.15	0.559337	-0.82894
-1290.18	5347.98	0.541483	-0.840712
-1294.51	5350.72	0.523924	-0.851765
-1298.9	5353.37	0.506704	-0.86212
-1303.34	5355.93	0.490306	-0.87155
-1307.82	5358.41	0.475452	-0.879742
-1312.34	5360.82	0.462185	-0.886784
-1316.89	5363.16	0.450502	-0.892775
-1321.46	5365.44	0.440839	-0.897586
-1326.06	5367.68	0.433618	-0.901097
-1330.67	5369.88	0.429273	-0.903175
-1335.28	5372.07	0.428054	-0.903753
-1339.9	5374.26	0.429019	-0.903296
-1344.51	5376.45	0.430468	-0.902606
-1349.11	5378.65	0.431562	-0.902083
-1353.71	5380.85	0.431724	-0.902006
-1358.31	5383.05	0.430386	-0.902645
-1362.91	5385.23	0.42751	-0.90401
-1367.51	5387.4	0.423233	-0.906021
-1372.13	5389.55	0.417563	-0.908648
-1376.76	5391.66	0.410336	-0.911934
-1381.41	5393.73	0.401352	-0.915924
-1386.07	5395.75	0.39055	-0.920582
-1390.76	5397.71	0.378146	-0.925746
-1395.47	5399.6	0.364689	-0.93113
-1400.21	5401.42	0.350801	-0.93645
-1401.16	5401.78	0.349404	-0.936972
-1401.16	5401.78	0.349404	-0.936972
-1401.16	5401.78	0.349404	-0.936972
-1401.16	5401.78	0.349404	-0.936972
-1401.16	5401.78	0.349404	-0.936972
-1401.16	5401.78	0.349404	-0.936972
-1401.16	5401.78	0.349404	-0.936972
-1401.16	5401.78	0.349404	-0.936972
-1401.16	5401.78	0.349404	-0.936972
-1401.16	5401.78	0.349404	-0.936972
-1401.16	5401.78	0.349404	-0.936972
-1401.16	5401.78	0.349404	-0.936972
-1401.16	5401.78	0.349404	-0.936972
-1401.16	5401.78	0.349404	-0.936972
-1401.16	5401.78	0.349404	-0.936972
-1401.16	5401.78	0.349404	-0.936972
-1401.16	5401.78	0.349404	-0.936972
-1401.16	5401.78	0.349404	-0.936972
-1401.16	5401.78	0.349404	-0.936972
-1401.16	5401.78	0.349404	-0.936972
-1401.16	5401.78	0.349404	-0.936972
-1401.16	5401.78	0.349404	-0.936972
-1401.16	5401.78	0.349404	-0.936972
-1401.16	5401.78	0.349404	-0.936972
-1401.16	5401.78	0.349404	-0.936972
-1401.16	5401.78	0.349404	-0.936972
-1401.16	5401.78	0.349404	-0.936972
-1401.16	5401.78	0.349404	-0.936972
-1401.16	5401.78	0.349404	-0.936972
-1401.16	5401.78	0.349404	-0.936972
-1401.16	5401.78	0.349404	-0.936972
-1401.16	5401.78	0.349404	-0.936972
-1401.16	5401.78	0.349404	-0.936972
-1401.16	5401.78	0.349404	-0.936972
-1401.16	5401.78	0.349404	-0.936972
-1401.16	5401.78	0.349404	-0.936972
-1401.16	5401.78	0.349404	-0.936972
-1401.16	5401.78	0.349404	-0.936972
-1401.16	5401.78	0.349404	-0.936972
-1401.16	5401.78	0.349404	-0.936972
-1401.16	5401.78	0.349404	-0.936972
-1401.16	5401.78	0.349404	-0.936972
-1401.16	5401.78	0.349404	-0.936972
-1401.16	5401.78	0.349404	-0.936972
-1401.16	5401.78	0.349404	-0.936972
-1401.16	5401.78	0.349404	-0.936972
-1401.16	5401.78	0.349404	-0.936972
-1401.16	5401.78	0.349404	-0.936972
-1401.16	5401.78	0.349404	-0.936972
-1401.16	5401.78	0.349404	-0.936972
-1401.16	5401.78	0.349404	-0.936972
-1401.16	5401.78	0.349404	-0.936972
-1401.16	5401.78	0.349404	-0.936972
-1401.16	5401.78	0.349404	-0.936972
-1401.16	5401.78	0.349404	-0.936972
-1401.16	5401.78	0.349404	-0.936972
-1401.16	5401.78	0.349404	-0.936972
-1401.16	5401.78	0.349404	-0.936972
-1401.16	5401.78	0.349404	-0.936972
-1401.16	5401.78	0.349404	-0.936972
-1401.16	5401.78	0.349404	-0.936972
-1401.16	5401.78	0.349404	-0.936972
-1401.16	5401.78	0.349404	-0.936972
-1401.16	5401.78	0.349404	-0.936972
-1401.16	5401.78	0.349404	-0.936972
-1401.16	5401.78	0.349404	-0.936972
-1401.16	5401.78	0.349404	-0.936972
-1401.16	5401.78	0.349404	-0.936972
-1401.16	5401.78	0.349404	-0.936972
-1401.16	5401.78	0.349404	-0.936972
-1401.16	5401.78	0.349404	-0.936972
-1401.16	5401.78	0.349404	-0.936972
-1401.16	5401.78	0.349404	-0.936972
-1401.16	5401.78	0.349404	-0.936972
-1401.16	5401.78	0.349404	-0.936972
-1401.16	5401.78	0.349404	-0.936972
-1401.16	5401.78	0.349404	-0.936972
-1401.16	5401.78	0.349404	-0.936972
-1401.16	5401.78	0.349404	-0.936972
-1401.16	5401.78	0.349404	-0.936972
-1401.16	5401.78	0.349404	-0.936972
-1401.16	5401.78	0.349404	-0.936972
-1401.16	5401.78	0.349404	-0.936972
-1401.16	5401.78	0.349404	-0.936972
-1401.16	5401.78	0.349404	-0.936972
-1401.16	5401.78	0.349404	-0.936972
-1401.16	5401.78	0.349404	-0.936972
-1401.16	5401.78	0.349404	-0.936972
-1401.16	5401.78	0.349404	-0.936972
-1401.16	5401.78	0.349404	-0.936972
-1401.16	5401.78	0.349404	-0.936972
-1401.16	5401.78	0.349404	-0.936972
-1401.16	5401.78	0.349404	-0.936972
-1401.16	5401.78	0.349404	-0.936972
-1401.16	5401.78	0.349404	-0.936972
-1401.16	5401.78	0.349404	-0.936972
-1401.16	5401.78	0.349404	-0.936972
-1401.16	5401.78	0.349404	-0.936972
-1401.16	5401.78	0.349404	-0.936972
-1401.16	5401.78	0.349404	-0.936972
-1401.16	5401.78	0.349404	-0.936972
-1401.16	5401.78	0.349404	-0.936972
-1401.16	5401.78	0.349404	-0.936972
-1401.16	5401.78	0.349404	-0.936972
-1401.16	5401.78	0.349404	-0.936972
-1401.16	5401.78	0.349404	-0.936972
-1401.16	5401.78	0.349404	-0.936972
-1401.16	5401.78	0.349404	-0.936972
-1401.16	5401.78	0.349404	-0.936972
-1401.16	5401.78	0.349404	-0.936972
-1401.16	5401.78	0.349404	-0.936972
-1401.16	5401.78	0.349404	-0.936972
-1401.16	5401.78	0.349404	-0.936972
-1401.16	5401.78	0.349404	-0.936972
-1401.16	5401.78	0.349404	-0.936972
-1401.16	5401.78	0.349404	-0.936972
-1401.16	5401.78	0.349404	-0.936972
-1401.16	5401.78	0.349404	-0.936972
-1401.16	5401.78	0.349404	-0.936972
-1401.16	5401.78	0.349404	-0.936972
-1401.16	5401.78	0.349404	-0.936972
-1401.16	5401.78	0.349404	-0.936972
-1401.16	5401.78	0.349404	-0.936972
-1401.16	5401.78	0.349404	-0.936972
-1401.16	5401.78	0.349404	-0.936972
-1401.16	5401.78	0.349404	-0.936972
-1401.16	5401.78	0.349404	-0.936972
-1401.16	5401.78	0.349404	-0.936972
-1401.16	5401.78	0.349404	-0.936972
-1401.16	5401.78	0.349404	-0.936972
-1401.16	5401.78	0.349404	-0.936972
-1401.16	5401.78	0.349404	-0.936972
-1401.16	5401.78	0.349404	-0.936972
-1401.16	5401.78	0.349404	-0.936972
-1401.16	5401.78	0.349404	-0.936972
-1401.16	5401.78	0.349404	-0.936972
-1401.16	5401.78	0.349404	-0.936972
-1401.16	5401.78	0.349404	-0.936972
-1401.16	5401.78	0.349404	-0.936972
-1401.16	5401.78	0.349404	-0.936972
-1401.16	5401.78	0.349404	-0.936972
-1401.16	5401.78	0.349404	-0.936972
-1401.16	5401.78	0.349404	-0.936972
-1401.16	5401.78	0.349404	-0.936972
-1401.16	5401.78	0.349404	-0.936972
-1401.16	5401.78	0.349404	-0.936972
-1401.16	5401.78	0.349404	-0.936972
-1401.16	5401.78	0.349404	-0.936972
-1401.16	5401.78	0.349404	-0.936972
-1401.16	5401.78	0.349404	-0.936972
-1401.16	5401.78	0.349404	-0.936972
-1401.16	5401.78	0.349404	-0.936972
-1401.16	5401.78	0.349404	-0.936972
-1401.16	5401.78	0.349404	-0.936972
-1401.16	5401.78	0.349404	-0.936972
-1401.16	5401.78	0.349404	-0.936972
-1401.16	5401.78	0.349404	-0.936972
-1401.16	5401.78	0.349404	-0.936972
-1401.16	5401.78	0.349404	-0.936972
-1401.16	5401.78	0.349404	-0.936972
-1401.16	5401.78	0.349404	-0.936972
-1401.16	5401.78	0.349404	-0.936972
-1401.16	5401.78	0.349404	-0.936972
-1401.16	5401.78	0.349404	-0.936972
-1401.16	5401.78	0.349404	-0.936972
-1401.16	5401.78	0.349404	-0.936972
-1401.16	5401.78	0.349404	-0.936972
-1401.16	5401.78	0.349404	-0.936972
-1401.16	5401.78	0.349404	-0.936972
-1401.16	5401.78	0.349404	-0.936972
