1170	-5100	1	0
1170	-5100	1	0
1170	-5100	1	0
1170	-5100	1	0
1170	-5100	1	0
1170	-5100	1	0
1170	-5100	1	0
1170	-5100	1	0
1170	-5100	1	0
1170	-5100	1	0
1170	-5100	1	0
1170	-5100	1	0
1170	-5100	1	0
1170	-5100	1	-0.000279861
1170	-5099.99	0.999999	-0.00134528
1170	-5099.98	0.999997	-0.00234047
1170	-5099.97	0.999993	-0.0036226
1170	-5099.95	0.999985	-0.00555035
1170	-5099.94	0.999972	-0.00742305
1170	-5099.92	0.999954	-0.00963613
1170	-5099.89	0.999922	-0.0124869
1170	-5099.86	0.999877	-0.0156827
1170	-5099.84	0.999829	-0.0185128
1170	-5099.81	0.999757	-0.0220267
1170	-5099.78	0.999674	-0.025524
1170	-5099.75	0.999576	-0.0291109
1170	-5099.72	0.999476	-0.032366
1169.99	-5099.68	0.999334	-0.0364979
1169.99	-5099.64	0.999159	-0.0410095
1169.99	-5099.6	0.998965	-0.0454959
1169.99	-5099.56	0.998746	-0.0500715
1169.99	-5099.52	0.998459	-0.0554865
1169.98	-5099.47	0.998146	-0.0608684
1169.98	-5099.42	0.997803	-0.0662541
1169.98	-5099.37	0.997365	-0.0725502
1169.97	-5099.31	0.99689	-0.0788115
1169.97	-5099.25	0.996329	-0.0856086
1169.96	-5099.19	0.995687	-0.0927793
1169.96	-5099.13	0.995061	-0.0992631
1169.95	-5099.07	0.99428	-0.106808
1169.94	-5099	0.993398	-0.114721
1169.94	-5098.94	0.99253	-0.122002
1169.93	-5098.86	0.991401	-0.130861
1169.91	-5098.77	0.98996	-0.141345
1169.9	-5098.66	0.988088	-0.153891
1169.88	-5098.54	0.985709	-0.168454
1169.85	-5098.41	0.98303	-0.183444
1169.82	-5098.25	0.979478	-0.201549
1169.78	-5098.06	0.974753	-0.223288
1169.74	-5097.87	0.969482	-0.245163
1169.68	-5097.67	0.963247	-0.268618
1169.63	-5097.47	0.956523	-0.291657
1169.55	-5097.24	0.951045	-0.309054
1169.47	-5096.99	0.951201	-0.308573
1169.39	-5096.75	0.951364	-0.308068
1169.31	-5096.49	0.951541	-0.307522
1169.24	-5096.26	0.951733	-0.306926
1169.16	-5096.01	0.951973	-0.306183
1169.07	-5095.75	0.95222	-0.305413
1168.99	-5095.49	0.952476	-0.304613
1168.9	-5095.22	0.952743	-0.303779
1168.82	-5094.97	0.952995	-0.302986
1168.73	-5094.67	0.953289	-0.302058
1168.63	-5094.35	0.953598	-0.301082
1168.53	-5094.04	0.95389	-0.300157
1168.42	-5093.68	0.954243	-0.299032
1168.3	-5093.3	0.954613	-0.297851
1168.17	-5092.9	0.954976	-0.296685
1168.04	-5092.48	0.955362	-0.295439
1167.92	-5092.07	0.955761	-0.294145
1167.77	-5091.6	0.956205	-0.292699
1167.62	-5091.11	0.956647	-0.29125
1167.48	-5090.64	0.957072	-0.28985
1167.32	-5090.1	0.957563	-0.288225
1167.15	-5089.55	0.958056	-0.286582
1166.97	-5088.96	0.958545	-0.284941
1166.81	-5088.4	0.959018	-0.283346
1166.62	-5087.77	0.95955	-0.281538
1166.43	-5087.11	0.960058	-0.279801
1166.25	-5086.49	0.960527	-0.278188
1166.05	-5085.79	0.961077	-0.276281
1165.84	-5085.07	0.961626	-0.274365
1165.63	-5084.34	0.962126	-0.272607
1165.42	-5083.59	0.962685	-0.270624
1165.22	-5082.88	0.963231	-0.268675
1165	-5082.09	0.963759	-0.266776
1164.78	-5081.27	0.964288	-0.264855
1164.55	-5080.43	0.964853	-0.262788
1164.33	-5079.64	0.965339	-0.260998
1164.09	-5078.75	0.965851	-0.2591
1163.85	-5077.84	0.966363	-0.257184
1163.62	-5076.99	0.966885	-0.255211
1163.38	-5076.05	0.96742	-0.253177
1163.13	-5075.09	0.968037	-0.250806
1162.9	-5074.2	0.96848	-0.249091
1162.64	-5073.21	0.968646	-0.248447
1162.39	-5072.21	0.968994	-0.247083
1162.13	-5071.19	0.969294	-0.245903
1161.86	-5070.15	0.969419	-0.245413
1161.6	-5069.1	0.96988	-0.243585
1161.35	-5068.12	0.970299	-0.241908
1161.08	-5067.04	0.970406	-0.241479
1160.81	-5065.94	0.970571	-0.240815
1160.56	-5064.91	0.971057	-0.23885
1160.28	-5063.78	0.971434	-0.237312
1160	-5062.63	0.971546	-0.236852
1159.71	-5061.47	0.971821	-0.235722
1159.45	-5060.38	0.972133	-0.234429
1159.16	-5059.17	0.972485	-0.232964
1158.87	-5057.95	0.972557	-0.232667
1158.6	-5056.81	0.973013	-0.23075
1158.3	-5055.56	0.973453	-0.228889
1158	-5054.28	0.973407	-0.229085
1157.7	-5052.99	0.973569	-0.228394
1157.42	-5051.8	0.974104	-0.226102
1157.11	-5050.48	0.974326	-0.225142
1156.81	-5049.15	0.974193	-0.225716
1156.52	-5047.91	0.974206	-0.225662
1156.2	-5046.55	0.974737	-0.223358
1155.89	-5045.18	0.974636	-0.223798
1155.57	-5043.8	0.973855	-0.22717
1155.25	-5042.41	0.972866	-0.231368
1154.94	-5041.13	0.971995	-0.235002
1154.59	-5039.71	0.970987	-0.239131
1154.27	-5038.41	0.969995	-0.243123
1153.91	-5036.97	0.968748	-0.248047
1153.53	-5035.52	0.967544	-0.252701
1153.15	-5034.06	0.96634	-0.25727
1152.79	-5032.7	0.965213	-0.261465
1152.38	-5031.22	0.96384	-0.26648
1151.96	-5029.72	0.962456	-0.271437
1151.53	-5028.21	0.961008	-0.276521
1151.09	-5026.67	0.959566	-0.281484
1150.67	-5025.25	0.958153	-0.286256
1150.19	-5023.68	0.956558	-0.291541
1149.71	-5022.1	0.954908	-0.296903
1149.25	-5020.63	0.953364	-0.301823
1148.73	-5019.01	0.951557	-0.307473
1148.2	-5017.38	0.949723	-0.313091
1147.65	-5015.72	0.947901	-0.318564
1147.13	-5014.2	0.946198	-0.323587
1146.55	-5012.52	0.944317	-0.329038
1145.96	-5010.83	0.942384	-0.334533
1145.35	-5009.11	0.940358	-0.340185
1144.72	-5007.39	0.938341	-0.345711
1144.07	-5005.65	0.936348	-0.351074
1143.47	-5004.05	0.934528	-0.355889
1142.79	-5002.28	0.932593	-0.36093
1142.1	-5000.51	0.930641	-0.365934
1141.45	-4998.87	0.928784	-0.370621
1140.72	-4997.06	0.926654	-0.375916
1139.98	-4995.24	0.92442	-0.381377
1139.22	-4993.41	0.922171	-0.386782
1138.44	-4991.56	0.919705	-0.392611
1137.7	-4989.85	0.917499	-0.397737
1136.88	-4987.97	0.915188	-0.403027
1136.04	-4986.08	0.912767	-0.408481
1135.19	-4984.18	0.910452	-0.413615
1134.38	-4982.42	0.907959	-0.41906
1133.48	-4980.48	0.905032	-0.425344
1132.56	-4978.53	0.902432	-0.430831
1131.7	-4976.74	0.900207	-0.435461
1130.74	-4974.77	0.897293	-0.441435
1129.75	-4972.78	0.89412	-0.447827
1128.83	-4970.94	0.891603	-0.452818
1127.8	-4968.93	0.889136	-0.457643
1126.75	-4966.91	0.886052	-0.463586
1125.68	-4964.88	0.883045	-0.469288
1124.69	-4963.01	0.880695	-0.473684
1123.57	-4960.95	0.877869	-0.4789
1122.44	-4958.89	0.874938	-0.484235
1121.38	-4956.98	0.871745	-0.48996
1120.19	-4954.88	0.868718	-0.495307
1118.98	-4952.77	0.86593	-0.500166
1117.75	-4950.65	0.863066	-0.505091
1116.59	-4948.69	0.859666	-0.510856
1115.31	-4946.54	0.857248	-0.514903
1114.01	-4944.38	0.85463	-0.519238
1112.68	-4942.2	0.851426	-0.524475
1111.43	-4940.19	0.848292	-0.529528
1110.04	-4937.98	0.844808	-0.53507
1108.64	-4935.77	0.840793	-0.541357
1107.19	-4933.55	0.832978	-0.553307
1105.82	-4931.52	0.82642	-0.563054
1104.29	-4929.29	0.820554	-0.571568
1102.72	-4927.06	0.812776	-0.582576
1101.11	-4924.84	0.804415	-0.594067
1099.6	-4922.82	0.797473	-0.603355
1097.93	-4920.63	0.790208	-0.612838
1096.23	-4918.46	0.782957	-0.622076
1094.64	-4916.48	0.775248	-0.631657
1092.88	-4914.34	0.769431	-0.63873
1091.1	-4912.21	0.763755	-0.645507
1089.3	-4910.1	0.756016	-0.654553
1087.63	-4908.19	0.750062	-0.661367
1085.79	-4906.11	0.745925	-0.66603
1083.93	-4904.05	0.740728	-0.671806
1082.06	-4901.99	0.735305	-0.677736
1080.32	-4900.12	0.731136	-0.682232
1078.43	-4898.09	0.729627	-0.683846
1076.52	-4896.07	0.726152	-0.687534
1074.76	-4894.22	0.721123	-0.692807
1072.82	-4892.21	0.716473	-0.697615
1070.88	-4890.22	0.71566	-0.698449
1068.92	-4888.22	0.712357	-0.701817
1066.96	-4886.24	0.706685	-0.707528
1065.14	-4884.44	0.703195	-0.710998
1063.15	-4882.47	0.702415	-0.711767
1061.16	-4880.51	0.698824	-0.715294
1059.32	-4878.72	0.694354	-0.719634
1057.3	-4876.78	0.692424	-0.721491
1055.28	-4874.84	0.691827	-0.722063
1053.43	-4873.07	0.688972	-0.724788
1051.39	-4871.14	0.684511	-0.729002
1049.34	-4869.22	0.682939	-0.730475
1047.29	-4867.31	0.683042	-0.730379
1045.24	-4865.39	0.680594	-0.732661
1043.34	-4863.64	0.677176	-0.735821
1041.27	-4861.74	0.676137	-0.736776
1039.2	-4859.84	0.676607	-0.736344
1037.13	-4857.93	0.674551	-0.738228
1035.22	-4856.2	0.672973	-0.739667
1033.14	-4854.3	0.672714	-0.739903
1031.05	-4852.41	0.671124	-0.741345
1029.14	-4850.67	0.669373	-0.742926
1027.03	-4848.78	0.667388	-0.74471
1024.91	-4846.88	0.667172	-0.744904
1022.77	-4844.97	0.66562	-0.746291
1020.8	-4843.21	0.663772	-0.747935
1018.63	-4841.3	0.661682	-0.749785
1016.44	-4839.37	0.66145	-0.749989
1014.43	-4837.59	0.658525	-0.752559
1012.21	-4835.66	0.655701	-0.755021
1009.97	-4833.72	0.655963	-0.754793
1007.73	-4831.76	0.655778	-0.754954
1005.65	-4829.97	0.65282	-0.757513
1003.37	-4828.01	0.649967	-0.759962
1001.07	-4826.04	0.650456	-0.759544
998.757	-4824.06	0.649565	-0.760306
996.623	-4822.24	0.646196	-0.763171
994.276	-4820.26	0.64445	-0.764646
991.913	-4818.27	0.642027	-0.766682
989.73	-4816.45	0.639677	-0.768644
987.332	-4814.45	0.639529	-0.768767
984.919	-4812.45	0.635654	-0.771974
982.485	-4810.46	0.632526	-0.774539
980.033	-4808.46	0.633698	-0.77358
977.776	-4806.6	0.634262	-0.773118
975.302	-4804.58	0.630968	-0.775809
972.807	-4802.56	0.629844	-0.776722
970.511	-4800.69	0.632573	-0.774501
967.999	-4798.64	0.631383	-0.775471
965.471	-4796.59	0.62863	-0.777705
962.927	-4794.53	0.630514	-0.776178
960.591	-4792.62	0.635372	-0.772206
958.044	-4790.52	0.638391	-0.769712
955.492	-4788.4	0.640241	-0.768174
953.15	-4786.44	0.644589	-0.764529
950.596	-4784.27	0.651458	-0.758685
948.048	-4782.07	0.655571	-0.755133
945.5	-4779.85	0.658198	-0.752845
943.162	-4777.8	0.663885	-0.747834
940.62	-4775.52	0.671681	-0.74084
938.088	-4773.21	0.675817	-0.737069
935.766	-4771.08	0.677689	-0.735349
933.232	-4768.73	0.68364	-0.72982
930.711	-4766.34	0.691573	-0.722307
928.204	-4763.93	0.698697	-0.715418
925.712	-4761.47	0.706382	-0.707831
923.44	-4759.18	0.713628	-0.700525
920.979	-4756.65	0.721353	-0.692567
918.535	-4754.09	0.728298	-0.685261
916.309	-4751.7	0.735093	-0.677967
913.897	-4749.06	0.742454	-0.669897
911.504	-4746.38	0.749419	-0.662096
909.127	-4743.67	0.755322	-0.655354
906.963	-4741.16	0.760751	-0.649044
904.617	-4738.39	0.766769	-0.641924
902.287	-4735.58	0.77274	-0.634723
899.971	-4732.75	0.77788	-0.628413
897.86	-4730.12	0.782232	-0.622987
895.569	-4727.22	0.786986	-0.616971
893.291	-4724.29	0.792611	-0.609727
891.029	-4721.33	0.796546	-0.604578
888.775	-4718.35	0.800401	-0.599465
886.716	-4715.58	0.804407	-0.594079
884.478	-4712.54	0.808958	-0.587866
882.254	-4709.45	0.813399	-0.581706
880.039	-4706.34	0.81596	-0.578108
878.011	-4703.47	0.819407	-0.573212
875.809	-4700.29	0.824522	-0.56583
873.623	-4697.08	0.82853	-0.559944
871.444	-4693.85	0.830814	-0.55655
869.447	-4690.85	0.834886	-0.550423
867.282	-4687.54	0.839201	-0.543821
865.125	-4684.2	0.840938	-0.541131
863.148	-4681.12	0.842847	-0.538153
860.993	-4677.72	0.84763	-0.530588
858.856	-4674.28	0.851069	-0.525055
856.899	-4671.1	0.851738	-0.523968
854.76	-4667.61	0.854124	-0.520069
852.629	-4664.1	0.856001	-0.516974
850.492	-4660.55	0.858039	-0.513585
848.544	-4657.27	0.862114	-0.506714
846.427	-4653.65	0.863838	-0.50377
844.31	-4650.02	0.863975	-0.503534
842.36	-4646.68	0.864683	-0.502319
840.234	-4642.99	0.86929	-0.494302
838.131	-4639.25	0.872955	-0.4878
836.034	-4635.5	0.872947	-0.487814
834.1	-4632.04	0.873125	-0.487496
831.99	-4628.24	0.877096	-0.480315
829.903	-4624.39	0.8794	-0.476084
827.981	-4620.85	0.878077	-0.478519
825.87	-4616.98	0.879351	-0.476175
823.764	-4613.06	0.883154	-0.469083
821.679	-4609.1	0.884954	-0.465679
819.756	-4605.46	0.88384	-0.467789
817.649	-4601.47	0.8868	-0.462154
815.563	-4597.43	0.889553	-0.456832
813.649	-4593.7	0.888237	-0.459385
811.537	-4589.64	0.887204	-0.461377
809.427	-4585.56	0.888622	-0.458639
807.32	-4581.48	0.890423	-0.455133
805.245	-4577.38	0.892025	-0.451987
803.332	-4573.63	0.890861	-0.454276
801.251	-4569.53	0.893651	-0.448762
799.201	-4565.42	0.893916	-0.448235
797.293	-4561.66	0.889802	-0.456346
795.189	-4557.56	0.889512	-0.456913
793.089	-4553.47	0.88854	-0.458799
790.964	-4549.39	0.887262	-0.461265
789.028	-4545.64	0.889146	-0.457624
786.742	-4541.21	0.886794	-0.462164
784.776	-4537.47	0.883517	-0.468399
782.612	-4533.4	0.882764	-0.469816
780.628	-4529.67	0.88182	-0.471587
778.258	-4525.27	0.879637	-0.475646
776.247	-4521.55	0.877963	-0.478728
774.021	-4517.51	0.873669	-0.486521
771.766	-4513.48	0.871531	-0.490341
769.5	-4509.47	0.870786	-0.491663
767.42	-4505.78	0.869941	-0.493156
765.136	-4501.77	0.867083	-0.498163
762.823	-4497.78	0.862853	-0.505455
760.472	-4493.8	0.859089	-0.511827
758.297	-4490.16	0.857621	-0.514282
755.92	-4486.2	0.85698	-0.515349
753.533	-4482.24	0.854619	-0.519256
751.119	-4478.3	0.851369	-0.524568
748.687	-4474.36	0.849232	-0.52802
746.029	-4470.11	0.847124	-0.531396
743.774	-4466.52	0.846016	-0.533157
741.3	-4462.61	0.844316	-0.535845
738.814	-4458.7	0.842649	-0.538463
736.518	-4455.12	0.840518	-0.541783
733.99	-4451.21	0.839331	-0.543621
731.657	-4447.61	0.838731	-0.544546
728.885	-4443.35	0.837701	-0.546129
726.527	-4439.73	0.83682	-0.547478
723.939	-4435.79	0.835951	-0.548805
721.55	-4432.15	0.835999	-0.54873
718.928	-4428.15	0.835706	-0.549176
716.294	-4424.15	0.83475	-0.550628
713.869	-4420.48	0.833832	-0.552019
711.209	-4416.47	0.83285	-0.553498
708.537	-4412.45	0.83226	-0.554386
705.851	-4408.42	0.831655	-0.555293
703.371	-4404.71	0.831349	-0.555751
700.655	-4400.65	0.83096	-0.556332
698.161	-4396.93	0.830942	-0.556359
695.432	-4392.85	0.830835	-0.556519
692.691	-4388.76	0.830642	-0.556806
689.944	-4384.66	0.83076	-0.556631
687.197	-4380.56	0.831208	-0.555961
684.677	-4376.79	0.831465	-0.555577
681.698	-4372.33	0.831523	-0.55549
678.944	-4368.21	0.832235	-0.554423
676.197	-4364.07	0.833552	-0.552441
673.452	-4359.93	0.834178	-0.551495
670.709	-4355.77	0.834661	-0.550764
668.19	-4351.96	0.835216	-0.549923
665.449	-4347.78	0.836881	-0.547385
662.712	-4343.59	0.838573	-0.544789
659.988	-4339.38	0.839764	-0.542951
657.484	-4335.51	0.839268	-0.543718
654.752	-4331.28	0.841118	-0.540852
652.036	-4327.04	0.842153	-0.539239
649.312	-4322.8	0.841816	-0.539764
646.592	-4318.55	0.842209	-0.539151
644.094	-4314.65	0.842773	-0.538269
641.38	-4310.38	0.844359	-0.535778
638.664	-4306.11	0.841536	-0.540201
636.139	-4302.21	0.836376	-0.548156
633.342	-4297.98	0.830825	-0.556534
630.495	-4293.77	0.824593	-0.565726
627.602	-4289.59	0.818739	-0.574165
624.907	-4285.79	0.812491	-0.582974
621.915	-4281.66	0.80437	-0.594129
618.86	-4277.58	0.796798	-0.604246
616.019	-4273.86	0.789508	-0.61374
612.845	-4269.86	0.773772	-0.633465
609.553	-4265.94	0.754458	-0.656349
606.148	-4262.11	0.738454	-0.674303
602.951	-4258.67	0.722602	-0.691264
599.353	-4255	0.701792	-0.712382
595.656	-4251.43	0.68628	-0.727337
591.885	-4247.93	0.670704	-0.741725
588.348	-4244.79	0.65282	-0.757513
584.4	-4241.46	0.636187	-0.771535
580.375	-4238.19	0.621323	-0.783555
576.615	-4235.26	0.60771	-0.794159
572.449	-4232.1	0.596936	-0.802289
568.225	-4229.01	0.582412	-0.812894
563.935	-4225.99	0.568406	-0.822748
559.589	-4223.02	0.554767	-0.832006
555.554	-4220.37	0.542028	-0.84036
551.105	-4217.53	0.533387	-0.845871
546.99	-4214.95	0.528996	-0.848625
542.473	-4212.14	0.524712	-0.85128
537.929	-4209.37	0.518319	-0.855188
533.74	-4206.84	0.51367	-0.857988
529.145	-4204.1	0.509715	-0.860343
524.531	-4201.38	0.507294	-0.861773
519.901	-4198.66	0.503759	-0.863844
515.643	-4196.19	0.500757	-0.865588
510.978	-4193.5	0.498416	-0.866938
506.294	-4190.81	0.497627	-0.867391
501.596	-4188.12	0.49563	-0.868534
497.277	-4185.66	0.493628	-0.869673
492.552	-4182.99	0.490039	-0.871701
487.813	-4180.33	0.486797	-0.873515
483.457	-4177.91	0.484667	-0.874699
478.694	-4175.28	0.483174	-0.875525
473.917	-4172.64	0.482275	-0.87602
469.128	-4170.01	0.481488	-0.876453
464.733	-4167.6	0.480648	-0.876914
459.932	-4164.97	0.479722	-0.877421
455.123	-4162.34	0.478792	-0.877929
450.71	-4159.94	0.478256	-0.87822
445.89	-4157.31	0.477918	-0.878404
441.062	-4154.69	0.477445	-0.878662
436.227	-4152.06	0.476629	-0.879105
431.379	-4149.44	0.475538	-0.879695
426.926	-4147.03	0.47418	-0.880428
422.052	-4144.41	0.472578	-0.881289
417.172	-4141.8	0.472583	-0.881286
412.692	-4139.4	0.471982	-0.881608
407.796	-4136.77	0.471234	-0.882008
402.89	-4134.16	0.470594	-0.88235
397.982	-4131.54	0.471843	-0.881682
393.481	-4129.13	0.472814	-0.881162
388.57	-4126.49	0.473574	-0.880754
383.654	-4123.84	0.473884	-0.880587
379.143	-4121.41	0.473055	-0.881033
374.202	-4118.77	0.469946	-0.882695
369.661	-4116.36	0.469509	-0.882927
364.703	-4113.72	0.471468	-0.881883
359.747	-4111.06	0.471748	-0.881734
354.775	-4108.41	0.469574	-0.882893
349.795	-4105.76	0.470423	-0.882441
345.232	-4103.32	0.472234	-0.881473
340.248	-4100.65	0.469946	-0.882695
335.238	-4098.01	0.46465	-0.885495
330.63	-4095.59	0.463737	-0.885973
325.601	-4092.96	0.464778	-0.885427
320.565	-4090.31	0.467289	-0.884105
315.542	-4087.63	0.473691	-0.880691
310.942	-4085.15	0.47472	-0.880137
305.913	-4082.44	0.477714	-0.878516
300.906	-4079.69	0.486757	-0.873538
296.324	-4077.13	0.486396	-0.873739
291.299	-4074.35	0.481375	-0.876515
286.26	-4071.58	0.485069	-0.874476
281.238	-4068.77	0.495779	-0.868449
276.661	-4066.12	0.500927	-0.865489
271.658	-4063.24	0.499914	-0.866075
266.65	-4060.34	0.500144	-0.865942
261.615	-4057.45	0.501458	-0.865182
256.608	-4054.5	0.513905	-0.857847
252.043	-4051.74	0.520028	-0.854149
247.056	-4048.7	0.517939	-0.855417
242.037	-4045.68	0.516207	-0.856464
237.022	-4042.64	0.52501	-0.851096
232.455	-4039.79	0.532179	-0.846632
227.051	-4036.39	0.534259	-0.845321
222.485	-4033.49	0.536796	-0.843712
217.475	-4030.32	0.53486	-0.844941
212.466	-4027.13	0.542049	-0.840347
207.486	-4023.88	0.548924	-0.835872
202.922	-4020.88	0.553521	-0.832835
197.964	-4017.55	0.558464	-0.829529
192.989	-4014.21	0.559713	-0.828687
188.434	-4011.11	0.561511	-0.82747
183.436	-4007.74	0.558825	-0.829286
178.435	-4004.36	0.564408	-0.825496
173.457	-4000.92	0.569878	-0.821729
168.889	-3997.75	0.571815	-0.820382
163.907	-3994.27	0.572672	-0.819785
158.896	-3990.78	0.572847	-0.819662
153.901	-3987.26	0.577301	-0.816531
149.311	-3984.02	0.576479	-0.817112
144.301	-3980.48	0.581528	-0.813526
139.31	-3976.88	0.583881	-0.811839
134.289	-3973.29	0.579914	-0.814677
129.675	-3970.01	0.582005	-0.813185
124.655	-3966.39	0.586272	-0.810115
119.638	-3962.76	0.586585	-0.809888
115.022	-3959.42	0.587786	-0.809016
110.006	-3955.74	0.594945	-0.803766
105.004	-3952.03	0.595348	-0.803468
100.392	-3948.63	0.591779	-0.8061
95.347	-3944.92	0.594832	-0.80385
90.3245	-3941.17	0.600097	-0.799927
85.3059	-3937.41	0.599817	-0.800137
80.6896	-3933.95	0.599435	-0.800424
75.6533	-3930.17	0.599725	-0.800206
70.5943	-3926.39	0.599573	-0.80032
65.9695	-3922.91	0.603736	-0.797184
60.5043	-3918.76	0.605162	-0.796102
55.8782	-3915.24	0.605492	-0.795851
50.8163	-3911.4	0.60649	-0.795091
45.7675	-3907.52	0.610324	-0.792152
40.7198	-3903.63	0.612806	-0.790233
36.104	-3900.03	0.616773	-0.787141
31.0834	-3896.08	0.621496	-0.783418
26.0855	-3892.09	0.626204	-0.779659
21.5151	-3888.41	0.62993	-0.776652
16.1412	-3884.02	0.637795	-0.770206
11.6261	-3880.25	0.643552	-0.765403
6.71079	-3876.1	0.648305	-0.761381
1.82836	-3871.9	0.656973	-0.753914
-2.60359	-3868	0.665184	-0.746679
-7.39328	-3863.7	0.67328	-0.739387
-11.743	-3859.71	0.680649	-0.73261
-16.4432	-3855.3	0.68863	-0.725113
-21.0806	-3850.82	0.716181	-0.697915
-25.4414	-3846.07	0.757899	-0.652372
-29.5573	-3841.09	0.797934	-0.602745
-32.9656	-3836.24	0.839478	-0.543394
-36.3719	-3830.74	0.855944	-0.517068
-39.7256	-3825.2	0.85803	-0.513599
-42.7346	-3820.08	0.875415	-0.483371
-45.7094	-3814.31	0.898368	-0.439243
-48.5422	-3808.47	0.896093	-0.443867
-51.5051	-3802.69	0.879111	-0.476617
-54.7064	-3797.04	0.857137	-0.515088
-57.8597	-3791.98	0.835512	-0.549472
-61.5329	-3786.62	0.809781	-0.586733
-65.4514	-3781.43	0.781541	-0.623853
-69.6096	-3776.42	0.751598	-0.659621
-73.6244	-3772	0.722708	-0.691154
-78.2152	-3767.38	0.692733	-0.721194
-82.9786	-3762.93	0.667815	-0.744327
-87.8921	-3758.65	0.642124	-0.766601
-92.9504	-3754.53	0.615688	-0.78799
-98.1441	-3750.59	0.593921	-0.804524
-102.981	-3747.07	0.580572	-0.814209
-108.324	-3743.32	0.56583	-0.824522
-113.736	-3739.66	0.550904	-0.834569
-118.753	-3736.39	0.543562	-0.839369
-124.23	-3732.83	0.547896	-0.836547
-129.689	-3729.24	0.552216	-0.833701
-135.129	-3725.61	0.560524	-0.828138
-140.519	-3721.91	0.57432	-0.818631
-145.848	-3718.11	0.587956	-0.808893
-150.677	-3714.56	0.600312	-0.799766
-155.883	-3710.59	0.614057	-0.789262
-161.02	-3706.53	0.628206	-0.778047
-166.084	-3702.38	0.642151	-0.766578
-170.661	-3698.49	0.654751	-0.755844
-175.583	-3694.17	0.665909	-0.746033
-180.454	-3689.78	0.673616	-0.739081
-185.281	-3685.34	0.681251	-0.73205
-190.062	-3680.86	0.688812	-0.72494
-194.8	-3676.32	0.693969	-0.720005
-199.127	-3672.14	0.695684	-0.718348
-203.837	-3667.57	0.69755	-0.716536
-208.536	-3662.98	0.699411	-0.71472
-213.225	-3658.39	0.700105	-0.71404
-217.527	-3654.17	0.699248	-0.714879
-222.226	-3649.58	0.698312	-0.715794
-226.933	-3645	0.697374	-0.716708
-231.647	-3640.41	0.696043	-0.718
-236.373	-3635.84	0.694162	-0.719819
-241.112	-3631.28	0.692276	-0.721633
-245.468	-3627.11	0.690542	-0.723292
-250.233	-3622.57	0.688251	-0.725473
-255.016	-3618.05	0.685396	-0.72817
-259.418	-3613.92	0.679552	-0.733627
-264.28	-3609.49	0.664147	-0.747602
-269.241	-3605.17	0.65192	-0.758288
-274.238	-3600.88	0.648287	-0.761396
-279.267	-3596.64	0.63651	-0.771268
-283.953	-3592.84	0.621071	-0.783754
-289.135	-3588.79	0.6116	-0.791167
-293.916	-3585.11	0.60363	-0.797265
-299.192	-3581.18	0.590692	-0.806897
-304.515	-3577.32	0.585668	-0.810551
-309.85	-3573.47	0.581822	-0.813316
-315.221	-3569.67	0.56781	-0.82316
-320.21	-3566.28	0.557914	-0.829899
-325.669	-3562.62	0.552555	-0.833476
-330.711	-3559.31	0.54834	-0.836255
-336.191	-3555.68	0.555487	-0.831525
-341.667	-3552.03	0.546246	-0.837625
-347.207	-3548.49	0.531204	-0.847244
-352.785	-3545.02	0.531441	-0.847095
-357.881	-3541.8	0.529096	-0.848562
-363.481	-3538.36	0.526431	-0.850218
-368.58	-3535.15	0.538609	-0.842556
-374.114	-3531.6	0.538514	-0.842617
-379.66	-3528.07	0.535579	-0.844485
-385.207	-3524.55	0.53969	-0.841864
-390.268	-3521.28	0.542495	-0.840059
-395.794	-3517.72	0.54533	-0.838222
-401.281	-3514.11	0.547983	-0.836489
-406.336	-3510.84	0.547001	-0.837132
-411.8	-3507.19	0.561143	-0.827719
-417.234	-3503.49	0.565794	-0.824547
-422.637	-3499.75	0.570007	-0.82164
-428.042	-3496.02	0.563905	-0.82584
-433.027	-3492.65	0.557713	-0.830034
-438.484	-3488.99	0.555511	-0.831509
-443.949	-3485.35	0.552695	-0.833383
-448.976	-3482.03	0.545448	-0.838144
-454.501	-3478.48	0.534144	-0.845394
-460.067	-3475	0.527672	-0.849448
-465.651	-3471.54	0.52053	-0.853843
-470.809	-3468.44	0.510348	-0.859968
-476.467	-3465.11	0.498764	-0.866738
-482.185	-3461.89	0.48314	-0.875543
-487.465	-3459	0.476576	-0.879133
-493.243	-3455.88	0.469172	-0.883107
-499.062	-3452.85	0.451034	-0.892507
-504.947	-3449.94	0.436101	-0.899898
-510.366	-3447.33	0.428348	-0.903614
-516.314	-3444.56	0.419147	-0.907918
-522.271	-3441.8	0.418793	-0.908082
-527.74	-3439.3	0.40866	-0.912686
-533.753	-3436.68	0.391163	-0.920321
-539.799	-3434.13	0.389618	-0.920977
-545.832	-3431.55	0.39532	-0.918543
-551.357	-3429.17	0.392291	-0.919841
-557.4	-3426.62	0.389713	-0.920937
-563.436	-3424.05	0.389807	-0.920896
-568.98	-3421.73	0.385138	-0.922859
-575.027	-3419.19	0.393747	-0.919219
-581.036	-3416.56	0.408968	-0.912549
-587.01	-3413.85	0.416322	-0.909217
-592.968	-3411.11	0.418945	-0.908012
-598.916	-3408.36	0.426197	-0.90463
-604.336	-3405.76	0.442245	-0.896894
-610.193	-3402.81	0.45723	-0.889348
-616.497	-3399.53	0.463936	-0.885869
-622.301	-3396.49	0.468576	-0.883423
-628.079	-3393.39	0.475561	-0.879683
-633.837	-3390.26	0.483979	-0.875079
-639.077	-3387.32	0.492502	-0.870311
-644.782	-3384.09	0.494391	-0.869239
-650.468	-3380.84	0.499898	-0.866084
-656.138	-3377.55	0.505753	-0.862678
-661.309	-3374.49	0.511399	-0.859343
-666.941	-3371.14	0.512031	-0.858967
-672.567	-3367.78	0.511395	-0.859346
-678.202	-3364.44	0.510127	-0.860099
-683.363	-3361.37	0.511144	-0.859495
-688.996	-3358.03	0.511712	-0.859157
-694.621	-3354.67	0.510453	-0.859906
-699.795	-3351.62	0.504524	-0.863398
-705.453	-3348.32	0.500601	-0.865678
-711.132	-3345.06	0.497275	-0.867593
-716.812	-3341.8	0.498376	-0.866961
-722.019	-3338.81	0.494668	-0.869082
-727.724	-3335.6	0.486915	-0.87345
-733.449	-3332.42	0.483858	-0.875146
-738.703	-3329.52	0.484571	-0.874752
-744.427	-3326.33	0.48477	-0.874641
-750.162	-3323.18	0.478379	-0.878154
-755.918	-3320.06	0.475251	-0.87985
-761.674	-3316.95	0.476629	-0.879104
-766.948	-3314.08	0.478476	-0.878101
-772.688	-3310.94	0.486229	-0.873831
-778.392	-3307.72	0.495041	-0.86887
-783.6	-3304.75	0.497202	-0.867635
-789.272	-3301.48	0.506597	-0.862183
-794.881	-3298.11	0.525237	-0.850956
-800.429	-3294.64	0.533724	-0.845659
-805.497	-3291.44	0.538099	-0.842881
-810.993	-3287.89	0.550898	-0.834573
-816.424	-3284.24	0.563529	-0.826096
-821.814	-3280.53	0.573565	-0.81916
-826.703	-3277.06	0.58355	-0.812077
-832.889	-3272.59	0.593345	-0.804948
-837.685	-3268.99	0.607615	-0.794232
-842.863	-3265	0.614881	-0.78862
-848.01	-3260.96	0.619945	-0.784645
-852.706	-3257.23	0.624124	-0.781325
-857.807	-3253.14	0.627623	-0.778517
-862.892	-3249.03	0.629798	-0.776759
-867.966	-3244.91	0.631509	-0.775368
-873.032	-3240.78	0.632727	-0.774375
-877.67	-3236.98	0.632819	-0.774299
-882.733	-3232.85	0.631656	-0.775249
-887.803	-3228.73	0.629905	-0.776672
-892.458	-3224.96	0.627934	-0.778266
-897.548	-3220.86	0.625166	-0.780492
-902.654	-3216.79	0.621794	-0.783181
-907.776	-3212.74	0.618499	-0.785785
-912.914	-3208.71	0.61558	-0.788074
-917.636	-3205.03	0.613616	-0.789605
-922.794	-3201.02	0.612561	-0.790423
-927.955	-3197.03	0.612381	-0.790563
-933.114	-3193.03	0.613235	-0.789901
-937.837	-3189.36	0.615241	-0.788339
-942.974	-3185.33	0.618717	-0.785614
-948.093	-3181.28	0.622416	-0.782687
-953.191	-3177.21	0.626278	-0.779599
-957.846	-3173.46	0.629803	-0.776755
-962.904	-3169.34	0.633439	-0.773792
-967.942	-3165.2	0.637558	-0.770403
-972.539	-3161.38	0.64173	-0.766931
-977.528	-3157.18	0.64662	-0.762812
-982.49	-3152.95	0.651746	-0.758437
-987.421	-3148.69	0.657311	-0.75362
-991.912	-3144.75	0.662781	-0.748813
-996.777	-3140.41	0.668729	-0.743506
-1001.61	-3136.04	0.674351	-0.738411
-1006.01	-3132	0.679655	-0.733532
-1010.77	-3127.56	0.685371	-0.728194
-1015.5	-3123.08	0.690674	-0.723166
-1020.2	-3118.56	0.696258	-0.717791
-1024.86	-3114.01	0.702102	-0.712077
-1029.48	-3109.43	0.707465	-0.706749
-1034.07	-3104.81	0.712143	-0.702034
-1038.24	-3100.55	0.716825	-0.697253
-1042.77	-3095.87	0.72233	-0.691549
-1047.25	-3091.15	0.7282	-0.685364
-1051.69	-3086.39	0.740276	-0.672303
-1055.65	-3081.93	0.758842	-0.651275
-1059.82	-3076.94	0.778819	-0.627248
-1063.83	-3071.82	0.798485	-0.602015
-1067.68	-3066.57	0.817694	-0.575654
-1071.05	-3061.65	0.834511	-0.550991
-1074.56	-3056.18	0.851523	-0.524317
-1077.9	-3050.6	0.865929	-0.500168
-1080.84	-3045.41	0.87633	-0.481711
-1083.92	-3039.68	0.885866	-0.463941
-1086.89	-3033.9	0.894432	-0.447203
-1089.76	-3028.06	0.901703	-0.432355
-1092.31	-3022.68	0.907177	-0.420749
-1095.01	-3016.76	0.91275	-0.408518
-1097.63	-3010.82	0.917948	-0.396702
-1099.97	-3005.34	0.921943	-0.387324
-1102.46	-2999.35	0.925218	-0.379435
-1104.9	-2993.33	0.928358	-0.371688
-1107.3	-2987.29	0.931249	-0.364383
-1109.45	-2981.74	0.933251	-0.359226
-1111.77	-2975.68	0.934696	-0.355447
-1114.07	-2969.61	0.935946	-0.352143
-1116.16	-2964.04	0.936931	-0.349514
-1118.42	-2957.96	0.937501	-0.347984
-1120.68	-2951.87	0.937423	-0.348192
-1122.94	-2945.79	0.937152	-0.348922
-1125.21	-2939.71	0.936635	-0.350306
-1127.29	-2934.15	0.935845	-0.352412
-1129.59	-2928.08	0.934666	-0.355526
-1131.9	-2922.02	0.933356	-0.358951
-1134.24	-2915.97	0.932308	-0.361665
-1136.59	-2909.93	0.931323	-0.364195
-1138.76	-2904.4	0.930456	-0.366404
-1141.14	-2898.37	0.92963	-0.368494
-1143.54	-2892.34	0.92899	-0.370105
-1146.14	-2885.82	0.928623	-0.371025
-1148.35	-2880.3	0.928056	-0.37244
-1150.76	-2874.28	0.927653	-0.373442
-1153.18	-2868.27	0.927562	-0.37367
-1155.81	-2861.76	0.926545	-0.376184
-1158.26	-2855.76	0.924795	-0.380466
-1160.74	-2849.77	0.923775	-0.382937
-1163.02	-2844.28	0.923206	-0.384304
-1165.51	-2838.3	0.922653	-0.385631
-1168.01	-2832.32	0.921945	-0.387321
-1170.53	-2826.35	0.920599	-0.390508
-1173.07	-2820.39	0.919776	-0.392443
-1175.4	-2814.93	0.919567	-0.392933
-1177.94	-2808.97	0.920438	-0.390888
-1180.47	-2803	0.920481	-0.390787
-1182.8	-2797.54	0.919457	-0.393189
-1185.35	-2791.59	0.918643	-0.395089
-1187.91	-2785.63	0.919009	-0.394238
-1190.47	-2779.68	0.917962	-0.396668
-1193.04	-2773.74	0.917798	-0.397047
-1195.6	-2767.79	0.919955	-0.392025
-1197.92	-2762.32	0.921556	-0.388246
-1200.42	-2756.35	0.92329	-0.384104
-1202.9	-2750.36	0.925006	-0.379953
-1205.14	-2744.86	0.930774	-0.365596
-1207.42	-2738.79	0.942145	-0.335205
-1209.53	-2732.66	0.949901	-0.312551
-1211.5	-2726.49	0.957261	-0.289224
-1213.3	-2720.26	0.964224	-0.26509
-1214.83	-2714.52	0.970061	-0.242862
-1216.33	-2708.22	0.975786	-0.21873
-1217.69	-2701.88	0.980573	-0.196156
-1218.9	-2695.52	0.984441	-0.175718
-1219.9	-2689.66	0.987547	-0.157322
-1220.87	-2683.25	0.99046	-0.137798
-1221.71	-2676.83	0.993574	-0.113186
-1222.36	-2670.38	0.996273	-0.0862571
-1222.87	-2663.92	0.997415	-0.0718516
-1223.28	-2657.99	0.997719	-0.0675111
-1223.71	-2651.53	0.998252	-0.0591052
-1224.04	-2645.06	0.999088	-0.0427021
-1224.27	-2639.12	0.999617	-0.0276588
-1224.38	-2632.65	0.999921	-0.012568
-1224.46	-2626.17	0.999963	-0.00860367
-1224.49	-2619.69	1	-0.000789221
-1224.49	-2613.75	0.99997	0.00771327
-1224.39	-2607.27	0.999761	0.021872
-1224.23	-2600.8	0.999533	0.030551
-1224	-2594.32	0.999343	0.0362433
-1223.79	-2588.39	0.999275	0.0380739
-1223.53	-2581.92	0.999054	0.0434806
-1223.23	-2575.45	0.998797	0.0490302
-1222.89	-2568.98	0.998309	0.0581235
-1222.53	-2563.05	0.997985	0.0634532
-1222.11	-2556.59	0.997944	0.0640852
-1221.7	-2550.13	0.997864	0.0653205
-1221.26	-2543.67	0.99754	0.0701058
-1220.84	-2537.75	0.997456	0.0712845
-1220.38	-2531.29	0.997366	0.0725335
-1219.9	-2524.83	0.997284	0.0736484
-1219.43	-2518.37	0.997444	0.0714558
-1219.01	-2512.46	0.997378	0.0723664
-1218.53	-2506	0.997201	0.0747641
-1218.05	-2499.54	0.997287	0.0736153
-1217.58	-2493.09	0.997404	0.0720069
-1217.15	-2487.17	0.997554	0.0699003
-1216.71	-2480.71	0.997721	0.0674817
-1216.27	-2474.25	0.997725	0.067413
-1215.85	-2467.8	0.997943	0.0641069
-1215.47	-2461.87	0.998273	0.0587506
-1215.12	-2455.41	0.998619	0.052544
-1214.78	-2448.95	0.998847	0.0480097
-1214.52	-2443.03	0.999064	0.0432486
-1214.23	-2436.56	0.999112	0.0421346
-1213.98	-2430.1	0.999363	0.0356865
-1213.77	-2423.63	0.999684	0.0251525
-1213.64	-2417.17	0.999885	0.0151499
-1213.56	-2411.24	0.999939	0.0110674
-1213.5	-2404.77	0.999966	0.00822621
-1213.46	-2398.31	1	0.000563211
-1213.48	-2392.38	0.999963	-0.00860784
-1213.55	-2385.92	0.999939	-0.011059
-1213.62	-2379.45	0.999941	-0.0109021
-1213.7	-2372.99	0.999879	-0.0155789
-1213.8	-2367.06	0.999827	-0.0185775
-1213.92	-2360.6	0.99979	-0.0205033
-1214.07	-2354.14	0.999668	-0.0257632
-1214.22	-2348.22	0.999731	-0.0231726
-1214.35	-2341.76	0.999865	-0.0164515
-1214.45	-2335.29	0.999898	-0.0142761
-1214.54	-2328.83	0.99993	-0.0118574
-1214.6	-2322.91	0.999971	-0.00764426
-1214.64	-2316.45	0.999997	-0.00261907
-1214.64	-2309.99	0.999998	0.00210214
-1214.62	-2304.07	0.999936	0.0113239
-1214.48	-2297.61	0.999484	0.0321101
-1214.24	-2291.15	0.998964	0.045499
-1213.9	-2284.7	0.998336	0.0576592
-1213.51	-2278.25	0.997995	0.063285
-1213.13	-2272.34	0.997844	0.0656311
-1212.7	-2265.9	0.997719	0.0675062
-1212.29	-2259.99	0.997439	0.0715289
-1211.82	-2253.55	0.997271	0.073832
-1211.35	-2247.11	0.997286	0.0736283
-1210.87	-2240.67	0.997302	0.0734089
-1210.4	-2234.22	0.997321	0.0731481
-1209.97	-2228.32	0.997388	0.0722235
-1209.5	-2221.88	0.997522	0.0703514
-1209.06	-2215.43	0.997653	0.0684717
-1208.65	-2209.52	0.99777	0.0667435
-1208.23	-2203.08	0.997919	0.0644777
-1207.82	-2196.63	0.998096	0.0616774
-1207.43	-2190.19	0.998269	0.0588062
-1207.06	-2183.74	0.998438	0.0558692
-1206.7	-2177.29	0.9986	0.0528875
-1206.4	-2171.37	0.998742	0.0501538
-1206.08	-2164.92	0.998886	0.0471824
-1205.78	-2158.47	0.99902	0.0442649
-1205.53	-2152.55	0.999121	0.0419099
-1205.26	-2146.1	0.999205	0.0398565
-1205.01	-2139.64	0.999285	0.0377992
-1204.77	-2133.19	0.999362	0.0357175
-1204.55	-2126.73	0.999425	0.0339156
-1204.35	-2120.81	0.999467	0.0326539
-1204.14	-2114.36	0.999511	0.0312705
-1203.94	-2107.9	0.999553	0.0298841
-1203.77	-2101.98	0.999591	0.0286103
-1203.59	-2095.52	0.99963	0.0272098
-1203.42	-2089.06	0.999667	0.0257909
-1203.25	-2082.61	0.999703	0.024353
-1203.11	-2076.69	0.999735	0.0230289
-1202.97	-2070.23	0.999767	0.0215819
-1202.83	-2063.77	0.999797	0.0201348
-1202.72	-2057.85	0.999823	0.0187954
-1202.6	-2051.39	0.999846	0.0175375
-1202.49	-2044.93	0.99986	0.0167034
-1202.38	-2038.47	0.999875	0.0158166
-1202.28	-2032	0.999889	0.0149217
-1202.2	-2026.08	0.9999	0.0141181
-1202.11	-2019.62	0.999912	0.0132834
-1202.02	-2013.16	0.999922	0.0125088
-1201.95	-2007.24	0.99993	0.0118596
-1201.88	-2000.78	0.999937	0.0112279
-1201.81	-1994.32	0.999943	0.010638
-1201.74	-1987.85	0.999949	0.0100532
-1201.68	-1981.39	0.999955	0.00946834
-1201.62	-1975.47	0.99996	0.00893059
-1201.56	-1969.01	0.999965	0.00831041
-1201.51	-1962.55	0.999971	0.00758975
-1201.47	-1956.62	0.999977	0.00681288
-1201.43	-1950.16	0.999983	0.00585376
-1201.39	-1943.7	0.999988	0.00482741
-1201.36	-1937.23	0.999993	0.00384303
-1201.34	-1930.77	0.999996	0.00299135
-1201.33	-1924.85	0.999997	0.00231948
-1201.31	-1918.38	0.999999	0.00161215
-1201.3	-1911.92	1	0.000829012
-1201.3	-1906	1	0.000267923
-1201.3	-1899.53	1	7.28169e-05
-1201.3	-1893.07	1	-0.000106604
-1201.3	-1886.61	1	-0.000242796
-1201.3	-1880.14	1	-0.000363516
-1201.31	-1874.22	1	-0.000474165
-1201.31	-1867.76	1	-0.000594923
-1201.31	-1861.29	1	-0.000715681
-1201.32	-1855.37	1	-0.000826376
-1201.32	-1848.9	1	-0.000947134
-1201.33	-1842.44	0.999999	-0.00106789
-1201.34	-1835.98	1	-0.000868673
-1201.34	-1829.51	1	-0.000221487
-1201.34	-1823.59	1	0.000371767
-1201.34	-1817.12	0.999999	0.00101163
-1201.33	-1810.66	0.999999	0.00160885
-1201.32	-1804.73	0.999998	0.00207
-1201.3	-1798.27	0.999997	0.0024338
-1201.29	-1791.8	0.999996	0.00269499
-1201.27	-1785.34	0.999997	0.0025982
-1201.25	-1778.87	0.999998	0.00205364
-1201.24	-1772.95	0.999999	0.00155454
-1201.23	-1766.48	0.999999	0.00101008
-1201.23	-1759.48	1	0.000421808
-1201.23	-1753.01	1	-0.000116804
-1201.23	-1746.55	1	-0.000652479
-1201.23	-1740.08	0.999999	-0.00118819
-1201.24	-1733.08	0.999998	-0.00176857
-1201.26	-1726.61	0.999997	-0.00230413
-1201.27	-1720.69	0.999996	-0.00279491
-1201.29	-1714.22	0.999994	-0.00333031
-1201.31	-1707.76	0.999994	-0.00354565
-1201.34	-1701.29	0.999995	-0.00331293
-1201.36	-1694.82	0.999995	-0.0030802
-1201.38	-1688.9	0.999996	-0.00286687
-1201.39	-1682.43	0.999997	-0.00263411
-1201.41	-1675.97	0.999997	-0.00240099
-1201.42	-1669.5	0.999998	-0.00216744
-1201.44	-1663.57	0.999998	-0.00195335
-1201.45	-1657.11	0.999999	-0.00171977
-1201.46	-1650.64	0.999999	-0.00148613
-1201.47	-1644.17	0.999999	-0.00125252
-1201.48	-1637.71	0.999999	-0.00101897
-1201.48	-1631.78	1	-0.000803282
-1201.49	-1625.31	1	-0.000562223
-1201.49	-1618.84	1	-0.000313559
-1201.49	-1612.92	1	-7.99312e-05
-1201.49	-1606.45	1	0.000181849
-1201.49	-1599.98	1	0.000446581
-1201.48	-1593.52	1	0.000712824
-1201.48	-1587.05	0.999999	0.00102307
-1201.47	-1581.12	0.999999	0.00150012
-1201.46	-1574.65	0.999997	0.00238065
-1201.44	-1568.18	0.999994	0.00359768
-1201.42	-1561.72	0.999988	0.00494185
-1201.38	-1555.79	0.999982	0.00591891
-1201.34	-1549.32	0.999979	0.00651735
-1201.3	-1542.85	0.999974	0.00718253
-1201.25	-1536.38	0.999969	0.00787767
-1201.2	-1530.46	0.999964	0.00851488
-1201.15	-1523.99	0.999958	0.00921002
-1201.08	-1517.52	0.999951	0.00990514
-1201.02	-1511.59	0.999947	0.010283
-1200.96	-1505.12	0.999948	0.0101928
-1200.89	-1498.65	0.999949	0.0100923
-1200.83	-1492.19	0.99995	0.0099919
-1200.76	-1485.72	0.999951	0.00989147
-1200.7	-1479.79	0.999952	0.00979941
-1200.64	-1473.32	0.999953	0.00969898
-1200.58	-1466.85	0.999954	0.00959856
-1200.52	-1460.38	0.999955	0.00949851
-1200.46	-1454.45	0.999956	0.00940729
-1200.4	-1447.98	0.999957	0.00930777
-1200.34	-1441.51	0.999958	0.00920826
-1200.28	-1435.05	0.999959	0.00910875
-1200.23	-1429.12	0.999959	0.00901753
-1200.17	-1422.65	0.99996	0.00891801
-1200.11	-1416.18	0.999961	0.0088185
-1200.06	-1410.25	0.999962	0.00872728
-1200	-1403.78	0.999963	0.00862624
-1199.95	-1397.31	0.999964	0.00852306
-1199.89	-1390.84	0.999965	0.00841989
-1199.84	-1384.37	0.999965	0.00831671
-1199.79	-1378.43	0.999966	0.00822213
-1199.74	-1371.96	0.999967	0.00811895
-1199.68	-1365.49	0.999968	0.00801578
-1199.64	-1359.56	0.999969	0.0079212
-1199.59	-1353.09	0.999969	0.00781802
-1199.54	-1346.62	0.99997	0.00771553
-1199.49	-1340.14	0.999971	0.007614
-1199.44	-1333.67	0.999972	0.00751247
-1199.39	-1327.74	0.999972	0.00741941
-1199.35	-1321.27	0.999973	0.00731784
-1199.3	-1314.79	0.999974	0.00721622
-1199.25	-1308.32	0.999975	0.0071146
-1199.21	-1302.38	0.999975	0.00702144
-1199.16	-1295.91	0.999976	0.00691994
-1199.11	-1288.35	0.999977	0.0068017
-1199.07	-1281.87	0.999978	0.00670035
-1199.03	-1275.93	0.999978	0.00660745
-1198.99	-1269.45	0.999979	0.00650607
-1198.94	-1262.43	0.99998	0.00639618
-1198.9	-1255.95	0.99998	0.00629474
-1198.86	-1250.01	0.999981	0.00620175
-1198.82	-1243.53	0.999981	0.00610035
-1198.78	-1237.05	0.999982	0.005999
-1198.75	-1231.11	0.999983	0.0059061
-1198.71	-1224.63	0.999983	0.00580476
-1198.67	-1218.15	0.999984	0.00570341
-1198.64	-1211.67	0.999984	0.00560206
-1198.6	-1205.19	0.999985	0.00550071
-1198.57	-1199.25	0.999985	0.00540781
-1198.53	-1192.77	0.999986	0.00530647
-1198.5	-1186.29	0.999986	0.00520516
-1198.47	-1180.34	0.999987	0.00511234
-1198.44	-1173.86	0.999987	0.00501108
-1198.4	-1167.38	0.999988	0.00490983
-1198.37	-1160.9	0.999988	0.00480857
-1198.34	-1154.96	0.999989	0.00471575
-1198.31	-1148.48	0.999989	0.0046145
-1198.28	-1142	0.99999	0.00451324
-1198.26	-1136.05	0.99999	0.00442042
-1198.23	-1129.57	0.999991	0.00431916
-1198.2	-1123.09	0.999991	0.00421791
-1198.17	-1116.61	0.999992	0.00411665
-1198.15	-1110.67	0.999992	0.00402383
-1198.12	-1104.18	0.999992	0.00392258
-1198.1	-1097.7	0.999993	0.00382132
-1198.07	-1091.22	0.999993	0.00372006
-1198.05	-1085.28	0.999993	0.00362724
-1198.03	-1078.8	0.999994	0.00352599
-1198.01	-1072.31	0.999994	0.00342473
-1197.98	-1065.83	0.999979	0.00651828
-1197.92	-1059.35	0.999901	0.0140843
-1197.82	-1053.41	0.999779	0.0210191
-1197.66	-1046.93	0.999591	0.0285833
-1197.46	-1040.45	0.999467	0.0326324
-1197.27	-1034.51	0.999493	0.0318345
-1197.06	-1028.03	0.99952	0.0309641
-1196.86	-1021.55	0.999547	0.0300936
-1196.67	-1015.07	0.999591	0.0285823
-1196.49	-1008.59	0.999657	0.0261736
-1196.34	-1002.65	0.999713	0.0239655
-1196.19	-996.164	0.999769	0.0215024
-1196.06	-989.682	0.999828	0.0185448
-1195.96	-983.739	0.999884	0.01524
-1195.87	-977.257	0.999934	0.0114781
-1195.81	-970.773	0.999971	0.00760903
-1195.77	-964.29	0.999991	0.00431216
-1195.75	-957.806	0.999998	0.00189023
-1195.74	-951.862	1	-0.00033193
-1195.75	-945.379	0.999996	-0.00275772
-1195.77	-938.895	0.999987	-0.00518937
-1195.81	-932.411	0.999971	-0.00762622
-1195.87	-926.467	0.999951	-0.00986001
-1195.94	-919.983	0.999924	-0.0122968
-1196.02	-913.5	0.999896	-0.0144089
-1196.12	-907.016	0.999871	-0.0160703
-1196.23	-900.533	0.999843	-0.0177334
-1196.34	-894.59	0.999821	-0.018936
-1196.46	-888.106	0.999803	-0.0198239
-1196.59	-881.623	0.999786	-0.020708
-1196.72	-875.68	0.999768	-0.0215246
-1196.86	-869.197	0.999756	-0.0220982
-1197	-862.713	0.999753	-0.0222319
-1197.15	-856.23	0.99975	-0.0223549
-1197.29	-849.746	0.999747	-0.0225075
-1197.43	-843.803	0.999743	-0.0226762
-1197.58	-837.32	0.999739	-0.0228449
-1197.72	-830.836	0.999735	-0.0230076
-1197.86	-824.893	0.999732	-0.0231698
-1198.01	-818.409	0.999727	-0.0233539
-1198.16	-811.925	0.999722	-0.0235649
-1198.32	-805.441	0.999717	-0.0237768
-1198.47	-798.957	0.999712	-0.0240066
-1198.63	-792.473	0.999712	-0.0239928
-1198.78	-785.989	0.999724	-0.0235006
-1198.93	-779.505	0.999736	-0.0229967
-1199.08	-773.02	0.999746	-0.0225267
-1199.23	-766.536	0.999756	-0.0220925
-1199.37	-760.051	0.999765	-0.0216855
-1199.51	-753.566	0.999772	-0.0213465
-1199.65	-747.081	0.999779	-0.0210384
-1199.78	-740.596	0.999784	-0.0207946
-1199.92	-734.111	0.999789	-0.0205412
-1200.05	-727.626	0.999794	-0.020278
-1200.18	-721.14	0.999799	-0.0200247
-1200.3	-715.195	0.999805	-0.0197611
-1200.43	-708.709	0.99981	-0.0194979
-1200.55	-702.224	0.999814	-0.0192688
-1200.66	-696.278	0.999818	-0.0190587
-1200.79	-689.792	0.999823	-0.0188295
-1200.91	-683.306	0.999827	-0.0186003
-1201.03	-676.82	0.999831	-0.0183711
-1201.14	-670.874	0.999835	-0.0181609
-1201.26	-664.388	0.999839	-0.0179317
-1201.37	-657.901	0.999843	-0.0177025
-1201.49	-651.415	0.999847	-0.0174754
-1201.6	-644.928	0.999851	-0.0172512
-1201.71	-638.442	0.999855	-0.0170285
-1201.81	-632.495	0.999858	-0.016828
-1201.92	-626.008	0.999862	-0.0166178
-1202.03	-619.521	0.999865	-0.0164165
-1202.13	-613.034	0.999868	-0.0162175
-1202.24	-606.547	0.999872	-0.0160184
-1202.33	-600.601	0.999875	-0.0158359
-1202.43	-594.113	0.999878	-0.0156379
-1202.53	-587.626	0.999886	-0.015124
-1202.63	-581.139	0.9999	-0.0141673
-1202.71	-575.192	0.999912	-0.0132923
-1202.8	-568.704	0.999924	-0.0123378
-1202.87	-562.216	0.999935	-0.0113833
-1202.94	-555.728	0.999946	-0.0104287
-1203.01	-549.24	0.999955	-0.00947418
-1203.06	-543.292	0.999963	-0.00859914
-1203.12	-536.803	0.999971	-0.00764449
-1203.16	-530.315	0.999978	-0.00668971
-1203.2	-523.826	0.999984	-0.00573493
-1203.24	-517.878	0.999988	-0.0048597
-1203.27	-510.308	0.999993	-0.00374578
-1203.29	-503.819	0.999996	-0.00279098
-1203.31	-497.871	0.999998	-0.00191575
-1203.32	-491.381	1	-0.000960943
-1203.32	-484.892	1	-0.000327261
-1203.32	-478.944	1	-0.000158491
-1203.32	-472.455	1	2.56215e-05
-1203.32	-465.965	1	0.000209734
-1203.32	-459.476	1	0.000418718
-1203.32	-452.986	1	0.000662523
-1203.31	-447.037	1	0.000886011
-1203.31	-440.548	0.999999	0.00112982
-1203.3	-434.058	0.999999	0.0013716
-1203.29	-428.109	0.999999	0.00158493
-1203.28	-421.618	0.999998	0.00180367
-1203.27	-415.128	0.999998	0.00200375
-1203.25	-408.638	0.999998	0.00216581
-1203.24	-402.148	0.999997	0.00229255
-1203.22	-396.198	0.999997	0.00239396
-1203.21	-389.707	0.999997	0.0025014
-1203.19	-383.217	0.999997	0.00260372
-1203.18	-377.267	0.999996	0.00267544
-1203.16	-370.776	0.999996	0.00270603
-1203.14	-364.285	0.999996	0.00269565
-1203.12	-357.794	0.999996	0.00266306
-1203.11	-351.303	0.999996	0.00271912
-1203.09	-345.352	0.999995	0.00304721
-1203.07	-338.861	0.999993	0.00378808
-1203.04	-332.369	0.999988	0.00493251
-1203.01	-326.419	0.99998	0.00632345
-1202.96	-319.927	0.999967	0.00815757
-1202.9	-313.435	0.999949	0.0100923
-1202.83	-306.944	0.999928	0.012022
-1202.75	-300.452	0.999903	0.0139185
-1202.66	-294.502	0.999878	0.0156065
-1202.56	-288.01	0.999854	0.0170776
-1202.44	-281.519	0.999836	0.0180861
-1202.33	-275.569	0.999819	0.0190105
-1202.21	-269.077	0.9998	0.020019
-1202.07	-262.586	0.999779	0.0210275
-1201.94	-256.095	0.999765	0.0216773
-1201.79	-249.603	0.999764	0.02171
-1201.65	-243.112	0.99977	0.021467
-1201.52	-236.62	0.99978	0.0209941
-1201.39	-230.669	0.99979	0.0204791
-1201.26	-224.177	0.9998	0.0199814
-1201.13	-217.685	0.999807	0.0196239
-1201.02	-211.734	0.999817	0.0191277
-1200.89	-205.241	0.999836	0.0181088
-1200.78	-198.749	0.999854	0.0170914
-1200.67	-192.256	0.999871	0.0160921
-1200.57	-185.763	0.99989	0.0147987
-1200.49	-179.81	0.999913	0.013216
-1200.4	-173.317	0.999934	0.0115012
-1200.33	-166.823	0.999952	0.00976479
-1200.28	-160.87	0.999965	0.00837497
-1200.23	-154.376	0.999973	0.00728443
-1200.18	-147.882	0.999981	0.0061452
-1200.15	-141.388	0.999988	0.00486477
-1200.12	-135.435	0.999993	0.00371995
-1200.1	-128.94	0.999997	0.00260599
-1200.09	-122.446	0.999999	0.00113057
-1200.08	-116.493	1	-0.000483335
-1200.09	-109.998	0.999997	-0.00246655
-1200.11	-103.503	0.999989	-0.00464204
-1200.15	-97.0087	0.999976	-0.00697222
-1200.2	-90.5141	0.999956	-0.00941578
-1200.27	-84.0196	0.999932	-0.0116202
-1200.35	-77.5252	0.99991	-0.0134513
-1200.43	-71.5718	0.999893	-0.0146023
-1200.53	-65.0776	0.99984	-0.0178861
-1200.67	-58.5858	0.999736	-0.022972
-1200.81	-52.6357	0.999661	-0.026043
-1200.99	-46.1459	0.999589	-0.0286519
-1201.17	-39.6546	0.999614	-0.0277736
-1201.36	-33.1636	0.999528	-0.0307182
-1201.55	-27.2163	0.999347	-0.036119
-1201.8	-20.7294	0.999291	-0.0376431
-1202.04	-14.2426	0.999262	-0.0384242
-1202.29	-7.7572	0.999216	-0.0395978
-1202.53	-1.81173	0.999306	-0.0372417
-1202.76	4.67556	0.999367	-0.0355809
-1203	11.1606	0.999317	-0.0369504
-1203.23	17.6456	0.999411	-0.0343105
-1203.44	24.1314	0.999511	-0.0312547
-1203.62	30.0768	0.999603	-0.0281681
-1203.79	36.5648	0.999739	-0.0228467
-1203.92	42.5121	0.999789	-0.0205287
-1204.05	48.9984	0.999825	-0.0187044
-1204.16	55.4845	0.999877	-0.015715
-1204.26	61.9705	0.999927	-0.0120495
-1204.32	68.4581	0.999977	-0.00672459
-1204.35	74.4045	0.999988	-0.00479862
-1204.38	80.8896	0.999993	-0.00366317
-1204.4	87.3745	1	-0.00088178
-1204.4	93.3191	0.999999	0.00113092
-1204.39	99.8037	0.999995	0.00319992
-1204.36	106.29	0.999978	0.00665357
-1204.31	112.775	0.999967	0.00808656
-1204.25	119.259	0.999964	0.00852488
-1204.2	125.203	0.999952	0.009845
-1204.13	131.686	0.999928	0.0119597
-1204.05	138.171	0.999903	0.0139462
-1203.96	144.114	0.999901	0.0141008
-1203.87	150.597	0.999901	0.014055
-1203.78	157.078	0.999916	0.012928
-1203.7	163.56	0.999905	0.0137595
-1203.62	169.503	0.9999	0.014114
-1203.53	175.986	0.999908	0.0135498
-1203.44	182.469	0.999919	0.0127499
-1203.36	188.95	0.999952	0.00981961
-1203.31	194.89	0.999968	0.00805832
-1203.26	201.372	0.999965	0.00835754
-1203.21	207.853	0.999977	0.00676414
-1203.17	214.333	0.999995	0.00330185
-1203.16	220.272	1	0.000713251
-1203.16	226.751	0.999999	-0.00100421
-1203.17	233.229	0.999992	-0.00394078
-1203.2	239.167	0.99999	-0.00440398
-1203.23	245.646	0.999984	-0.0055911
-1203.27	252.123	0.999959	-0.00900519
-1203.33	258.06	0.999954	-0.00956391
-1203.39	264.538	0.999964	-0.00851686
-1203.44	271.016	0.999966	-0.00829788
-1203.49	276.954	0.999968	-0.00797205
-1203.54	283.431	0.999976	-0.0068603
-1203.58	289.906	0.99998	-0.00639578
-1203.62	296.381	0.999992	-0.00391036
-1203.64	302.857	1	-0.000734159
-1203.64	308.793	1	0.000782892
-1203.63	315.268	0.999997	0.00256776
-1203.6	321.743	0.99999	0.00438531
-1203.58	327.677	0.999983	0.00577007
-1203.53	334.152	0.999961	0.00882766
-1203.47	340.626	0.999952	0.00983522
-1203.4	347.099	0.999947	0.0103097
-1203.34	353.571	0.999934	0.0114514
-1203.26	360.044	0.999928	0.0119919
-1203.19	365.976	0.999929	0.0119211
-1203.11	372.448	0.99992	0.0126785
-1203.03	378.381	0.999925	0.012269
-1202.96	384.852	0.999931	0.0117215
-1202.88	391.323	0.99994	0.0109437
-1202.82	397.792	0.99996	0.00898863
-1202.76	404.261	0.999961	0.00885512
-1202.71	410.192	0.999958	0.00914706
-1202.65	416.662	0.999972	0.0074475
-1202.61	423.132	0.99998	0.00627741
-1202.57	429.063	0.999988	0.0049829
-1202.55	435.532	0.999997	0.00225948
-1202.53	442.001	0.999999	0.00131416
-1202.53	448.469	1	-0.000458815
-1202.54	454.398	0.999997	-0.00233847
-1202.56	460.866	0.999993	-0.00362129
-1202.58	467.334	0.999991	-0.00434554
-1202.61	473.262	0.99998	-0.00629651
-1202.65	479.729	0.999979	-0.00653506
-1202.7	486.196	0.999976	-0.0068964
-1202.74	492.661	0.999973	-0.00740257
-1202.79	498.587	0.999973	-0.00733012
-1202.83	505.052	0.999982	-0.00603741
-1202.87	511.517	0.999983	-0.00588978
-1202.9	517.443	0.999989	-0.00470031
-1202.93	523.908	0.999994	-0.00342441
-1202.95	530.371	0.999994	-0.00334017
-1202.97	536.834	0.999997	-0.00262406
-1202.98	543.297	1	-0.000977155
-1202.99	549.221	1	2.7216e-05
-1202.98	555.684	0.999999	0.00163124
-1202.97	561.608	0.999997	0.00233792
-1202.95	568.068	0.999994	0.00351524
-1202.92	574.53	0.999984	0.00566593
-1202.88	580.991	0.999976	0.00689065
-1202.84	586.913	0.999968	0.0079812
-1202.79	593.373	0.999958	0.00913815
-1202.73	599.831	0.999954	0.00954121
-1202.67	605.751	0.999944	0.0105551
-1202.6	612.211	0.999932	0.0116412
-1202.52	618.669	0.999928	0.0120074
-1202.44	625.127	0.999924	0.0123432
-1202.36	631.584	0.999915	0.0130648
-1202.28	637.503	0.999906	0.0137208
-1202.19	643.961	0.999895	0.0145182
-1202.09	650.418	0.999889	0.0148683
-1202.01	656.337	0.999885	0.0151676
-1201.91	662.792	0.999917	0.0128861
-1201.84	669.249	0.999963	0.00861558
-1201.79	675.705	0.999981	0.00622861
-1201.76	682.161	0.999985	0.00539878
-1201.72	688.616	0.999986	0.00528132
-1201.69	695.07	0.999987	0.00510261
-1201.66	700.986	0.999987	0.00503853
-1201.62	707.441	0.999985	0.00543341
-1201.59	713.897	0.999982	0.00604502
-1201.55	719.813	0.99998	0.00634849
-1201.51	726.267	0.999978	0.00665134
-1201.46	733.257	0.999975	0.00704802
-1201.41	739.71	0.999968	0.00796303
-1201.36	745.625	0.999964	0.00851771
-1201.31	752.078	0.99996	0.0089859
-1201.25	758.529	0.999959	0.00903222
-1201.19	764.98	0.999952	0.00979407
-1201.13	770.895	0.999943	0.0107147
-1201.06	777.347	0.999938	0.0111629
-1200.99	783.796	0.999938	0.0111469
-1200.92	790.245	0.999939	0.0110018
-1200.85	796.157	0.99994	0.0109739
-1200.78	802.608	0.99994	0.0109346
-1200.71	809.058	0.999942	0.010807
-1200.64	815.507	0.999944	0.0106107
-1200.58	821.416	0.999946	0.0104342
-1200.51	827.863	0.999946	0.010346
-1200.44	834.312	0.999946	0.0103477
-1200.38	840.223	0.999945	0.0104421
-1200.32	846.67	0.999942	0.0107275
-1200.25	853.117	0.999936	0.011309
-1200.17	859.563	0.999929	0.0118747
-1200.09	866.009	0.999927	0.0120958
-1200.01	872.455	0.999922	0.0124831
-1199.94	878.364	0.999916	0.0129279
-1199.85	884.809	0.999908	0.0135648
-1199.77	891.254	0.999912	0.0132375
-1199.69	897.162	0.99992	0.0126128
-1199.61	903.607	0.999922	0.0124989
-1199.53	910.053	0.999926	0.0121362
-1199.45	916.497	0.999917	0.012884
-1199.37	922.403	0.999911	0.0133353
-1199.29	928.847	0.999921	0.012605
-1199.21	935.291	0.999913	0.0131685
-1199.13	941.197	0.999909	0.0135073
-1199.04	947.642	0.999909	0.0134974
-1198.95	954.084	0.999886	0.0151223
-1198.85	960.525	0.99987	0.0161501
-1198.74	966.966	0.999853	0.0171639
-1198.64	972.87	0.999844	0.0176519
-1198.52	979.311	0.999838	0.0180032
-1198.41	985.752	0.999819	0.0190118
-1198.29	991.655	0.999738	0.0228705
-1198.13	998.093	0.999634	0.0270635
-1197.94	1004.53	0.999517	0.0310767
-1197.73	1010.97	0.999383	0.0351169
-1197.5	1017.41	0.999226	0.0393277
-1197.25	1023.31	0.999066	0.0432115
-1196.96	1029.74	0.998867	0.0475813
-1196.65	1036.17	0.998659	0.0517663
-1196.33	1042.07	0.998481	0.0551031
-1195.97	1048.5	0.998328	0.057797
-1195.59	1054.93	0.998168	0.0605004
-1195.19	1061.36	0.998001	0.0632055
-1194.81	1067.25	0.997861	0.0653726
-1194.39	1073.68	0.997786	0.0665134
-1193.96	1080.11	0.997653	0.0684791
-1193.54	1086	0.997413	0.0718805
-1193.08	1092.42	0.997317	0.0732079
-1192.6	1098.84	0.997283	0.0736609
-1192.13	1105.27	0.99725	0.0741139
-1191.69	1111.15	0.997219	0.074529
-1191.21	1117.58	0.997185	0.074982
-1190.72	1124	0.997151	0.0754349
-1190.28	1129.89	0.997154	0.0753875
-1189.79	1136.31	0.997047	0.0767949
-1189.29	1142.73	0.996791	0.0800471
-1188.77	1149.15	0.99686	0.0791874
-1188.31	1155.03	0.996964	0.077867
-1187.8	1161.45	0.996749	0.0805686
-1187.27	1167.87	0.996209	0.086989
-1186.73	1173.74	0.995222	0.0976403
-1186.07	1180.14	0.993643	0.112578
-1185.3	1186.53	0.99187	0.127254
-1184.47	1192.91	0.991764	0.128082
-1183.65	1199.29	0.992101	0.125441
-1182.91	1205.14	0.992212	0.124563
-1182.12	1211.53	0.992359	0.123381
-1181.33	1217.91	0.992699	0.120619
-1180.63	1223.77	0.993473	0.114064
-1179.91	1230.16	0.994309	0.106534
-1179.25	1236.56	0.995046	0.0994196
-1178.62	1242.96	0.995259	0.09726
-1178.05	1248.83	0.995678	0.0928759
-1177.47	1255.24	0.99623	0.0867527
-1176.93	1261.65	0.996822	0.0796655
-1176.45	1268.06	0.997414	0.0718688
-1175.99	1274.47	0.997757	0.0669421
-1175.62	1280.36	0.99807	0.0620932
-1175.22	1286.78	0.99825	0.0591365
-1174.86	1293.2	0.998628	0.0523654
-1174.54	1299.62	0.998915	0.0465689
-1174.25	1306.04	0.999008	0.0445401
-1173.99	1311.93	0.999087	0.0427172
-1173.72	1318.35	0.999208	0.0397976
-1173.47	1324.78	0.99932	0.0368699
-1173.26	1330.67	0.999459	0.032881
-1173.06	1337.09	0.999539	0.030372
-1172.87	1343.52	0.999571	0.0292833
-1172.68	1349.94	0.99962	0.0275661
-1172.53	1355.83	0.999703	0.0243522
-1172.38	1362.26	0.999751	0.0223191
-1172.24	1368.69	0.999774	0.021257
-1172.12	1374.58	0.999794	0.0203151
-1171.99	1381	0.999816	0.0191848
-1171.87	1387.43	0.999848	0.0174565
-1171.76	1393.85	0.999861	0.0166953
-1171.66	1399.75	0.999872	0.015989
-1171.56	1406.17	0.999876	0.0157329
-1171.46	1412.59	0.999877	0.0156615
-1171.37	1418.48	0.999878	0.0156434
-1171.27	1424.91	0.999878	0.0156294
-1171.17	1431.33	0.999878	0.0156183
-1171.07	1437.76	0.999877	0.0156687
-1170.97	1444.18	0.999876	0.0157312
-1170.87	1450.06	0.999876	0.0157612
-1170.77	1456.49	0.999875	0.0157928
-1170.67	1462.91	0.999867	0.0163219
-1170.57	1468.8	0.999853	0.0171328
-1170.46	1475.22	0.999847	0.0174734
-1170.35	1481.65	0.999832	0.0183073
-1170.23	1488.07	0.999823	0.0188117
-1170.11	1494.49	0.999845	0.0176248
-1170.01	1500.38	0.999859	0.0168004
-1169.9	1506.8	0.99988	0.0154981
-1169.81	1513.22	0.999926	0.0122005
-1169.74	1519.11	0.999948	0.0101915
-1169.68	1525.53	0.99997	0.00779166
-1169.64	1531.95	0.999985	0.00551355
-1169.61	1538.37	0.99999	0.00457271
-1169.58	1544.26	0.999991	0.00426423
-1169.55	1550.68	0.999994	0.00347811
-1169.54	1557.1	1	0.000605524
-1169.54	1562.98	1	-0.000497374
-1169.55	1569.4	0.999998	-0.00187136
-1169.56	1575.82	0.999997	-0.00240011
-1169.57	1582.24	1	-0.000569067
-1169.57	1588.66	1	-0.000885641
-1169.58	1594.54	0.999998	-0.00209768
-1169.6	1600.96	0.999999	-0.00140109
-1169.6	1607.38	1	-0.000952261
-1169.61	1613.8	1	-0.00067919
-1169.61	1619.68	0.999999	0.00163926
-1169.59	1626.09	0.999994	0.003587
-1169.57	1632.51	0.999997	0.00251507
-1169.56	1638.93	0.999999	0.00156628
-1169.54	1645.34	0.999992	0.00401231
-1169.51	1651.22	0.999984	0.00561626
-1169.48	1657.64	0.999982	0.00607223
-1169.43	1664.05	0.999979	0.00651851
-1169.4	1669.93	0.999987	0.00511878
-1169.37	1676.35	0.999975	0.00700873
-1169.31	1682.76	0.999952	0.00982775
-1169.25	1689.17	0.999955	0.00952911
-1169.19	1695.58	0.999956	0.00936484
-1169.13	1701.46	0.99996	0.00894783
-1169.08	1708.41	0.99997	0.00776762
-1169.02	1714.82	0.999935	0.011436
-1168.94	1720.69	0.999882	0.0153376
-1168.83	1727.1	0.999808	0.0195915
-1168.7	1733.51	0.999716	0.0238429
-1168.55	1739.37	0.999615	0.0277378
-1168.36	1745.77	0.999488	0.0319842
-1168.14	1752.16	0.999344	0.0362279
-1167.88	1759.09	0.999167	0.0408036
-1167.61	1765.47	0.998998	0.0447441
-1167.31	1771.85	0.99884	0.0481462
-1167.02	1777.7	0.998708	0.0508212
-1166.69	1784.08	0.998599	0.052906
-1166.35	1790.45	0.998551	0.0538071
-1166.01	1796.83	0.998547	0.053886
-1165.66	1803.2	0.998555	0.0537425
-1165.35	1809.04	0.998575	0.0533644
-1165.01	1815.41	0.998624	0.0524472
-1164.68	1821.78	0.998673	0.0515028
-1164.38	1827.62	0.998697	0.0510388
-1164.06	1833.99	0.998729	0.0504042
-1163.74	1840.36	0.99877	0.0495912
-1163.42	1846.73	0.99881	0.0487783
-1163.11	1853.1	0.998849	0.0479655
-1162.83	1858.93	0.998416	0.0562632
-1162.4	1865.29	0.995351	0.0963175
-1161.63	1871.62	0.990769	0.135559
-1160.83	1877.41	0.988972	0.148101
-1159.8	1883.7	0.985674	0.16866
-1158.73	1889.99	0.985885	0.167422
-1157.67	1896.28	0.986156	0.16582
-1156.7	1902.04	0.98675	0.162247
-1155.69	1908.33	0.987797	0.155745
-1154.71	1914.63	0.988959	0.14819
-1153.87	1920.42	0.990229	0.13945
-1153	1926.73	0.991306	0.131573
-1152.18	1933.05	0.9927	0.120612
-1151.45	1939.39	0.994367	0.105989
-1150.86	1945.2	0.995427	0.0955257
-1150.28	1951.55	0.996343	0.0854423
-1149.76	1957.9	0.997169	0.0751869
-1149.35	1963.72	0.997846	0.0655934
-1148.96	1970.08	0.998515	0.0544772
-1148.64	1976.44	0.999062	0.0432963
-1148.39	1982.81	0.99943	0.0337446
-1148.21	1988.65	0.999675	0.0254975
-1148.08	1995.01	0.99987	0.0161454
-1148	2001.38	0.999969	0.00792881
-1147.96	2007.22	0.999998	0.00214185
-1147.97	2013.59	0.999992	-0.00402006
-1148.01	2019.96	0.999957	-0.00927769
-1148.08	2026.33	0.999917	-0.0128925
-1148.17	2032.7	0.999875	-0.0157913
-1148.27	2038.54	0.99981	-0.0194829
-1148.4	2044.9	0.999721	-0.0236062
-1148.56	2051.27	0.999623	-0.02744
-1148.73	2057.1	0.99953	-0.0306684
-1148.93	2063.47	0.999533	-0.0305514
-1149.12	2069.83	0.999468	-0.0326188
-1149.35	2076.19	0.999258	-0.0385041
-1149.58	2082.02	0.999248	-0.0387805
-1149.82	2088.38	0.999272	-0.0381623
-1150.07	2094.74	0.999325	-0.0367497
-1150.28	2101.11	0.999521	-0.0309588
-1150.46	2106.94	0.999569	-0.0293514
-1150.64	2113.3	0.999589	-0.0286756
-1150.82	2119.66	0.999731	-0.02318
-1150.94	2126.03	0.999885	-0.0151917
-1151.02	2131.86	0.999946	-0.0103965
-1151.08	2138.23	0.999976	-0.00696856
-1151.11	2144.59	0.999989	-0.00465694
-1151.14	2150.95	0.999987	-0.00517446
-1151.17	2156.79	0.999987	-0.00501543
-1151.2	2163.15	0.99999	-0.00449721
-1151.23	2169.51	0.999996	-0.00283426
-1151.24	2175.88	0.999994	-0.00342292
-1151.27	2181.71	0.999988	-0.00488404
-1151.3	2188.07	0.999987	-0.00511636
-1151.33	2194.43	0.999985	-0.00553837
-1151.37	2200.26	0.999979	-0.00651556
-1151.41	2206.62	0.999976	-0.00688889
-1151.46	2212.99	0.999965	-0.00833195
-1151.51	2219.35	0.999953	-0.00968103
-1151.58	2225.71	0.999957	-0.00924204
-1151.63	2231.54	0.999958	-0.00918826
-1151.69	2237.9	0.999942	-0.0107433
-1151.76	2243.73	0.999933	-0.0115844
-1151.83	2250.09	0.999938	-0.0111641
-1151.9	2256.44	0.999943	-0.0106543
-1151.96	2262.81	0.999953	-0.00968462
-1152.02	2269.17	0.999955	-0.00953002
-1152.08	2274.99	0.999954	-0.00964128
-1152.14	2281.35	0.999958	-0.00913635
-1152.2	2287.71	0.999962	-0.00866055
-1152.25	2294.07	0.999967	-0.00817632
-1152.3	2299.9	0.999971	-0.00761014
-1152.35	2306.26	0.99997	-0.00775775
-1152.39	2312.63	0.999973	-0.00735039
-1152.44	2319	0.999978	-0.00670402
-1152.48	2325.36	0.999981	-0.00617852
-1152.52	2331.73	0.999981	-0.0061141
-1152.56	2337.57	0.999984	-0.00572704
-1152.59	2343.94	0.999986	-0.00525551
-1152.62	2350.31	0.999991	-0.00429446
-1152.65	2356.15	0.999992	-0.00400436
-1152.67	2362.53	0.999991	-0.00426293
-1152.7	2368.9	0.99999	-0.00446395
-1152.73	2375.28	0.999992	-0.00398617
-1152.75	2381.66	0.999996	-0.00296661
-1152.77	2387.51	0.999997	-0.00254502
-1152.78	2393.9	0.999997	-0.00260596
-1152.8	2400.29	0.999997	-0.00232264
-1152.81	2406.15	0.999998	-0.00195495
-1152.82	2412.55	1	-0.000830625
-1152.82	2418.95	1	-0.000243681
-1152.83	2425.36	1	-0.000327223
-1152.83	2431.77	1	-9.20391e-05
-1152.83	2437.64	1	0.000829027
-1152.82	2444.06	0.999999	0.00150778
-1152.81	2450.47	0.999998	0.00196255
-1152.8	2456.35	0.999999	0.00170638
-1152.79	2462.76	0.999998	0.00189431
-1152.77	2469.18	0.999996	0.00269633
-1152.75	2475.59	0.999997	0.00253293
-1152.74	2482	0.999997	0.00252707
-1152.72	2487.88	0.999995	0.00306273
-1152.7	2494.3	0.999993	0.00367883
-1152.68	2500.72	0.999989	0.00463036
-1152.64	2507.14	0.999989	0.00467083
-1152.62	2513.02	0.999991	0.00423977
-1152.59	2519.44	0.99999	0.00445434
-1152.56	2525.87	0.999985	0.00545686
-1152.52	2532.29	0.999981	0.00609822
-1152.49	2538.18	0.999984	0.00572983
-1152.45	2544.6	0.999985	0.00552498
-1152.42	2551.02	0.999983	0.00584491
-1152.38	2557.45	0.999979	0.00643224
-1152.34	2563.34	0.999976	0.00694174
-1152.29	2569.76	0.999977	0.00673658
-1152.25	2576.19	0.999976	0.00691597
-1152.21	2582.62	0.999977	0.00670949
-1152.17	2588.52	0.999979	0.00647359
-1152.13	2594.96	0.999981	0.00622807
-1152.09	2601.4	0.999982	0.00593358
-1152.05	2607.84	0.999985	0.00545299
-1152.02	2613.74	0.999986	0.00535706
-1151.98	2620.19	0.999987	0.00513086
-1151.95	2626.63	0.999989	0.00469527
-1151.92	2633.08	0.999991	0.00423403
-1151.9	2638.99	0.999992	0.00388047
-1151.87	2645.43	0.999993	0.0037047
-1151.85	2651.88	0.999994	0.00339022
-1151.83	2657.79	0.999995	0.00305826
-1151.81	2664.25	0.999997	0.002405
-1151.8	2670.7	0.999998	0.00196845
-1151.79	2677.16	0.999998	0.00180132
-1151.78	2683.62	0.999999	0.00160891
-1151.77	2689.54	1	0.000947893
-1151.76	2696	1	0.00022468
-1151.76	2702.47	1	-0.00036363
-1151.77	2708.4	1	-0.000523977
-1151.77	2714.87	1	0.000278757
-1151.77	2721.34	1	-0.000146963
-1151.77	2727.81	0.999999	-0.00133785
-1151.78	2734.29	0.999999	-0.00137388
-1151.79	2740.76	1	-0.000501516
-1151.79	2747.24	1	-0.000186827
-1151.79	2753.18	0.999999	-0.00137686
-1151.8	2759.66	0.999997	-0.00237675
-1151.82	2766.14	0.999998	-0.00181181
-1151.83	2772.08	0.999999	-0.0016513
-1151.84	2778.56	0.999996	-0.00299614
-1151.86	2785.04	0.999995	-0.00305442
-1151.88	2791.52	0.999995	-0.00317594
-1151.9	2798	0.999995	-0.00327736
-1151.92	2803.94	0.999997	-0.00263768
-1151.94	2810.43	0.999994	-0.00340154
-1151.96	2816.37	0.999989	-0.00464679
-1151.99	2822.85	0.999988	-0.00481842
-1152.03	2829.33	0.999987	-0.00507914
-1152.06	2835.81	0.999983	-0.00590291
-1152.1	2842.29	0.999981	-0.00622036
-1152.14	2848.24	0.999973	-0.00736808
-1152.19	2854.72	0.999966	-0.00820765
-1152.24	2860.66	0.999968	-0.00805973
-1152.29	2867.14	0.999968	-0.00799092
-1152.34	2873.63	0.999968	-0.00800354
-1152.4	2880.11	0.999955	-0.00952975
-1152.46	2886.59	0.999948	-0.0101756
-1152.52	2892.53	0.999952	-0.00974997
-1152.58	2899.02	0.999957	-0.00922559
-1152.64	2905.51	0.999947	-0.010304
-1152.71	2911.47	0.999937	-0.0111863
-1152.78	2917.98	0.999937	-0.0111828
-1152.86	2924.5	0.999934	-0.0114969
-1152.93	2931.02	0.99995	-0.0099513
-1152.99	2937.54	0.999973	-0.00736673
-1153.03	2943.53	0.999979	-0.00646883
-1153.07	2950.06	0.999976	-0.00688463
-1153.11	2956.58	0.999988	-0.00489376
-1153.14	2963.11	0.999994	-0.00338309
-1153.16	2969.1	0.999991	-0.00414504
-1153.19	2975.63	0.999986	-0.00521378
-1153.22	2982.15	0.999989	-0.00467681
-1153.25	2988.68	0.99999	-0.00438562
-1153.28	2994.66	0.999988	-0.00494423
-1153.31	3001.19	0.999991	-0.00429535
-1153.33	3007.17	0.999992	-0.00399286
-1153.37	3013.7	0.999987	-0.00505888
-1153.4	3020.22	0.999992	-0.00397946
-1153.42	3026.75	0.999998	-0.00215266
-1153.43	3033.28	0.999998	-0.00204431
-1153.44	3039.27	0.999998	-0.00179464
-1153.45	3045.81	1	0.000196734
-1153.44	3051.81	0.999999	0.00109505
-1153.44	3058.36	1	2.30351e-05
-1153.44	3064.91	0.999999	0.00110459
-1153.43	3071.46	0.999996	0.00293628
-1153.41	3078.01	0.999995	0.00315287
-1153.39	3084.02	0.999995	0.00302452
-1153.37	3090.57	0.999992	0.00389849
-1153.34	3097.12	0.99999	0.0044299
-1153.31	3103.13	0.999991	0.00430142
-1153.28	3109.68	0.999991	0.00416749
-1153.26	3116.24	0.999994	0.00351349
-1153.23	3122.79	0.999992	0.00405327
-1153.21	3128.8	0.999989	0.00470206
-1153.18	3135.35	0.999991	0.00423377
-1153.15	3141.9	0.999996	0.00281058
-1153.14	3147.9	0.999998	0.00192134
-1153.13	3154.45	0.999998	0.00211943
-1153.11	3161	0.999997	0.00234331
-1153.09	3167.55	0.999995	0.00310026
-1153.07	3174.1	0.999997	0.00232751
-1153.06	3180.11	0.999999	0.00117593
-1153.06	3186.65	0.999999	0.00139988
-1153.05	3193.2	0.999999	0.00169255
-1153.04	3199.21	0.999999	0.00123046
-1153.03	3205.76	0.999999	0.00156096
-1153.02	3212.31	1	0.000786501
-1153.02	3218.87	1	0.000247126
-1153.01	3224.89	1	0.000669489
-1153.01	3232	1	0.000542711
-1153.01	3238.56	1	0.000409121
-1153.01	3245.12	1	-0.000245459
-1153.01	3251.13	1	0.000295839
-1153	3257.7	1	0.000828569
-1153	3264.26	1	0.00074814
-1152.99	3270.27	1	0.000707819
-1152.99	3276.84	1	-0.000718626
-1153	3283.41	0.999998	-0.00178877
-1153.01	3289.98	0.999999	-0.00122835
-1153.02	3296	1	-0.000841375
-1153.02	3302.57	0.999999	-0.00125782
-1153.03	3309.15	1	-0.000924406
-1153.04	3315.17	0.999999	-0.00128973
-1153.05	3321.75	0.999996	-0.00270851
-1153.07	3328.32	0.999992	-0.00398029
-1153.1	3334.89	0.99999	-0.00446049
-1153.13	3341.46	0.999991	-0.00423488
-1153.15	3348.04	0.999992	-0.00394113
-1153.18	3354.07	0.99999	-0.00450399
-1153.21	3360.66	0.999986	-0.00527763
-1153.25	3367.26	0.999986	-0.0052677
-1153.27	3373.32	0.999995	-0.00321404
-1153.29	3379.92	0.999998	-0.00215838
-1153.31	3386.53	0.999998	-0.00215421
-1153.32	3393.13	0.999998	-0.00182795
-1153.33	3399.74	1	-0.000280867
-1153.33	3405.79	0.999999	0.001035
-1153.32	3412.4	0.999999	0.00170088
-1153.3	3419	0.999996	0.00295192
-1153.28	3425.06	0.999995	0.00313359
-1153.26	3431.68	0.999995	0.00320861
-1153.24	3438.3	0.999991	0.00421816
-1153.21	3444.93	0.99999	0.00455641
-1153.18	3451.01	0.999992	0.00392969
-1153.16	3457.67	0.999994	0.00338485
-1153.14	3464.32	0.999992	0.00392874
-1153.11	3470.42	0.999992	0.00404945
-1153.08	3477.08	0.999989	0.00459331
-1153.05	3483.74	0.99999	0.0045161
-1153.02	3490.39	0.999985	0.00541025
-1152.98	3496.5	0.99998	0.00632163
-1152.94	3503.15	0.999979	0.00644413
-1152.9	3509.81	0.99998	0.00637732
-1152.86	3515.92	0.999974	0.00716735
-1152.81	3522.58	0.99997	0.00771588
-1152.76	3529.23	0.999976	0.00693186
-1152.72	3535.89	0.999981	0.00609576
-1152.68	3542.55	0.999983	0.00584379
-1152.64	3548.66	0.999985	0.00551917
-1152.61	3555.33	0.99999	0.0044463
-1152.58	3562.01	0.999994	0.00357322
-1152.56	3568.14	0.999996	0.00292033
-1152.54	3574.82	0.999998	0.00178839
-1152.53	3581.51	0.999999	0.00158584
-1152.52	3588.19	0.999999	0.00107096
-1152.52	3594.32	0.999999	0.00100633
-1152.51	3601	1	0.000525934
-1152.51	3607.68	1	-0.000833525
-1152.52	3613.8	1	-0.000721739
-1152.52	3620.48	1	4.65108e-05
-1152.52	3627.17	1	0.00027936
-1152.52	3633.87	1	-0.000183462
-1152.52	3640.59	1	-0.000747282
-1152.52	3646.76	1	-0.000321554
-1152.53	3653.49	1	-0.000102034
-1152.52	3660.23	1	0.000916361
-1152.52	3666.41	0.999999	0.00170273
-1152.5	3673.15	0.999996	0.00272864
-1152.48	3679.89	0.999997	0.00258447
-1152.47	3686.62	0.999998	0.00191586
-1152.46	3692.8	0.999997	0.00237691
-1152.44	3699.54	0.999994	0.00340296
-1152.41	3706.28	0.999995	0.00325889
-1152.39	3713.02	0.999997	0.00259029
-1152.38	3719.19	0.999995	0.00305173
-1152.35	3725.93	0.999992	0.00407892
-1152.32	3732.67	0.999992	0.00393596
-1152.3	3739.41	0.999995	0.00325472
-1152.28	3746.15	0.999993	0.00380951
-1152.25	3752.32	0.99999	0.00447754
-1152.22	3759.06	0.999989	0.00471625
-1152.19	3765.24	0.999989	0.00467014
-1152.16	3771.98	0.999991	0.00434343
-1152.13	3778.72	0.999987	0.00512396
-1152.1	3785.46	0.999991	0.00432026
-1152.07	3792.19	0.999996	0.00272967
-1152.06	3798.37	0.999998	0.00197649
-1152.05	3805.1	0.999999	0.00109666
-1152.04	3811.84	1	4.47713e-05
-1152.04	3818.01	1	-0.000217878
-1152.05	3824.75	1	-0.000690122
-1152.05	3831.48	0.999998	-0.00215416
-1152.07	3838.21	0.999995	-0.0032827
-1152.09	3844.39	0.999996	-0.00283923
-1152.11	3851.12	0.999998	-0.00181182
-1152.12	3857.85	0.999998	-0.0019535
-1152.14	3864.59	0.999997	-0.002633
-1152.15	3870.76	0.999995	-0.00327583
-1152.18	3877.49	0.999993	-0.00383381
-1152.2	3884.22	0.999995	-0.0032865
-1152.22	3890.95	0.999994	-0.00337308
-1152.24	3897.12	0.999994	-0.00341775
-1152.27	3903.85	0.999992	-0.00409641
-1152.3	3910.58	0.999988	-0.00489805
-1152.33	3916.74	0.999983	-0.00581977
-1152.37	3923.47	0.999988	-0.00491938
-1152.4	3930.2	0.99999	-0.00437265
-1152.43	3936.93	0.999991	-0.0041439
-1152.45	3943.1	0.999994	-0.0033634
-1152.48	3949.82	0.999991	-0.00416488
-1152.51	3956.55	0.999983	-0.00576359
-1152.55	3962.72	0.999981	-0.00624338
-1152.59	3969.44	0.999981	-0.00613736
-1152.63	3976.16	0.999983	-0.0059083
-1152.67	3982.89	0.999987	-0.00512853
-1152.7	3989.06	0.999985	-0.00551822
-1152.74	3995.78	0.999976	-0.00698471
-1152.79	4002.5	0.999972	-0.00741829
-1152.83	4008.66	0.999979	-0.00647456
-1152.87	4015.38	0.999986	-0.00535721
-1152.9	4022.1	0.999993	-0.00379442
-1152.93	4028.83	0.999989	-0.00459482
-1152.96	4034.99	0.999981	-0.00609517
-1153.01	4041.7	0.999981	-0.00609584
-1153.04	4048.42	0.999987	-0.00515388
-1153.07	4054.58	0.999991	-0.00426167
-1153.1	4061.3	0.999995	-0.00304562
-1153.12	4068.02	0.999994	-0.00353503
-1153.14	4074.73	0.999991	-0.00433447
-1153.18	4081.45	0.999985	-0.00545101
-1153.21	4088.16	0.999988	-0.00489627
-1153.24	4094.88	0.999994	-0.00344131
-1153.26	4101.03	0.999997	-0.00263419
-1153.28	4107.75	0.999998	-0.00196209
-1153.29	4113.91	0.999999	-0.0016515
-1153.3	4120.62	0.999996	-0.00265446
-1153.32	4127.33	0.999999	-0.00108126
-1153.32	4134.05	1	0.00048041
-1153.31	4140.76	0.999999	0.00115228
-1153.3	4147.48	0.999998	0.00174738
-1153.29	4153.63	0.999997	0.00244693
-1153.27	4160.34	0.999991	0.00435533
-1153.24	4166.5	0.999985	0.00538894
-1153.2	4173.21	0.999983	0.00589989
-1153.17	4179.93	0.999987	0.00512753
-1153.13	4186.64	0.999986	0.00528807
-1153.1	4193.35	0.99999	0.00457336
-1153.07	4199.5	0.999992	0.00407364
-1153.04	4206.21	0.999989	0.00466228
-1153.01	4212.92	0.999985	0.00546506
-1152.97	4219.07	0.999987	0.005148
-1152.94	4225.78	0.999988	0.00479642
-1152.91	4232.49	0.999988	0.00495687
-1152.88	4239.2	0.999992	0.00394241
-1152.85	4245.35	0.999993	0.00361803
-1152.83	4252.06	0.99999	0.00442042
-1152.8	4258.2	0.999991	0.00429152
-1152.77	4264.91	0.999991	0.00426891
-1152.74	4271.62	0.999991	0.00419424
-1152.72	4278.32	0.999996	0.00285152
-1152.7	4285.03	0.999998	0.00184582
-1152.69	4291.17	0.999997	0.00243005
-1152.67	4297.88	0.999994	0.0034674
-1152.65	4304.58	0.999993	0.00362757
-1152.63	4310.73	0.999996	0.00276079
-1152.61	4317.43	0.999997	0.00229014
-1152.59	4324.13	0.999995	0.00309229
-1152.57	4330.83	0.999996	0.00268913
-1152.56	4336.98	0.999997	0.00228687
-1152.54	4343.68	0.999997	0.00244723
-1152.53	4350.38	0.999999	0.00143434
-1152.52	4356.52	1	0.000612696
-1152.51	4363.22	0.999999	0.00152912
-1152.5	4369.92	0.999998	0.00187467
-1152.49	4376.62	0.999999	0.00128929
-1152.48	4383.32	0.999999	0.00112097
-1152.48	4389.46	0.999999	0.00128736
-1152.47	4396.16	0.999999	0.0013341
-1152.46	4402.85	1	0.000330881
-1152.46	4408.99	1	0.000568689
-1152.45	4415.69	1	0.000730257
-1152.45	4422.38	0.999999	0.00100871
-1152.44	4429.08	0.999999	0.00135477
-1152.43	4435.22	1	0.000953989
-1152.43	4441.92	1	0.000581514
-1152.43	4448.61	1	-0.000421339
-1152.43	4455.3	1	0.000166849
-1152.42	4462	1	0.00074708
-1152.42	4468.14	1	0.000674494
-1152.42	4474.83	1	0.000601389
-1152.41	4481.52	1	1.79539e-05
-1152.41	4487.66	1	-0.000535826
-1152.42	4494.35	0.999999	-0.00100432
-1152.42	4501.04	1	-0.000423902
-1152.43	4507.18	1	-0.000496252
-1152.43	4513.87	1	-0.000569105
-1152.44	4520.56	0.999999	-0.00115211
-1152.44	4527.25	0.999998	-0.00185185
-1152.46	4533.38	0.999997	-0.00243135
-1152.47	4540.07	0.999999	-0.00163028
-1152.48	4546.75	0.999999	-0.0013415
-1152.49	4552.89	0.999999	-0.00114051
-1152.5	4559.57	0.999998	-0.00214972
-1152.52	4566.26	0.999996	-0.0029167
-1152.54	4572.95	0.999996	-0.00298917
-1152.56	4579.63	0.999995	-0.0030388
-1152.57	4585.76	0.999997	-0.00234963
-1152.59	4592.45	0.999997	-0.00251632
-1152.61	4599.13	0.999994	-0.003525
-1152.63	4605.26	0.999991	-0.0043437
-1152.66	4611.94	0.99999	-0.00442063
-1152.69	4618.62	0.99999	-0.00447426
-1152.72	4625.3	0.999993	-0.00367782
-1152.74	4631.99	0.999993	-0.0038552
-1152.77	4638.11	0.999988	-0.00483957
-1152.81	4644.79	0.999983	-0.00585651
-1152.84	4650.91	0.999985	-0.00538603
-1152.87	4657.6	0.999988	-0.00484942
-1152.91	4664.27	0.999986	-0.00520983
-1152.94	4670.95	0.999987	-0.00505738
-1152.98	4677.63	0.999982	-0.00607609
-1153.02	4683.75	0.999983	-0.00584706
-1153.05	4690.43	0.999992	-0.00394747
-1153.07	4697.11	0.999994	-0.00343307
-1153.1	4703.23	0.999995	-0.0031882
-1153.12	4709.91	0.999994	-0.00357159
-1153.14	4716.58	0.999991	-0.00435234
-1153.17	4723.26	0.999991	-0.00419972
-1153.2	4729.37	0.999989	-0.00474903
-1153.23	4736.05	0.999988	-0.00483045
-1153.26	4742.72	0.999995	-0.00323732
-1153.28	4748.84	0.999998	-0.0019291
-1153.29	4755.5	0.999998	-0.00201011
-1153.3	4762.16	1	-0.000417578
-1153.3	4768.82	1	0.000404711
-1153.3	4774.91	1	-7.49263e-05
-1153.29	4781.55	0.999998	0.00197472
-1153.27	4788.19	0.999994	0.0035475
-1153.25	4794.26	0.99999	0.00447018
-1153.22	4800.88	0.99998	0.00626386
-1153.17	4807.49	0.999974	0.00716493
-1153.12	4814.11	0.999964	0.00848302
-1153.07	4820.16	0.999962	0.00871336
-1153.01	4826.71	0.999963	0.0086554
-1152.95	4833.25	0.999955	0.00944535
-1152.9	4839.2	0.999951	0.0099214
-1152.83	4845.7	0.999937	0.0112201
-1152.75	4852.13	0.999936	0.0112818
-1152.69	4858.45	0.999947	0.0103075
-1152.63	4864.24	0.999947	0.0103075
-1152.56	4870.56	0.999947	0.0103075
-1152.5	4876.35	0.999947	0.0103075
-1152.44	4882.66	0.999949	0.010147
-1152.37	4888.9	0.999955	0.00952602
-1152.32	4894.56	0.999959	0.00905033
-1152.27	4900.74	0.999959	0.00905033
-1152.21	4906.91	0.999959	0.00905033
-1152.16	4912.58	0.999959	0.00905033
-1152.1	4918.76	0.999959	0.00905033
-1152.05	4924.93	0.99996	0.00889439
-1152	4930.56	0.999962	0.00870727
-1151.95	4936.7	0.999962	0.00870727
-1151.89	4942.84	0.999953	0.00970923
-1151.83	4948.43	0.999941	0.0108184
-1151.77	4954.42	0.999936	0.0113013
-1151.7	4960.39	0.999916	0.0129678
-1151.62	4966.3	0.999898	0.0143044
-1151.53	4971.73	0.999865	0.0164098
-1151.43	4977.65	0.999825	0.0187068
-1151.33	4983.07	0.999783	0.0208124
-1151.2	4988.98	0.999742	0.0227255
-1151.06	4994.76	0.999752	0.0222655
-1150.94	5000.36	0.999766	0.0216347
-1150.83	5005.49	0.999719	0.0237206
-1150.69	5011.06	0.999688	0.0249581
-1150.55	5016.55	0.999669	0.0257259
-1150.42	5021.59	0.999617	0.0276918
-1150.27	5027.04	0.99961	0.0279222
-1150.12	5032.38	0.999625	0.027382
-1149.98	5037.73	0.999949	0.0100671
-1150.02	5042.62	0.999613	-0.0278137
-1150.23	5047.84	0.998458	-0.055515
-1150.56	5052.93	0.996507	-0.0835129
-1151.02	5057.57	0.992603	-0.121406
-1151.71	5062.56	0.986845	-0.161666
-1152.61	5067.5	0.979729	-0.200329
-1153.57	5071.93	0.973122	-0.230289
-1154.76	5076.64	0.966723	-0.255826
-1155.99	5081.17	0.961119	-0.276136
-1157.23	5085.28	0.951516	-0.307598
-1158.69	5089.63	0.944069	-0.329747
-1160.2	5093.86	0.938139	-0.34626
-1161.8	5098.07	0.929504	-0.368811
-1163.49	5102.22	0.921168	-0.389164
-1165.11	5105.96	0.9146	-0.404359
-1166.94	5110.02	0.907612	-0.419811
-1168.82	5114.03	0.901553	-0.432668
-1170.54	5117.57	0.898226	-0.439534
-1172.38	5121.31	0.895053	-0.44596
-1174.25	5125.03	0.890299	-0.455377
-1176	5128.42	0.885852	-0.463967
-1177.96	5132.11	0.880906	-0.473291
-1179.95	5135.79	0.876757	-0.480934
-1181.97	5139.44	0.874125	-0.485702
-1183.78	5142.69	0.872924	-0.487856
-1185.67	5146.07	0.871851	-0.489772
-1187.58	5149.45	0.869836	-0.493341
-1189.48	5152.81	0.86937	-0.494162
-1191.21	5155.84	0.869006	-0.494801
-1193.1	5159.16	0.868631	-0.495459
-1194.84	5162.2	0.868558	-0.495588
-1196.73	5165.52	0.868412	-0.495844
-1198.63	5168.84	0.86841	-0.495847
-1200.53	5172.17	0.868162	-0.49628
-1202.27	5175.22	0.868025	-0.49652
-1204.18	5178.55	0.868159	-0.496286
-1206.08	5181.88	0.868266	-0.496098
-1207.99	5185.22	0.868362	-0.49593
-1209.74	5188.28	0.868385	-0.495891
-1211.65	5191.63	0.868466	-0.495749
-1213.56	5194.97	0.868537	-0.495625
-1215.47	5198.33	0.868593	-0.495527
-1217.22	5201.4	0.868684	-0.495366
-1219.13	5204.75	0.868734	-0.49528
-1221.05	5208.11	0.86878	-0.495198
-1222.8	5211.19	0.868818	-0.495131
-1224.72	5214.55	0.868786	-0.495187
-1226.64	5217.92	0.868708	-0.495325
-1228.56	5221.28	0.868562	-0.49558
-1230.48	5224.64	0.867429	-0.49756
-1232.25	5227.72	0.864085	-0.503346
-1234.22	5231.07	0.859655	-0.510874
-1236.21	5234.4	0.85709	-0.515167
-1238.05	5237.45	0.856026	-0.516932
-1240.05	5240.77	0.853875	-0.520478
-1242.09	5244.08	0.850501	-0.525973
-1244.14	5247.38	0.847049	-0.531515
-1246.04	5250.39	0.843232	-0.53755
-1248.14	5253.67	0.842426	-0.538812
-1250.23	5256.95	0.841788	-0.539809
-1252.16	5259.95	0.840748	-0.541427
-1254.28	5263.22	0.839501	-0.543358
-1256.39	5266.49	0.838764	-0.544496
-1258.52	5269.75	0.837966	-0.545723
-1260.64	5273.02	0.837116	-0.547026
-1262.6	5276.01	0.836189	-0.548442
-1264.74	5279.27	0.835371	-0.549687
-1266.89	5282.53	0.834796	-0.55056
-1268.86	5285.51	0.833836	-0.552012
-1271.02	5288.77	0.832798	-0.553577
-1273.18	5292.02	0.831405	-0.555666
-1275.36	5295.26	0.829106	-0.559092
-1277.37	5298.23	0.820133	-0.572174
-1279.66	5301.4	0.801984	-0.597346
-1282.03	5304.53	0.789239	-0.614087
-1284.26	5307.34	0.776972	-0.629536
-1286.74	5310.38	0.767007	-0.641639
-1289.29	5313.36	0.74816	-0.663519
-1291.94	5316.26	0.73107	-0.682302
-1294.41	5318.88	0.718705	-0.695315
-1297.18	5321.67	0.691888	-0.722005
-1300.08	5324.34	0.664618	-0.747184
-1303.05	5326.93	0.642713	-0.766107
-1305.86	5329.22	0.617303	-0.786725
-1308.99	5331.62	0.600408	-0.799694
-1312.17	5333.98	0.582133	-0.813094
-1315.42	5336.23	0.55534	-0.831624
-1318.74	5338.4	0.536275	-0.844043
-1321.81	5340.33	0.525138	-0.851017
-1325.19	5342.39	0.511334	-0.859382
-1328.62	5344.38	0.492987	-0.870036
-1331.8	5346.16	0.475877	-0.879512
-1335.31	5348.01	0.457715	-0.889099
-1338.85	5349.81	0.446667	-0.8947
-1342.42	5351.56	0.431264	-0.902226
-1345.72	5353.11	0.417696	-0.908587
-1349.34	5354.75	0.405432	-0.914125
-1352.68	5356.21	0.391331	-0.92025
-1356.36	5357.74	0.376845	-0.926276
-1360.06	5359.23	0.368907	-0.929466
-1363.77	5360.69	0.358875	-0.933386
-1367.5	5362.1	0.345507	-0.938416
-1370.94	5363.34	0.333116	-0.942886
-1374.71	5364.66	0.323269	-0.946307
-1378.5	5365.93	0.315754	-0.948841
-1381.98	5367.08	0.312343	-0.949969
-1385.77	5368.32	0.304744	-0.952434
-1389.59	5369.52	0.29363	-0.955919
-1393.42	5370.69	0.288122	-0.957594
-1397.26	5371.83	0.282536	-0.959257
-1401.1	5372.95	0.277126	-0.960833
-1401.75	5373.14	0.277151	-0.960826
-1401.75	5373.14	0.277151	-0.960826
-1401.75	5373.14	0.277151	-0.960826
-1401.75	5373.14	0.277151	-0.960826
-1401.75	5373.14	0.277151	-0.960826
-1401.75	5373.14	0.277151	-0.960826
-1401.75	5373.14	0.277151	-0.960826
-1401.75	5373.14	0.277151	-0.960826
-1401.75	5373.14	0.277151	-0.960826
-1401.75	5373.14	0.277151	-0.960826
-1401.75	5373.14	0.277151	-0.960826
-1401.75	5373.14	0.277151	-0.960826
-1401.75	5373.14	0.277151	-0.960826
-1401.75	5373.14	0.277151	-0.960826
-1401.75	5373.14	0.277151	-0.960826
-1401.75	5373.14	0.277151	-0.960826
-1401.75	5373.14	0.277151	-0.960826
-1401.75	5373.14	0.277151	-0.960826
-1401.75	5373.14	0.277151	-0.960826
-1401.75	5373.14	0.277151	-0.960826
-1401.75	5373.14	0.277151	-0.960826
-1401.75	5373.14	0.277151	-0.960826
-1401.75	5373.14	0.277151	-0.960826
-1401.75	5373.14	0.277151	-0.960826
-1401.75	5373.14	0.277151	-0.960826
-1401.75	5373.14	0.277151	-0.960826
-1401.75	5373.14	0.277151	-0.960826
-1401.75	5373.14	0.277151	-0.960826
-1401.75	5373.14	0.277151	-0.960826
-1401.75	5373.14	0.277151	-0.960826
-1401.75	5373.14	0.277151	-0.960826
-1401.75	5373.14	0.277151	-0.960826
-1401.75	5373.14	0.277151	-0.960826
-1401.75	5373.14	0.277151	-0.960826
-1401.75	5373.14	0.277151	-0.960826
-1401.75	5373.14	0.277151	-0.960826
-1401.75	5373.14	0.277151	-0.960826
-1401.75	5373.14	0.277151	-0.960826
-1401.75	5373.14	0.277151	-0.960826
-1401.75	5373.14	0.277151	-0.960826
-1401.75	5373.14	0.277151	-0.960826
-1401.75	5373.14	0.277151	-0.960826
-1401.75	5373.14	0.277151	-0.960826
-1401.75	5373.14	0.277151	-0.960826
-1401.75	5373.14	0.277151	-0.960826
-1401.75	5373.14	0.277151	-0.960826
-1401.75	5373.14	0.277151	-0.960826
-1401.75	5373.14	0.277151	-0.960826
-1401.75	5373.14	0.277151	-0.960826
-1401.75	5373.14	0.277151	-0.960826
-1401.75	5373.14	0.277151	-0.960826
-1401.75	5373.14	0.277151	-0.960826
-1401.75	5373.14	0.277151	-0.960826
-1401.75	5373.14	0.277151	-0.960826
-1401.75	5373.14	0.277151	-0.960826
-1401.75	5373.14	0.277151	-0.960826
-1401.75	5373.14	0.277151	-0.960826
-1401.75	5373.14	0.277151	-0.960826
-1401.75	5373.14	0.277151	-0.960826
-1401.75	5373.14	0.277151	-0.960826
-1401.75	5373.14	0.277151	-0.960826
-1401.75	5373.14	0.277151	-0.960826
-1401.75	5373.14	0.277151	-0.960826
-1401.75	5373.14	0.277151	-0.960826
-1401.75	5373.14	0.277151	-0.960826
-1401.75	5373.14	0.277151	-0.960826
-1401.75	5373.14	0.277151	-0.960826
-1401.75	5373.14	0.277151	-0.960826
-1401.75	5373.14	0.277151	-0.960826
-1401.75	5373.14	0.277151	-0.960826
-1401.75	5373.14	0.277151	-0.960826
-1401.75	5373.14	0.277151	-0.960826
-1401.75	5373.14	0.277151	-0.960826
-1401.75	5373.14	0.277151	-0.960826
-1401.75	5373.14	0.277151	-0.960826
-1401.75	5373.14	0.277151	-0.960826
-1401.75	5373.14	0.277151	-0.960826
-1401.75	5373.14	0.277151	-0.960826
-1401.75	5373.14	0.277151	-0.960826
-1401.75	5373.14	0.277151	-0.960826
-1401.75	5373.14	0.277151	-0.960826
-1401.75	5373.14	0.277151	-0.960826
-1401.75	5373.14	0.277151	-0.960826
-1401.75	5373.14	0.277151	-0.960826
-1401.75	5373.14	0.277151	-0.960826
-1401.75	5373.14	0.277151	-0.960826
-1401.75	5373.14	0.277151	-0.960826
-1401.75	5373.14	0.277151	-0.960826
-1401.75	5373.14	0.277151	-0.960826
-1401.75	5373.14	0.277151	-0.960826
-1401.75	5373.14	0.277151	-0.960826
-1401.75	5373.14	0.277151	-0.960826
-1401.75	5373.14	0.277151	-0.960826
-1401.75	5373.14	0.277151	-0.960826
-1401.75	5373.14	0.277151	-0.960826
-1401.75	5373.14	0.277151	-0.960826
-1401.75	5373.14	0.277151	-0.960826
-1401.75	5373.14	0.277151	-0.960826
-1401.75	5373.14	0.277151	-0.960826
-1401.75	5373.14	0.277151	-0.960826
-1401.75	5373.14	0.277151	-0.960826
-1401.75	5373.14	0.277151	-0.960826
-1401.75	5373.14	0.277151	-0.960826
-1401.75	5373.14	0.277151	-0.960826
-1401.75	5373.14	0.277151	-0.960826
-1401.75	5373.14	0.277151	-0.960826
-1401.75	5373.14	0.277151	-0.960826
-1401.75	5373.14	0.277151	-0.960826
-1401.75	5373.14	0.277151	-0.960826
-1401.75	5373.14	0.277151	-0.960826
-1401.75	5373.14	0.277151	-0.960826
-1401.75	5373.14	0.277151	-0.960826
-1401.75	5373.14	0.277151	-0.960826
-1401.75	5373.14	0.277151	-0.960826
-1401.75	5373.14	0.277151	-0.960826
-1401.75	5373.14	0.277151	-0.960826
-1401.75	5373.14	0.277151	-0.960826
-1401.75	5373.14	0.277151	-0.960826
-1401.75	5373.14	0.277151	-0.960826
-1401.75	5373.14	0.277151	-0.960826
-1401.75	5373.14	0.277151	-0.960826
-1401.75	5373.14	0.277151	-0.960826
-1401.75	5373.14	0.277151	-0.960826
-1401.75	5373.14	0.277151	-0.960826
-1401.75	5373.14	0.277151	-0.960826
-1401.75	5373.14	0.277151	-0.960826
-1401.75	5373.14	0.277151	-0.960826
-1401.75	5373.14	0.277151	-0.960826
-1401.75	5373.14	0.277151	-0.960826
-1401.75	5373.14	0.277151	-0.960826
