1170	-5100	1	0
1170	-5100	1	0
1170	-5100	1	0
1170	-5100	1	0
1170	-5100	1	0
1170	-5100	1	0
1170	-5100	1	0
1170	-5100	1	0
1170	-5100	1	0
1170	-5100	1	0
1170	-5100	1	0
1170	-5100	1	0
1170	-5100	1	0
1170	-5100	1	0
1170	-5100	1	0
1170	-5100	1	0
1170	-5100	1	0
1170	-5100	1	0
1170	-5100	1	-0.000365768
1170	-5099.99	0.999999	-0.00111242
1170	-5099.98	0.999998	-0.00199993
1170	-5099.97	0.999994	-0.00351081
1170	-5099.95	0.999986	-0.00530749
1170	-5099.94	0.999973	-0.00729809
1170	-5099.92	0.999955	-0.00949905
1170	-5099.9	0.999928	-0.0119657
1170	-5099.87	0.999886	-0.0150888
1170	-5099.84	0.999833	-0.0182943
1170	-5099.81	0.999765	-0.0216945
1170	-5099.78	0.999669	-0.0257369
1170	-5099.74	0.999565	-0.0295071
1170	-5099.71	0.999428	-0.0338237
1169.99	-5099.66	0.999248	-0.0387733
1169.99	-5099.62	0.999058	-0.0433891
1169.99	-5099.58	0.998818	-0.0486016
1169.99	-5099.53	0.998518	-0.0544309
1169.98	-5099.47	0.99818	-0.0603096
1169.98	-5099.43	0.997826	-0.0659025
1169.98	-5099.37	0.997363	-0.0725785
1169.97	-5099.31	0.996851	-0.0792921
1169.97	-5099.26	0.996345	-0.0854236
1169.96	-5099.19	0.995693	-0.0927097
1169.96	-5099.13	0.99495	-0.10037
1169.95	-5099.06	0.99416	-0.107918
1169.94	-5098.99	0.993262	-0.115891
1169.93	-5098.92	0.992253	-0.124237
1169.92	-5098.85	0.991262	-0.131906
1169.91	-5098.77	0.990076	-0.140534
1169.9	-5098.7	0.988753	-0.149559
1169.89	-5098.62	0.98741	-0.15818
1169.88	-5098.54	0.985858	-0.167583
1169.86	-5098.45	0.984113	-0.177545
1169.84	-5098.36	0.982075	-0.188492
1169.82	-5098.25	0.979648	-0.200726
1169.8	-5098.14	0.977025	-0.213125
1169.77	-5098.02	0.973703	-0.227823
1169.74	-5097.88	0.969869	-0.243628
1169.71	-5097.75	0.965901	-0.258913
1169.66	-5097.59	0.961023	-0.276467
1169.62	-5097.43	0.955556	-0.294811
1169.56	-5097.27	0.949519	-0.313708
1169.51	-5097.1	0.942852	-0.333211
1169.45	-5096.94	0.936101	-0.351731
1169.38	-5096.76	0.92802	-0.372532
1169.3	-5096.57	0.919219	-0.393746
1169.23	-5096.4	0.910459	-0.413599
1169.14	-5096.21	0.900147	-0.435587
1169.04	-5096.01	0.888895	-0.458111
1168.93	-5095.81	0.876576	-0.481263
1168.83	-5095.63	0.864423	-0.502766
1168.7	-5095.42	0.850138	-0.526561
1168.57	-5095.21	0.841355	-0.540483
1168.45	-5095.02	0.84146	-0.540319
1168.31	-5094.81	0.841629	-0.540057
1168.17	-5094.59	0.842075	-0.53936
1168.03	-5094.37	0.8424	-0.538852
1167.9	-5094.15	0.842489	-0.538714
1167.77	-5093.95	0.842858	-0.538136
1167.62	-5093.72	0.843412	-0.537267
1167.47	-5093.49	0.843662	-0.536875
1167.34	-5093.28	0.843752	-0.536734
1167.19	-5093.05	0.844188	-0.536047
1167.04	-5092.81	0.844782	-0.53511
1166.89	-5092.57	0.845048	-0.534691
1166.75	-5092.35	0.845299	-0.534293
1166.59	-5092.1	0.845828	-0.533455
1166.44	-5091.86	0.845978	-0.533217
1166.29	-5091.63	0.846145	-0.532953
1166.14	-5091.38	0.846714	-0.532048
1165.97	-5091.12	0.847263	-0.531173
1165.81	-5090.86	0.847424	-0.530917
1165.65	-5090.6	0.847655	-0.530548
1165.49	-5090.34	0.848293	-0.529526
1165.33	-5090.1	0.848745	-0.528802
1165.17	-5089.83	0.848965	-0.52845
1165	-5089.56	0.849422	-0.527714
1164.83	-5089.28	0.85013	-0.526574
1164.67	-5089.03	0.850716	-0.525626
1164.5	-5088.75	0.851033	-0.525112
1164.32	-5088.47	0.851666	-0.524084
1164.15	-5088.18	0.852293	-0.523065
1163.97	-5087.89	0.85273	-0.522352
1163.81	-5087.63	0.853288	-0.52144
1163.62	-5087.32	0.853987	-0.520295
1163.44	-5087.01	0.8547	-0.519122
1163.26	-5086.72	0.855184	-0.518324
1163.06	-5086.4	0.855921	-0.517106
1162.86	-5086.07	0.85671	-0.515798
1162.66	-5085.72	0.857501	-0.514482
1162.45	-5085.37	0.858132	-0.513429
1162.23	-5085.02	0.85886	-0.51221
1162.03	-5084.68	0.859584	-0.510994
1161.81	-5084.3	0.860564	-0.509342
1161.6	-5083.95	0.861345	-0.50802
1161.35	-5083.52	0.862241	-0.506499
1161.13	-5083.16	0.862979	-0.505239
1160.89	-5082.75	0.864033	-0.503436
1160.65	-5082.33	0.864937	-0.50188
1160.41	-5081.91	0.86579	-0.500407
1160.16	-5081.48	0.866699	-0.498831
1159.93	-5081.09	0.867766	-0.496973
1159.69	-5080.65	0.868502	-0.495685
1159.44	-5080.22	0.869298	-0.494289
1159.19	-5079.78	0.870484	-0.492197
1158.96	-5079.37	0.871468	-0.490452
1158.71	-5078.93	0.872173	-0.489198
1158.46	-5078.48	0.873222	-0.487323
1158.21	-5078.03	0.874451	-0.485113
1157.95	-5077.57	0.875338	-0.483511
1157.72	-5077.15	0.87598	-0.482348
1157.47	-5076.69	0.877045	-0.480408
1157.21	-5076.22	0.878296	-0.478117
1156.96	-5075.75	0.879197	-0.476459
1156.73	-5075.32	0.87984	-0.47527
1156.47	-5074.85	0.880908	-0.473287
1156.22	-5074.37	0.881962	-0.471321
1155.96	-5073.89	0.882777	-0.469792
1155.7	-5073.41	0.883981	-0.467523
1155.44	-5072.92	0.885129	-0.465346
1155.21	-5072.47	0.885835	-0.464
1154.95	-5071.98	0.886656	-0.46243
1154.69	-5071.48	0.887867	-0.460099
1154.45	-5071.02	0.888945	-0.458014
1154.2	-5070.52	0.889695	-0.456555
1153.94	-5070.01	0.890479	-0.455025
1153.68	-5069.5	0.891659	-0.452707
1153.42	-5068.99	0.892659	-0.450733
1153.16	-5068.47	0.893299	-0.449462
1152.92	-5068	0.894108	-0.447852
1152.66	-5067.47	0.89526	-0.445544
1152.39	-5066.95	0.896221	-0.443607
1152.13	-5066.42	0.896795	-0.442446
1151.89	-5065.93	0.897547	-0.440918
1151.63	-5065.4	0.898293	-0.439397
1151.37	-5064.86	0.899062	-0.437821
1151.11	-5064.32	0.900114	-0.435654
1150.85	-5063.78	0.901176	-0.433453
1150.58	-5063.23	0.9022	-0.431318
1150.34	-5062.72	0.90277	-0.430124
1150.08	-5062.17	0.903713	-0.428139
1149.82	-5061.62	0.904327	-0.426841
1149.55	-5061.06	0.905198	-0.42499
1149.29	-5060.49	0.906536	-0.422129
1149.03	-5059.93	0.907507	-0.420038
1148.78	-5059.4	0.908108	-0.418736
1148.5	-5058.79	0.90902	-0.416753
1148.24	-5058.21	0.910342	-0.413857
1147.97	-5057.63	0.911173	-0.412023
1147.73	-5057.1	0.911675	-0.410913
1147.47	-5056.51	0.912664	-0.408711
1147.21	-5055.92	0.913966	-0.405791
1146.94	-5055.32	0.914745	-0.404031
1146.68	-5054.72	0.915572	-0.402155
1146.41	-5054.11	0.916726	-0.399518
1146.14	-5053.5	0.917585	-0.39754
1145.88	-5052.88	0.918345	-0.395782
1145.63	-5052.3	0.919119	-0.393981
1145.35	-5051.66	0.920248	-0.391335
1145.08	-5051.02	0.920775	-0.390093
1144.81	-5050.37	0.921398	-0.388621
1144.55	-5049.77	0.9225	-0.385998
1144.27	-5049.1	0.923616	-0.383319
1143.99	-5048.42	0.924099	-0.382154
1143.71	-5047.73	0.924264	-0.381754
1143.42	-5047.02	0.924276	-0.381724
1143.15	-5046.37	0.924327	-0.381601
1142.85	-5045.65	0.924454	-0.381294
1142.55	-5044.92	0.92444	-0.381328
1142.24	-5044.17	0.924351	-0.381543
1141.96	-5043.48	0.924323	-0.381612
1141.64	-5042.72	0.924298	-0.381672
1141.32	-5041.95	0.924188	-0.381938
1141	-5041.16	0.924049	-0.382274
1140.67	-5040.37	0.923977	-0.382448
1140.36	-5039.64	0.923948	-0.382519
1140.03	-5038.82	0.92385	-0.382755
1139.69	-5038	0.923755	-0.382983
1139.37	-5037.23	0.923717	-0.383075
1139.02	-5036.39	0.923591	-0.38338
1138.66	-5035.54	0.923468	-0.383675
1138.31	-5034.67	0.923432	-0.383762
1137.94	-5033.8	0.923381	-0.383884
1137.57	-5032.91	0.923223	-0.384265
1137.23	-5032.09	0.92308	-0.384608
1136.85	-5031.17	0.923033	-0.384722
1136.46	-5030.25	0.922963	-0.384889
1136.07	-5029.31	0.922772	-0.385346
1135.71	-5028.43	0.922632	-0.385682
1135.3	-5027.46	0.922589	-0.385784
1134.89	-5026.48	0.92243	-0.386165
1134.47	-5025.49	0.922212	-0.386684
1134.05	-5024.48	0.922095	-0.386964
1133.66	-5023.55	0.922018	-0.387146
1133.22	-5022.51	0.921823	-0.387611
1132.78	-5021.47	0.921566	-0.388221
1132.34	-5020.41	0.921397	-0.388622
1131.92	-5019.42	0.921286	-0.388885
1131.46	-5018.34	0.921076	-0.389383
1131	-5017.24	0.920806	-0.390022
1130.53	-5016.13	0.920676	-0.390328
1130.05	-5015	0.920559	-0.390604
1129.61	-5013.96	0.920375	-0.391038
1129.12	-5012.81	0.92033	-0.391142
1128.62	-5011.64	0.920232	-0.391372
1128.12	-5010.46	0.919971	-0.391985
1127.66	-5009.37	0.919747	-0.392512
1127.14	-5008.17	0.919662	-0.392711
1126.62	-5006.95	0.919575	-0.392915
1126.09	-5005.72	0.919327	-0.393494
1125.56	-5004.47	0.919106	-0.394011
1125.07	-5003.32	0.919053	-0.394133
1124.52	-5002.05	0.918927	-0.394427
1123.97	-5000.77	0.918653	-0.395065
1123.41	-4999.47	0.918541	-0.395325
1122.9	-4998.27	0.918499	-0.395424
1122.33	-4996.95	0.918282	-0.395927
1121.75	-4995.62	0.918044	-0.396477
1121.17	-4994.27	0.917868	-0.396885
1120.58	-4992.91	0.917705	-0.397264
1119.99	-4991.53	0.917533	-0.39766
1119.44	-4990.27	0.917234	-0.398348
1118.83	-4988.87	0.917158	-0.398525
1118.21	-4987.45	0.917028	-0.398824
1117.59	-4986.03	0.916649	-0.399693
1117.02	-4984.71	0.916365	-0.400344
1116.39	-4983.26	0.916251	-0.400605
1115.74	-4981.79	0.915887	-0.401435
1115.09	-4980.31	0.915514	-0.402286
1114.38	-4978.69	0.915215	-0.402965
1113.77	-4977.3	0.914955	-0.403555
1113.1	-4975.77	0.914713	-0.404105
1112.41	-4974.23	0.91429	-0.40506
1111.72	-4972.67	0.913949	-0.405829
1111.02	-4971.1	0.913603	-0.406607
1110.37	-4969.64	0.913283	-0.407325
1109.66	-4968.04	0.912741	-0.40854
1108.93	-4966.42	0.912311	-0.409497
1108.19	-4964.78	0.911828	-0.410571
1107.51	-4963.27	0.911308	-0.411726
1106.76	-4961.61	0.910823	-0.412797
1106	-4959.93	0.910367	-0.413803
1105.23	-4958.23	0.909891	-0.414847
1104.45	-4956.53	0.909282	-0.41618
1103.72	-4954.95	0.908761	-0.417316
1102.93	-4953.21	0.908024	-0.418917
1102.12	-4951.47	0.907233	-0.420629
1101.37	-4949.85	0.906547	-0.422106
1100.54	-4948.08	0.905684	-0.423953
1099.7	-4946.29	0.904269	-0.426962
1098.85	-4944.49	0.902655	-0.430366
1097.98	-4942.67	0.900532	-0.434789
1097.09	-4940.85	0.895914	-0.444228
1096.17	-4939.02	0.892112	-0.451815
1095.23	-4937.17	0.890025	-0.455912
1094.36	-4935.47	0.885797	-0.464073
1093.37	-4933.62	0.881041	-0.47304
1092.36	-4931.75	0.877254	-0.480026
1091.41	-4930.03	0.873774	-0.486332
1090.36	-4928.15	0.870008	-0.493037
1089.28	-4926.26	0.863947	-0.503584
1088.16	-4924.37	0.859504	-0.511129
1087.12	-4922.63	0.856807	-0.515638
1085.87	-4920.56	0.852488	-0.522747
1084.78	-4918.81	0.846619	-0.532199
1083.57	-4916.89	0.841732	-0.539895
1082.33	-4914.97	0.83847	-0.544947
1081.17	-4913.2	0.834598	-0.550859
1079.88	-4911.27	0.828038	-0.560671
1078.56	-4909.33	0.823848	-0.566811
1077.22	-4907.39	0.819641	-0.572878
1075.85	-4905.44	0.814054	-0.580789
1074.56	-4903.66	0.808482	-0.588521
1073.13	-4901.71	0.802475	-0.596685
1071.67	-4899.76	0.797854	-0.602851
1070.31	-4897.98	0.791077	-0.611716
1068.79	-4896.03	0.783968	-0.620801
1067.24	-4894.09	0.77948	-0.626428
1065.67	-4892.14	0.77373	-0.633515
1064.06	-4890.2	0.766048	-0.642783
1062.56	-4888.42	0.760013	-0.649907
1060.89	-4886.49	0.753706	-0.657212
1059.19	-4884.55	0.747037	-0.664782
1057.61	-4882.79	0.740718	-0.671817
1055.85	-4880.86	0.736414	-0.676531
1054.07	-4878.94	0.729977	-0.683472
1052.26	-4877.02	0.724099	-0.689696
1050.42	-4875.1	0.720794	-0.69315
1048.56	-4873.17	0.717387	-0.696675
1046.83	-4871.4	0.712176	-0.702001
1044.92	-4869.48	0.706968	-0.707246
1042.99	-4867.56	0.704951	-0.709256
1041.21	-4865.78	0.702937	-0.711252
1039.24	-4863.85	0.69877	-0.715346
1037.25	-4861.91	0.69633	-0.717722
1035.24	-4859.97	0.694678	-0.719321
1033.38	-4858.17	0.693729	-0.720236
1031.34	-4856.21	0.69085	-0.722998
1029.27	-4854.24	0.689703	-0.724093
1027.19	-4852.26	0.686871	-0.726779
1025.27	-4850.45	0.684642	-0.728879
1022.97	-4848.29	0.684473	-0.729038
1021.01	-4846.46	0.68153	-0.731791
1018.86	-4844.46	0.677314	-0.735694
1016.68	-4842.46	0.675466	-0.737391
1014.48	-4840.45	0.673335	-0.739338
1012.45	-4838.61	0.669215	-0.743069
1010.21	-4836.6	0.665431	-0.746459
1007.95	-4834.6	0.662386	-0.749163
1005.86	-4832.75	0.662146	-0.749375
1003.56	-4830.72	0.660072	-0.751202
1001.25	-4828.69	0.655652	-0.755063
998.906	-4826.67	0.652837	-0.757499
996.547	-4824.64	0.653201	-0.757185
994.174	-4822.59	0.651522	-0.75863
991.982	-4820.72	0.647657	-0.761932
989.57	-4818.68	0.643711	-0.765269
987.136	-4816.63	0.643673	-0.7653
984.894	-4814.75	0.643168	-0.765725
982.43	-4812.69	0.639622	-0.768689
979.947	-4810.62	0.638758	-0.769408
977.447	-4808.55	0.638062	-0.769985
974.936	-4806.46	0.638467	-0.769649
972.407	-4804.38	0.634165	-0.773197
969.857	-4802.29	0.633254	-0.773944
967.295	-4800.19	0.63353	-0.773718
964.722	-4798.09	0.63483	-0.772652
962.358	-4796.14	0.638091	-0.769961
959.773	-4793.99	0.638807	-0.769367
957.18	-4791.84	0.638972	-0.76923
954.795	-4789.85	0.641632	-0.767012
952.187	-4787.66	0.646134	-0.763224
949.579	-4785.44	0.648611	-0.76112
946.966	-4783.21	0.649889	-0.76003
944.565	-4781.16	0.652921	-0.757426
941.941	-4778.88	0.657604	-0.753363
939.318	-4776.58	0.659769	-0.751468
936.688	-4774.27	0.66074	-0.750615
934.051	-4771.95	0.664419	-0.74736
931.633	-4769.78	0.668026	-0.744138
928.994	-4767.41	0.671313	-0.741174
926.362	-4765.01	0.677651	-0.735384
923.739	-4762.58	0.683909	-0.729568
921.129	-4760.11	0.690182	-0.723635
918.525	-4757.61	0.696093	-0.717951
915.935	-4755.08	0.702953	-0.711237
913.362	-4752.51	0.709831	-0.704372
911.012	-4750.13	0.715878	-0.698225
908.46	-4747.49	0.722322	-0.691557
905.912	-4744.81	0.72824	-0.685322
903.373	-4742.1	0.734213	-0.678919
901.055	-4739.57	0.739674	-0.672965
898.544	-4736.79	0.745364	-0.666658
896.043	-4733.98	0.750627	-0.660726
893.546	-4731.12	0.756021	-0.654548
891.061	-4728.23	0.760884	-0.648888
888.796	-4725.56	0.765028	-0.643997
886.332	-4722.62	0.769797	-0.638288
883.877	-4719.64	0.774525	-0.632543
881.433	-4716.62	0.779328	-0.626616
879.201	-4713.83	0.783537	-0.621345
876.778	-4710.76	0.787345	-0.616513
874.363	-4707.66	0.791887	-0.610668
871.961	-4704.52	0.795823	-0.605529
869.567	-4701.36	0.799551	-0.600598
867.38	-4698.43	0.804034	-0.594584
865.005	-4695.2	0.807756	-0.589517
862.641	-4691.95	0.810979	-0.585076
860.48	-4688.94	0.814714	-0.579863
858.135	-4685.62	0.818883	-0.573961
855.8	-4682.27	0.821953	-0.569555
853.475	-4678.9	0.825241	-0.564781
851.158	-4675.5	0.827364	-0.561666
848.847	-4672.08	0.829284	-0.558828
846.73	-4668.93	0.831839	-0.555017
844.43	-4665.46	0.83619	-0.54844
842.143	-4661.95	0.838692	-0.544606
840.051	-4658.72	0.840857	-0.541257
837.777	-4655.17	0.843205	-0.537591
835.504	-4651.6	0.844101	-0.536184
833.233	-4648.01	0.847459	-0.530861
830.976	-4644.38	0.851657	-0.5241
828.919	-4641.02	0.85283	-0.522189
826.671	-4637.36	0.852524	-0.522688
824.418	-4633.68	0.854879	-0.518827
822.364	-4630.26	0.858358	-0.513051
820.131	-4626.52	0.860836	-0.508882
817.911	-4622.74	0.862457	-0.50613
815.686	-4618.95	0.862853	-0.505455
813.464	-4615.14	0.864173	-0.503195
811.423	-4611.64	0.86559	-0.500754
809.208	-4607.78	0.867738	-0.497023
806.987	-4603.91	0.866953	-0.498389
804.76	-4600.03	0.868947	-0.494904
802.542	-4596.11	0.873092	-0.487555
800.531	-4592.48	0.875786	-0.482699
798.337	-4588.5	0.876176	-0.481991
796.145	-4584.5	0.876198	-0.481951
793.936	-4580.51	0.874692	-0.48468
791.716	-4576.49	0.876342	-0.481689
789.69	-4572.79	0.876874	-0.480721
787.464	-4568.75	0.87736	-0.479832
785.251	-4564.66	0.880287	-0.474442
783.225	-4560.9	0.87962	-0.475677
780.998	-4556.8	0.87904	-0.476748
778.768	-4552.68	0.879086	-0.476663
776.522	-4548.55	0.879805	-0.475335
774.295	-4544.38	0.884259	-0.466998
772.275	-4540.53	0.885985	-0.463714
770.068	-4536.33	0.884474	-0.466589
767.841	-4532.12	0.88338	-0.468657
765.61	-4527.91	0.885977	-0.46373
763.587	-4524.01	0.889539	-0.45686
761.397	-4519.73	0.889474	-0.456985
759.188	-4515.45	0.88886	-0.458179
756.982	-4511.15	0.889746	-0.456456
754.952	-4507.2	0.888918	-0.458067
752.727	-4502.88	0.88988	-0.456195
750.51	-4498.54	0.88992	-0.456117
748.457	-4494.56	0.887681	-0.460458
746.2	-4490.22	0.886536	-0.46266
743.921	-4485.87	0.885807	-0.464055
741.637	-4481.5	0.88522	-0.465172
739.327	-4477.14	0.882897	-0.469567
737.193	-4473.13	0.882099	-0.471064
734.845	-4468.75	0.880222	-0.474561
732.473	-4464.37	0.877626	-0.479346
730.067	-4459.99	0.875201	-0.483759
727.844	-4455.97	0.874027	-0.485877
725.392	-4451.59	0.871338	-0.490683
722.914	-4447.21	0.869779	-0.493441
720.417	-4442.82	0.867842	-0.49684
718.105	-4438.8	0.865276	-0.501295
715.556	-4434.41	0.86388	-0.503697
712.992	-4430.02	0.862315	-0.506372
710.62	-4426	0.860079	-0.51016
708.011	-4421.62	0.858405	-0.512973
705.385	-4417.24	0.856564	-0.516041
702.738	-4412.86	0.854861	-0.518858
700.07	-4408.47	0.853591	-0.520945
697.609	-4404.45	0.852381	-0.522922
694.907	-4400.06	0.85088	-0.52536
692.187	-4395.67	0.849354	-0.527824
689.452	-4391.28	0.847791	-0.53033
686.93	-4387.25	0.846688	-0.532089
684.17	-4382.86	0.846166	-0.532919
681.401	-4378.47	0.845179	-0.534484
678.613	-4374.08	0.843719	-0.536785
675.811	-4369.68	0.843677	-0.53685
673.245	-4365.64	0.843675	-0.536854
670.425	-4361.23	0.842279	-0.539042
667.598	-4356.81	0.842035	-0.539423
664.996	-4352.75	0.842128	-0.539277
662.168	-4348.31	0.844313	-0.53585
659.348	-4343.86	0.844928	-0.53488
656.52	-4339.4	0.842798	-0.53823
653.656	-4334.95	0.841308	-0.540555
651.035	-4330.85	0.842078	-0.539355
648.164	-4326.38	0.841366	-0.540465
645.288	-4321.9	0.840179	-0.542309
642.626	-4317.8	0.838659	-0.544657
639.727	-4313.32	0.840123	-0.542395
636.817	-4308.82	0.836163	-0.548482
633.847	-4304.35	0.829392	-0.558667
630.826	-4299.91	0.823608	-0.567159
628.008	-4295.85	0.818435	-0.574599
624.897	-4291.45	0.813792	-0.581156
621.739	-4287.07	0.806987	-0.590569
618.787	-4283.08	0.79964	-0.60048
615.513	-4278.76	0.794231	-0.607616
612.205	-4274.46	0.790464	-0.612508
608.862	-4270.17	0.780921	-0.624629
605.413	-4265.96	0.765436	-0.643513
602.165	-4262.16	0.750679	-0.660667
598.497	-4258.11	0.729937	-0.683515
594.711	-4254.15	0.710575	-0.703621
590.802	-4250.3	0.690745	-0.723099
587.127	-4246.85	0.67257	-0.740033
583.001	-4243.2	0.651716	-0.758463
578.786	-4239.64	0.635842	-0.771819
574.483	-4236.17	0.61781	-0.786327
570.099	-4232.79	0.599249	-0.800563
566.001	-4229.78	0.580315	-0.814392
561.453	-4226.6	0.565966	-0.824429
556.852	-4223.48	0.554439	-0.832224
552.589	-4220.67	0.542151	-0.840281
547.892	-4217.68	0.532641	-0.846342
543.17	-4214.72	0.527976	-0.849259
538.427	-4211.79	0.522099	-0.852885
533.66	-4208.9	0.514615	-0.857422
528.864	-4206.04	0.507793	-0.861479
524.049	-4203.22	0.504266	-0.863548
519.625	-4200.64	0.502752	-0.86443
514.797	-4197.83	0.502004	-0.864865
509.96	-4195.03	0.498747	-0.866748
505.107	-4192.25	0.495481	-0.868619
500.247	-4189.49	0.494911	-0.868944
495.79	-4186.95	0.495345	-0.868696
490.929	-4184.17	0.495649	-0.868523
486.068	-4181.4	0.495572	-0.868567
481.204	-4178.62	0.495074	-0.868851
476.338	-4175.85	0.49439	-0.86924
471.874	-4173.32	0.493676	-0.869646
467.002	-4170.55	0.492662	-0.870221
462.124	-4167.8	0.491261	-0.871012
457.648	-4165.28	0.489576	-0.871961
452.758	-4162.54	0.487297	-0.873236
447.859	-4159.81	0.484789	-0.874631
442.952	-4157.1	0.48216	-0.876083
438.035	-4154.4	0.479424	-0.877583
433.108	-4151.72	0.476559	-0.879142
428.171	-4149.05	0.473611	-0.880734
423.637	-4146.62	0.470891	-0.882192
418.681	-4143.98	0.467932	-0.883765
413.715	-4141.36	0.46498	-0.885321
408.739	-4138.76	0.462035	-0.886862
404.169	-4136.38	0.45933	-0.888266
399.174	-4133.81	0.456374	-0.889788
394.17	-4131.25	0.453409	-0.891303
389.156	-4128.71	0.450414	-0.89282
384.132	-4126.19	0.447364	-0.894352
379.518	-4123.88	0.444526	-0.895766
374.476	-4121.39	0.441408	-0.897307
369.423	-4118.92	0.438278	-0.898839
364.361	-4116.46	0.435113	-0.900376
359.289	-4114.01	0.431941	-0.901902
354.63	-4111.79	0.429081	-0.903266
349.539	-4109.38	0.426163	-0.904646
344.439	-4106.99	0.423823	-0.905745
339.331	-4104.6	0.42229	-0.906461
334.22	-4102.22	0.42537	-0.905019
329.122	-4099.8	0.43212	-0.901816
324.456	-4097.55	0.434556	-0.900645
319.365	-4095.09	0.438383	-0.898788
314.288	-4092.59	0.444435	-0.895811
309.217	-4090.07	0.448655	-0.893705
304.578	-4087.73	0.454418	-0.890789
299.531	-4085.13	0.462109	-0.886823
294.504	-4082.48	0.467914	-0.883774
289.478	-4079.82	0.471618	-0.881803
284.473	-4077.11	0.485064	-0.874478
279.514	-4074.31	0.497722	-0.867337
274.987	-4071.7	0.504989	-0.863126
270.076	-4068.79	0.510663	-0.859781
265.162	-4065.87	0.515464	-0.856911
260.689	-4063.14	0.525109	-0.851035
255.819	-4060.14	0.527968	-0.849264
250.965	-4057.09	0.536747	-0.843743
246.142	-4053.99	0.54421	-0.838949
241.328	-4050.86	0.543058	-0.839695
236.9	-4048.01	0.545212	-0.838298
232.098	-4044.85	0.554824	-0.831968
227.315	-4041.64	0.556816	-0.830636
222.923	-4038.71	0.553269	-0.833003
218.108	-4035.53	0.550966	-0.834528
213.298	-4032.33	0.55473	-0.83203
208.491	-4029.12	0.558938	-0.829209
203.707	-4025.87	0.561692	-0.827346
199.307	-4022.9	0.559025	-0.829151
194.503	-4019.66	0.558777	-0.829318
189.687	-4016.42	0.560443	-0.828193
185.293	-4013.42	0.568162	-0.822917
180.52	-4010.1	0.571391	-0.820678
175.741	-4006.79	0.566311	-0.824192
170.93	-4003.51	0.564705	-0.825293
166.135	-4000.19	0.571381	-0.820685
161.749	-3997.14	0.570294	-0.821441
156.946	-3993.82	0.569744	-0.821823
152.15	-3990.48	0.569156	-0.822229
147.325	-3987.17	0.563002	-0.826456
142.888	-3984.15	0.56556	-0.824707
138.073	-3980.81	0.573331	-0.819324
133.271	-3977.44	0.573803	-0.818994
128.455	-3974.08	0.569407	-0.822056
123.615	-3970.74	0.568557	-0.822644
119.189	-3967.66	0.575894	-0.817525
114.394	-3964.25	0.583246	-0.812295
109.211	-3960.52	0.583494	-0.812118
104.419	-3957.08	0.586024	-0.810294
100.047	-3953.9	0.592987	-0.805212
95.2996	-3950.38	0.597433	-0.801919
90.5632	-3946.84	0.602057	-0.798453
86.2414	-3943.56	0.606405	-0.795156
81.5306	-3939.96	0.608114	-0.793849
76.8302	-3936.34	0.613613	-0.789607
72.1578	-3932.68	0.619089	-0.785321
67.4961	-3929	0.622055	-0.782974
63.2366	-3925.6	0.626931	-0.779075
58.6106	-3921.86	0.630083	-0.776528
54.3698	-3918.42	0.63162	-0.775278
49.7609	-3914.64	0.636463	-0.771307
45.1634	-3910.83	0.639001	-0.769206
40.5753	-3907.01	0.640695	-0.767796
35.9859	-3903.18	0.641899	-0.766789
31.7868	-3899.66	0.643175	-0.765719
27.1972	-3895.81	0.642112	-0.766611
22.605	-3891.96	0.642894	-0.765955
18.3958	-3888.42	0.64296	-0.7659
13.7957	-3884.57	0.640948	-0.767584
9.17621	-3880.72	0.639664	-0.768654
4.56259	-3876.87	0.645501	-0.763759
-0.0137899	-3872.96	0.654363	-0.756181
-4.54635	-3869	0.663137	-0.748498
-9.03442	-3864.98	0.671829	-0.740706
-13.1089	-3861.26	0.679727	-0.733465
-17.5098	-3857.14	0.688255	-0.725469
-21.8643	-3852.97	0.696689	-0.717374
-26.1537	-3848.72	0.728128	-0.685441
-29.82	-3844.57	0.766555	-0.642178
-33.6736	-3839.91	0.782909	-0.622136
-37.3394	-3835.08	0.817351	-0.576141
-40.7147	-3830.04	0.837051	-0.547125
-44.0524	-3824.96	0.840379	-0.542
-47.014	-3820.24	0.861818	-0.507217
-49.9467	-3814.9	0.898572	-0.438825
-52.4504	-3809.34	0.915481	-0.402362
-54.9776	-3803.78	0.903458	-0.428677
-57.4265	-3798.74	0.893134	-0.44979
-60.2354	-3793.31	0.881135	-0.472865
-63.1901	-3787.96	0.866616	-0.498976
-66.3229	-3782.69	0.848566	-0.529089
-69.6416	-3777.54	0.829313	-0.558784
-72.8459	-3772.92	0.810433	-0.585831
-76.5162	-3768	0.789569	-0.613661
-80.3522	-3763.2	0.769062	-0.639174
-84.0078	-3758.91	0.749401	-0.662117
-88.1452	-3754.36	0.72708	-0.686552
-92.4329	-3749.94	0.706055	-0.708157
-96.8442	-3745.63	0.68741	-0.72627
-101.369	-3741.44	0.668453	-0.743754
-106.003	-3737.36	0.650837	-0.759217
-110.332	-3733.71	0.635263	-0.772296
-115.148	-3729.83	0.617399	-0.78665
-120.051	-3726.05	0.600861	-0.799354
-124.616	-3722.67	0.587768	-0.809029
-129.655	-3719.05	0.57484	-0.818266
-134.762	-3715.52	0.562352	-0.826898
-139.913	-3712.05	0.554187	-0.832392
-145.104	-3708.63	0.546537	-0.837435
-149.889	-3705.52	0.541742	-0.840545
-155.133	-3702.16	0.537123	-0.843504
-160.398	-3698.82	0.533307	-0.845922
-165.68	-3695.5	0.531496	-0.847061
-170.528	-3692.46	0.532161	-0.846643
-175.818	-3689.13	0.531868	-0.846827
-181.118	-3685.8	0.533821	-0.845597
-186.397	-3682.44	0.542064	-0.840337
-191.65	-3679.03	0.548521	-0.836137
-196.451	-3675.86	0.551293	-0.834311
-201.685	-3672.4	0.55628	-0.830995
-206.887	-3668.87	0.565688	-0.824619
-212.06	-3665.3	0.57029	-0.821444
-216.798	-3662.01	0.575051	-0.818117
-221.927	-3658.35	0.584804	-0.811175
-227.032	-3654.65	0.590933	-0.80672
-232.103	-3650.9	0.598859	-0.800854
-237.141	-3647.11	0.60502	-0.79621
-241.733	-3643.6	0.610593	-0.791944
-246.715	-3639.73	0.616243	-0.787556
-251.669	-3635.84	0.621266	-0.7836
-256.189	-3632.24	0.62564	-0.780112
-261.096	-3628.28	0.630107	-0.776508
-265.982	-3624.3	0.633894	-0.77342
-270.849	-3620.3	0.636695	-0.771116
-275.299	-3616.61	0.63876	-0.769406
-280.143	-3612.58	0.64035	-0.768083
-284.98	-3608.55	0.640902	-0.767623
-289.816	-3604.51	0.640352	-0.768081
-294.253	-3600.81	0.639289	-0.768966
-299.1	-3596.79	0.637396	-0.770537
-303.958	-3592.78	0.634576	-0.77286
-308.832	-3588.8	0.630997	-0.775786
-313.317	-3585.16	0.627134	-0.778911
-318.23	-3581.23	0.622602	-0.782538
-323.166	-3577.32	0.617877	-0.786274
-328.127	-3573.45	0.6084	-0.79363
-332.728	-3569.97	0.600466	-0.79965
-337.755	-3566.18	0.600438	-0.799671
-342.799	-3562.42	0.592287	-0.805727
-347.888	-3558.72	0.58506	-0.81099
-352.996	-3555.05	0.576298	-0.81724
-357.729	-3551.76	0.572667	-0.819788
-362.864	-3548.13	0.579027	-0.815308
-368	-3544.49	0.578676	-0.815558
-372.695	-3541.14	0.578874	-0.815417
-377.848	-3537.54	0.563465	-0.82614
-383.073	-3534.04	0.55336	-0.832942
-388.309	-3530.56	0.54723	-0.836983
-393.597	-3527.16	0.540107	-0.841596
-398.435	-3524.03	0.544379	-0.83884
-403.709	-3520.61	0.551288	-0.834315
-408.492	-3517.39	0.560054	-0.828456
-413.718	-3513.89	0.554204	-0.832381
-418.95	-3510.41	0.548408	-0.836211
-424.235	-3507	0.538888	-0.842378
-429.526	-3503.61	0.537788	-0.84308
-434.396	-3500.52	0.532589	-0.846374
-439.723	-3497.18	0.523507	-0.852021
-445.112	-3493.95	0.502315	-0.864684
-450.121	-3491.1	0.48269	-0.875791
-455.656	-3488.12	0.461033	-0.887383
-461.262	-3485.28	0.445659	-0.895203
-466.9	-3482.5	0.435324	-0.900274
-472.577	-3479.79	0.425672	-0.904878
-477.794	-3477.35	0.419251	-0.90787
-483.516	-3474.75	0.414208	-0.910182
-489.225	-3472.12	0.42051	-0.907288
-494.931	-3469.48	0.417403	-0.908722
-500.17	-3467.08	0.417101	-0.90886
-505.875	-3464.45	0.419304	-0.907846
-511.581	-3461.82	0.423641	-0.90583
-517.255	-3459.11	0.435704	-0.90009
-522.907	-3456.37	0.436078	-0.899909
-528.097	-3453.87	0.432662	-0.901556
-533.761	-3451.15	0.43207	-0.90184
-539.429	-3448.44	0.428886	-0.903359
-545.112	-3445.76	0.421237	-0.90695
-550.346	-3443.36	0.414469	-0.910064
-556.064	-3440.76	0.412397	-0.911004
-561.792	-3438.18	0.406009	-0.913869
-567.54	-3435.65	0.403082	-0.915164
-573.281	-3433.1	0.410832	-0.911711
-578.519	-3430.71	0.423402	-0.905942
-584.191	-3428.01	0.435074	-0.900395
-589.841	-3425.26	0.443734	-0.896159
-595.45	-3422.43	0.457818	-0.889046
-600.556	-3419.77	0.47077	-0.882256
-606.075	-3416.77	0.485531	-0.874219
-611.554	-3413.69	0.495119	-0.868825
-616.997	-3410.56	0.503587	-0.863945
-622.414	-3407.38	0.511752	-0.859133
-627.345	-3404.4	0.5221	-0.852884
-632.688	-3401.1	0.531659	-0.846959
-637.994	-3397.74	0.538673	-0.842515
-642.841	-3394.63	0.542116	-0.840304
-648.109	-3391.21	0.546647	-0.837363
-653.363	-3387.77	0.551239	-0.834347
-658.591	-3384.28	0.557338	-0.830286
-663.801	-3380.78	0.559047	-0.829136
-668.573	-3377.56	0.560972	-0.827835
-674.193	-3373.72	0.565841	-0.824514
-678.937	-3370.46	0.56681	-0.823849
-684.11	-3366.9	0.568096	-0.822962
-689.274	-3363.33	0.56919	-0.822206
-694.438	-3359.76	0.567785	-0.823177
-699.177	-3356.49	0.566995	-0.823721
-704.351	-3352.94	0.566713	-0.823915
-709.526	-3349.38	0.565254	-0.824917
-714.711	-3345.84	0.561456	-0.827506
-719.913	-3342.32	0.557387	-0.830253
-725.132	-3338.84	0.553842	-0.832622
-730.366	-3335.37	0.550276	-0.834983
-735.177	-3332.21	0.54611	-0.837713
-740.444	-3328.79	0.541665	-0.840595
-745.726	-3325.4	0.537702	-0.843135
-751.025	-3322.04	0.53352	-0.845788
-755.897	-3318.98	0.529961	-0.848022
-761.227	-3315.66	0.526139	-0.850398
-766.569	-3312.37	0.522755	-0.852483
-771.924	-3309.1	0.519815	-0.854279
-777.289	-3305.84	0.517667	-0.855582
-782.661	-3302.6	0.516253	-0.856436
-787.588	-3299.63	0.515331	-0.856991
-792.968	-3296.4	0.513998	-0.857792
-798.349	-3293.17	0.518923	-0.854821
-803.251	-3290.16	0.527946	-0.849278
-808.572	-3286.84	0.531133	-0.847289
-813.884	-3283.5	0.537461	-0.843289
-819.148	-3280.09	0.550793	-0.834642
-824.372	-3276.61	0.555398	-0.831584
-829.584	-3273.13	0.559812	-0.82862
-834.334	-3269.89	0.567756	-0.823197
-839.485	-3266.31	0.574221	-0.8187
-844.607	-3262.69	0.580636	-0.814163
-849.7	-3259.03	0.587006	-0.809582
-854.343	-3255.65	0.592179	-0.805807
-859.386	-3251.92	0.596471	-0.802635
-864.41	-3248.17	0.600331	-0.799751
-869.415	-3244.4	0.603908	-0.797054
-874.404	-3240.61	0.606982	-0.794716
-879.38	-3236.8	0.609329	-0.792918
-883.931	-3233.29	0.611057	-0.791587
-888.888	-3229.46	0.612487	-0.790481
-893.839	-3225.62	0.613077	-0.790023
-898.788	-3221.78	0.612804	-0.790235
-903.74	-3217.94	0.612168	-0.790728
-908.694	-3214.11	0.611189	-0.791485
-913.24	-3210.6	0.60987	-0.792502
-918.207	-3206.79	0.607882	-0.794027
-923.184	-3202.99	0.605728	-0.795671
-928.17	-3199.2	0.60353	-0.79734
-933.167	-3195.43	0.601326	-0.799004
-938.173	-3191.67	0.599192	-0.800605
-943.188	-3187.92	0.59737	-0.801966
-948.211	-3184.19	0.596148	-0.802874
-953.237	-3180.46	0.595506	-0.803351
-958.265	-3176.73	0.595611	-0.803273
-963.289	-3173	0.597094	-0.802171
-967.886	-3169.57	0.599426	-0.80043
-972.888	-3165.82	0.60285	-0.797854
-977.871	-3162.03	0.606792	-0.794861
-982.835	-3158.23	0.611097	-0.791556
-987.366	-3154.71	0.615362	-0.788245
-992.286	-3150.85	0.620131	-0.784498
-997.182	-3146.96	0.624925	-0.780685
-1002.05	-3143.04	0.630057	-0.776549
-1006.9	-3139.09	0.635587	-0.772029
-1011.31	-3135.43	0.640873	-0.767647
-1016.1	-3131.41	0.646734	-0.762715
-1020.85	-3127.35	0.652813	-0.757519
-1025.18	-3123.6	0.658548	-0.752539
-1029.87	-3119.47	0.66443	-0.74735
-1034.53	-3115.3	0.669775	-0.742565
-1039.15	-3111.1	0.67549	-0.737369
-1043.36	-3107.22	0.681043	-0.732243
-1047.92	-3102.95	0.693827	-0.720142
-1052.36	-3098.55	0.715364	-0.698752
-1056.32	-3094.41	0.734855	-0.678224
-1060.49	-3089.77	0.755811	-0.65479
-1064.52	-3084.99	0.776338	-0.630317
-1068.39	-3080.09	0.795954	-0.605357
-1072.11	-3075.07	0.813816	-0.581122
-1075.68	-3069.94	0.829789	-0.558078
-1078.83	-3065.16	0.84187	-0.53968
-1082.16	-3059.87	0.85235	-0.522971
-1085.39	-3054.52	0.861779	-0.507284
-1088.52	-3049.11	0.86954	-0.493862
-1091.57	-3043.66	0.875527	-0.483169
-1094.57	-3038.18	0.880962	-0.473186
-1097.25	-3033.12	0.885711	-0.464238
-1100.13	-3027.58	0.890457	-0.455067
-1102.95	-3022.01	0.894545	-0.446977
-1105.72	-3016.41	0.898712	-0.43854
-1108.44	-3010.79	0.902897	-0.429857
-1111.1	-3005.14	0.906546	-0.422108
-1113.5	-2999.95	0.909172	-0.416422
-1116.08	-2994.26	0.911861	-0.410499
-1118.63	-2988.56	0.914396	-0.404822
-1121.15	-2982.85	0.916465	-0.400114
-1123.43	-2977.6	0.917831	-0.396971
-1125.9	-2971.87	0.919201	-0.393789
-1128.35	-2966.13	0.920465	-0.390825
-1130.78	-2960.38	0.921518	-0.388337
-1133.19	-2954.63	0.922384	-0.386273
-1135.4	-2949.36	0.923265	-0.384165
-1137.79	-2943.59	0.924336	-0.38158
-1140.16	-2937.82	0.925364	-0.37908
-1142.52	-2932.05	0.926371	-0.376613
-1144.67	-2926.75	0.927524	-0.373764
-1146.99	-2920.96	0.928965	-0.370168
-1149.29	-2915.17	0.930334	-0.366714
-1151.57	-2909.36	0.931572	-0.363558
-1153.82	-2903.55	0.932815	-0.360355
-1155.88	-2898.22	0.934	-0.357273
-1158.09	-2892.4	0.935069	-0.354467
-1160.3	-2886.57	0.9358	-0.352531
-1162.31	-2881.22	0.936529	-0.350589
-1164.49	-2875.38	0.937302	-0.348519
-1166.65	-2869.54	0.937974	-0.346705
-1168.81	-2863.69	0.938653	-0.344864
-1170.95	-2857.84	0.939333	-0.343007
-1173.09	-2851.99	0.939899	-0.341451
-1175.21	-2846.13	0.94039	-0.340098
-1177.15	-2840.76	0.941062	-0.338234
-1179.25	-2834.9	0.942081	-0.335385
-1181.33	-2829.03	0.943263	-0.332048
-1183.39	-2823.16	0.944526	-0.328437
-1185.25	-2817.76	0.945931	-0.324366
-1187.26	-2811.87	0.947791	-0.318892
-1189.23	-2805.96	0.949772	-0.312944
-1191.16	-2800.05	0.951736	-0.306918
-1192.9	-2794.61	0.953659	-0.300889
-1194.75	-2788.67	0.955889	-0.293728
-1196.56	-2782.72	0.958043	-0.286624
-1198.32	-2776.75	0.960033	-0.279887
-1199.91	-2771.27	0.961915	-0.273349
-1201.59	-2765.29	0.964038	-0.265764
-1203.21	-2759.28	0.968106	-0.250543
-1204.71	-2753.24	0.97439	-0.224866
-1205.93	-2747.68	0.979609	-0.200916
-1207.11	-2741.57	0.984693	-0.174295
-1208.13	-2735.43	0.989082	-0.147368
-1208.91	-2729.79	0.99244	-0.122728
-1209.6	-2723.61	0.995346	-0.0963648
-1210.14	-2717.41	0.997427	-0.0716853
-1210.52	-2711.21	0.99873	-0.050391
-1210.79	-2705	0.999463	-0.0327801
-1210.95	-2698.78	0.999866	-0.0163407
-1211.01	-2692.57	1	-0.00087836
-1210.98	-2686.35	0.999929	0.0119462
-1210.89	-2680.65	0.999788	0.0206033
-1210.74	-2674.44	0.999585	0.0287897
-1210.54	-2668.23	0.999363	0.0356968
-1210.33	-2662.54	0.999226	0.0393278
-1210.08	-2656.33	0.999222	0.0394417
-1209.84	-2650.12	0.999217	0.0395631
-1209.59	-2643.91	0.999209	0.0397696
-1209.34	-2637.7	0.999203	0.0399135
-1209.1	-2631.5	0.999209	0.0397594
-1208.85	-2625.29	0.999234	0.0391377
-1208.63	-2619.6	0.999288	0.0377366
-1208.4	-2613.4	0.999373	0.0354027
-1208.19	-2607.19	0.999457	0.0329389
-1208.01	-2601.5	0.999522	0.030909
-1207.82	-2595.3	0.999579	0.029001
-1207.64	-2589.09	0.999624	0.0274214
-1207.48	-2582.89	0.999658	0.0261421
-1207.32	-2576.68	0.999697	0.0246006
-1207.18	-2571	0.999739	0.0228591
-1207.05	-2564.79	0.999784	0.0207982
-1206.92	-2558.59	0.999823	0.0188238
-1206.81	-2552.39	0.999848	0.0174415
-1206.71	-2546.7	0.999859	0.0168047
-1206.61	-2540.5	0.999859	0.0167715
-1206.5	-2534.3	0.999853	0.0171422
-1206.4	-2528.1	0.999845	0.0176075
-1206.29	-2521.9	0.999835	0.01817
-1206.18	-2516.21	0.999822	0.0188807
-1206.06	-2510.01	0.999807	0.0196283
-1205.94	-2503.81	0.999794	0.0203009
-1205.82	-2498.13	0.999788	0.0205772
-1205.69	-2491.94	0.999797	0.020127
-1205.57	-2485.74	0.999819	0.0190349
-1205.46	-2479.54	0.999852	0.0172238
-1205.36	-2473.35	0.999889	0.0149254
-1205.27	-2467.15	0.999922	0.0125021
-1205.21	-2461.47	0.999947	0.0102746
-1205.15	-2455.28	0.999969	0.00783269
-1205.11	-2449.08	0.999985	0.00539091
-1205.08	-2442.89	0.999996	0.00294942
-1205.07	-2436.69	1	0.000508198
-1205.07	-2430.5	0.999998	-0.00193276
-1205.09	-2424.31	0.99999	-0.00437343
-1205.12	-2418.63	0.999978	-0.00661044
-1205.17	-2412.44	0.999959	-0.00905046
-1205.23	-2406.25	0.999939	-0.0110659
-1205.3	-2400.06	0.999922	-0.0124871
-1205.38	-2393.87	0.999903	-0.0139081
-1205.46	-2388.2	0.999884	-0.0152103
-1205.56	-2382.01	0.999862	-0.0166229
-1205.67	-2375.82	0.999838	-0.0180093
-1205.78	-2369.63	0.999812	-0.019372
-1205.89	-2363.96	0.999788	-0.0206123
-1206.03	-2357.78	0.999765	-0.0216777
-1206.16	-2351.59	0.999755	-0.0221446
-1206.3	-2345.41	0.999758	-0.0219949
-1206.43	-2339.22	0.999778	-0.0210741
-1206.55	-2333.56	0.999812	-0.0193816
-1206.66	-2327.37	0.999858	-0.0168492
-1206.76	-2321.19	0.9999	-0.014177
-1206.83	-2315.52	0.99993	-0.0118226
-1206.9	-2309.34	0.999953	-0.00965851
-1206.96	-2303.16	0.999968	-0.00795151
-1207	-2296.98	0.99998	-0.00636429
-1207.04	-2290.8	0.999989	-0.0046554
-1207.06	-2285.13	0.999996	-0.00289322
-1207.07	-2278.95	0.999999	-0.00113544
-1207.08	-2272.77	1	0.000232999
-1207.07	-2266.59	1	0.000828602
-1207.07	-2260.93	1	0.000639714
-1207.06	-2254.75	1	-3.69752e-05
-1207.07	-2248.57	1	-0.000974048
-1207.08	-2242.4	0.999998	-0.0021052
-1207.09	-2236.22	0.999995	-0.00328275
-1207.11	-2230.56	0.999992	-0.00393375
-1207.14	-2224.38	0.999992	-0.00408329
-1207.16	-2218.21	0.999994	-0.0033893
-1207.18	-2212.03	0.999998	-0.00195401
-1207.19	-2206.38	1	-0.000604213
-1207.19	-2200.2	1	0.000485127
-1207.18	-2194.03	0.999999	0.0010682
-1207.18	-2187.86	0.999999	0.00117309
-1207.17	-2181.69	1	0.000937192
-1207.16	-2175.52	1	0.000537663
-1207.16	-2169.34	1	-5.58427e-05
-1207.16	-2163.69	1	-0.000583865
-1207.17	-2157.52	1	-0.000532863
-1207.17	-2151.35	1	0.000323651
-1207.16	-2145.18	0.999998	0.00179402
-1207.15	-2139.53	0.999995	0.00318292
-1207.13	-2133.36	0.999991	0.00414895
-1207.1	-2127.19	0.99999	0.00453099
-1207.07	-2121.03	0.999989	0.00468746
-1207.04	-2114.86	0.999989	0.00463771
-1207.02	-2108.7	0.999989	0.00463666
-1206.99	-2103.04	0.999988	0.00482408
-1206.96	-2096.88	0.999985	0.00547272
-1206.92	-2090.72	0.999977	0.00671211
-1206.88	-2085.07	0.999969	0.00793065
-1206.83	-2078.9	0.99996	0.0089571
-1206.77	-2072.74	0.999954	0.00960511
-1206.71	-2066.58	0.99995	0.0100275
-1206.65	-2060.41	0.999947	0.0103293
-1206.58	-2054.25	0.999944	0.010593
-1206.52	-2048.59	0.999941	0.0108301
-1206.46	-2042.43	0.999939	0.0110598
-1206.39	-2036.26	0.999937	0.011219
-1206.32	-2030.61	0.999939	0.0110899
-1206.26	-2024.44	0.999946	0.0104332
-1206.19	-2018.27	0.999955	0.00947661
-1206.14	-2012.11	0.999966	0.0082128
-1206.09	-2005.94	0.999978	0.00665452
-1206.06	-2000.29	0.999987	0.00503625
-1206.03	-1994.13	0.999995	0.00324195
-1206.02	-1987.96	0.999998	0.00180109
-1206.01	-1981.8	0.999999	0.00105256
-1206	-1976.15	0.999999	0.00100847
-1206	-1969.99	0.999999	0.00154237
-1205.98	-1963.83	0.999997	0.00248108
-1205.97	-1957.67	0.999994	0.00343716
-1205.94	-1951.51	0.999992	0.00398501
-1205.92	-1945.35	0.999991	0.00414054
-1205.89	-1939.19	0.999992	0.00398432
-1205.87	-1933.54	0.999993	0.00367639
-1205.85	-1927.39	0.999994	0.00332999
-1205.83	-1921.74	0.999995	0.0032224
-1205.81	-1915.58	0.999993	0.00367998
-1205.78	-1909.43	0.999988	0.00499668
-1205.75	-1903.27	0.999976	0.00688913
-1205.7	-1897.12	0.99996	0.00890147
-1205.64	-1890.96	0.999944	0.0105995
-1205.58	-1885.32	0.999934	0.0114723
-1205.51	-1879.17	0.99993	0.0117987
-1205.44	-1873.01	0.999933	0.0116073
-1205.37	-1867.37	0.999941	0.0108845
-1205.31	-1861.22	0.999955	0.0095186
-1205.25	-1855.07	0.999966	0.00819203
-1205.2	-1848.92	0.999974	0.00725737
-1205.16	-1842.76	0.999975	0.00706578
-1205.12	-1837.13	0.999971	0.007658
-1205.07	-1830.97	0.999959	0.00901824
-1205.01	-1824.83	0.999944	0.0105913
-1204.94	-1818.68	0.999927	0.0120596
-1204.87	-1813.04	0.999913	0.0132145
-1204.79	-1806.89	0.999898	0.0142575
-1204.7	-1800.74	0.999886	0.0151271
-1204.6	-1794.6	0.999877	0.0156914
-1204.51	-1788.96	0.999873	0.015914
-1204.41	-1782.82	0.99987	0.0161163
-1204.31	-1776.16	0.999869	0.0161971
-1204.21	-1770.01	0.999872	0.01597
-1204.11	-1763.87	0.999883	0.0153098
-1204.02	-1757.72	0.999899	0.0142315
-1203.94	-1751.58	0.999918	0.0127695
-1203.86	-1745.44	0.999939	0.0110802
-1203.8	-1739.29	0.999955	0.00945112
-1203.75	-1733.66	0.999966	0.00829475
-1203.7	-1727.52	0.999973	0.00741028
-1203.66	-1721.38	0.999979	0.00652694
-1203.62	-1715.75	0.999986	0.00527523
-1203.59	-1709.6	0.999995	0.00315127
-1203.58	-1703.46	1	0.000345959
-1203.59	-1697.32	0.999996	-0.00298263
-1203.61	-1691.18	0.999979	-0.00647011
-1203.66	-1685.55	0.999954	-0.00955784
-1203.72	-1679.42	0.999918	-0.0128375
-1203.81	-1673.28	0.999869	-0.0161792
-1203.91	-1667.65	0.99981	-0.019491
-1204.04	-1661.52	0.999725	-0.0234413
-1204.19	-1655.38	0.999635	-0.0270187
-1204.37	-1649.24	0.999573	-0.0292349
-1204.55	-1643.11	0.999538	-0.030407
-1204.74	-1636.98	0.999536	-0.0304493
-1204.92	-1630.84	0.999574	-0.0291993
-1205.08	-1625.22	0.999633	-0.0271004
-1205.24	-1619.09	0.999695	-0.0246918
-1205.39	-1612.96	0.999752	-0.0222669
-1205.51	-1607.34	0.999799	-0.0200406
-1205.62	-1601.2	0.999844	-0.0176599
-1205.73	-1595.07	0.999882	-0.015351
-1205.81	-1588.94	0.999915	-0.0130217
-1205.89	-1582.81	0.999943	-0.0106732
-1205.95	-1576.68	0.999965	-0.00832473
-1205.99	-1570.54	0.999982	-0.00597619
-1206.02	-1564.92	0.999992	-0.00403977
-1206.04	-1558.79	0.999998	-0.00221549
-1206.05	-1552.66	1	-0.000425456
-1206.05	-1547.04	0.999999	0.00114495
-1206.04	-1540.92	0.999997	0.00251248
-1206.02	-1534.79	0.999994	0.00344342
-1206	-1528.66	0.999991	0.00427688
-1205.97	-1522.53	0.999987	0.00502666
-1205.94	-1516.91	0.999984	0.00561094
-1205.9	-1510.79	0.999981	0.00610822
-1205.86	-1504.66	0.999978	0.00655827
-1205.83	-1499.05	0.999976	0.00698034
-1205.78	-1492.92	0.999974	0.0072701
-1205.74	-1486.8	0.999974	0.00721841
-1205.69	-1480.67	0.999974	0.00716681
-1205.65	-1474.55	0.999975	0.00710337
-1205.61	-1468.42	0.999975	0.00700144
-1205.57	-1462.81	0.999976	0.00686044
-1205.53	-1456.69	0.999978	0.0066572
-1205.49	-1450.57	0.99998	0.00636948
-1205.45	-1444.45	0.999982	0.00594712
-1205.42	-1438.83	0.999985	0.00544836
-1205.38	-1432.71	0.999988	0.00484074
-1205.36	-1426.59	0.999991	0.00422641
-1205.33	-1420.47	0.999993	0.00361211
-1205.31	-1414.35	0.999996	0.00298096
-1205.3	-1408.24	0.999997	0.00227818
-1205.28	-1402.12	0.999999	0.00145088
-1205.28	-1396	1	0.000437558
-1205.28	-1389.88	1	-0.000847362
-1205.29	-1384.27	0.999997	-0.00224584
-1205.3	-1378.16	0.999993	-0.00375593
-1205.33	-1372.04	0.999986	-0.00525419
-1205.36	-1366.43	0.999976	-0.0068727
-1205.41	-1360.32	0.999961	-0.00885319
-1205.47	-1354.2	0.999941	-0.0109057
-1205.54	-1348.09	0.999917	-0.0129178
-1205.62	-1341.98	0.99989	-0.0148528
-1205.72	-1335.86	0.99986	-0.0167483
-1205.82	-1330.26	0.999833	-0.0182591
-1205.93	-1324.15	0.999808	-0.01959
-1206.06	-1318.04	0.999783	-0.0208541
-1206.18	-1312.43	0.999759	-0.0219747
-1206.31	-1306.32	0.999728	-0.0233219
-1206.46	-1300.22	0.999697	-0.0246104
-1206.61	-1294.11	0.99969	-0.0249096
-1206.76	-1288	0.999713	-0.0239458
-1206.9	-1281.89	0.999764	-0.0217118
-1207.02	-1276.29	0.99982	-0.0189743
-1207.13	-1270.18	0.99987	-0.0161001
-1207.22	-1264.07	0.99991	-0.0134268
-1207.29	-1257.97	0.99994	-0.010962
-1207.35	-1252.37	0.999961	-0.00886876
-1207.4	-1246.26	0.999976	-0.0068656
-1207.44	-1240.15	0.999986	-0.00526208
-1207.47	-1234.05	0.999991	-0.00419604
-1207.49	-1228.45	0.999993	-0.00365229
-1207.51	-1222.35	0.999994	-0.00336007
-1207.53	-1216.24	0.999995	-0.0031126
-1207.55	-1210.14	0.999996	-0.00297031
-1207.56	-1204.54	0.999996	-0.00288873
-1207.58	-1198.44	0.999997	-0.00241889
-1207.59	-1192.33	0.999999	-0.00165516
-1207.6	-1186.22	1	-0.00082635
-1207.61	-1180.62	1	-8.7024e-05
-1207.6	-1174.5	1	0.000665852
-1207.6	-1168.39	0.999999	0.00138738
-1207.59	-1162.27	0.999998	0.00210446
-1207.57	-1156.66	0.999996	0.00276201
-1207.56	-1150.54	0.999994	0.00347942
-1207.53	-1144.42	0.999991	0.00419711
-1207.5	-1138.3	0.999988	0.00491528
-1207.47	-1132.18	0.999984	0.00563289
-1207.44	-1126.56	0.99998	0.00629079
-1207.4	-1120.44	0.999977	0.00679477
-1207.36	-1114.32	0.999976	0.00699944
-1207.31	-1108.2	0.999974	0.0072041
-1207.27	-1102.58	0.999973	0.0073901
-1207.23	-1096.46	0.999972	0.00750052
-1207.18	-1090.34	0.999974	0.00726951
-1207.14	-1084.22	0.999979	0.00654215
-1207.1	-1078.1	0.999985	0.00546935
-1207.07	-1072.49	0.999991	0.00425964
-1207.05	-1066.37	0.999996	0.00274381
-1207.04	-1060.25	0.999999	0.00131914
-1207.03	-1054.14	1	-5.04716e-05
-1207.04	-1048.53	1	-0.000998241
-1207.04	-1042.41	0.999999	-0.00127133
-1207.05	-1036.29	0.999999	-0.00101012
-1207.06	-1030.18	1	-0.000292514
-1207.06	-1024.06	1	0.000952015
-1207.05	-1018.46	0.999997	0.00253332
-1207.03	-1012.34	0.99999	0.00441414
-1206.99	-1006.23	0.999979	0.00650161
-1206.95	-1000.11	0.999961	0.00886422
-1206.89	-994.507	0.99994	0.0109432
-1206.82	-988.394	0.999915	0.0130511
-1206.74	-982.282	0.99989	0.0148501
-1206.64	-976.17	0.999867	0.0163123
-1206.54	-970.057	0.999842	0.0177631
-1206.43	-963.942	0.999815	0.0192116
-1206.32	-958.334	0.999793	0.0203256
-1206.19	-952.217	0.999774	0.0212609
-1206.06	-946.101	0.999754	0.0221962
-1205.93	-940.494	0.999734	0.0230535
-1205.79	-934.378	0.999716	0.0238176
-1205.64	-928.261	0.999706	0.0242391
-1205.49	-922.144	0.999696	0.0246604
-1205.34	-916.027	0.999686	0.0250691
-1205.2	-910.42	0.999679	0.025328
-1205.04	-904.303	0.99968	0.025299
-1204.89	-898.187	0.999686	0.0250558
-1204.75	-892.581	0.999694	0.0247497
-1204.6	-886.465	0.999708	0.024166
-1204.45	-880.35	0.999733	0.0231224
-1204.31	-874.234	0.999759	0.0219428
-1204.18	-868.119	0.999788	0.0205741
-1204.06	-862.003	0.999821	0.0188949
-1203.96	-856.396	0.999856	0.0169953
-1203.86	-850.279	0.999893	0.0146457
-1203.78	-844.162	0.999924	0.0122886
-1203.71	-838.556	0.999946	0.0104377
-1203.65	-832.44	0.999959	0.0090097
-1203.6	-826.324	0.999966	0.00818596
-1203.55	-820.208	0.999972	0.00752795
-1203.51	-814.094	0.999976	0.00697935
-1203.47	-807.979	0.999978	0.00663278
-1203.43	-802.374	0.99998	0.00629366
-1203.39	-796.261	0.999982	0.00592374
-1203.36	-790.148	0.999985	0.00555387
-1203.32	-784.035	0.999987	0.005184
-1203.3	-778.432	0.999988	0.00484499
-1203.27	-772.32	0.99999	0.00447915
-1203.24	-766.206	0.999992	0.004121
-1203.22	-760.087	0.999993	0.0037621
-1203.19	-753.959	0.999994	0.00340213
-1203.17	-747.822	0.999995	0.0030408
-1203.16	-741.675	0.999996	0.00267961
-1203.14	-735.523	0.999997	0.00231951
-1203.13	-729.372	0.999998	0.00195901
-1203.12	-723.733	0.999999	0.0016286
-1203.11	-717.582	0.999999	0.00148423
-1203.1	-711.431	0.999999	0.00164238
-1203.09	-705.793	0.999998	0.00179078
-1203.08	-699.643	0.999998	0.00199058
-1203.06	-693.493	0.999997	0.00229383
-1203.05	-687.344	0.999996	0.00265887
-1203.03	-681.196	0.999995	0.00303085
-1203.01	-675.048	0.999994	0.00343929
-1202.99	-669.412	0.999992	0.00400553
-1202.97	-663.265	0.999988	0.00498714
-1202.93	-657.118	0.99998	0.00626074
-1202.89	-651.484	0.999972	0.00748633
-1202.84	-645.339	0.999964	0.00851813
-1202.79	-639.193	0.999958	0.00911843
-1202.73	-633.049	0.999953	0.0097149
-1202.67	-626.905	0.999947	0.010337
-1202.61	-621.273	0.99994	0.0109098
-1202.54	-615.13	0.999933	0.0115346
-1202.47	-608.987	0.999926	0.0121594
-1202.39	-602.844	0.999918	0.0127843
-1202.32	-597.214	0.999913	0.0131846
-1202.24	-591.072	0.999912	0.0132922
-1202.16	-584.93	0.99991	0.0133998
-1202.08	-578.789	0.999909	0.0135073
-1201.99	-572.648	0.999907	0.0136149
-1201.91	-566.507	0.999906	0.0137225
-1201.83	-560.878	0.999904	0.0138211
-1201.75	-554.736	0.999903	0.0139286
-1201.66	-548.593	0.999901	0.0140362
-1201.57	-542.45	0.9999	0.0141396
-1201.49	-536.819	0.9999	0.0141128
-1201.41	-530.677	0.999906	0.0136855
-1201.33	-524.535	0.999917	0.012888
-1201.25	-518.394	0.99993	0.0118724
-1201.18	-512.252	0.999942	0.010793
-1201.12	-506.109	0.999953	0.00971046
-1201.06	-499.966	0.999963	0.00861429
-1201.01	-494.334	0.999971	0.00758479
-1200.97	-488.188	0.999979	0.00644554
-1200.93	-482.04	0.999986	0.00530595
-1200.89	-475.891	0.999789	0.0205509
-1200.69	-470.257	0.998457	0.0555299
-1200.25	-464.12	0.995609	0.093614
-1199.58	-458.002	0.991308	0.131564
-1198.69	-451.911	0.988236	0.152934
-1197.75	-445.826	0.98849	0.151286
-1196.9	-440.247	0.988747	0.149596
-1195.98	-434.16	0.989138	0.146987
-1195.09	-428.07	0.990036	0.140817
-1194.25	-421.973	0.991513	0.130005
-1193.54	-416.376	0.99289	0.119037
-1192.84	-410.262	0.994377	0.105896
-1192.23	-404.14	0.995822	0.0913163
-1191.7	-398.009	0.997181	0.0750325
-1191.29	-391.871	0.998342	0.0575595
-1191	-386.238	0.999158	0.0410335
-1190.79	-380.09	0.999733	0.0231043
-1190.7	-373.939	0.999988	0.00495962
-1190.71	-368.301	0.999927	-0.0120943
-1190.83	-362.151	0.999557	-0.0297746
-1191.05	-356.005	0.998965	-0.0454955
-1191.37	-349.864	0.998161	-0.0606223
-1191.78	-343.728	0.997218	-0.0745421
-1192.27	-337.599	0.996288	-0.0860797
-1192.83	-331.475	0.995517	-0.094584
-1193.37	-325.866	0.994925	-0.100621
-1194.01	-319.751	0.994396	-0.105717
-1194.67	-313.64	0.994159	-0.107923
-1195.33	-307.529	0.99428	-0.106807
-1195.92	-301.926	0.994496	-0.104774
-1196.56	-295.813	0.994805	-0.101797
-1197.18	-289.699	0.995208	-0.097784
-1197.77	-283.582	0.995706	-0.0925668
-1198.32	-277.463	0.996181	-0.0873155
-1198.8	-271.851	0.996596	-0.0824356
-1199.29	-265.728	0.997026	-0.0770657
-1199.75	-259.602	0.997424	-0.0717356
-1200.18	-253.472	0.997785	-0.0665227
-1200.55	-247.85	0.998084	-0.0618689
-1200.91	-241.716	0.998369	-0.057086
-1201.25	-235.58	0.998604	-0.0528179
-1201.57	-229.443	0.998805	-0.0488748
-1201.86	-223.304	0.998976	-0.0452504
-1202.13	-217.165	0.999119	-0.0419574
-1202.36	-211.538	0.999229	-0.0392624
-1202.59	-205.398	0.999337	-0.0364191
-1202.81	-199.259	0.999422	-0.0339812
-1203.01	-193.119	0.999483	-0.0321389
-1203.21	-186.98	0.999528	-0.0307068
-1203.38	-181.352	0.999555	-0.0298243
-1203.56	-175.213	0.999565	-0.0295074
-1203.74	-169.075	0.999558	-0.029742
-1203.92	-162.937	0.999539	-0.0303597
-1204.11	-156.799	0.999505	-0.0314513
-1204.31	-150.663	0.999453	-0.0330566
-1204.5	-145.039	0.999391	-0.0348932
-1204.72	-138.904	0.999309	-0.0371618
-1204.95	-132.769	0.999213	-0.0396665
-1205.2	-126.635	0.999101	-0.042392
-1205.45	-121.014	0.998993	-0.0448616
-1205.73	-114.882	0.998891	-0.0470917
-1206.02	-108.752	0.998826	-0.0484438
-1206.32	-102.623	0.998806	-0.0488484
-1206.62	-96.4936	0.998823	-0.0484989
-1206.92	-90.3649	0.998853	-0.0478799
-1207.21	-84.2364	0.998898	-0.0469257
-1207.47	-78.6189	0.998967	-0.045432
-1207.74	-72.4905	0.999071	-0.043098
-1208	-66.362	0.999186	-0.0403504
-1208.22	-60.744	0.999295	-0.0375385
-1208.44	-54.615	0.99942	-0.0340482
-1208.64	-48.4857	0.999543	-0.0302268
-1208.82	-42.3561	0.99965	-0.0264688
-1208.97	-36.2264	0.999736	-0.0229641
-1209.1	-30.0967	0.999801	-0.0199314
-1209.21	-24.4779	0.999843	-0.0177083
-1209.31	-18.3486	0.999872	-0.0159958
-1209.41	-12.2196	0.999886	-0.0150737
-1209.5	-6.09094	0.999891	-0.0147811
-1209.58	-0.473396	0.999895	-0.0144739
-1209.67	5.65438	0.999904	-0.0138647
-1209.75	11.7818	0.999922	-0.0125214
-1209.82	17.9088	0.999949	-0.0100756
-1209.88	24.0356	0.999977	-0.00681431
-1209.91	30.1621	0.999994	-0.00337614
-1209.92	36.2881	1	-0.000332248
-1209.92	41.9032	0.999998	0.001753
-1209.9	48.0282	0.999995	0.00318758
-1209.88	54.1527	0.999992	0.00401207
-1209.86	60.2767	0.999991	0.00415757
-1209.83	66.4002	0.999993	0.00372455
-1209.81	72.5231	0.999995	0.00327199
-1209.79	78.6456	0.999996	0.00299774
-1209.77	84.7676	0.999996	0.00276396
-1209.76	90.379	0.999997	0.00242121
-1209.74	96.5	0.999998	0.00207691
-1209.73	102.62	0.999998	0.00173284
-1209.72	108.741	0.999999	0.00138868
-1209.71	114.86	0.999999	0.00104434
-1209.71	120.469	1	0.000728863
-1209.71	126.588	1	0.000384885
-1209.7	132.706	1	4.34921e-05
-1209.71	138.823	1	-0.000294353
-1209.71	144.431	1	-0.000603885
-1209.71	150.547	1	-0.000941363
-1209.72	156.663	0.999999	-0.00127893
-1209.73	162.779	0.999999	-0.00161664
-1209.74	168.894	0.999998	-0.00195412
-1209.75	174.499	0.999997	-0.0022633
-1209.76	180.613	0.999997	-0.00259919
-1209.78	186.727	0.999996	-0.00293319
-1209.8	192.33	0.999994	-0.00333685
-1209.82	198.443	0.999991	-0.00420404
-1209.85	204.555	0.999986	-0.00526795
-1209.88	210.667	0.999981	-0.00608676
-1209.92	216.778	0.999977	-0.00675371
-1209.96	222.379	0.999974	-0.00723877
-1210.01	228.489	0.99997	-0.00774209
-1210.06	234.599	0.999966	-0.00824441
-1210.1	240.199	0.999962	-0.0087037
-1210.16	246.308	0.999958	-0.00920475
-1210.22	252.416	0.999953	-0.00970604
-1210.28	258.523	0.999948	-0.0102071
-1210.34	264.63	0.999943	-0.0107079
-1210.41	270.737	0.999937	-0.0112067
-1210.48	276.843	0.999932	-0.0117004
-1210.55	282.949	0.999926	-0.0121889
-1210.62	289.054	0.99992	-0.0126742
-1210.7	295.158	0.999913	-0.0131539
-1210.78	301.262	0.999907	-0.0136298
-1210.87	307.366	0.999901	-0.0141055
-1210.95	312.96	0.999894	-0.0145412
-1211.04	319.063	0.99989	-0.014809
-1211.13	325.167	0.999891	-0.0147865
-1211.21	330.762	0.999891	-0.014766
-1211.3	336.866	0.999891	-0.0147428
-1211.39	342.971	0.999892	-0.0147193
-1211.48	349.076	0.999892	-0.0146954
-1211.57	355.18	0.999892	-0.0146714
-1211.66	361.284	0.999893	-0.0146471
-1211.74	366.879	0.999893	-0.0146248
-1211.83	372.982	0.999893	-0.0146009
-1211.92	379.085	0.999894	-0.0145725
-1212.01	385.187	0.999895	-0.0145032
-1212.09	390.78	0.999898	-0.0143049
-1212.18	396.881	0.999905	-0.0137545
-1212.26	402.982	0.999921	-0.012562
-1212.33	409.083	0.999946	-0.0103637
-1212.39	415.183	0.999975	-0.00713034
-1212.42	421.283	0.999994	-0.00335039
-1212.43	427.383	1	0.000474606
-1212.42	433.482	0.999992	0.00398457
-1212.39	439.58	0.999975	0.00713221
-1212.33	445.679	0.999949	0.0101224
-1212.27	451.27	0.999922	0.0125065
-1212.19	457.37	0.999897	0.0143254
-1212.1	463.47	0.999884	0.0152503
-1212.01	469.57	0.999881	0.0154126
-1211.92	475.161	0.999889	0.0149176
-1211.83	481.259	0.999906	0.0137015
-1211.75	487.358	0.999928	0.0120119
-1211.68	493.456	0.999949	0.0101301
-1211.63	499.553	0.999969	0.00792515
-1211.59	505.651	0.999985	0.00540871
-1211.56	511.748	0.999996	0.00267071
-1211.55	517.336	1	3.67172e-05
-1211.56	523.432	0.999996	-0.00287083
-1211.58	529.528	0.999983	-0.00578116
-1211.62	535.115	0.999964	-0.00844874
-1211.68	541.209	0.999935	-0.0113581
-1211.76	547.303	0.999898	-0.0142669
-1211.85	553.396	0.999856	-0.0169678
-1211.96	559.488	0.999812	-0.0193777
-1212.07	565.072	0.999767	-0.0215841
-1212.21	571.163	0.999714	-0.0238947
-1212.36	577.253	0.999672	-0.0256136
-1212.52	583.342	0.999656	-0.026215
-1212.67	588.923	0.999669	-0.0257424
-1212.82	595.012	0.999709	-0.0241292
-1212.96	601.1	0.999775	-0.0211974
-1213.08	607.189	0.999854	-0.0171023
-1213.17	613.277	0.999918	-0.0127714
-1213.23	618.858	0.999961	-0.00879761
-1213.28	624.946	0.99999	-0.00450849
-1213.29	631.034	1	-0.00027177
-1213.28	637.121	0.999993	0.0038567
-1213.25	642.701	0.999974	0.00718241
-1213.2	648.787	0.999951	0.00987601
-1213.14	654.873	0.999927	0.012083
-1213.06	660.958	0.9999	0.0141361
-1212.97	667.042	0.999876	0.015764
-1212.87	673.126	0.999859	0.0168096
-1212.76	679.209	0.999842	0.0177522
-1212.66	684.785	0.999832	0.018325
-1212.55	690.867	0.999829	0.0184779
-1212.44	696.949	0.999833	0.0182684
-1212.33	703.03	0.999837	0.018059
-1212.22	709.111	0.999841	0.0178498
-1212.1	715.698	0.999845	0.0176232
-1212	721.778	0.999848	0.0174137
-1211.89	727.858	0.999852	0.0172044
-1211.79	733.937	0.999856	0.0169953
-1211.68	740.015	0.999859	0.0167862
-1211.59	745.587	0.999862	0.0165944
-1211.49	751.665	0.999866	0.0163853
-1211.39	757.742	0.999869	0.0161764
-1211.29	763.819	0.999876	0.0157601
-1211.21	769.389	0.999886	0.0151125
-1211.11	775.972	0.999897	0.0143473
-1211.03	781.541	0.999906	0.0136999
-1210.94	788.629	0.999917	0.0128772
-1210.86	794.704	0.999926	0.0121739
-1210.79	800.779	0.999934	0.0114708
-1210.73	806.347	0.999941	0.0108265
-1210.66	812.42	0.999947	0.0103309
-1210.6	818.494	0.999949	0.0101254
-1210.54	824.06	0.999951	0.00993724
-1210.48	830.133	0.999953	0.00973207
-1210.43	836.205	0.999955	0.00952685
-1210.37	842.276	0.999957	0.00932152
-1210.31	848.347	0.999958	0.0091164
-1210.26	854.418	0.99996	0.00891141
-1210.21	859.982	0.999964	0.00851624
-1210.16	866.052	0.999969	0.00781376
-1210.11	872.122	0.999975	0.00711146
-1210.07	878.191	0.999979	0.00640935
-1210.04	883.753	0.999983	0.00576574
-1210	889.821	0.999987	0.00506357
-1209.98	895.889	0.99999	0.00436162
-1209.95	901.956	0.999993	0.00365986
-1209.93	908.023	0.999995	0.00316515
-1209.91	913.584	0.999996	0.00297729
-1209.9	919.65	0.999996	0.00269019
-1209.88	925.715	0.999998	0.00196592
-1209.87	931.78	1	0.000473408
-1209.87	937.34	0.999999	-0.00141249
-1209.89	943.404	0.999993	-0.00367843
-1209.92	949.467	0.999983	-0.00590442
-1209.96	955.531	0.999968	-0.00797047
-1210.01	961.593	0.999954	-0.00956932
-1210.07	967.655	0.999947	-0.0102954
-1210.13	973.212	0.999949	-0.0100662
-1210.19	979.273	0.999967	-0.00806322
-1210.22	985.334	0.999992	-0.00402539
-1210.24	990.889	1	5.93307e-05
-1210.23	996.95	0.999988	0.00488476
-1210.18	1003.01	0.999949	0.0100974
-1210.11	1009.07	0.999878	0.0156508
-1210	1015.13	0.999773	0.0213065
-1209.87	1020.68	0.99965	0.0264628
-1209.69	1026.73	0.999486	0.0320523
-1209.49	1032.79	0.999289	0.0376901
-1209.26	1038.34	0.999071	0.0430994
-1208.99	1044.39	0.998775	0.0494819
-1208.67	1050.43	0.99844	0.0558419
-1208.32	1056.48	0.998092	0.0617518
-1207.93	1062.52	0.997708	0.0676622
-1207.5	1068.56	0.99729	0.0735699
-1207.08	1074.1	0.996915	0.0784895
-1206.6	1080.13	0.996557	0.0829126
-1206.08	1086.17	0.996179	0.0873359
-1205.54	1092.21	0.995781	0.0917599
-1205.03	1097.74	0.995431	0.0954859
-1204.44	1103.78	0.995095	0.0989213
-1203.83	1109.82	0.99475	0.102339
-1203.2	1115.86	0.994397	0.105714
-1202.55	1121.89	0.994082	0.108633
-1201.94	1127.43	0.993851	0.110727
-1201.26	1133.47	0.993601	0.11295
-1200.57	1139.52	0.993349	0.115142
-1199.92	1145.07	0.993158	0.116779
-1199.2	1151.12	0.993045	0.117737
-1198.49	1157.17	0.99298	0.11828
-1197.76	1163.22	0.992987	0.118222
-1197.04	1169.29	0.992334	0.123587
-1196.25	1175.35	0.990544	0.137195
-1195.45	1180.9	0.988694	0.149946
-1194.49	1186.96	0.986434	0.164161
-1193.46	1193	0.985021	0.172434
-1192.49	1198.55	0.985058	0.172223
-1191.43	1204.6	0.985093	0.172021
-1190.37	1210.66	0.985219	0.171298
-1189.32	1216.74	0.985724	0.168372
-1188.29	1222.82	0.986653	0.162839
-1187.39	1228.4	0.987511	0.157551
-1186.43	1234.51	0.988419	0.151747
-1185.5	1240.64	0.989296	0.14592
-1184.61	1246.77	0.99014	0.140084
-1183.83	1252.41	0.990884	0.134715
-1183	1258.57	0.991667	0.128824
-1182.22	1264.73	0.992419	0.122903
-1181.47	1270.9	0.993135	0.116976
-1180.76	1277.09	0.993816	0.111043
-1180.08	1283.27	0.994417	0.105522
-1179.44	1289.47	0.994929	0.100575
-1178.87	1295.16	0.995379	0.0960206
-1178.29	1301.36	0.995848	0.0910353
-1177.73	1307.58	0.996255	0.0864674
-1177.2	1313.8	0.996592	0.0824857
-1176.74	1319.51	0.996888	0.0788274
-1176.26	1325.75	0.997197	0.0748192
-1175.8	1331.99	0.997476	0.071004
-1175.36	1338.23	0.997723	0.0674446
-1174.95	1344.49	0.997956	0.063906
-1174.56	1350.75	0.99816	0.0606429
-1174.22	1356.49	0.998302	0.0582482
-1173.85	1362.76	0.998406	0.0564362
-1173.5	1369.03	0.99849	0.0549297
-1173.19	1374.79	0.998554	0.0537659
-1172.85	1381.07	0.998595	0.0529935
-1172.52	1387.36	0.998598	0.0529263
-1172.19	1393.66	0.998603	0.0528481
-1171.85	1399.96	0.998607	0.0527584
-1171.52	1406.27	0.998614	0.0526388
-1171.19	1412.58	0.998623	0.0524633
-1170.88	1418.37	0.998636	0.0522125
-1170.56	1424.7	0.998661	0.0517306
-1170.23	1431.03	0.998707	0.0508299
-1169.94	1436.84	0.998771	0.0495705
-1169.63	1443.19	0.998852	0.0479122
-1169.33	1449.54	0.998932	0.0462134
-1169.04	1455.91	0.999009	0.0445132
-1168.76	1462.28	0.999083	0.0428075
-1168.51	1468.12	0.999149	0.0412444
-1168.25	1474.49	0.999218	0.0395393
-1168	1480.87	0.999309	0.0371717
-1167.79	1486.71	0.999417	0.0341511
-1167.58	1493.09	0.999524	0.0308609
-1167.4	1499.46	0.999618	0.0276285
-1167.23	1505.84	0.9997	0.0244896
-1167.08	1512.22	0.999771	0.0213812
-1166.96	1518.07	0.999828	0.0185316
-1166.85	1524.45	0.999881	0.0154228
-1166.76	1530.84	0.999924	0.0123095
-1166.7	1536.7	0.999955	0.00945296
-1166.64	1543.1	0.99998	0.00633715
-1166.61	1549.49	0.999995	0.00322164
-1166.6	1555.89	1	0.00032684
-1166.6	1562.29	0.999998	-0.00198527
-1166.62	1568.69	0.999992	-0.00391325
-1166.65	1575.1	0.999983	-0.00583552
-1166.69	1580.97	0.999973	-0.00731225
-1166.74	1587.38	0.999965	-0.00840665
-1166.8	1593.79	0.999958	-0.00911679
-1166.86	1600.2	0.999956	-0.0093984
-1166.91	1606.07	0.999959	-0.00900392
-1166.97	1612.47	0.999968	-0.00797602
-1167.01	1618.88	0.999974	-0.00719992
-1167.06	1625.28	0.999979	-0.00649591
-1167.1	1631.68	0.999982	-0.00593908
-1167.13	1637.55	0.999985	-0.00555716
-1167.17	1643.95	0.999986	-0.00520349
-1167.2	1650.35	0.999988	-0.00486033
-1167.23	1656.22	0.99999	-0.00454568
-1167.26	1662.62	0.999991	-0.00420258
-1167.28	1669.02	0.999993	-0.00386289
-1167.31	1675.41	0.999994	-0.00352775
-1167.33	1681.81	0.999995	-0.00319247
-1167.35	1687.67	0.999996	-0.00286425
-1167.36	1694.07	0.999997	-0.002427
-1167.38	1700.47	1	-0.000972575
-1167.37	1706.86	0.999998	0.00186671
-1167.35	1713.25	0.999988	0.00484702
-1167.32	1719.65	0.999968	0.00794145
-1167.25	1726.57	0.999935	0.0113909
-1167.17	1732.96	0.999893	0.0146341
-1167.07	1739.35	0.99984	0.01788
-1166.94	1745.74	0.999777	0.0211203
-1166.8	1752.13	0.999704	0.0243197
-1166.65	1757.98	0.999633	0.0270775
-1166.47	1764.37	0.999562	0.0295999
-1166.28	1770.76	0.999504	0.0315056
-1166.07	1777.14	0.999471	0.032528
-1165.88	1782.99	0.999463	0.0327619
-1165.67	1789.37	0.999462	0.0327977
-1165.46	1795.75	0.999463	0.0327764
-1165.25	1802.14	0.99947	0.0325387
-1165.05	1808.52	0.999487	0.0320171
-1164.86	1814.36	0.999497	0.0317149
-1164.66	1820.74	0.999495	0.0317666
-1164.44	1827.65	0.999479	0.0322811
-1164.23	1834.03	0.999456	0.0329698
-1164.02	1840.41	0.999434	0.0336469
-1163.82	1846.25	0.999415	0.0341921
-1163.6	1852.63	0.999397	0.034723
-1163.38	1859	0.99938	0.0352125
-1163.17	1864.85	0.999365	0.0356328
-1162.94	1871.22	0.999351	0.0360098
-1162.71	1877.59	0.999345	0.0361822
-1162.48	1883.97	0.999351	0.0360167
-1162.25	1890.34	0.999363	0.0356738
-1162.04	1896.18	0.999367	0.0355674
-1161.82	1902.55	0.999349	0.0360884
-1161.58	1908.92	0.99931	0.0371551
-1161.36	1914.75	0.999271	0.0381658
-1161.12	1921.12	0.999229	0.039263
-1160.87	1927.49	0.999186	0.0403375
-1160.61	1933.86	0.999144	0.041368
-1160.34	1940.22	0.999104	0.042326
-1160.07	1946.58	0.999066	0.0432149
-1159.79	1952.95	0.999032	0.0439957
-1159.53	1958.78	0.99901	0.0444882
-1159.25	1965.14	0.999	0.0446999
-1158.96	1971.5	0.999005	0.0446015
-1158.7	1977.33	0.999017	0.0443319
-1158.42	1983.69	0.999035	0.0439277
-1158.14	1990.05	0.999054	0.0434777
-1157.87	1996.41	0.999075	0.0429926
-1157.6	2002.77	0.999116	0.042046
-1157.33	2009.13	0.999189	0.0402579
-1157.1	2014.96	0.99928	0.0379352
-1156.87	2021.32	0.999393	0.0348476
-1156.66	2027.68	0.99951	0.0312857
-1156.48	2033.5	0.999624	0.0274321
-1156.32	2039.86	0.99974	0.0228125
-1156.19	2046.22	0.999838	0.0179775
-1156.09	2052.58	0.999918	0.012788
-1156.02	2058.94	0.999975	0.00706692
-1155.99	2065.3	1	0.000859143
-1156	2071.12	0.999989	-0.00471929
-1156.05	2077.48	0.999948	-0.0101628
-1156.12	2083.84	0.999887	-0.0150194
-1156.22	2089.66	0.999829	-0.0184872
-1156.34	2096.02	0.999789	-0.0205245
-1156.48	2102.37	0.999789	-0.0205524
-1156.6	2108.72	0.999813	-0.0193296
-1156.72	2115.07	0.999852	-0.0172283
-1156.82	2120.89	0.999899	-0.0142103
-1156.89	2127.25	0.999955	-0.00952408
-1156.94	2133.6	0.999988	-0.00483435
-1156.96	2139.95	1	-9.47602e-05
-1156.95	2145.77	0.999994	0.00332757
-1156.93	2152.12	0.999987	0.00504472
-1156.89	2158.47	0.999981	0.00613511
-1156.85	2164.81	0.999978	0.00663098
-1156.81	2171.16	0.999978	0.0065932
-1156.77	2176.98	0.999982	0.0059629
-1156.73	2183.33	0.999989	0.0046874
-1156.71	2189.67	0.999995	0.00316199
-1156.69	2195.49	0.999999	0.00169561
-1156.69	2201.83	1	5.56304e-05
-1156.69	2208.18	0.999999	-0.00129975
-1156.7	2214.52	0.999997	-0.00251117
-1156.72	2220.86	0.999993	-0.0037121
-1156.75	2226.67	0.999989	-0.00471282
-1156.78	2233.01	0.999986	-0.00526403
-1156.81	2239.35	0.999988	-0.00480236
-1156.84	2245.17	0.999994	-0.00350742
-1156.85	2251.51	0.999999	-0.001551
-1156.86	2257.84	1	0.000324719
-1156.85	2264.18	0.999998	0.00217163
-1156.83	2270.52	0.999992	0.00401823
-1156.81	2276.34	0.999984	0.00571065
-1156.76	2282.68	0.999971	0.0075574
-1156.71	2289.02	0.999956	0.00940471
-1156.65	2294.83	0.999938	0.0110978
-1156.58	2301.17	0.999916	0.0129448
-1156.49	2307.51	0.999891	0.0147917
-1156.39	2313.85	0.999869	0.0161941
-1156.29	2320.19	0.999859	0.0167801
-1156.19	2326	0.999859	0.0167958
-1156.08	2332.33	0.999872	0.0160225
-1155.99	2338.67	0.999892	0.0146883
-1155.9	2345.01	0.999915	0.0130622
-1155.83	2350.81	0.999934	0.011527
-1155.76	2357.15	0.999951	0.00989254
-1155.7	2363.48	0.999965	0.0083538
-1155.65	2369.82	0.999976	0.00696282
-1155.61	2376.15	0.999983	0.00588204
-1155.58	2381.95	0.999986	0.00536193
-1155.54	2388.29	0.999985	0.00544982
-1155.51	2394.62	0.999982	0.00600802
-1155.47	2400.95	0.999977	0.00676977
-1155.43	2406.75	0.999973	0.00739512
-1155.38	2413.09	0.99997	0.0077788
-1155.33	2419.42	0.999968	0.00805672
-1155.28	2425.75	0.999964	0.00845423
-1155.22	2431.56	0.99996	0.00897571
-1155.17	2437.89	0.999953	0.00968076
-1155.1	2444.22	0.999946	0.0104179
-1155.04	2450.56	0.999938	0.0111552
-1154.97	2456.36	0.99993	0.0118309
-1154.89	2462.7	0.999921	0.0125683
-1154.81	2469.03	0.999911	0.0133059
-1154.72	2475.37	0.999901	0.0140433
-1154.63	2481.7	0.999894	0.0145622
-1154.54	2488.04	0.999891	0.0147599
-1154.45	2493.85	0.99989	0.0148144
-1154.36	2500.2	0.999895	0.0144984
-1154.27	2506.54	0.999909	0.0135252
-1154.2	2512.35	0.999928	0.011986
-1154.13	2518.69	0.999952	0.00979038
-1154.07	2525.03	0.999972	0.00751451
-1154.03	2531.37	0.999984	0.00563855
-1153.99	2537.7	0.99999	0.00449314
-1153.97	2544.04	0.999992	0.00410004
-1153.94	2549.85	0.999991	0.00419028
-1153.92	2556.19	0.999991	0.00434629
-1153.89	2562.52	0.99999	0.00436769
-1153.86	2568.33	0.99999	0.00443088
-1153.84	2574.66	0.999989	0.00473746
-1153.8	2581	0.999985	0.00539651
-1153.77	2587.33	0.99998	0.00635394
-1153.72	2593.66	0.999974	0.00727609
-1153.68	2599.47	0.999967	0.00810805
-1153.63	2605.8	0.999959	0.00901547
-1153.57	2612.13	0.999951	0.00991753
-1153.5	2618.46	0.999942	0.0107413
-1153.44	2624.26	0.999936	0.011316
-1153.37	2630.59	0.999931	0.0117514
-1153.29	2636.91	0.999926	0.0121453
-1153.21	2643.24	0.999922	0.0125245
-1153.13	2649.57	0.99992	0.0126462
-1153.05	2655.89	0.999923	0.0124189
-1152.97	2662.22	0.999926	0.0121417
-1152.91	2668.02	0.99993	0.0118397
-1152.83	2674.35	0.999934	0.0114823
-1152.76	2680.68	0.999938	0.0111066
-1152.69	2687.01	0.999943	0.0107046
-1152.63	2692.82	0.999947	0.010317
-1152.56	2699.15	0.999951	0.00988571
-1152.5	2705.49	0.999956	0.00940709
-1152.44	2711.84	0.999961	0.00882936
-1152.39	2718.18	0.999966	0.00820862
-1152.34	2724.01	0.99997	0.00776239
-1152.3	2730.36	0.999972	0.00742632
-1152.25	2736.72	0.999975	0.00713907
-1152.21	2742.56	0.999977	0.00684745
-1152.17	2748.92	0.99998	0.00631582
-1152.13	2755.29	0.999985	0.00544721
-1152.1	2761.67	0.999991	0.00434477
-1152.07	2768.05	0.999995	0.00314655
-1152.06	2773.9	0.999998	0.0020653
-1152.04	2780.28	1	0.000999348
-1152.04	2786.67	1	8.96346e-05
-1152.04	2792.52	1	-0.000654597
-1152.05	2798.9	0.999999	-0.00144726
-1152.06	2805.29	0.999997	-0.00223996
-1152.08	2811.67	0.999995	-0.0030329
-1152.1	2818.06	0.999993	-0.00382642
-1152.12	2824.46	0.99999	-0.00439937
-1152.15	2830.32	0.999989	-0.00464102
-1152.18	2836.71	0.999988	-0.00490465
-1152.21	2843.11	0.999987	-0.00516819
-1152.25	2849.5	0.999985	-0.0054316
-1152.28	2855.36	0.999984	-0.00567296
-1152.32	2861.76	0.999982	-0.00593622
-1152.35	2868.15	0.999981	-0.00619947
-1152.4	2874.54	0.999979	-0.00646285
-1152.44	2880.94	0.999977	-0.00672641
-1152.48	2887.34	0.999976	-0.00699007
-1152.52	2893.2	0.999974	-0.00723169
-1152.57	2899.6	0.999972	-0.00749521
-1152.62	2906	0.99997	-0.00775878
-1152.66	2911.87	0.999968	-0.00800051
-1152.72	2918.28	0.999966	-0.00826434
-1152.77	2924.68	0.999964	-0.00852796
-1152.83	2931.09	0.999961	-0.00879161
-1152.88	2937.49	0.999959	-0.00905532
-1152.94	2943.9	0.999957	-0.00931887
-1153	2949.77	0.999954	-0.00956038
-1153.06	2956.18	0.999952	-0.0098241
-1153.12	2962.6	0.999949	-0.0100881
-1153.19	2969.01	0.999949	-0.0101301
-1153.25	2974.88	0.999951	-0.00988355
-1153.31	2981.29	0.999954	-0.00961455
-1153.37	2987.7	0.999956	-0.00934545
-1153.43	2994.11	0.999959	-0.0090761
-1153.49	3000.52	0.999961	-0.00880672
-1153.54	3006.4	0.999963	-0.00856005
-1153.59	3012.81	0.999966	-0.00829086
-1153.64	3019.22	0.999968	-0.00802149
-1153.69	3025.1	0.99997	-0.0077744
-1153.74	3031.51	0.999972	-0.00750475
-1153.79	3037.91	0.999974	-0.00723501
-1153.83	3044.32	0.999976	-0.00696483
-1153.88	3050.73	0.999978	-0.00669419
-1153.92	3057.14	0.999979	-0.00642381
-1153.96	3063.55	0.999981	-0.00615349
-1154	3069.96	0.999983	-0.00588277
-1154.04	3076.38	0.999984	-0.00561214
-1154.07	3082.79	0.999986	-0.00534482
-1154.1	3089.2	0.999987	-0.00508592
-1154.13	3095.08	0.999988	-0.00485428
-1154.16	3101.5	0.999989	-0.00460088
-1154.19	3107.91	0.999991	-0.00435124
-1154.22	3114.33	0.999992	-0.00410873
-1154.25	3120.74	0.999993	-0.00386608
-1154.27	3126.62	0.999993	-0.00364351
-1154.29	3133.04	0.999994	-0.0034008
-1154.31	3139.46	0.999994	-0.00338105
-1154.33	3145.88	0.999993	-0.00367288
-1154.36	3152.3	0.999992	-0.00396069
-1154.38	3158.71	0.999991	-0.00424302
-1154.41	3164.6	0.99999	-0.00450184
-1154.44	3171.55	0.999988	-0.00480769
-1154.47	3177.98	0.999987	-0.00509032
-1154.5	3183.87	0.999986	-0.00534975
-1154.54	3190.29	0.999984	-0.00563269
-1154.58	3196.72	0.999983	-0.00591539
-1154.62	3203.15	0.999981	-0.0061983
-1154.65	3209.04	0.999979	-0.00647073
-1154.7	3215.47	0.999978	-0.00657496
-1154.74	3221.9	0.99998	-0.00637446
-1154.78	3228.33	0.999981	-0.0061742
-1154.82	3234.77	0.999982	-0.00597394
-1154.85	3241.21	0.999983	-0.00577323
-1154.89	3247.11	0.999984	-0.00558915
-1154.92	3253.55	0.999985	-0.00538821
-1154.96	3259.98	0.999987	-0.00517629
-1154.99	3266.42	0.999988	-0.00494911
-1155.02	3272.32	0.999989	-0.00474075
-1155.05	3278.76	0.99999	-0.00451342
-1155.08	3285.2	0.999991	-0.00428622
-1155.1	3291.64	0.999992	-0.00405904
-1155.13	3298.07	0.999993	-0.0038317
-1155.15	3303.98	0.999993	-0.00362342
-1155.17	3310.42	0.999994	-0.00339636
-1155.2	3316.86	0.999995	-0.00316728
-1155.21	3322.77	0.999996	-0.00295501
-1155.23	3329.21	0.999996	-0.00272369
-1155.25	3335.65	0.999997	-0.00249252
-1155.27	3342.1	0.999997	-0.00226095
-1155.28	3348.54	0.999998	-0.00202928
-1155.29	3354.45	0.999998	-0.0018168
-1155.3	3360.89	0.999999	-0.00156456
-1155.31	3367.34	0.999999	-0.00128302
-1155.32	3373.25	0.999999	-0.0010445
-1155.32	3379.69	1	-0.000913051
-1155.33	3386.14	0.999999	-0.00118914
-1155.34	3392.59	0.999998	-0.00188961
-1155.35	3399.04	0.999997	-0.00263081
-1155.37	3405.49	0.999994	-0.00337207
-1155.39	3411.4	0.999993	-0.00382858
-1155.42	3417.85	0.999992	-0.00403471
-1155.45	3424.3	0.999991	-0.00424042
-1155.47	3430.75	0.99999	-0.00444581
-1155.5	3436.67	0.999989	-0.00463457
-1155.53	3443.67	0.999988	-0.00485799
-1155.56	3449.58	0.999987	-0.00504698
-1155.6	3456.04	0.999986	-0.005253
-1155.63	3462.5	0.999985	-0.00545873
-1155.67	3468.96	0.999984	-0.00566439
-1155.7	3475.42	0.999983	-0.00587015
-1155.74	3481.35	0.999983	-0.00588004
-1155.78	3487.81	0.999985	-0.00554942
-1155.81	3494.27	0.999986	-0.00521887
-1155.84	3500.19	0.999988	-0.00491611
-1155.87	3506.65	0.999989	-0.0045856
-1155.9	3513.12	0.999991	-0.00425503
-1155.93	3519.59	0.999992	-0.003925
-1155.95	3526.05	0.999994	-0.00359547
-1155.97	3531.98	0.999995	-0.00329243
-1155.99	3538.45	0.999996	-0.00296107
-1156.01	3544.92	0.999997	-0.00263055
-1156.03	3550.86	0.999997	-0.00232781
-1156.04	3557.33	0.999998	-0.00199688
-1156.05	3563.8	0.999999	-0.00166552
-1156.06	3570.28	0.999999	-0.00133434
-1156.07	3576.75	0.999999	-0.0010028
-1156.08	3582.69	1	-0.000698337
-1156.08	3589.16	1	-0.000366023
-1156.08	3595.63	1	-3.38319e-05
-1156.08	3602.11	1	0.000298566
-1156.08	3608.59	1	0.000630643
-1156.07	3614.53	1	0.000934239
-1156.07	3621.01	0.999999	0.00126526
-1156.06	3627.49	0.999999	0.00137287
-1156.05	3633.97	0.999999	0.00116725
-1156.04	3640.46	1	0.000961407
-1156.04	3646.4	1	0.000772916
-1156.03	3652.89	1	0.000567403
-1156.03	3659.38	1	0.000361783
-1156.03	3665.87	1	0.000155865
-1156.03	3671.81	1	-3.27637e-05
-1156.03	3678.3	1	-0.000238292
-1156.03	3684.79	1	-0.000443477
-1156.03	3691.27	1	-0.000648441
-1156.04	3697.76	1	-0.000853168
-1156.04	3703.7	0.999999	-0.00104081
-1156.05	3710.18	0.999999	-0.00124558
-1156.06	3716.67	0.999999	-0.00145025
-1156.07	3723.15	0.999999	-0.00165502
-1156.08	3729.1	0.999998	-0.00184287
-1156.09	3735.58	0.999998	-0.00204763
-1156.1	3742.06	0.999997	-0.00225238
-1156.12	3748.55	0.999998	-0.0022328
-1156.13	3755.03	0.999998	-0.0018991
-1156.14	3761.51	0.999999	-0.00156535
-1156.15	3767.99	0.999999	-0.00121549
-1156.16	3773.94	1	-0.000779948
-1156.16	3780.42	1	-1.0875e-05
-1156.16	3786.9	0.999999	0.00117064
-1156.15	3792.83	0.999997	0.00255821
-1156.13	3799.31	0.999991	0.00423297
-1156.1	3805.79	0.999983	0.00590428
-1156.06	3812.27	0.999971	0.00756074
-1156	3818.75	0.999958	0.00921692
-1155.94	3824.68	0.999945	0.0105108
-1155.87	3831.16	0.999932	0.0116288
-1155.79	3837.63	0.999919	0.0127414
-1155.72	3843.57	0.999906	0.0137378
-1155.62	3850.04	0.999894	0.0145484
-1155.53	3856.51	0.999887	0.0150164
-1155.43	3862.98	0.99988	0.0154843
-1155.33	3869.46	0.999873	0.0159522
-1155.23	3875.39	0.999866	0.016381
-1155.13	3881.86	0.999858	0.0168511
-1155.02	3888.33	0.99985	0.0173243
-1154.91	3894.25	0.999845	0.017579
-1154.8	3900.72	0.999847	0.0175147
-1154.69	3907.19	0.999848	0.0174505
-1154.57	3913.65	0.999849	0.0173862
-1154.46	3920.12	0.99985	0.0173219
-1154.35	3926.58	0.999851	0.0172577
-1154.25	3932.51	0.999852	0.0171989
-1154.14	3938.97	0.999853	0.0171347
-1154.02	3945.43	0.999854	0.0170706
-1153.91	3951.9	0.999856	0.0169988
-1153.81	3957.82	0.999859	0.0168139
-1153.71	3964.29	0.999869	0.0161971
-1153.6	3970.75	0.999886	0.0151152
-1153.51	3977.21	0.999907	0.0136352
-1153.43	3983.68	0.999931	0.0117601
-1153.36	3989.6	0.999953	0.00964687
-1153.31	3996.06	0.999976	0.00694503
-1153.27	4002.52	0.999991	0.00419386
-1153.25	4008.99	0.999998	0.0017918
-1153.24	4014.91	1	0.000189366
-1153.25	4021.37	1	-0.00060609
-1153.25	4027.82	1	-0.00056998
-1153.25	4034.28	1	-9.97117e-05
-1153.25	4040.74	1	0.000388501
-1153.25	4047.2	1	0.000975621
-1153.24	4053.11	0.999999	0.00145436
-1153.23	4059.57	0.999999	0.00134478
-1153.22	4066.02	1	0.000613042
-1153.22	4071.94	1	-0.000466213
-1153.23	4078.39	0.999998	-0.00201393
-1153.25	4084.84	0.999993	-0.00361847
-1153.27	4091.29	0.999988	-0.0049558
-1153.31	4097.74	0.999983	-0.00580023
-1153.34	4103.66	0.999982	-0.00601294
-1153.38	4110.1	0.999984	-0.00571929
-1153.42	4116.55	0.999988	-0.00488209
-1153.45	4123	0.999993	-0.00368731
-1153.46	4128.91	0.999996	-0.00266531
-1153.48	4135.36	0.999999	-0.00162705
-1153.49	4141.8	1	-0.000830104
-1153.49	4148.25	1	-0.000347926
-1153.49	4154.69	1	0.000112988
-1153.49	4161.14	1	0.000493161
-1153.49	4167.05	1	0.000879239
-1153.48	4173.5	0.999999	0.00130378
-1153.47	4179.94	0.999999	0.00134397
-1153.46	4185.85	1	0.000950848
-1153.46	4192.3	1	-0.000292575
-1153.47	4198.74	0.999997	-0.00231875
-1153.49	4205.19	0.99999	-0.00453316
-1153.52	4211.63	0.999978	-0.00656509
-1153.57	4217.54	0.999968	-0.00797669
-1153.62	4223.98	0.99996	-0.00896687
-1153.68	4230.42	0.999956	-0.00936257
-1153.73	4236.33	0.999957	-0.0092545
-1153.79	4242.77	0.999964	-0.00848683
-1153.84	4249.21	0.999974	-0.00723024
-1153.89	4255.66	0.999982	-0.0060227
-1153.92	4262.1	0.999987	-0.00513419
-1153.95	4268.55	0.999989	-0.00478309
-1153.98	4274.45	0.999988	-0.00490012
-1154.02	4280.9	0.999986	-0.00537637
-1154.05	4287.34	0.999981	-0.0062105
-1154.1	4293.78	0.999973	-0.00737253
-1154.14	4299.69	0.999963	-0.00860974
-1154.2	4306.13	0.999951	-0.00994097
-1154.27	4312.58	0.999939	-0.0110132
-1154.34	4319.03	0.999933	-0.0115377
-1154.41	4324.93	0.999934	-0.011488
-1154.48	4331.38	0.99994	-0.0109139
-1154.55	4337.82	0.99995	-0.0100232
-1154.61	4344.27	0.999959	-0.0090522
-1154.66	4350.17	0.999967	-0.00816214
-1154.71	4356.62	0.999974	-0.0071912
-1154.76	4363.06	0.999982	-0.00599757
-1154.79	4369.5	0.99999	-0.0044921
-1154.82	4375.94	0.999996	-0.00299192
-1154.83	4381.84	0.999999	-0.00163201
-1154.84	4388.28	1	-0.000398135
-1154.84	4394.72	1	0.000492879
-1154.83	4401.16	0.999999	0.00135636
-1154.82	4407.06	0.999998	0.00196272
-1154.81	4413.5	0.999997	0.00228361
-1154.79	4419.94	0.999997	0.0026045
-1154.78	4426.37	0.999996	0.00292539
-1154.76	4432.81	0.999994	0.00346895
-1154.73	4439.24	0.999991	0.00432423
-1154.7	4445.68	0.999987	0.00517729
-1154.67	4451.57	0.999983	0.00590216
-1154.63	4458	0.99998	0.00624671
-1154.59	4464.44	0.999982	0.00598429
-1154.55	4470.87	0.999985	0.00542922
-1154.52	4476.76	0.999989	0.00469281
-1154.49	4483.19	0.999993	0.00371427
-1154.47	4489.62	0.999996	0.00275597
-1154.46	4496.05	0.999998	0.00196616
-1154.45	4501.94	0.999999	0.00147678
-1154.44	4508.37	0.999999	0.00126613
-1154.43	4514.79	0.999999	0.00129506
-1154.42	4521.22	0.999999	0.00145272
-1154.41	4527.11	0.999999	0.00162301
-1154.4	4533.53	0.999998	0.00196061
-1154.39	4539.95	0.999997	0.00240534
-1154.37	4546.37	0.999997	0.00254926
-1154.36	4552.8	0.999997	0.00242262
-1154.34	4558.68	0.999997	0.0022433
-1154.33	4565.1	0.999998	0.00222512
-1154.31	4571.52	0.999997	0.00257739
-1154.3	4577.41	0.999995	0.00308212
-1154.28	4583.82	0.999994	0.00351806
-1154.25	4590.24	0.999993	0.00381966
-1154.23	4596.66	0.999993	0.00373428
-1154.2	4603.08	0.999995	0.0032055
-1154.19	4608.96	0.999997	0.00245141
-1154.17	4615.37	0.999999	0.00156005
-1154.17	4621.78	1	0.000762692
-1154.16	4628.2	1	0.000115056
-1154.16	4634.61	1	-0.000338809
-1154.17	4640.49	1	-0.000563083
-1154.17	4646.9	1	-0.000642215
-1154.17	4653.31	1	-0.000408839
-1154.18	4659.72	1	0.000164769
-1154.17	4666.13	1	0.000738804
-1154.17	4672	0.999999	0.001265
-1154.16	4678.41	0.999998	0.00183889
-1154.14	4684.82	0.999997	0.00241255
-1154.13	4690.69	0.999996	0.00293845
-1154.11	4697.1	0.999994	0.00351232
-1154.08	4703.51	0.999993	0.00386434
-1154.06	4709.91	0.999992	0.00390584
-1154.03	4716.32	0.999992	0.00394781
-1154.01	4722.19	0.999992	0.00398629
-1153.99	4728.6	0.999992	0.00402822
-1153.96	4735	0.999992	0.00407015
-1153.93	4741.41	0.999992	0.00411212
-1153.91	4748.35	0.999991	0.00415757
-1153.88	4754.75	0.999991	0.00419945
-1153.85	4761.15	0.999991	0.00424138
-1153.83	4767.02	0.999991	0.004281
-1153.8	4773.42	0.999991	0.00432569
-1153.77	4779.82	0.99999	0.00437031
-1153.74	4786.22	0.99999	0.00441499
-1153.72	4792.09	0.99999	0.00445598
-1153.69	4798.49	0.99999	0.00450068
-1153.66	4804.89	0.99999	0.00454527
-1153.63	4811.28	0.999989	0.00458989
-1153.6	4817.68	0.999989	0.00464209
-1153.57	4824.08	0.999989	0.00470472
-1153.54	4829.94	0.999989	0.00476208
-1153.51	4836.33	0.999988	0.0048247
-1153.48	4842.73	0.999988	0.00488736
-1153.45	4848.59	0.999988	0.00494479
-1153.42	4854.98	0.999987	0.00500735
-1153.39	4861.37	0.999987	0.00506997
-1153.36	4867.77	0.999987	0.00513263
-1153.32	4874.16	0.999987	0.00518131
-1153.29	4880.02	0.999986	0.00520795
-1153.26	4886.4	0.999986	0.0052371
-1153.23	4892.79	0.999986	0.00526631
-1153.2	4898.65	0.999986	0.00529305
-1153.16	4905.04	0.999986	0.00531991
-1153.13	4911.42	0.999986	0.00530445
-1153.09	4917.81	0.999987	0.00519263
-1153.06	4924.2	0.999987	0.00501508
-1153.03	4930.58	0.999988	0.00482689
-1153	4936.43	0.999989	0.00465447
-1152.97	4942.82	0.999988	0.00489969
-1152.94	4949.2	0.999984	0.00572829
-1152.9	4955.05	0.999979	0.00643711
-1152.86	4961.43	0.999974	0.00717034
-1152.81	4967.8	0.999967	0.00807537
-1152.76	4974.12	0.999957	0.00932203
-1152.7	4980.34	0.999944	0.0105671
-1152.63	4986.46	0.99993	0.011806
-1152.56	4992.47	0.999916	0.0129413
-1152.48	4997.88	0.999905	0.0138105
-1152.4	5003.68	0.999893	0.0146398
-1152.32	5009.38	0.999882	0.0153483
-1152.24	5014.52	0.999877	0.0157117
-1152.15	5020.06	0.999878	0.0156345
-1152.06	5025.53	0.999881	0.0154452
-1151.99	5030.97	0.999973	0.00730326
-1151.99	5036.38	0.999929	-0.0119106
-1152.08	5041.33	0.999562	-0.0295794
-1152.29	5046.69	0.9988	-0.0489689
-1152.59	5052.03	0.997605	-0.0691651
-1152.97	5056.9	0.996063	-0.0886462
-1153.49	5062.17	0.993935	-0.109972
-1154.11	5067.41	0.991376	-0.131049
-1154.85	5072.61	0.988544	-0.150931
-1155.68	5077.8	0.985557	-0.169343
-1156.61	5082.98	0.982277	-0.187436
-1157.55	5087.71	0.97903	-0.203718
-1158.66	5092.85	0.975423	-0.220339
-1159.85	5097.98	0.971847	-0.235612
-1161.01	5102.66	0.968386	-0.249458
-1162.36	5107.74	0.964386	-0.264498
-1163.78	5112.81	0.960289	-0.279007
-1165.28	5117.86	0.956219	-0.292652
-1166.85	5122.88	0.951939	-0.306288
-1168.49	5127.88	0.94748	-0.319814
-1170.06	5132.44	0.943444	-0.331531
-1171.83	5137.4	0.939361	-0.342931
-1173.66	5142.34	0.935018	-0.354601
-1175.56	5147.26	0.930491	-0.366315
-1177.35	5151.75	0.926468	-0.376375
-1179.35	5156.62	0.92246	-0.386092
-1181.41	5161.48	0.918379	-0.395701
-1183.52	5166.31	0.914165	-0.405343
-1185.68	5171.12	0.910011	-0.414584
-1187.7	5175.52	0.906427	-0.422363
-1189.94	5180.29	0.902477	-0.430737
-1192.24	5185.05	0.898417	-0.439144
-1194.57	5189.78	0.894541	-0.446986
-1196.75	5194.1	0.89135	-0.453315
-1199.16	5198.8	0.887849	-0.460135
-1201.6	5203.49	0.8845	-0.46654
-1204.08	5208.15	0.88142	-0.472333
-1206.59	5212.8	0.878301	-0.478109
-1208.92	5217.05	0.875393	-0.483412
-1211.49	5221.68	0.872438	-0.488725
-1214.08	5226.28	0.869776	-0.493446
-1216.48	5230.5	0.867289	-0.497805
-1219.13	5235.08	0.864493	-0.502645
-1221.8	5239.64	0.860624	-0.509241
-1224.51	5244.19	0.854624	-0.519247
-1227.29	5248.7	0.848449	-0.529277
-1230.11	5253.18	0.842046	-0.539406
-1232.75	5257.25	0.837188	-0.546916
-1235.66	5261.68	0.833194	-0.552981
-1238.6	5266.08	0.828888	-0.559414
-1241.58	5270.46	0.824218	-0.566273
-1244.34	5274.46	0.819858	-0.572567
-1247.39	5278.8	0.815146	-0.579256
-1250.48	5283.11	0.809906	-0.58656
-1253.6	5287.39	0.804112	-0.594478
-1256.77	5291.64	0.798224	-0.60236
-1259.98	5295.86	0.792429	-0.609964
-1262.96	5299.7	0.7867	-0.617336
-1266.25	5303.85	0.780019	-0.625755
-1269.6	5307.97	0.766635	-0.642083
-1272.77	5311.65	0.74557	-0.666428
-1276.36	5315.56	0.721468	-0.692447
-1280.09	5319.33	0.696219	-0.717829
-1283.96	5322.97	0.670029	-0.742335
-1287.95	5326.47	0.643044	-0.765829
-1292.07	5329.82	0.615332	-0.788268
-1295.94	5332.76	0.590214	-0.807247
-1300.27	5335.84	0.563972	-0.825794
-1304.7	5338.78	0.538262	-0.842777
-1309.22	5341.59	0.513185	-0.858278
-1313.81	5344.26	0.490073	-0.871682
-1318.08	5346.61	0.47094	-0.882165
-1322.8	5349.07	0.450805	-0.892623
-1327.57	5351.42	0.431584	-0.902073
-1332.38	5353.68	0.414931	-0.909853
-1337.24	5355.86	0.401262	-0.915963
-1342.12	5357.96	0.388304	-0.921531
-1346.63	5359.83	0.376281	-0.926506
-1351.57	5361.81	0.363768	-0.931489
-1356.54	5363.72	0.352117	-0.935956
-1361.53	5365.57	0.340463	-0.940258
-1366.12	5367.21	0.329678	-0.944093
-1371.16	5368.94	0.31824	-0.94801
-1376.22	5370.6	0.307132	-0.951667
-1381.3	5372.22	0.296021	-0.955182
-1386.4	5373.77	0.284818	-0.958582
-1391.53	5375.27	0.27426	-0.961655
-1396.24	5376.59	0.265326	-0.964159
-1401.39	5377.99	0.255586	-0.966786
-1402.25	5378.22	0.254761	-0.967004
-1402.25	5378.22	0.254761	-0.967004
-1402.25	5378.22	0.254761	-0.967004
-1402.25	5378.22	0.254761	-0.967004
-1402.25	5378.22	0.254761	-0.967004
-1402.25	5378.22	0.254761	-0.967004
-1402.25	5378.22	0.254761	-0.967004
-1402.25	5378.22	0.254761	-0.967004
-1402.25	5378.22	0.254761	-0.967004
-1402.25	5378.22	0.254761	-0.967004
-1402.25	5378.22	0.254761	-0.967004
-1402.25	5378.22	0.254761	-0.967004
-1402.25	5378.22	0.254761	-0.967004
-1402.25	5378.22	0.254761	-0.967004
-1402.25	5378.22	0.254761	-0.967004
-1402.25	5378.22	0.254761	-0.967004
-1402.25	5378.22	0.254761	-0.967004
-1402.25	5378.22	0.254761	-0.967004
-1402.25	5378.22	0.254761	-0.967004
-1402.25	5378.22	0.254761	-0.967004
-1402.25	5378.22	0.254761	-0.967004
-1402.25	5378.22	0.254761	-0.967004
-1402.25	5378.22	0.254761	-0.967004
-1402.25	5378.22	0.254761	-0.967004
-1402.25	5378.22	0.254761	-0.967004
-1402.25	5378.22	0.254761	-0.967004
-1402.25	5378.22	0.254761	-0.967004
-1402.25	5378.22	0.254761	-0.967004
-1402.25	5378.22	0.254761	-0.967004
-1402.25	5378.22	0.254761	-0.967004
-1402.25	5378.22	0.254761	-0.967004
-1402.25	5378.22	0.254761	-0.967004
-1402.25	5378.22	0.254761	-0.967004
-1402.25	5378.22	0.254761	-0.967004
-1402.25	5378.22	0.254761	-0.967004
-1402.25	5378.22	0.254761	-0.967004
-1402.25	5378.22	0.254761	-0.967004
-1402.25	5378.22	0.254761	-0.967004
-1402.25	5378.22	0.254761	-0.967004
-1402.25	5378.22	0.254761	-0.967004
-1402.25	5378.22	0.254761	-0.967004
-1402.25	5378.22	0.254761	-0.967004
-1402.25	5378.22	0.254761	-0.967004
-1402.25	5378.22	0.254761	-0.967004
-1402.25	5378.22	0.254761	-0.967004
-1402.25	5378.22	0.254761	-0.967004
-1402.25	5378.22	0.254761	-0.967004
-1402.25	5378.22	0.254761	-0.967004
-1402.25	5378.22	0.254761	-0.967004
-1402.25	5378.22	0.254761	-0.967004
-1402.25	5378.22	0.254761	-0.967004
-1402.25	5378.22	0.254761	-0.967004
-1402.25	5378.22	0.254761	-0.967004
-1402.25	5378.22	0.254761	-0.967004
-1402.25	5378.22	0.254761	-0.967004
-1402.25	5378.22	0.254761	-0.967004
-1402.25	5378.22	0.254761	-0.967004
-1402.25	5378.22	0.254761	-0.967004
-1402.25	5378.22	0.254761	-0.967004
-1402.25	5378.22	0.254761	-0.967004
-1402.25	5378.22	0.254761	-0.967004
-1402.25	5378.22	0.254761	-0.967004
-1402.25	5378.22	0.254761	-0.967004
-1402.25	5378.22	0.254761	-0.967004
-1402.25	5378.22	0.254761	-0.967004
-1402.25	5378.22	0.254761	-0.967004
-1402.25	5378.22	0.254761	-0.967004
-1402.25	5378.22	0.254761	-0.967004
-1402.25	5378.22	0.254761	-0.967004
-1402.25	5378.22	0.254761	-0.967004
-1402.25	5378.22	0.254761	-0.967004
-1402.25	5378.22	0.254761	-0.967004
-1402.25	5378.22	0.254761	-0.967004
-1402.25	5378.22	0.254761	-0.967004
-1402.25	5378.22	0.254761	-0.967004
-1402.25	5378.22	0.254761	-0.967004
-1402.25	5378.22	0.254761	-0.967004
-1402.25	5378.22	0.254761	-0.967004
-1402.25	5378.22	0.254761	-0.967004
-1402.25	5378.22	0.254761	-0.967004
-1402.25	5378.22	0.254761	-0.967004
-1402.25	5378.22	0.254761	-0.967004
-1402.25	5378.22	0.254761	-0.967004
-1402.25	5378.22	0.254761	-0.967004
-1402.25	5378.22	0.254761	-0.967004
-1402.25	5378.22	0.254761	-0.967004
-1402.25	5378.22	0.254761	-0.967004
-1402.25	5378.22	0.254761	-0.967004
-1402.25	5378.22	0.254761	-0.967004
-1402.25	5378.22	0.254761	-0.967004
-1402.25	5378.22	0.254761	-0.967004
-1402.25	5378.22	0.254761	-0.967004
-1402.25	5378.22	0.254761	-0.967004
-1402.25	5378.22	0.254761	-0.967004
-1402.25	5378.22	0.254761	-0.967004
-1402.25	5378.22	0.254761	-0.967004
-1402.25	5378.22	0.254761	-0.967004
-1402.25	5378.22	0.254761	-0.967004
-1402.25	5378.22	0.254761	-0.967004
-1402.25	5378.22	0.254761	-0.967004
-1402.25	5378.22	0.254761	-0.967004
-1402.25	5378.22	0.254761	-0.967004
-1402.25	5378.22	0.254761	-0.967004
-1402.25	5378.22	0.254761	-0.967004
-1402.25	5378.22	0.254761	-0.967004
-1402.25	5378.22	0.254761	-0.967004
-1402.25	5378.22	0.254761	-0.967004
-1402.25	5378.22	0.254761	-0.967004
-1402.25	5378.22	0.254761	-0.967004
-1402.25	5378.22	0.254761	-0.967004
-1402.25	5378.22	0.254761	-0.967004
-1402.25	5378.22	0.254761	-0.967004
-1402.25	5378.22	0.254761	-0.967004
-1402.25	5378.22	0.254761	-0.967004
-1402.25	5378.22	0.254761	-0.967004
-1402.25	5378.22	0.254761	-0.967004
-1402.25	5378.22	0.254761	-0.967004
-1402.25	5378.22	0.254761	-0.967004
-1402.25	5378.22	0.254761	-0.967004
-1402.25	5378.22	0.254761	-0.967004
-1402.25	5378.22	0.254761	-0.967004
-1402.25	5378.22	0.254761	-0.967004
