1170	-5100	1	0
1170	-5100	1	0
1170	-5100	1	0
1170	-5100	1	0
1170	-5100	1	0
1170	-5100	1	0
1170	-5100	1	0
1170	-5100	1	0
1170	-5100	1	-0.00059467
1170	-5099.99	0.999999	-0.00142721
1170	-5099.99	0.999999	-0.00144698
1170	-5099.98	0.999998	-0.00196623
1170	-5099.97	0.999994	-0.00346074
1170	-5099.95	0.999985	-0.00549785
1170	-5099.92	0.99996	-0.00892075
1170	-5099.88	0.999905	-0.0137774
1170	-5099.82	0.999773	-0.0213236
1170	-5099.74	0.999531	-0.0306096
1169.99	-5099.65	0.999151	-0.0411929
1169.99	-5099.53	0.998475	-0.055197
1169.98	-5099.39	0.997441	-0.0715002
1169.97	-5099.23	0.995926	-0.0901773
1169.95	-5099.05	0.993867	-0.110585
1169.93	-5098.87	0.991334	-0.131367
1169.9	-5098.65	0.987691	-0.15642
1169.86	-5098.42	0.983063	-0.183267
1169.81	-5098.17	0.979877	-0.199601
1169.76	-5097.92	0.979868	-0.199647
1169.7	-5097.64	0.979847	-0.19975
1169.64	-5097.33	0.979842	-0.199774
1169.57	-5097.01	0.979867	-0.199654
1169.5	-5096.67	0.979921	-0.199386
1169.43	-5096.34	0.979956	-0.199213
1169.36	-5095.97	0.979991	-0.199044
1169.28	-5095.57	0.980068	-0.198663
1169.2	-5095.19	0.980102	-0.198496
1169.11	-5094.76	0.980148	-0.198268
1169.02	-5094.31	0.980203	-0.197994
1168.93	-5093.84	0.980224	-0.19789
1168.83	-5093.35	0.980303	-0.197502
1168.74	-5092.89	0.980384	-0.197095
1168.63	-5092.36	0.980459	-0.196721
1168.52	-5091.82	0.980413	-0.196952
1168.42	-5091.3	0.9804	-0.197018
1168.3	-5090.72	0.98048	-0.196617
1168.18	-5090.12	0.980575	-0.196142
1168.06	-5089.51	0.980659	-0.195722
1167.93	-5088.87	0.980554	-0.19625
1167.81	-5088.26	0.980553	-0.196252
1167.67	-5087.59	0.980672	-0.19566
1167.55	-5086.96	0.980721	-0.195415
1167.41	-5086.26	0.980759	-0.195225
1167.26	-5085.53	0.980611	-0.195962
1167.11	-5084.78	0.980565	-0.196194
1166.96	-5084.02	0.980729	-0.195374
1166.82	-5083.31	0.980685	-0.195592
1166.66	-5082.51	0.980683	-0.195601
1166.5	-5081.7	0.98082	-0.194917
1166.35	-5080.94	0.980697	-0.195536
1166.18	-5080.08	0.980549	-0.196273
1166	-5079.21	0.980573	-0.196153
1165.82	-5078.31	0.980625	-0.195893
1165.64	-5077.4	0.980632	-0.195861
1165.47	-5076.54	0.980463	-0.196703
1165.28	-5075.59	0.980525	-0.196393
1165.08	-5074.62	0.980363	-0.1972
1164.9	-5073.7	0.980299	-0.197519
1164.7	-5072.69	0.980282	-0.197602
1164.48	-5071.65	0.98007	-0.198653
1164.27	-5070.59	0.980225	-0.197884
1164.05	-5069.51	0.980444	-0.1968
1163.85	-5068.51	0.980569	-0.196176
1163.63	-5067.39	0.980501	-0.196512
1163.42	-5066.34	0.980479	-0.196624
1163.18	-5065.17	0.980109	-0.19846
1162.94	-5063.98	0.980365	-0.19719
1162.7	-5062.77	0.980638	-0.195828
1162.45	-5061.53	0.980794	-0.195049
1162.23	-5060.39	0.981245	-0.192763
1161.98	-5059.12	0.981065	-0.193679
1161.72	-5057.82	0.980526	-0.196392
1161.48	-5056.61	0.980606	-0.195991
1161.21	-5055.27	0.981163	-0.193179
1160.94	-5053.92	0.981152	-0.193239
1160.67	-5052.53	0.980866	-0.194682
1160.41	-5051.24	0.980502	-0.196509
1160.12	-5049.81	0.980288	-0.197575
1159.83	-5048.36	0.98071	-0.195468
1159.54	-5046.9	0.980142	-0.198298
1159.26	-5045.54	0.97903	-0.203718
1158.95	-5044.05	0.977772	-0.209669
1158.62	-5042.54	0.976454	-0.215727
1158.28	-5041.01	0.975223	-0.221226
1157.93	-5039.46	0.973716	-0.227766
1157.56	-5037.91	0.972073	-0.234678
1157.17	-5036.34	0.97059	-0.240739
1156.81	-5034.89	0.969309	-0.245846
1156.4	-5033.29	0.967649	-0.252301
1156.01	-5031.81	0.965972	-0.258647
1155.57	-5030.19	0.964264	-0.264945
1155.11	-5028.54	0.962679	-0.270646
1154.64	-5026.88	0.96102	-0.276477
1154.2	-5025.34	0.959287	-0.282432
1153.69	-5023.66	0.957265	-0.289213
1153.18	-5021.96	0.955319	-0.295577
1152.64	-5020.25	0.95347	-0.301488
1152.14	-5018.66	0.951693	-0.30705
1151.57	-5016.93	0.949573	-0.313546
1150.99	-5015.18	0.947507	-0.319734
1150.39	-5013.42	0.945423	-0.325844
1149.82	-5011.79	0.943454	-0.331504
1149.19	-5010	0.941307	-0.337552
1148.54	-5008.2	0.93907	-0.343725
1147.87	-5006.39	0.936787	-0.349901
1147.24	-5004.72	0.934653	-0.355562
1146.54	-5002.89	0.932272	-0.361759
1145.81	-5001.04	0.929931	-0.367735
1145.07	-4999.18	0.927592	-0.373595
1144.31	-4997.31	0.925149	-0.379605
1143.6	-4995.59	0.922987	-0.384832
1142.81	-4993.7	0.920523	-0.390687
1142.06	-4991.95	0.91817	-0.396188
1141.23	-4990.04	0.915792	-0.401652
1140.39	-4988.12	0.913432	-0.406992
1139.52	-4986.19	0.911021	-0.41236
1138.71	-4984.41	0.908386	-0.418134
1137.8	-4982.46	0.905593	-0.424148
1136.88	-4980.49	0.903313	-0.428981
1136.02	-4978.69	0.901247	-0.433306
1135.06	-4976.71	0.898514	-0.438945
1134.08	-4974.72	0.895441	-0.445179
1133.08	-4972.72	0.892694	-0.450663
1132.06	-4970.71	0.890645	-0.454699
1131.11	-4968.86	0.888178	-0.4595
1130.06	-4966.84	0.885245	-0.465125
1128.98	-4964.8	0.883051	-0.469277
1127.89	-4962.76	0.880548	-0.473956
1126.87	-4960.88	0.87755	-0.479485
1125.74	-4958.82	0.875243	-0.483683
1124.6	-4956.76	0.872996	-0.487728
1123.53	-4954.86	0.87057	-0.492045
1122.35	-4952.77	0.867735	-0.497026
1121.14	-4950.68	0.864786	-0.502141
1119.92	-4948.59	0.863046	-0.505125
1118.79	-4946.66	0.86058	-0.509315
1117.53	-4944.54	0.857738	-0.514086
1116.25	-4942.42	0.85531	-0.518116
1114.84	-4940.11	0.85126	-0.524743
1113.63	-4938.15	0.848394	-0.529365
1112.29	-4936.01	0.846907	-0.531741
1110.93	-4933.86	0.845096	-0.534615
1109.56	-4931.7	0.842261	-0.539071
1108.28	-4929.72	0.835785	-0.549056
1106.84	-4927.56	0.828664	-0.559747
1105.37	-4925.4	0.822446	-0.568843
1103.99	-4923.43	0.81434	-0.580389
1102.44	-4921.29	0.804191	-0.594371
1100.85	-4919.16	0.795493	-0.605962
1099.22	-4917.04	0.788718	-0.614756
1097.7	-4915.1	0.781212	-0.624266
1095.99	-4913	0.770811	-0.637064
1094.24	-4910.91	0.762299	-0.647225
1092.61	-4909.01	0.754758	-0.656004
1090.79	-4906.94	0.746409	-0.665487
1088.93	-4904.87	0.738074	-0.67472
1087.04	-4902.83	0.727895	-0.685689
1085.11	-4900.8	0.719459	-0.694535
1083.3	-4898.94	0.71109	-0.703101
1081.3	-4896.94	0.700754	-0.713403
1079.25	-4894.96	0.692155	-0.721749
1077.35	-4893.14	0.685131	-0.72842
1075.23	-4891.17	0.676084	-0.736825
1073.09	-4889.23	0.665819	-0.746113
1070.9	-4887.3	0.656069	-0.754701
1068.69	-4885.39	0.648015	-0.761627
1066.62	-4883.65	0.640373	-0.768064
1064.34	-4881.77	0.631327	-0.775517
1062.03	-4879.9	0.622912	-0.782292
1059.88	-4878.2	0.615766	-0.787929
1057.51	-4876.36	0.607796	-0.794093
1055.1	-4874.54	0.599899	-0.800076
1052.67	-4872.73	0.593108	-0.805123
1050.41	-4871.08	0.587517	-0.809212
1047.93	-4869.28	0.581508	-0.813541
1045.42	-4867.5	0.576036	-0.817424
1043.1	-4865.88	0.570301	-0.821436
1040.54	-4864.11	0.56382	-0.825898
1037.95	-4862.35	0.558722	-0.829355
1035.34	-4860.6	0.555114	-0.831774
1032.71	-4858.86	0.551601	-0.834108
1030.29	-4857.26	0.547258	-0.836964
1027.61	-4855.52	0.541896	-0.840445
1024.92	-4853.79	0.53851	-0.842619
1022.21	-4852.06	0.537025	-0.843567
1019.71	-4850.48	0.535157	-0.844753
1016.96	-4848.74	0.532062	-0.846706
1014.2	-4847.01	0.531156	-0.847274
1011.43	-4845.27	0.529555	-0.848275
1008.64	-4843.54	0.526659	-0.850077
1005.83	-4841.8	0.525567	-0.850752
1003.24	-4840.2	0.524894	-0.851168
1000.41	-4838.46	0.524205	-0.851592
997.556	-4836.7	0.521773	-0.853084
994.922	-4835.1	0.520269	-0.854003
992.035	-4833.34	0.520197	-0.854046
989.139	-4831.57	0.520568	-0.85382
986.234	-4829.8	0.521392	-0.853317
983.312	-4828.01	0.521947	-0.852978
980.619	-4826.37	0.522588	-0.852585
977.674	-4824.56	0.523523	-0.852012
974.722	-4822.74	0.524392	-0.851477
972.006	-4821.07	0.525193	-0.850983
969.037	-4819.23	0.5266	-0.850113
966.061	-4817.39	0.527621	-0.84948
963.068	-4815.53	0.528142	-0.849156
960.068	-4813.66	0.532848	-0.846211
957.323	-4811.91	0.539043	-0.842278
954.325	-4809.99	0.543992	-0.83909
951.331	-4808.03	0.550935	-0.834548
948.587	-4806.21	0.554954	-0.831881
945.586	-4804.2	0.560737	-0.827994
942.597	-4802.15	0.569343	-0.8221
939.612	-4800.07	0.576109	-0.817373
936.634	-4797.96	0.582155	-0.813078
933.899	-4795.99	0.586287	-0.810103
930.923	-4793.82	0.594822	-0.803857
928.21	-4791.8	0.602193	-0.79835
925.252	-4789.55	0.607847	-0.794054
922.304	-4787.27	0.618289	-0.785951
919.377	-4784.94	0.626379	-0.779519
916.452	-4782.58	0.633809	-0.773489
913.797	-4780.38	0.644731	-0.764409
910.913	-4777.93	0.652605	-0.757698
908.053	-4775.43	0.664608	-0.747192
905.462	-4773.1	0.673522	-0.739167
902.636	-4770.52	0.675612	-0.737258
899.81	-4767.91	0.682534	-0.730854
897.009	-4765.26	0.692034	-0.721865
894.229	-4762.58	0.701409	-0.712759
891.482	-4759.84	0.708835	-0.705374
888.962	-4757.3	0.711241	-0.702948
886.219	-4754.51	0.717891	-0.696155
883.504	-4751.68	0.727721	-0.685873
881.048	-4749.04	0.735955	-0.67703
878.386	-4746.13	0.74079	-0.671736
875.732	-4743.19	0.7465	-0.665385
873.104	-4740.21	0.752434	-0.658668
870.476	-4737.2	0.754842	-0.655907
868.076	-4734.42	0.760521	-0.649314
865.48	-4731.35	0.765822	-0.643053
862.893	-4728.26	0.770575	-0.637349
860.545	-4725.39	0.77712	-0.629353
858.002	-4722.23	0.780379	-0.625307
855.453	-4719.05	0.781888	-0.623419
852.911	-4715.84	0.786601	-0.617462
850.396	-4712.61	0.79318	-0.608987
848.109	-4709.61	0.796315	-0.604882
845.612	-4706.32	0.797992	-0.602668
843.124	-4703.01	0.802652	-0.596448
840.66	-4699.66	0.807116	-0.590392
838.205	-4696.29	0.810339	-0.585961
835.969	-4693.18	0.814283	-0.580468
833.54	-4689.76	0.816568	-0.57725
831.112	-4686.32	0.819466	-0.573128
828.706	-4682.85	0.824626	-0.565678
826.52	-4679.64	0.827858	-0.560937
824.141	-4676.12	0.829762	-0.558117
821.763	-4672.57	0.832449	-0.554102
819.602	-4669.3	0.836239	-0.548364
817.257	-4665.71	0.838986	-0.544153
814.92	-4662.09	0.841767	-0.539841
812.6	-4658.45	0.845106	-0.534598
810.294	-4654.79	0.848032	-0.529945
808.193	-4651.41	0.850302	-0.526294
805.904	-4647.7	0.85234	-0.522988
803.623	-4643.97	0.854825	-0.518917
801.546	-4640.53	0.85727	-0.514867
799.292	-4636.76	0.859512	-0.511115
797.046	-4632.97	0.861549	-0.507675
794.808	-4629.16	0.863612	-0.504158
792.583	-4625.33	0.86563	-0.500684
790.553	-4621.81	0.867202	-0.497956
788.346	-4617.95	0.869275	-0.494329
786.152	-4614.08	0.871321	-0.490714
784.152	-4610.52	0.873066	-0.487603
781.984	-4606.62	0.875156	-0.483841
779.828	-4602.7	0.876998	-0.480493
777.69	-4598.78	0.879587	-0.475739
775.751	-4595.18	0.881571	-0.472052
773.643	-4591.24	0.882772	-0.469801
771.55	-4587.29	0.884722	-0.466119
769.644	-4583.66	0.886628	-0.462483
767.587	-4579.69	0.888691	-0.458507
765.539	-4575.71	0.889918	-0.45612
763.505	-4571.73	0.891113	-0.453782
761.473	-4567.74	0.891601	-0.452822
759.619	-4564.07	0.893661	-0.448742
757.617	-4560.06	0.896175	-0.443701
755.798	-4556.37	0.897627	-0.440756
753.821	-4552.34	0.898234	-0.439518
751.845	-4548.3	0.899069	-0.437806
749.88	-4544.24	0.900652	-0.434542
747.924	-4540.17	0.902221	-0.431274
745.82	-4535.75	0.904103	-0.427315
744.048	-4531.99	0.904305	-0.426887
742.109	-4527.89	0.90443	-0.426621
740.173	-4523.77	0.905126	-0.425144
738.236	-4519.65	0.905687	-0.423947
736.306	-4515.51	0.906145	-0.422968
734.53	-4511.72	0.905665	-0.423995
732.589	-4507.57	0.906259	-0.422724
730.491	-4503.06	0.906485	-0.422239
728.545	-4498.89	0.905347	-0.424673
726.588	-4494.73	0.905048	-0.42531
724.625	-4490.55	0.905307	-0.424757
722.662	-4486.36	0.904888	-0.42565
720.684	-4482.18	0.90325	-0.429115
718.688	-4477.99	0.902303	-0.431102
716.85	-4474.14	0.901762	-0.432233
714.834	-4469.95	0.901276	-0.433246
712.811	-4465.74	0.900724	-0.434392
710.775	-4461.53	0.899104	-0.437735
708.891	-4457.68	0.897702	-0.440604
706.822	-4453.47	0.896467	-0.443111
704.734	-4449.27	0.895182	-0.445701
702.634	-4445.05	0.894346	-0.447377
700.519	-4440.84	0.893485	-0.449094
698.394	-4436.61	0.893083	-0.449892
696.437	-4432.73	0.891927	-0.45218
694.286	-4428.51	0.890754	-0.454486
692.126	-4424.28	0.890362	-0.455253
689.958	-4420.04	0.889784	-0.456383
687.962	-4416.16	0.888781	-0.458331
685.771	-4411.92	0.88797	-0.459902
683.568	-4407.67	0.8871	-0.461577
681.166	-4403.07	0.886066	-0.463559
678.936	-4398.81	0.885283	-0.465052
676.696	-4394.55	0.884378	-0.466772
674.63	-4390.65	0.88338	-0.468657
672.362	-4386.38	0.882419	-0.470465
670.086	-4382.12	0.88188	-0.471473
667.799	-4377.85	0.88074	-0.4736
665.495	-4373.58	0.879205	-0.476444
663.174	-4369.31	0.87781	-0.479008
660.837	-4365.04	0.877031	-0.480435
658.691	-4361.12	0.876942	-0.480596
656.34	-4356.84	0.875244	-0.483682
654.164	-4352.92	0.873543	-0.486746
651.78	-4348.64	0.873083	-0.487572
649.383	-4344.36	0.872534	-0.488553
646.985	-4340.07	0.871549	-0.490309
644.558	-4335.79	0.868468	-0.495745
642.313	-4331.87	0.866523	-0.499137
639.839	-4327.6	0.86532	-0.501219
637.368	-4323.32	0.86647	-0.499229
635.102	-4319.39	0.864708	-0.502276
632.593	-4315.11	0.858892	-0.512157
630.028	-4310.86	0.852713	-0.522379
627.409	-4306.63	0.846572	-0.532275
624.962	-4302.78	0.840691	-0.541515
622.239	-4298.6	0.834155	-0.55153
619.465	-4294.44	0.827881	-0.560904
616.875	-4290.66	0.820883	-0.571096
613.989	-4286.56	0.814532	-0.580119
611.069	-4282.48	0.810389	-0.585893
608.108	-4278.42	0.804988	-0.593291
605.359	-4274.72	0.798752	-0.60166
602.296	-4270.72	0.784857	-0.619678
599.119	-4266.79	0.767888	-0.640585
596.123	-4263.26	0.754661	-0.656115
592.759	-4259.48	0.736606	-0.676322
589.287	-4255.78	0.719241	-0.694761
585.726	-4252.16	0.705739	-0.708472
582.094	-4248.59	0.690846	-0.723002
578.684	-4245.4	0.672108	-0.740453
574.866	-4242.01	0.652819	-0.757514
570.968	-4238.71	0.638496	-0.769625
567.336	-4235.74	0.624225	-0.781245
563.301	-4232.58	0.607089	-0.794634
559.198	-4229.49	0.592119	-0.805851
555.031	-4226.48	0.576389	-0.817176
550.802	-4223.55	0.560153	-0.828389
546.87	-4220.93	0.546412	-0.837517
542.53	-4218.14	0.535198	-0.844726
538.15	-4215.39	0.525912	-0.850539
534.107	-4212.91	0.517761	-0.855525
529.661	-4210.25	0.508174	-0.861255
525.183	-4207.63	0.501257	-0.865298
520.684	-4205.04	0.495566	-0.86857
516.157	-4202.48	0.488915	-0.872331
511.988	-4200.16	0.484105	-0.87501
507.422	-4197.64	0.480575	-0.876954
502.843	-4195.14	0.477744	-0.878499
498.628	-4192.86	0.473564	-0.880759
494.013	-4190.38	0.47134	-0.881952
489.388	-4187.92	0.469896	-0.882722
484.754	-4185.45	0.469446	-0.882961
480.114	-4182.98	0.469561	-0.8829
475.853	-4180.72	0.469197	-0.883093
471.198	-4178.25	0.470082	-0.882623
466.929	-4175.97	0.471183	-0.882035
462.266	-4173.48	0.472322	-0.881426
457.603	-4170.97	0.473915	-0.880571
452.936	-4168.46	0.475505	-0.879713
448.271	-4165.93	0.477619	-0.878567
443.99	-4163.6	0.47725	-0.878768
439.309	-4161.06	0.477484	-0.87864
435.019	-4158.72	0.479744	-0.877409
430.339	-4156.16	0.482073	-0.876131
425.662	-4153.58	0.482982	-0.87563
420.972	-4151	0.481013	-0.876714
416.665	-4148.64	0.480841	-0.876808
411.57	-4145.84	0.482977	-0.875633
407.263	-4143.45	0.484213	-0.87495
402.554	-4140.85	0.483417	-0.87539
397.841	-4138.25	0.483811	-0.875173
393.516	-4135.86	0.483966	-0.875087
388.794	-4133.24	0.483109	-0.87556
384.056	-4130.64	0.481216	-0.876602
379.317	-4128.03	0.483244	-0.875486
374.573	-4125.42	0.481249	-0.876584
370.209	-4123.03	0.47942	-0.877585
365.444	-4120.42	0.47914	-0.877738
360.665	-4117.82	0.474509	-0.880251
356.262	-4115.47	0.471013	-0.882126
351.455	-4112.89	0.472096	-0.881547
346.64	-4110.32	0.471018	-0.882124
341.818	-4107.74	0.469284	-0.883047
336.979	-4105.19	0.466512	-0.884515
332.534	-4102.84	0.463715	-0.885984
327.663	-4100.31	0.461417	-0.887183
322.795	-4097.77	0.463865	-0.885906
318.326	-4095.43	0.463388	-0.886156
313.447	-4092.88	0.461744	-0.887013
308.55	-4090.34	0.464048	-0.88581
303.674	-4087.75	0.468001	-0.883728
298.776	-4085.18	0.463499	-0.886097
294.282	-4082.82	0.465441	-0.885079
289.374	-4080.24	0.467677	-0.8839
284.476	-4077.63	0.471893	-0.881656
279.984	-4075.23	0.475486	-0.879723
275.107	-4072.55	0.48514	-0.874436
270.235	-4069.85	0.480439	-0.877028
265.328	-4067.19	0.476781	-0.879022
260.835	-4064.74	0.480103	-0.877212
255.923	-4062.06	0.483199	-0.87551
251.039	-4059.32	0.493294	-0.869863
246.16	-4056.55	0.488102	-0.872786
241.654	-4054.06	0.48309	-0.875571
236.739	-4051.33	0.485546	-0.874211
231.811	-4048.61	0.4884	-0.87262
226.913	-4045.82	0.498709	-0.86677
222.427	-4043.24	0.493683	-0.869642
217.495	-4040.48	0.488126	-0.872773
212.561	-4037.7	0.490435	-0.871478
208.033	-4035.16	0.494854	-0.868976
203.122	-4032.32	0.499931	-0.866065
198.188	-4029.5	0.497056	-0.867719
193.263	-4026.65	0.50121	-0.865326
188.328	-4023.8	0.499568	-0.866274
183.804	-4021.18	0.50763	-0.861575
178.905	-4018.25	0.514046	-0.857763
173.986	-4015.33	0.507868	-0.861435
169.465	-4012.66	0.510855	-0.859667
164.551	-4009.71	0.524161	-0.851619
159.693	-4006.66	0.540747	-0.841185
154.879	-4003.53	0.547182	-0.837014
150.062	-4000.38	0.548006	-0.836475
145.657	-3997.48	0.558177	-0.829722
140.899	-3994.22	0.566038	-0.824379
136.134	-3990.97	0.566679	-0.823939
131.783	-3987.95	0.573454	-0.819238
127.05	-3984.62	0.580977	-0.81392
122.362	-3981.22	0.593008	-0.805197
117.706	-3977.77	0.596218	-0.802822
113.428	-3974.6	0.595344	-0.803471
108.761	-3971.13	0.60169	-0.79873
104.136	-3967.6	0.612008	-0.790852
99.923	-3964.32	0.618516	-0.785772
95.3556	-3960.69	0.624672	-0.780888
90.7983	-3957.04	0.626202	-0.779661
86.2396	-3953.37	0.629542	-0.776966
82.0824	-3949.98	0.635511	-0.772092
77.5672	-3946.24	0.639897	-0.768461
73.0673	-3942.48	0.64457	-0.764546
68.9608	-3939	0.648061	-0.761589
64.4807	-3935.18	0.648947	-0.760833
60.0052	-3931.36	0.652685	-0.75763
55.5527	-3927.49	0.658117	-0.752916
51.1199	-3923.6	0.661199	-0.75021
47.0607	-3920.02	0.663463	-0.748209
42.647	-3916.09	0.666733	-0.745296
38.2392	-3912.14	0.667546	-0.744569
34.1926	-3908.51	0.667571	-0.744546
29.7786	-3904.55	0.669362	-0.742936
25.3739	-3900.57	0.671553	-0.740956
20.9765	-3896.57	0.67359	-0.739105
16.5912	-3892.56	0.677907	-0.735148
12.5972	-3888.86	0.684095	-0.729393
8.27412	-3884.77	0.690791	-0.723055
3.98687	-3880.64	0.697428	-0.716654
0.0887608	-3876.82	0.703466	-0.710729
-4.12859	-3872.62	0.710002	-0.704199
-8.309	-3868.37	0.716479	-0.697609
-12.4519	-3864.08	0.722895	-0.690958
-16.5577	-3859.75	0.728267	-0.685294
-20.637	-3855.4	0.732226	-0.681062
-24.3556	-3851.38	0.735833	-0.677163
-28.3899	-3846.98	0.739746	-0.672886
-32.3817	-3842.53	0.76508	-0.643935
-35.7881	-3838.23	0.800788	-0.598948
-39.3383	-3833.4	0.807776	-0.589489
-42.8938	-3828.55	0.802502	-0.596649
-46.5049	-3823.75	0.795072	-0.606515
-49.8707	-3819.38	0.787825	-0.615899
-53.6047	-3814.66	0.779694	-0.626161
-57.4064	-3809.98	0.768307	-0.640081
-60.9837	-3805.77	0.753586	-0.657349
-64.9977	-3801.26	0.736993	-0.6759
-69.1263	-3796.85	0.719866	-0.694113
-73.3645	-3792.54	0.705571	-0.708639
-77.3142	-3788.65	0.69653	-0.717528
-81.6824	-3784.46	0.686535	-0.727097
-86.1114	-3780.33	0.676426	-0.73651
-90.2227	-3776.59	0.66934	-0.742957
-94.7383	-3772.53	0.665942	-0.746004
-99.2755	-3768.5	0.662641	-0.748937
-103.833	-3764.48	0.659438	-0.751759
-108.411	-3760.48	0.657466	-0.753484
-112.996	-3756.48	0.657145	-0.753764
-117.587	-3752.48	0.656799	-0.754065
-121.8	-3748.81	0.656413	-0.754402
-126.401	-3744.81	0.656764	-0.754096
-131	-3740.79	0.65823	-0.752817
-135.595	-3736.77	0.659611	-0.751607
-139.803	-3733.07	0.660801	-0.750561
-144.391	-3729.03	0.66172	-0.749751
-148.979	-3724.98	0.662159	-0.749364
-153.568	-3720.92	0.66251	-0.749053
-157.776	-3717.2	0.662739	-0.748851
-162.368	-3713.13	0.663184	-0.748457
-166.961	-3709.06	0.663916	-0.747808
-171.17	-3705.32	0.664459	-0.747325
-175.762	-3701.23	0.66489	-0.746941
-180.356	-3697.14	0.665199	-0.746666
-184.952	-3693.05	0.665461	-0.746433
-189.166	-3689.29	0.665698	-0.746221
-193.765	-3685.19	0.665957	-0.74599
-198.366	-3681.08	0.665862	-0.746075
-202.589	-3677.31	0.665256	-0.746615
-207.202	-3673.2	0.664399	-0.747378
-211.824	-3669.1	0.663352	-0.748307
-216.456	-3665	0.662109	-0.749408
-220.711	-3661.25	0.660844	-0.750524
-225.363	-3657.16	0.659436	-0.751761
-230.026	-3653.07	0.658027	-0.752995
-234.31	-3649.33	0.656738	-0.754119
-238.994	-3645.26	0.655332	-0.755341
-243.689	-3641.19	0.65392	-0.756564
-248.395	-3637.13	0.652503	-0.757786
-253.113	-3633.08	0.651675	-0.758498
-257.443	-3629.36	0.651678	-0.758496
-262.17	-3625.29	0.651679	-0.758495
-266.902	-3621.23	0.651685	-0.75849
-271.243	-3617.5	0.651694	-0.758482
-275.983	-3613.43	0.651701	-0.758476
-280.727	-3609.35	0.651704	-0.758473
-285.475	-3605.27	0.652008	-0.758212
-290.224	-3601.18	0.652734	-0.757587
-294.578	-3597.43	0.653396	-0.757016
-299.327	-3593.33	0.654115	-0.756395
-304.077	-3589.22	0.654836	-0.755771
-308.826	-3585.1	0.655563	-0.755141
-313.18	-3581.31	0.656226	-0.754564
-317.93	-3577.18	0.656945	-0.753938
-322.68	-3573.04	0.657667	-0.753309
-327.43	-3568.89	0.65829	-0.752765
-331.786	-3565.08	0.657351	-0.753584
-336.554	-3560.93	0.656004	-0.754757
-341.335	-3556.78	0.648634	-0.7611
-345.791	-3553.05	0.635515	-0.772088
-350.702	-3549.03	0.634642	-0.772806
-355.603	-3544.99	0.632987	-0.774162
-360.554	-3540.99	0.625446	-0.780267
-365.524	-3537.01	0.623225	-0.782043
-370.113	-3533.38	0.611835	-0.790986
-375.202	-3529.51	0.603193	-0.797595
-380.29	-3525.64	0.606799	-0.794855
-384.961	-3522.09	0.600711	-0.799467
-390.111	-3518.26	0.594228	-0.804297
-395.276	-3514.45	0.587623	-0.809135
-400.511	-3510.71	0.582143	-0.813086
-405.289	-3507.25	0.588387	-0.808579
-410.511	-3503.47	0.581231	-0.813738
-415.789	-3499.74	0.569597	-0.821924
-420.678	-3496.39	0.556465	-0.830871
-426.094	-3492.84	0.542272	-0.840203
-431.55	-3489.34	0.534201	-0.845358
-437.058	-3485.91	0.522518	-0.852628
-442.614	-3482.54	0.510305	-0.859993
-447.768	-3479.54	0.492826	-0.870128
-453.473	-3476.38	0.475753	-0.879579
-459.704	-3473.04	0.468873	-0.883266
-465.476	-3469.99	0.46094	-0.887431
-471.302	-3467.02	0.446876	-0.894596
-477.168	-3464.12	0.441002	-0.897506
-482.563	-3461.48	0.432101	-0.901825
-488.506	-3458.69	0.417563	-0.908648
-494.483	-3455.97	0.414067	-0.910247
-499.968	-3453.47	0.417083	-0.908868
-505.941	-3450.71	0.418034	-0.908431
-511.94	-3447.98	0.406762	-0.913534
-517.989	-3445.33	0.397609	-0.917555
-523.545	-3442.92	0.401792	-0.915731
-529.591	-3440.24	0.405207	-0.914225
-535.651	-3437.57	0.404999	-0.914317
-541.706	-3434.86	0.405512	-0.91409
-547.282	-3432.42	0.400571	-0.916266
-553.37	-3429.74	0.408699	-0.912669
-559.426	-3426.98	0.417295	-0.908771
-564.979	-3424.44	0.419344	-0.907828
-571.017	-3421.61	0.432749	-0.901515
-577.011	-3418.68	0.444787	-0.895636
-582.991	-3415.69	0.446148	-0.894959
-588.484	-3412.96	0.449309	-0.893376
-594.443	-3409.91	0.463765	-0.885958
-600.368	-3406.77	0.471434	-0.881901
-606.285	-3403.6	0.473618	-0.88073
-612.209	-3400.41	0.478271	-0.878212
-617.616	-3397.43	0.486033	-0.87394
-623.501	-3394.14	0.49304	-0.870006
-629.353	-3390.78	0.502201	-0.864751
-634.701	-3387.66	0.505321	-0.862932
-640.539	-3384.24	0.509824	-0.860279
-646.345	-3380.76	0.517894	-0.855445
-652.138	-3377.24	0.520238	-0.854021
-657.452	-3374	0.520125	-0.85409
-663.262	-3370.47	0.520859	-0.853642
-669.067	-3366.91	0.522958	-0.852359
-674.393	-3363.64	0.524164	-0.851618
-680.193	-3360.06	0.527271	-0.849697
-685.996	-3356.45	0.526686	-0.85006
-691.816	-3352.86	0.525155	-0.851007
-697.155	-3349.56	0.525736	-0.850647
-702.979	-3345.96	0.525734	-0.850649
-708.812	-3342.36	0.524581	-0.851361
-714.164	-3339.06	0.523264	-0.85217
-720.013	-3335.48	0.521438	-0.853289
-725.865	-3331.91	0.520423	-0.853909
-731.724	-3328.35	0.5185	-0.855078
-737.1	-3325.09	0.517799	-0.855502
-742.967	-3321.54	0.51649	-0.856293
-748.841	-3318.01	0.513967	-0.85781
-754.724	-3314.49	0.512706	-0.858565
-760.12	-3311.27	0.511289	-0.859409
-766.014	-3307.78	0.508554	-0.86103
-771.92	-3304.3	0.506128	-0.862459
-777.834	-3300.84	0.503815	-0.863812
-783.752	-3297.38	0.507824	-0.861461
-789.146	-3294.17	0.517199	-0.855865
-794.997	-3290.6	0.523179	-0.852223
-800.342	-3287.31	0.525624	-0.850717
-806.164	-3283.71	0.526456	-0.850202
-811.98	-3280.11	0.527503	-0.849553
-817.79	-3276.49	0.528817	-0.848736
-823.59	-3272.87	0.530394	-0.847751
-829.382	-3269.24	0.532246	-0.846589
-834.681	-3265.91	0.534185	-0.845368
-840.451	-3262.25	0.53651	-0.843894
-845.729	-3258.89	0.538777	-0.842449
-851.474	-3255.2	0.541383	-0.840776
-857.682	-3251.19	0.544558	-0.838723
-862.92	-3247.78	0.547676	-0.836691
-868.617	-3244.04	0.551541	-0.834148
-874.293	-3240.27	0.555765	-0.83134
-879.948	-3236.47	0.560302	-0.828288
-885.11	-3232.96	0.564729	-0.825276
-890.718	-3229.1	0.56977	-0.821804
-896.299	-3225.21	0.574905	-0.81822
-901.392	-3221.61	0.579616	-0.81489
-906.922	-3217.66	0.58478	-0.811192
-912.425	-3213.67	0.590023	-0.807387
-917.899	-3209.64	0.595389	-0.803437
-923.344	-3205.59	0.600866	-0.79935
-928.308	-3201.83	0.606021	-0.795449
-933.694	-3197.71	0.611769	-0.791036
-939.047	-3193.54	0.617616	-0.78648
-943.925	-3189.69	0.623077	-0.782161
-949.213	-3185.45	0.629185	-0.777256
-954.465	-3181.16	0.635433	-0.772156
-959.68	-3176.84	0.641794	-0.766877
-964.857	-3172.48	0.648204	-0.761467
-969.568	-3168.44	0.654161	-0.756355
-974.669	-3164	0.660776	-0.750583
-979.729	-3159.51	0.667437	-0.744667
-984.329	-3155.36	0.673499	-0.739188
-989.308	-3150.79	0.680058	-0.733158
-994.243	-3146.18	0.686549	-0.727083
-999.135	-3141.52	0.692968	-0.720968
-1003.98	-3136.83	0.69933	-0.714799
-1008.39	-3132.49	0.70511	-0.709098
-1013.16	-3127.72	0.711342	-0.702846
-1017.88	-3122.9	0.71749	-0.696569
-1022.17	-3118.46	0.723075	-0.69077
-1026.8	-3113.57	0.729111	-0.684396
-1031.39	-3108.64	0.735079	-0.677981
-1035.94	-3103.68	0.741012	-0.671492
-1040.44	-3098.67	0.746948	-0.664883
-1044.52	-3094.05	0.752359	-0.658753
-1048.93	-3088.98	0.758364	-0.651831
-1053.3	-3083.86	0.764532	-0.644586
-1057.61	-3078.71	0.77069	-0.63721
-1061.51	-3073.95	0.776337	-0.630319
-1065.72	-3068.72	0.782452	-0.622711
-1069.88	-3063.45	0.788486	-0.615052
-1073.98	-3058.15	0.794444	-0.607338
-1078.04	-3052.8	0.800322	-0.59957
-1081.7	-3047.87	0.805639	-0.592407
-1085.65	-3042.46	0.81136	-0.584547
-1089.22	-3037.46	0.816534	-0.577297
-1093.06	-3031.98	0.822102	-0.56934
-1096.85	-3026.46	0.827587	-0.561337
-1100.59	-3020.91	0.832989	-0.55329
-1104.26	-3015.32	0.83831	-0.545194
-1107.59	-3010.17	0.843116	-0.537731
-1111.16	-3004.52	0.848279	-0.52955
-1114.67	-2998.84	0.853357	-0.521328
-1118.13	-2993.13	0.858354	-0.513057
-1121.26	-2987.86	0.862855	-0.505451
-1124.61	-2982.08	0.867677	-0.497128
-1127.91	-2976.27	0.87243	-0.488739
-1131.15	-2970.42	0.877189	-0.480145
-1134.34	-2964.54	0.882039	-0.471177
-1137.21	-2959.11	0.886543	-0.462647
-1140.28	-2953.17	0.891425	-0.453168
-1143.29	-2947.18	0.896217	-0.443616
-1146.24	-2941.16	0.900904	-0.434018
-1148.88	-2935.62	0.905107	-0.425184
-1151.7	-2929.54	0.909583	-0.415521
-1154.46	-2923.42	0.913924	-0.405885
-1157.16	-2917.28	0.918112	-0.396321
-1159.79	-2911.11	0.922143	-0.386848
-1162.36	-2904.9	0.926047	-0.377407
-1164.67	-2899.19	0.929539	-0.368724
-1167.12	-2892.94	0.933232	-0.359274
-1169.51	-2886.65	0.936796	-0.349875
-1171.64	-2880.87	0.939974	-0.341245
-1173.91	-2874.54	0.943349	-0.331802
-1176.12	-2868.18	0.946619	-0.322354
-1178.26	-2861.8	0.949764	-0.312966
-1180.34	-2855.4	0.95278	-0.303661
-1182.36	-2848.97	0.955674	-0.294428
-1184.16	-2843.06	0.958225	-0.286016
-1186.06	-2836.59	0.960911	-0.276857
-1187.9	-2830.11	0.963511	-0.267669
-1189.54	-2824.14	0.965809	-0.259254
-1191.26	-2817.62	0.968217	-0.250113
-1192.92	-2811.07	0.970539	-0.240945
-1194.52	-2804.51	0.972775	-0.231752
-1196.06	-2797.93	0.97492	-0.222555
-1197.54	-2791.34	0.976973	-0.213363
-1198.84	-2785.28	0.978779	-0.204917
-1200.2	-2778.65	0.980668	-0.195681
-1201.5	-2772.01	0.982473	-0.186407
-1202.64	-2765.91	0.984047	-0.177909
-1203.81	-2759.25	0.985659	-0.168747
-1204.93	-2752.57	0.987173	-0.159655
-1205.99	-2745.87	0.988614	-0.150476
-1206.98	-2739.17	0.98999	-0.141138
-1207.84	-2733.01	0.99117	-0.132595
-1208.71	-2726.28	0.992367	-0.123323
-1209.52	-2719.55	0.993467	-0.114122
-1210.27	-2712.8	0.994473	-0.104995
-1210.9	-2706.61	0.995312	-0.0967175
-1211.53	-2699.84	0.996134	-0.0878448
-1212.11	-2693.07	0.996861	-0.0791703
-1212.62	-2686.29	0.997498	-0.0706999
-1213.08	-2679.51	0.99805	-0.0624272
-1213.45	-2673.28	0.998483	-0.0550687
-1213.8	-2666.49	0.998879	-0.0473466
-1214.1	-2659.69	0.999199	-0.0400063
-1214.33	-2653.45	0.999436	-0.0335878
-1214.54	-2646.64	0.999636	-0.0269682
-1214.71	-2639.82	0.999783	-0.020811
-1214.84	-2633.01	0.999883	-0.0152827
-1214.93	-2626.19	0.999944	-0.0106116
-1214.98	-2619.93	0.999974	-0.00727592
-1215.02	-2613.11	0.99999	-0.00452582
-1215.05	-2606.28	0.999996	-0.00269539
-1215.06	-2600.02	0.999999	-0.0016908
-1215.07	-2593.19	0.999999	-0.00110542
-1215.08	-2586.35	1	-0.000695452
-1215.08	-2579.51	1	-0.000301424
-1215.08	-2573.24	1	4.76893e-05
-1215.08	-2566.4	1	0.000263311
-1215.08	-2559.55	1	9.09861e-05
-1215.08	-2553.27	1	-0.000386561
-1215.09	-2546.42	0.999999	-0.00112107
-1215.1	-2539.57	0.999998	-0.00202174
-1215.11	-2532.72	0.999995	-0.00306415
-1215.14	-2525.86	0.999991	-0.00420214
-1215.17	-2519.57	0.999986	-0.00533474
-1215.21	-2512.71	0.999978	-0.00665511
-1215.26	-2505.85	0.999967	-0.00808066
-1215.31	-2499.56	0.999955	-0.00946972
-1215.38	-2492.7	0.999939	-0.0110148
-1215.46	-2485.85	0.99992	-0.0126098
-1215.55	-2479	0.999898	-0.0142686
-1215.65	-2472.15	0.999872	-0.0160027
-1215.77	-2465.3	0.999842	-0.017769
-1215.89	-2458.46	0.999809	-0.0195285
-1216.02	-2452.19	0.999777	-0.0211332
-1216.17	-2445.35	0.999738	-0.0228829
-1216.33	-2438.52	0.999697	-0.0246317
-1216.49	-2432.26	0.999657	-0.0261919
-1216.67	-2425.43	0.999617	-0.0276797
-1216.87	-2418.6	0.999582	-0.0289223
-1217.07	-2411.78	0.999549	-0.0300166
-1217.27	-2404.96	0.999523	-0.0308733
-1217.47	-2398.71	0.999508	-0.0313685
-1217.68	-2391.9	0.999496	-0.0317516
-1217.9	-2385.08	0.999484	-0.0321074
-1218.1	-2378.84	0.999474	-0.0324241
-1218.32	-2372.03	0.999464	-0.032752
-1218.55	-2365.23	0.999453	-0.0330795
-1218.77	-2358.43	0.999442	-0.0334067
-1218.98	-2352.2	0.999432	-0.0337064
-1219.21	-2345.4	0.999421	-0.0340334
-1219.45	-2338.61	0.99941	-0.0343601
-1219.66	-2332.38	0.999399	-0.0346594
-1219.9	-2325.59	0.999388	-0.0349858
-1220.14	-2318.81	0.999376	-0.035312
-1220.38	-2312.02	0.999365	-0.035638
-1220.62	-2305.24	0.999353	-0.0359635
-1220.84	-2299.03	0.999345	-0.0361778
-1221.09	-2292.25	0.999342	-0.0362784
-1221.31	-2286.05	0.999342	-0.0362605
-1221.56	-2279.28	0.99935	-0.036054
-1221.8	-2272.51	0.999357	-0.0358578
-1222.05	-2265.74	0.99936	-0.0357712
-1222.29	-2258.98	0.999363	-0.0356846
-1222.51	-2252.78	0.999366	-0.0356049
-1222.75	-2246.03	0.999369	-0.035512
-1222.99	-2239.27	0.999373	-0.0354112
-1223.21	-2233.08	0.999376	-0.0353188
-1223.45	-2226.33	0.99938	-0.035218
-1223.68	-2219.58	0.999383	-0.0351173
-1223.92	-2212.84	0.999387	-0.0350167
-1224.16	-2206.1	0.99939	-0.034916
-1224.39	-2199.36	0.999394	-0.0348151
-1224.61	-2193.18	0.999397	-0.0347223
-1224.84	-2186.44	0.999401	-0.0346212
-1225.07	-2179.7	0.999404	-0.03452
-1225.29	-2173.52	0.999407	-0.0344272
-1225.52	-2166.77	0.999411	-0.034326
-1225.75	-2160.03	0.999414	-0.0342248
-1225.98	-2153.28	0.999418	-0.0341236
-1226.21	-2146.53	0.999421	-0.0340224
-1226.42	-2140.34	0.999424	-0.0339293
-1226.65	-2133.59	0.999428	-0.0338272
-1226.88	-2126.83	0.999431	-0.0337251
-1227.09	-2120.64	0.999434	-0.0336268
-1227.31	-2113.88	0.999438	-0.0335107
-1227.54	-2107.12	0.999442	-0.0333946
-1227.77	-2100.36	0.999446	-0.0332786
-1227.99	-2093.6	0.99945	-0.0331625
-1228.2	-2087.4	0.999454	-0.0330554
-1228.42	-2080.63	0.999457	-0.0329381
-1228.64	-2073.86	0.999462	-0.0328071
-1228.85	-2067.65	0.999471	-0.0325311
-1229.07	-2060.88	0.999496	-0.0317386
-1229.28	-2054.11	0.999535	-0.0304902
-1229.48	-2047.33	0.999581	-0.0289451
-1229.67	-2040.55	0.999631	-0.0271703
-1229.85	-2033.77	0.999681	-0.0252454
-1230	-2027.56	0.999725	-0.0234371
-1230.16	-2020.77	0.99977	-0.0214667
-1230.3	-2013.99	0.999809	-0.0195365
-1230.42	-2007.2	0.999844	-0.0176547
-1230.53	-2000.98	0.999912	-0.0132378
-1230.59	-1994.19	1	0.000438879
-1230.53	-1987.4	0.999844	0.017685
-1230.37	-1980.6	0.999561	0.0296277
-1230.17	-1974.38	0.999412	0.034278
-1229.93	-1967.58	0.999064	0.043249
-1229.61	-1961.36	0.998363	0.0572002
-1229.2	-1954.57	0.997999	0.0632371
-1228.77	-1947.78	0.997856	0.0654538
-1228.31	-1940.99	0.99737	0.0724721
-1227.79	-1934.21	0.99664	0.0819079
-1227.26	-1927.99	0.996167	0.0874771
-1226.65	-1921.21	0.99602	0.0891316
-1226.05	-1914.44	0.996046	0.0888336
-1225.49	-1908.23	0.995924	0.0901941
-1224.87	-1901.45	0.995569	0.0940304
-1224.22	-1894.68	0.995376	0.0960535
-1223.57	-1887.91	0.99557	0.0940186
-1222.99	-1881.71	0.995568	0.0940448
-1222.35	-1874.94	0.995386	0.0959492
-1221.69	-1868.17	0.995225	0.0976056
-1221.08	-1861.96	0.995304	0.0968008
-1220.43	-1855.19	0.995626	0.0934263
-1219.8	-1848.43	0.995805	0.0914971
-1219.18	-1841.66	0.995805	0.0915014
-1218.56	-1834.89	0.995952	0.0898814
-1217.95	-1828.12	0.996158	0.0875688
-1217.42	-1821.91	0.996546	0.0830435
-1216.87	-1815.14	0.996897	0.0787142
-1216.34	-1808.36	0.997148	0.0754648
-1215.88	-1802.15	0.997462	0.0712003
-1215.41	-1795.38	0.997813	0.0660957
-1214.98	-1788.6	0.998113	0.0614095
-1214.57	-1781.82	0.998238	0.059335
-1214.18	-1775.04	0.998438	0.0558649
-1213.83	-1768.82	0.998605	0.0528033
-1213.49	-1762.04	0.998931	0.0462322
-1213.2	-1755.26	0.99916	0.0409818
-1212.95	-1749.04	0.999297	0.0374991
-1212.71	-1742.26	0.999488	0.0320066
-1212.5	-1735.48	0.999573	0.0292106
-1212.31	-1728.69	0.999642	0.0267712
-1212.15	-1722.47	0.999688	0.0249931
-1211.99	-1715.69	0.999734	0.0230533
-1211.84	-1708.9	0.999777	0.0211135
-1211.71	-1702.69	0.999807	0.0196208
-1211.58	-1695.9	0.999828	0.018525
-1211.46	-1689.12	0.99985	0.0173307
-1211.34	-1682.33	0.999872	0.0160202
-1211.24	-1675.55	0.999887	0.0150304
-1211.14	-1669.33	0.999895	0.0144834
-1211.05	-1662.54	0.999905	0.0137577
-1210.96	-1655.76	0.999917	0.0129018
-1210.88	-1649.54	0.999928	0.0120177
-1210.8	-1642.76	0.99994	0.0109229
-1210.73	-1635.97	0.999953	0.00966674
-1210.67	-1629.19	0.999966	0.00824173
-1210.62	-1622.4	0.999975	0.00700013
-1210.58	-1616.19	0.999981	0.00613203
-1210.54	-1609.4	0.999987	0.00500175
-1210.51	-1602.62	0.999993	0.00369449
-1210.49	-1595.84	0.999998	0.00220748
-1210.48	-1589.62	1	0.000689672
-1210.48	-1582.83	0.999999	-0.00110649
-1210.49	-1576.05	0.999995	-0.0030099
-1210.51	-1569.27	0.999988	-0.00491227
-1210.55	-1563.05	0.999978	-0.00657037
-1210.6	-1556.27	0.999966	-0.00822032
-1210.66	-1549.49	0.999957	-0.0092866
-1210.72	-1543.27	0.999954	-0.00958215
-1210.78	-1536.49	0.999954	-0.00961075
-1210.85	-1529.71	0.999956	-0.00934094
-1210.91	-1522.92	0.999962	-0.00873375
-1210.97	-1516.14	0.99997	-0.00778218
-1211.01	-1509.93	0.999978	-0.00656732
-1211.05	-1503.15	0.999988	-0.00485793
-1211.08	-1496.36	0.999996	-0.0027313
-1211.09	-1490.15	1	-0.000413225
-1211.08	-1483.37	0.999997	0.00254989
-1211.06	-1476.59	0.999983	0.00591026
-1211.01	-1469.81	0.999953	0.00964978
-1210.93	-1463.03	0.999907	0.0136711
-1210.84	-1456.81	0.999847	0.0174748
-1210.71	-1450.03	0.999766	0.0216433
-1210.55	-1443.25	0.999667	0.0258113
-1210.38	-1437.04	0.999561	0.0296313
-1210.16	-1430.26	0.999429	0.0337982
-1209.92	-1423.49	0.999279	0.0379644
-1209.66	-1416.71	0.999156	0.0410825
-1209.37	-1409.94	0.999086	0.0427338
-1209.1	-1403.73	0.999021	0.044246
-1208.8	-1396.96	0.998963	0.0455307
-1208.49	-1390.19	0.998928	0.0462805
-1208.2	-1383.98	0.998899	0.0469026
-1207.85	-1376.65	0.998869	0.0475541
-1207.56	-1370.44	0.99886	0.0477286
-1207.23	-1363.67	0.998874	0.0474509
-1206.91	-1356.9	0.998888	0.047151
-1206.59	-1350.13	0.998902	0.0468514
-1206.28	-1343.36	0.99893	0.046237
-1205.99	-1337.15	0.998976	0.045253
-1205.69	-1330.38	0.999023	0.0441822
-1205.39	-1323.61	0.99907	0.0431114
-1205.1	-1316.84	0.999116	0.0420332
-1204.84	-1310.63	0.99916	0.0409903
-1204.57	-1303.86	0.999212	0.0397027
-1204.31	-1297.09	0.999267	0.0382752
-1204.05	-1290.31	0.999325	0.0367294
-1203.81	-1283.54	0.999385	0.0350788
-1203.59	-1277.33	0.999439	0.0334872
-1203.37	-1270.56	0.999498	0.0316766
-1203.16	-1263.79	0.999557	0.0297697
-1202.98	-1257.58	0.99961	0.0279235
-1202.8	-1250.8	0.999667	0.0258058
-1202.63	-1244.03	0.999723	0.0235564
-1202.48	-1237.26	0.999776	0.0211591
-1202.35	-1231.05	0.999823	0.0188215
-1202.23	-1224.27	0.999871	0.0160783
-1202.13	-1217.5	0.999914	0.0131369
-1202.05	-1211.29	0.999947	0.0102589
-1201.99	-1204.51	0.999976	0.00690484
-1201.96	-1197.74	0.999994	0.00338731
-1201.94	-1190.96	1	-0.00024235
-1201.96	-1184.19	0.999994	-0.00355815
-1201.99	-1177.98	0.999981	-0.00617745
-1202.04	-1171.21	0.999958	-0.00911274
-1202.11	-1164.43	0.999927	-0.0121129
-1202.19	-1158.22	0.999893	-0.0145946
-1202.29	-1151.45	0.999859	-0.0167675
-1202.41	-1144.68	0.999821	-0.0189403
-1202.55	-1137.9	0.999792	-0.020414
-1202.69	-1131.13	0.999782	-0.0209016
-1202.82	-1124.93	0.999773	-0.0213187
-1202.96	-1118.15	0.999764	-0.0217075
-1203.11	-1111.38	0.999757	-0.0220379
-1203.25	-1105.18	0.999751	-0.0223051
-1203.4	-1098.4	0.999745	-0.0225624
-1203.55	-1091.63	0.99974	-0.0227811
-1203.71	-1084.86	0.999736	-0.02296
-1203.86	-1078.09	0.999733	-0.0231041
-1204.01	-1071.89	0.999731	-0.0231721
-1204.16	-1065.12	0.999733	-0.0231081
-1204.32	-1058.35	0.999747	-0.0224896
-1204.46	-1052.14	0.999774	-0.0212508
-1204.6	-1045.37	0.999809	-0.019553
-1204.72	-1038.6	0.999847	-0.0174766
-1204.83	-1031.83	0.999892	-0.0146813
-1204.92	-1025.06	0.999939	-0.0110496
-1204.98	-1018.85	0.999972	-0.0074318
-1205.02	-1012.08	0.999994	-0.00332658
-1205.03	-1005.31	1	0.000468084
-1205.02	-999.102	0.999994	0.00349863
-1204.99	-992.332	0.999977	0.00680465
-1204.93	-985.562	0.999949	0.0101106
-1204.86	-978.792	0.999915	0.0130672
-1204.76	-972.022	0.999879	0.0155349
-1204.65	-965.253	0.999838	0.0180003
-1204.53	-959.048	0.999796	0.0202196
-1204.39	-952.28	0.999762	0.0218307
-1204.24	-945.512	0.99975	0.0223573
-1204.1	-939.308	0.99974	0.0228144
-1203.94	-932.54	0.999728	0.023313
-1203.78	-925.773	0.999716	0.0238117
-1203.62	-919.005	0.999704	0.0243103
-1203.46	-912.238	0.999692	0.0248089
-1203.3	-906.036	0.99969	0.0249166
-1203.13	-899.269	0.999698	0.0245766
-1202.97	-892.502	0.999706	0.0242367
-1202.82	-886.3	0.999714	0.0239251
-1202.66	-879.533	0.99973	0.0232358
-1202.5	-872.767	0.999757	0.0220573
-1202.36	-866	0.999782	0.0208789
-1202.23	-859.797	0.999804	0.0197986
-1202.09	-852.467	0.999828	0.0185219
-1201.97	-845.7	0.99985	0.0173433
-1201.85	-838.934	0.999869	0.0161647
-1201.76	-832.731	0.999886	0.0150842
-1201.66	-825.965	0.999903	0.0139056
-1201.57	-819.198	0.999914	0.0130766
-1201.49	-812.995	0.999919	0.0127654
-1201.4	-806.229	0.999923	0.0124258
-1201.32	-799.463	0.999927	0.0120863
-1201.24	-792.697	0.999931	0.0117467
-1201.16	-786.495	0.999935	0.0114355
-1201.09	-779.729	0.999938	0.011096
-1201.01	-772.963	0.999942	0.0107565
-1200.94	-766.197	0.999946	0.0104171
-1200.88	-759.995	0.999949	0.0101059
-1200.81	-753.23	0.999952	0.00976644
-1200.75	-746.464	0.999956	0.00942697
-1200.68	-739.699	0.999959	0.00908751
-1200.62	-732.934	0.999962	0.00874805
-1200.57	-726.733	0.999964	0.00843687
-1200.51	-719.968	0.999967	0.00809741
-1200.46	-713.203	0.99997	0.00775798
-1200.41	-707.002	0.999972	0.00744688
-1200.36	-700.237	0.999975	0.0071075
-1200.32	-693.473	0.999977	0.00676813
-1200.27	-686.709	0.999979	0.00642875
-1200.23	-679.944	0.999982	0.00607625
-1200.19	-673.744	0.999984	0.00573102
-1200.15	-666.98	0.999986	0.00534754
-1200.12	-660.216	0.999988	0.00496252
-1200.09	-654.016	0.999989	0.00460753
-1200.06	-647.252	0.999991	0.00424182
-1200.03	-640.489	0.999992	0.00394462
-1200	-633.725	0.999993	0.00371528
-1199.98	-627.525	0.999994	0.00352327
-1199.96	-620.762	0.999995	0.0033138
-1199.94	-613.999	0.999995	0.00310432
-1199.92	-607.236	0.999996	0.00289485
-1199.9	-600.473	0.999996	0.00266177
-1199.88	-594.274	0.999997	0.00237999
-1199.87	-587.512	0.999998	0.00195002
-1199.85	-580.749	0.999998	0.00176632
-1199.84	-573.987	0.999998	0.00200623
-1199.83	-567.225	0.999998	0.00219461
-1199.81	-560.463	0.999997	0.00232635
-1199.8	-554.264	0.999997	0.00239169
-1199.78	-547.503	0.999997	0.00240791
-1199.77	-540.741	0.999997	0.00237331
-1199.75	-534.543	0.999997	0.00229878
-1199.74	-527.781	0.999998	0.00216256
-1199.72	-521.02	0.999998	0.00199025
-1199.71	-514.259	0.999998	0.00180906
-1199.7	-507.498	0.999999	0.00161104
-1199.69	-501.3	0.999999	0.00139232
-1199.68	-494.54	0.999999	0.00111551
-1199.67	-487.779	1	0.000800527
-1199.67	-481.582	1	0.000463926
-1199.64	-474.82	0.999652	0.0263823
-1199.29	-468.066	0.996028	0.0890433
-1198.51	-461.344	0.988485	0.151316
-1197.31	-454.68	0.977062	0.212953
-1195.72	-448.095	0.968958	0.247225
-1194.05	-441.527	0.969752	0.244093
-1192.54	-435.502	0.970484	0.241164
-1190.92	-428.924	0.971294	0.237882
-1189.32	-422.339	0.973716	0.227766
-1187.95	-416.281	0.977769	0.209683
-1186.59	-409.645	0.981852	0.189647
-1185.36	-402.981	0.985562	0.169314
-1184.27	-396.293	0.989126	0.147067
-1183.35	-389.581	0.992499	0.122256
-1182.65	-383.41	0.995059	0.0992826
-1182.04	-376.66	0.99726	0.0739705
-1181.61	-369.897	0.99876	0.0497768
-1181.36	-363.691	0.999574	0.0291788
-1181.22	-356.915	0.999978	0.00665232
-1181.24	-350.138	0.999909	-0.0134676
-1181.37	-343.363	0.999587	-0.0287343
-1181.61	-336.59	0.999033	-0.0439722
-1181.95	-329.822	0.998249	-0.0591459
-1182.39	-323.059	0.997495	-0.0707412
-1182.85	-316.864	0.997046	-0.0768029
-1183.39	-310.109	0.996524	-0.0833013
-1183.97	-303.357	0.995971	-0.0896756
-1184.54	-297.172	0.995519	-0.0945612
-1185.19	-290.427	0.995171	-0.0981592
-1185.87	-283.685	0.994816	-0.101688
-1186.57	-276.945	0.994456	-0.105156
-1187.29	-270.208	0.994207	-0.10748
-1187.96	-264.033	0.994134	-0.108153
-1188.69	-257.298	0.994072	-0.108727
-1189.43	-250.563	0.994027	-0.109133
-1190.11	-244.389	0.994124	-0.108244
-1190.83	-237.653	0.994477	-0.104957
-1191.53	-230.915	0.994841	-0.101451
-1192.21	-224.175	0.995213	-0.097725
-1192.86	-217.431	0.995623	-0.0934585
-1193.43	-211.248	0.996033	-0.0889866
-1194.02	-204.5	0.996462	-0.0840445
-1194.57	-197.748	0.996867	-0.0790921
-1195.05	-191.558	0.997218	-0.0745453
-1195.54	-184.802	0.997578	-0.0695618
-1196	-178.044	0.997914	-0.0645554
-1196.42	-171.284	0.998205	-0.0598815
-1196.79	-165.086	0.998429	-0.0560402
-1197.15	-158.323	0.998654	-0.0518708
-1197.49	-151.558	0.998861	-0.0477185
-1197.8	-144.793	0.999034	-0.0439544
-1198.07	-138.591	0.999157	-0.0410571
-1198.34	-131.824	0.999275	-0.0380646
-1198.59	-125.056	0.99938	-0.0351988
-1198.82	-118.288	0.999461	-0.0328295
-1199.04	-111.52	0.999516	-0.0311198
-1199.24	-104.751	0.999564	-0.0295302
-1199.42	-98.5467	0.999603	-0.028167
-1199.61	-91.7781	0.999632	-0.0271316
-1199.79	-85.0095	0.999643	-0.02672
-1199.96	-78.8052	0.99965	-0.0264467
-1200.14	-72.037	0.999656	-0.0262377
-1200.31	-65.2689	0.999658	-0.0261572
-1200.49	-58.5011	0.999656	-0.0262369
-1200.67	-51.7335	0.99965	-0.0264708
-1200.83	-45.5301	0.999639	-0.026874
-1201.02	-38.763	0.999621	-0.0275352
-1201.21	-31.9963	0.999596	-0.0284315
-1201.39	-25.7938	0.999566	-0.0294464
-1201.59	-19.0279	0.99953	-0.0306572
-1201.8	-12.2624	0.999495	-0.03178
-1202.02	-5.49735	0.999464	-0.0327377
-1202.24	1.26701	0.999404	-0.0345245
-1202.48	8.02991	0.999314	-0.0370259
-1202.72	14.2282	0.999273	-0.0381205
-1202.98	20.9893	0.999248	-0.0387718
-1203.22	27.1867	0.999285	-0.0378047
-1203.47	33.9478	0.999234	-0.0391387
-1203.75	40.7052	0.999004	-0.0446177
-1204.06	47.4607	0.998861	-0.0477131
-1204.4	54.2138	0.998809	-0.0487943
-1204.68	60.406	0.999	-0.0447067
-1204.99	67.1609	0.998899	-0.0469118
-1205.32	73.9134	0.998734	-0.050303
-1205.63	80.1031	0.998852	-0.0479049
-1205.94	86.8574	0.998924	-0.0463854
-1206.27	93.6087	0.998538	-0.054059
-1206.66	100.355	0.99831	-0.0581128
-1207.01	106.539	0.998199	-0.0599873
-1207.44	113.282	0.998073	-0.0620563
-1207.84	120.027	0.998446	-0.0557222
-1208.18	126.212	0.998556	-0.053728
-1208.56	133.521	0.998699	-0.0509839
-1208.87	139.707	0.998858	-0.0477797
-1209.18	146.456	0.999083	-0.0428196
-1209.45	153.207	0.999298	-0.0374622
-1209.69	159.959	0.999497	-0.0317222
-1209.89	166.712	0.999673	-0.025568
-1210.03	172.904	0.999809	-0.0195325
-1210.14	179.658	0.999921	-0.0126003
-1210.21	185.851	0.999982	-0.00601852
-1210.23	192.606	1	0.000610731
-1210.21	199.362	0.99998	0.00629754
-1210.15	206.117	0.999928	0.0119841
-1210.05	212.871	0.999844	0.0176703
-1209.93	219.062	0.999754	0.0221996
-1209.77	225.815	0.999655	0.0262529
-1209.58	232.567	0.999539	0.0303586
-1209.38	238.755	0.999416	0.0341564
-1209.14	245.505	0.999298	0.0374711
-1208.88	252.254	0.999216	0.0395831
-1208.61	259.003	0.999139	0.0414805
-1208.32	265.751	0.999067	0.0431931
-1208.05	271.936	0.999041	0.0437753
-1207.76	278.683	0.999089	0.0426654
-1207.47	285.43	0.999143	0.0413965
-1207.22	291.616	0.999196	0.0400985
-1206.95	298.363	0.999258	0.0385077
-1206.7	305.112	0.999325	0.0367391
-1206.46	311.86	0.999394	0.0348099
-1206.23	318.609	0.999464	0.0327455
-1206.01	325.358	0.999534	0.030538
-1205.83	331.544	0.999598	0.0283677
-1205.64	338.294	0.999666	0.0258595
-1205.48	345.044	0.99973	0.023248
-1205.34	351.231	0.999785	0.020758
-1205.21	357.982	0.99984	0.0178915
-1205.09	364.732	0.999889	0.0149085
-1205	371.483	0.999926	0.012151
-1204.93	378.234	0.999953	0.00972839
-1204.87	384.422	0.999973	0.00734934
-1204.83	391.172	0.99999	0.00457075
-1204.81	397.923	0.999999	0.0016178
-1204.8	404.111	0.999999	-0.00124944
-1204.82	410.861	0.999989	-0.00462681
-1204.86	417.611	0.999966	-0.00819193
-1204.93	424.361	0.999934	-0.011477
-1205.01	431.11	0.999898	-0.0142824
-1205.11	437.297	0.999858	-0.0168539
-1205.23	444.045	0.999807	-0.0196346
-1205.38	451.356	0.999753	-0.0222455
-1205.53	457.541	0.999713	-0.023961
-1205.69	464.288	0.999666	-0.0258581
-1205.87	471.034	0.999612	-0.0278525
-1206.05	477.218	0.999572	-0.0292525
-1206.25	483.964	0.999554	-0.0298753
-1206.45	490.709	0.99953	-0.0306679
-1206.66	497.454	0.999499	-0.031655
-1206.86	503.637	0.999464	-0.0327446
-1207.08	510.381	0.999418	-0.0341182
-1207.32	517.125	0.999364	-0.0356555
-1207.54	523.307	0.999309	-0.0371597
-1207.8	530.049	0.999258	-0.0385086
-1208.06	536.792	0.999224	-0.0393845
-1208.33	543.534	0.999189	-0.0402603
-1208.6	550.276	0.999168	-0.0407825
-1208.85	556.455	0.999169	-0.040754
-1209.13	563.197	0.999177	-0.0405741
-1209.4	569.938	0.999192	-0.0402026
-1209.65	576.117	0.999223	-0.0394081
-1209.91	582.859	0.999286	-0.037789
-1210.16	589.601	0.999356	-0.0358859
-1210.4	596.343	0.999432	-0.033713
-1210.62	603.086	0.999512	-0.0312503
-1210.82	609.829	0.999595	-0.0284617
-1210.99	616.01	0.999673	-0.0255736
-1211.15	622.754	0.999756	-0.0220714
-1211.29	629.498	0.999834	-0.0182027
-1211.4	636.243	0.999903	-0.0139566
-1211.48	642.426	0.999953	-0.00971425
-1211.53	649.171	0.999989	-0.00465516
-1211.55	655.916	1	-0.000562334
-1211.54	662.661	0.999998	0.00199347
-1211.52	669.406	0.999988	0.004888
-1211.48	676.151	0.999968	0.00800582
-1211.42	682.333	0.999936	0.0112715
-1211.34	689.077	0.999883	0.0152809
-1211.22	695.82	0.999814	0.01929
-1211.09	702.001	0.999736	0.0229648
-1210.93	708.743	0.999645	0.0266316
-1210.74	715.485	0.999555	0.0298199
-1210.53	722.225	0.999455	0.033008
-1210.3	728.965	0.999345	0.0361956
-1210.07	735.142	0.999248	0.0387757
-1209.8	741.88	0.999153	0.0411429
-1209.52	748.617	0.999053	0.0435097
-1209.24	754.792	0.998956	0.0456792
-1208.93	761.528	0.998878	0.0473621
-1208.61	768.263	0.998843	0.0480881
-1208.28	774.998	0.998808	0.0488141
-1207.95	781.732	0.998772	0.0495401
-1207.61	788.466	0.99877	0.0495824
-1207.31	794.639	0.998811	0.048744
-1206.98	801.373	0.998856	0.0478294
-1206.66	808.107	0.998899	0.0469147
-1206.32	815.403	0.998945	0.0459238
-1206.04	821.576	0.998983	0.0450853
-1205.74	828.311	0.999024	0.0441706
-1205.44	835.046	0.999064	0.0432559
-1205.18	841.22	0.9991	0.0424173
-1204.9	847.955	0.999138	0.0415026
-1204.62	854.69	0.999176	0.0405878
-1204.35	861.425	0.999213	0.039673
-1204.08	868.16	0.999249	0.0387582
-1203.82	874.896	0.999284	0.0378435
-1203.59	881.07	0.999315	0.0370049
-1203.35	887.806	0.999349	0.0360901
-1203.1	894.541	0.999381	0.0351753
-1202.89	900.716	0.99941	0.0343365
-1202.66	907.451	0.999441	0.0334213
-1202.44	914.187	0.999472	0.032506
-1202.22	920.923	0.999512	0.0312487
-1202.02	927.659	0.999564	0.0295125
-1201.84	933.834	0.999609	0.027958
-1201.65	940.571	0.999652	0.0263697
-1201.48	947.307	0.99969	0.0248861
-1201.32	954.044	0.999725	0.0234334
-1201.18	960.219	0.999756	0.0221016
-1201.03	966.956	0.999787	0.0206487
-1200.9	973.693	0.999809	0.0195379
-1200.77	980.43	0.999821	0.0189061
-1200.64	987.166	0.999833	0.0182929
-1200.52	993.903	0.999843	0.0177431
-1200.4	1000.64	0.999826	0.0186352
-1200.27	1007.38	0.999768	0.0215216
-1200.13	1013.55	0.999706	0.0242663
-1199.95	1020.29	0.999627	0.0272958
-1199.76	1027.02	0.999532	0.0305836
-1199.54	1033.75	0.999414	0.0342159
-1199.32	1039.92	0.999297	0.0374907
-1199.06	1046.66	0.999157	0.041059
-1198.78	1053.39	0.999019	0.0442742
-1198.47	1060.12	0.998895	0.0469899
-1198.15	1066.84	0.998766	0.0496668
-1197.8	1073.57	0.998633	0.0522765
-1197.48	1079.74	0.998528	0.0542311
-1197.11	1086.46	0.998441	0.0558249
-1196.73	1093.19	0.998353	0.0573691
-1196.37	1099.35	0.998271	0.058777
-1195.97	1106.08	0.99818	0.0603127
-1195.56	1112.8	0.998107	0.0615069
-1195.14	1119.52	0.998062	0.0622232
-1194.72	1126.24	0.998017	0.0629394
-1194.33	1132.4	0.997976	0.0635959
-1193.9	1139.13	0.997952	0.0639708
-1193.47	1145.85	0.997958	0.0638677
-1193.04	1152.57	0.997961	0.0638199
-1192.64	1158.73	0.997467	0.0711373
-1192.1	1165.44	0.995661	0.0930527
-1191.41	1172.14	0.993368	0.114978
-1190.58	1178.82	0.990592	0.136848
-1189.6	1185.49	0.988774	0.149418
-1188.68	1191.59	0.988826	0.149072
-1187.68	1198.25	0.988884	0.148688
-1186.68	1204.91	0.988959	0.148188
-1185.76	1211.02	0.989347	0.145574
-1184.8	1217.68	0.990323	0.138783
-1183.89	1224.35	0.991273	0.131829
-1183.02	1231.03	0.992182	0.124799
-1182.2	1237.72	0.993123	0.117078
-1181.5	1243.85	0.994024	0.109158
-1180.79	1250.55	0.994926	0.100607
-1180.13	1257.25	0.995742	0.0921816
-1179.58	1263.4	0.996399	0.0847917
-1179.03	1270.11	0.997011	0.0772547
-1178.53	1276.82	0.997567	0.0697132
-1178.09	1283.54	0.998065	0.0621806
-1177.69	1290.27	0.998443	0.055782
-1177.35	1296.43	0.998676	0.0514344
-1177.02	1303.15	0.998902	0.0468398
-1176.72	1309.88	0.999103	0.0423344
-1176.44	1316.61	0.99927	0.0382063
-1176.22	1322.78	0.999394	0.0348147
-1175.99	1329.51	0.999519	0.0310227
-1175.8	1336.23	0.99963	0.0271875
-1175.62	1342.97	0.999703	0.0243739
-1175.47	1349.14	0.999733	0.0231181
-1175.32	1355.87	0.999762	0.0217984
-1175.18	1362.6	0.999788	0.0205921
-1175.06	1368.77	0.999802	0.0198935
-1174.92	1375.5	0.999804	0.0198058
-1174.79	1382.23	0.999803	0.0198338
-1174.65	1388.96	0.999794	0.0202863
-1174.51	1395.69	0.999773	0.0213151
-1174.37	1402.42	0.999749	0.022421
-1174.23	1408.59	0.999724	0.0234886
-1174.07	1415.32	0.999685	0.0251
-1173.89	1422.05	0.999629	0.0272475
-1173.72	1428.21	0.999574	0.0291719
-1173.52	1434.94	0.999513	0.0312159
-1173.3	1441.67	0.999448	0.0332299
-1173.07	1448.39	0.99938	0.0351973
-1172.83	1455.12	0.999311	0.0371059
-1172.57	1461.85	0.999241	0.0389611
-1172.33	1468.01	0.999189	0.0402691
-1172.03	1475.3	0.999148	0.0412622
-1171.78	1481.46	0.999117	0.0420173
-1171.49	1488.18	0.999085	0.0427803
-1171.2	1494.91	0.999112	0.0421372
-1170.95	1501.07	0.99921	0.0397377
-1170.69	1507.79	0.999315	0.0370158
-1170.45	1514.52	0.999415	0.0341909
-1170.23	1521.24	0.999521	0.0309402
-1170.03	1527.97	0.999631	0.027158
-1169.86	1534.7	0.999727	0.0233506
-1169.72	1540.86	0.999803	0.0198554
-1169.6	1547.59	0.999871	0.0160424
-1169.5	1554.32	0.999925	0.0122443
-1169.43	1561.05	0.999964	0.00850759
-1169.38	1567.21	0.999987	0.00516379
-1169.36	1573.94	0.999998	0.00194258
-1169.35	1580.67	1	-0.000680239
-1169.37	1587.4	0.999995	-0.00318171
-1169.39	1593.56	0.999985	-0.00541911
-1169.43	1600.29	0.999972	-0.00754472
-1169.49	1607.02	0.999957	-0.00922414
-1169.56	1613.75	0.999941	-0.0108607
-1169.63	1619.92	0.999925	-0.0122805
-1169.71	1626.66	0.99991	-0.0133987
-1169.8	1633.39	0.999902	-0.0139895
-1169.9	1640.13	0.999894	-0.0145821
-1170	1646.87	0.999884	-0.0152032
-1170.1	1653.61	0.999878	-0.015608
-1170.21	1660.35	0.99988	-0.0155179
-1170.31	1667.09	0.999881	-0.0154403
-1170.42	1673.84	0.999882	-0.0153625
-1170.52	1680.59	0.999888	-0.014941
-1170.62	1687.34	0.999901	-0.0140362
-1170.7	1693.52	0.999913	-0.0131942
-1170.79	1700.27	0.999925	-0.0122283
-1170.87	1707.03	0.999955	-0.00944273
-1170.92	1713.78	0.999991	-0.00415687
-1170.93	1719.98	1	0.000716459
-1170.91	1726.73	0.999982	0.00603516
-1170.86	1733.49	0.999936	0.0113551
-1170.76	1740.25	0.999861	0.0166541
-1170.65	1746.44	0.999769	0.0214824
-1170.49	1753.2	0.999642	0.026749
-1170.29	1759.95	0.999509	0.0313398
-1170.07	1766.71	0.999388	0.0349853
-1169.85	1772.9	0.999265	0.0383265
-1169.58	1779.65	0.999119	0.0419693
-1169.28	1786.4	0.998976	0.0452466
-1168.97	1793.15	0.998849	0.047972
-1168.64	1799.9	0.998719	0.0505983
-1168.32	1806.09	0.998599	0.0529205
-1167.95	1812.83	0.998484	0.0550501
-1167.58	1819.58	0.998392	0.0566832
-1167.22	1825.76	0.998306	0.0581799
-1166.83	1832.51	0.99821	0.0598126
-1166.42	1839.25	0.998153	0.0607454
-1166.01	1845.99	0.998159	0.0606464
-1165.6	1852.74	0.998174	0.0604061
-1165.23	1858.92	0.998196	0.0600374
-1164.82	1865.66	0.998228	0.0594971
-1164.42	1872.4	0.998269	0.0588129
-1164.03	1879.15	0.998318	0.0579771
-1163.67	1885.33	0.998369	0.0570867
-1163.29	1892.07	0.998431	0.055992
-1162.91	1898.82	0.998497	0.0548087
-1162.55	1905.56	0.998565	0.053548
-1162.19	1912.3	0.998637	0.0522027
-1161.87	1918.49	0.998687	0.051219
-1161.52	1925.23	0.998724	0.0504986
-1161.21	1931.41	0.998761	0.0497561
-1160.88	1938.16	0.998807	0.0488376
-1160.55	1944.91	0.998857	0.0477943
-1160.23	1951.65	0.998914	0.0465929
-1159.92	1958.4	0.998976	0.0452494
-1159.62	1965.14	0.999041	0.0437882
-1159.35	1971.33	0.999105	0.042303
-1159.07	1978.07	0.99918	0.0404882
-1158.8	1984.82	0.999259	0.0384965
-1158.57	1991.01	0.999331	0.0365802
-1158.33	1997.75	0.999397	0.0347227
-1158.1	2004.5	0.999442	0.0334103
-1157.88	2011.25	0.999485	0.0320979
-1157.66	2018	0.999526	0.0307855
-1157.46	2024.74	0.999566	0.0294734
-1157.28	2030.93	0.9996	0.028271
-1157.09	2037.68	0.999637	0.0269464
-1156.91	2044.43	0.999673	0.0255795
-1156.76	2050.61	0.999697	0.0246113
-1156.59	2057.36	0.999713	0.0239413
-1156.44	2064.11	0.999731	0.0231988
-1156.28	2070.86	0.999742	0.0227069
-1156.13	2077.61	0.999745	0.0225766
-1155.99	2083.79	0.999751	0.0223282
-1155.84	2090.54	0.99976	0.0219295
-1155.69	2097.29	0.999763	0.0217496
-1155.56	2103.47	0.99976	0.0219174
-1155.41	2110.22	0.999759	0.0219563
-1155.26	2116.97	0.999761	0.0218471
-1155.11	2123.72	0.999767	0.0215957
-1154.98	2129.9	0.999775	0.0212249
-1154.84	2136.65	0.999786	0.02067
-1154.7	2143.4	0.999801	0.0199572
-1154.57	2150.14	0.999843	0.017723
-1154.47	2156.33	0.999905	0.0137749
-1154.39	2163.08	0.999957	0.00930569
-1154.34	2169.82	0.999989	0.00474447
-1154.32	2176.57	1	0.000167478
-1154.33	2183.32	0.99999	-0.00440937
-1154.37	2189.5	0.999963	-0.00860271
-1154.44	2196.25	0.999913	-0.0131707
-1154.54	2203	0.999843	-0.0177066
-1154.66	2209.18	0.999763	-0.0217894
-1154.82	2215.92	0.999658	-0.0261452
-1155.01	2222.67	0.999538	-0.0303827
-1155.23	2229.41	0.999441	-0.0334279
-1155.46	2236.15	0.999395	-0.0347914
-1155.67	2242.33	0.999361	-0.0357557
-1155.92	2249.08	0.999334	-0.0364875
-1156.14	2255.26	0.999341	-0.0362916
-1156.38	2262	0.9994	-0.0346292
-1156.61	2268.74	0.999469	-0.0325768
-1156.83	2275.48	0.999546	-0.0301348
-1157.02	2282.22	0.999628	-0.0272828
-1157.2	2288.97	0.999711	-0.0240322
-1157.34	2295.15	0.999785	-0.0207193
-1157.47	2301.89	0.999858	-0.0168519
-1157.57	2308.64	0.999917	-0.0128518
-1157.64	2314.82	0.999958	-0.00916819
-1157.69	2321.56	0.999987	-0.00514968
-1157.71	2328.31	0.999999	-0.00147277
-1157.71	2335.05	0.999999	0.0017258
-1157.7	2341.23	0.999989	0.00465782
-1157.66	2347.98	0.999969	0.00785633
-1157.59	2354.72	0.999943	0.0107128
-1157.52	2360.9	0.999917	0.0128925
-1157.43	2367.64	0.999883	0.0152702
-1157.32	2374.39	0.999844	0.0176479
-1157.19	2381.13	0.999807	0.0196651
-1157.06	2387.87	0.999777	0.0211279
-1156.92	2394.05	0.999749	0.0223842
-1156.77	2400.79	0.999718	0.0237279
-1156.6	2407.53	0.999694	0.0247295
-1156.45	2413.71	0.999682	0.0252087
-1156.28	2420.45	0.999669	0.0257315
-1156.1	2427.19	0.999655	0.0262543
-1155.93	2433.93	0.999651	0.026435
-1155.75	2440.67	0.999658	0.0261368
-1155.59	2446.85	0.999665	0.0258635
-1155.41	2453.59	0.999673	0.0255653
-1155.24	2460.32	0.999681	0.0252671
-1155.09	2466.5	0.999688	0.0249938
-1154.92	2473.24	0.999695	0.0246956
-1154.75	2479.98	0.999711	0.0240554
-1154.6	2486.72	0.999737	0.0229364
-1154.44	2493.46	0.999762	0.0218175
-1154.31	2499.63	0.999784	0.0207917
-1154.17	2506.37	0.999806	0.0196728
-1154.05	2513.11	0.999828	0.0185538
-1153.92	2519.85	0.999848	0.0174349
-1153.82	2526.03	0.999865	0.0164091
-1153.69	2533.89	0.999881	0.0154456
-1153.6	2540.07	0.999885	0.0151723
-1153.5	2546.81	0.999889	0.0148742
-1153.41	2552.98	0.999893	0.0146009
-1153.31	2559.72	0.999898	0.0143028
-1153.21	2566.46	0.999902	0.0140048
-1153.12	2573.2	0.999906	0.0137067
-1153.03	2579.94	0.99991	0.0134086
-1152.95	2586.11	0.999914	0.0131355
-1152.86	2592.85	0.999918	0.0128377
-1152.77	2599.59	0.999921	0.01254
-1152.7	2605.77	0.999925	0.0122671
-1152.61	2612.5	0.999928	0.0119694
-1152.53	2619.24	0.999932	0.0116717
-1152.46	2625.98	0.999935	0.011374
-1152.38	2632.71	0.999939	0.0110762
-1152.31	2638.89	0.999942	0.0108033
-1152.24	2645.63	0.999945	0.0105056
-1152.17	2652.36	0.999948	0.0102079
-1152.11	2658.54	0.999951	0.00993501
-1152.04	2665.28	0.999954	0.00963733
-1151.98	2672.01	0.999956	0.00933971
-1151.92	2678.75	0.999959	0.00904208
-1151.86	2685.48	0.999962	0.00874445
-1151.8	2691.66	0.999964	0.00847163
-1151.75	2698.39	0.999967	0.008174
-1151.69	2705.13	0.999969	0.00787637
-1151.64	2711.87	0.999971	0.00757874
-1151.59	2718.04	0.999973	0.00730592
-1151.55	2724.78	0.999975	0.00700829
-1151.5	2731.51	0.999977	0.00671069
-1151.45	2738.25	0.999979	0.00641315
-1151.41	2744.98	0.999981	0.00611561
-1151.38	2751.15	0.999983	0.00584287
-1151.34	2757.89	0.999985	0.00554533
-1151.3	2764.62	0.999988	0.0049058
-1151.27	2771.36	0.999993	0.0037875
-1151.25	2777.53	0.999996	0.00276238
-1151.23	2784.27	0.999999	0.0016441
-1151.23	2791	1	0.000525877
-1151.23	2797.73	1	-0.00059231
-1151.23	2803.91	0.999999	-0.00161727
-1151.25	2810.64	0.999996	-0.0027354
-1151.27	2817.37	0.999994	-0.00351158
-1151.29	2824.11	0.999993	-0.00380903
-1151.32	2830.28	0.999992	-0.00408169
-1151.34	2837.01	0.99999	-0.00437915
-1151.37	2843.75	0.999991	-0.00433469
-1151.4	2850.48	0.999993	-0.00381156
-1151.43	2857.21	0.999995	-0.00328843
-1151.45	2863.38	0.999996	-0.00280886
-1151.46	2870.12	0.999997	-0.00262755
-1151.48	2876.85	0.999996	-0.00292491
-1151.5	2883.58	0.999995	-0.00322227
-1151.52	2889.75	0.999995	-0.00322139
-1151.54	2896.48	0.999996	-0.00269835
-1151.56	2903.21	0.999998	-0.00217527
-1151.57	2909.95	0.999999	-0.00165214
-1151.58	2916.68	0.999999	-0.00112905
-1151.59	2922.85	1	-0.000649553
-1151.59	2929.58	1	-0.000126421
-1151.59	2936.31	1	0.000396711
-1151.59	2942.48	1	0.000876219
-1151.58	2949.21	0.999999	0.00139926
-1151.57	2955.94	0.999998	0.0019223
-1151.55	2962.67	0.999997	0.00244534
-1151.54	2969.4	0.999996	0.00296834
-1151.51	2976.13	0.999994	0.00349132
-1151.49	2982.3	0.999992	0.00397077
-1151.46	2989.03	0.99999	0.00449381
-1151.43	2995.76	0.999989	0.00467509
-1151.4	3001.93	0.99999	0.00440268
-1151.38	3008.66	0.999992	0.0041055
-1151.35	3015.39	0.999993	0.00380832
-1151.32	3022.12	0.999994	0.00351114
-1151.3	3028.85	0.999995	0.00321397
-1151.28	3035.02	0.999996	0.00294158
-1151.26	3041.75	0.999997	0.0026445
-1151.25	3048.47	0.999997	0.00234741
-1151.23	3055.2	0.999998	0.00205032
-1151.22	3061.37	0.999998	0.00177799
-1151.21	3068.1	0.999999	0.0014809
-1151.2	3074.83	0.999999	0.00118381
-1151.19	3081.56	1	0.000886762
-1151.19	3088.28	1	0.000589765
-1151.18	3095.01	1	0.000292768
-1151.18	3101.18	1	2.0521e-05
-1151.18	3107.91	1	-0.000276476
-1151.19	3114.63	1	-0.000573473
-1151.19	3120.8	1	-0.000572374
-1151.19	3127.53	1	-4.93337e-05
-1151.19	3134.26	1	0.000473707
-1151.19	3140.98	1	0.000996748
-1151.18	3147.71	0.999999	0.00151986
-1151.17	3153.87	0.999998	0.00199949
-1151.15	3160.6	0.999997	0.00252271
-1151.13	3167.33	0.999995	0.00304593
-1151.11	3174.05	0.999994	0.00356911
-1151.09	3180.22	0.999992	0.00404865
-1151.06	3186.95	0.99999	0.00457177
-1151.03	3193.67	0.999987	0.0050949
-1150.99	3200.4	0.999986	0.00527642
-1150.96	3207.12	0.999988	0.00497971
-1150.93	3213.29	0.999989	0.00470771
-1150.9	3220.01	0.99999	0.00441103
-1150.87	3226.18	0.999993	0.00386578
-1150.85	3232.9	0.999996	0.00274912
-1150.83	3239.63	0.999999	0.00163249
-1150.82	3246.35	1	0.000515913
-1150.82	3253.08	1	-0.000600664
-1150.83	3259.24	0.999999	-0.00162423
-1150.84	3265.97	0.999996	-0.0027409
-1150.87	3272.69	0.999993	-0.00385756
-1150.89	3279.41	0.999991	-0.00429067
-1150.92	3285.58	0.999993	-0.00381046
-1150.94	3292.3	0.999995	-0.0032866
-1150.96	3299.03	0.999996	-0.00276278
-1150.98	3305.75	0.999997	-0.00223901
-1151	3312.47	0.999999	-0.00171485
-1151	3318.64	0.999999	-0.00123389
-1151.01	3325.36	1	-0.0007092
-1151.02	3332.08	1	-0.000184511
-1151.02	3338.25	1	0.000296453
-1151.01	3344.97	1	0.000821142
-1151	3351.69	0.999999	0.00134579
-1150.99	3358.41	0.999998	0.00187039
-1150.98	3365.14	0.999997	0.00239498
-1150.96	3371.3	0.999996	0.00287686
-1150.94	3378.02	0.999994	0.00340379
-1150.92	3384.74	0.999992	0.00393067
-1150.89	3390.91	0.99999	0.00441365
-1150.86	3397.63	0.999988	0.00494053
-1150.83	3404.35	0.999989	0.00478245
-1150.8	3411.07	0.999993	0.00366543
-1150.78	3417.79	0.999997	0.0025484
-1150.76	3424.51	0.999999	0.0014293
-1150.76	3430.68	1	0.000400854
-1150.76	3437.4	1	-0.000721033
-1150.77	3444.12	0.999998	-0.00184292
-1150.78	3450.28	0.999996	-0.00287131
-1150.8	3457	0.999992	-0.00399316
-1150.83	3463.72	0.999987	-0.00511494
-1150.87	3470.44	0.999981	-0.00623672
-1150.91	3477.16	0.999973	-0.00735849
-1150.96	3483.32	0.99997	-0.00770495
-1151.01	3490.04	0.999974	-0.00719035
-1151.06	3496.77	0.999978	-0.00667574
-1151.1	3503.49	0.999981	-0.00616117
-1151.14	3509.65	0.999984	-0.00568953
-1151.18	3516.37	0.999987	-0.00517501
-1151.21	3523.09	0.999989	-0.00466049
-1151.24	3529.81	0.999991	-0.00414597
-1151.26	3535.96	0.999993	-0.00367295
-1151.29	3542.68	0.999995	-0.00315513
-1151.31	3549.4	0.999997	-0.00263731
-1151.32	3556.12	0.999997	-0.00245946
-1151.34	3562.28	0.999996	-0.00273271
-1151.36	3569	0.999995	-0.0030308
-1151.38	3575.72	0.999994	-0.0033289
-1151.4	3582.44	0.999995	-0.00328707
-1151.42	3589.16	0.999996	-0.00276934
-1151.44	3595.32	0.999997	-0.0022943
-1151.45	3602.03	0.999998	-0.00177547
-1151.46	3608.75	0.999999	-0.00125664
-1151.47	3614.91	1	-0.000781046
-1151.47	3621.63	1	-0.000262217
-1151.47	3628.35	1	0.000256613
-1151.47	3635.06	1	0.000775404
-1151.46	3641.78	0.999999	0.00129414
-1151.46	3647.94	0.999998	0.00176992
-1151.44	3654.66	0.999997	0.00228929
-1151.43	3661.37	0.999996	0.00280863
-1151.41	3667.53	0.999995	0.00328464
-1151.38	3674.25	0.999993	0.00380393
-1151.36	3680.97	0.999991	0.00432321
-1151.33	3687.68	0.99999	0.00450223
-1151.3	3694.4	0.999991	0.00420487
-1151.27	3700.55	0.999992	0.00393228
-1151.25	3707.27	0.999993	0.003635
-1151.22	3713.99	0.999994	0.00333782
-1151.2	3720.14	0.999995	0.00306541
-1151.18	3726.86	0.999996	0.00276823
-1151.16	3733.58	0.999997	0.00247105
-1151.15	3740.29	0.999998	0.00217387
-1151.14	3746.45	0.999998	0.0018918
-1151.12	3753.16	0.999999	0.00155113
-1151.12	3759.88	0.999999	0.00117825
-1151.11	3766.04	1	0.000831648
-1151.1	3772.75	1	0.000446592
-1151.1	3779.47	1	2.55717e-05
-1151.1	3786.18	1	-0.000109964
-1151.1	3792.34	1	0.000175543
-1151.1	3799.06	1	0.000482061
-1151.1	3805.78	1	0.000792318
-1151.09	3812.49	0.999999	0.00112444
-1151.08	3818.65	0.999999	0.00147257
-1151.07	3825.37	0.999998	0.00190194
-1151.06	3832.08	0.999997	0.00234102
-1151.04	3838.8	0.999996	0.00278015
-1151.02	3845.52	0.999995	0.00321932
-1151	3851.68	0.999993	0.0036219
-1150.97	3858.39	0.999992	0.00406108
-1150.95	3865.11	0.999991	0.00415971
-1150.92	3871.27	0.999993	0.00381314
-1150.9	3877.98	0.999994	0.00343513
-1150.88	3884.7	0.999995	0.00305711
-1150.86	3891.42	0.999997	0.00233859
-1150.84	3898.13	0.999999	0.00114341
-1150.84	3904.29	1	4.78724e-05
-1150.84	3911.01	0.999999	-0.00114726
-1150.85	3917.72	0.999997	-0.00234235
-1150.87	3923.88	0.999994	-0.00343779
-1150.9	3930.6	0.999989	-0.00463286
-1150.93	3937.31	0.999983	-0.00582797
-1150.97	3944.03	0.99998	-0.00634209
-1151.01	3950.19	0.999982	-0.00593944
-1151.05	3956.9	0.999985	-0.00550017
-1151.09	3963.62	0.999985	-0.0054014
-1151.12	3970.33	0.999983	-0.00577933
-1151.16	3976.49	0.999981	-0.00612576
-1151.2	3983.21	0.999979	-0.00650368
-1151.25	3989.93	0.999976	-0.0068816
-1151.29	3996.64	0.999974	-0.00725952
-1151.34	4003.36	0.999971	-0.00763744
-1151.4	4010.08	0.999968	-0.00801536
-1151.45	4016.23	0.999968	-0.00802118
-1151.5	4022.95	0.999971	-0.00758169
-1151.55	4029.67	0.999974	-0.00714224
-1151.59	4035.83	0.999977	-0.00673942
-1151.64	4042.55	0.99998	-0.00629616
-1151.68	4049.27	0.999983	-0.00581758
-1151.71	4055.98	0.999986	-0.00527135
-1151.75	4062.7	0.999989	-0.00468757
-1151.78	4068.86	0.999991	-0.00415034
-1151.8	4075.58	0.999994	-0.00355675
-1151.82	4082.3	0.999996	-0.00296928
-1151.84	4089.02	0.999997	-0.00244731
-1151.86	4095.18	0.999998	-0.002075
-1151.87	4101.9	0.999998	-0.00177747
-1151.88	4108.62	0.999999	-0.00159039
-1151.89	4115.34	0.999998	-0.00187092
-1151.9	4121.5	0.999996	-0.00267432
-1151.93	4128.22	0.999993	-0.00365432
-1151.95	4134.93	0.999989	-0.00476067
-1151.99	4141.65	0.999984	-0.00566222
-1152.03	4148.37	0.999981	-0.00620611
-1152.07	4154.54	0.999977	-0.00680078
-1152.12	4161.26	0.999972	-0.00754507
-1152.17	4167.98	0.999965	-0.00841063
-1152.23	4174.7	0.999956	-0.00941984
-1152.29	4180.86	0.999945	-0.0104656
-1152.36	4187.58	0.999932	-0.0116933
-1152.44	4194.3	0.999916	-0.0129932
-1152.53	4201.02	0.999897	-0.0143599
-1152.63	4207.18	0.999878	-0.0156497
-1152.74	4213.9	0.999854	-0.0170592
-1152.85	4220.62	0.999836	-0.0181278
-1152.98	4227.34	0.999825	-0.0187178
-1153.1	4234.06	0.999814	-0.0192959
-1153.23	4240.22	0.999804	-0.0198135
-1153.36	4246.94	0.999792	-0.0203749
-1153.5	4253.66	0.999781	-0.0209147
-1153.63	4259.82	0.999772	-0.0213686
-1153.77	4266.54	0.999762	-0.0218001
-1153.92	4273.26	0.999754	-0.0221796
-1154.07	4279.98	0.999746	-0.0225373
-1154.22	4286.71	0.999738	-0.0228898
-1154.37	4292.87	0.999731	-0.023213
-1154.52	4299.59	0.99973	-0.0232248
-1154.68	4306.31	0.999741	-0.0227597
-1154.82	4312.47	0.999751	-0.0223205
-1154.96	4319.19	0.999763	-0.0217652
-1155.11	4325.91	0.999778	-0.0210473
-1155.25	4332.64	0.999798	-0.0201169
-1155.38	4339.36	0.999821	-0.0189333
-1155.49	4345.52	0.999845	-0.0175843
-1155.61	4352.24	0.999875	-0.0158345
-1155.71	4358.97	0.999904	-0.0138288
-1155.79	4365.13	0.99993	-0.0118312
-1155.86	4371.85	0.999954	-0.00956643
-1155.92	4378.58	0.999973	-0.00729624
-1155.96	4385.3	0.999987	-0.00502596
-1155.99	4392.03	0.999996	-0.00275565
-1156	4398.19	1	-0.000674448
-1156	4404.92	0.999999	0.00159606
-1155.98	4411.64	0.999993	0.00386656
-1155.95	4417.81	0.999982	0.00593157
-1155.91	4424.53	0.99997	0.00774201
-1155.85	4431.26	0.99996	0.00894355
-1155.79	4437.98	0.999949	0.0100987
-1155.72	4444.71	0.999937	0.0112538
-1155.65	4450.87	0.999924	0.0123127
-1155.56	4457.6	0.999909	0.0134679
-1155.47	4464.32	0.999893	0.0146263
-1155.36	4471.05	0.999875	0.0158154
-1155.26	4477.21	0.99986	0.0167029
-1155.15	4483.94	0.999851	0.0172554
-1155.03	4490.66	0.99984	0.0178611
-1154.91	4497.39	0.999829	0.018472
-1154.79	4504.11	0.999824	0.0187415
-1154.66	4510.84	0.999828	0.0185331
-1154.55	4517	0.999832	0.018342
-1154.42	4523.73	0.999836	0.0181336
-1154.31	4529.89	0.999839	0.0179425
-1154.19	4536.62	0.999843	0.0177304
-1154.07	4543.34	0.999847	0.017483
-1153.96	4550.07	0.999853	0.017159
-1153.84	4556.79	0.99986	0.0167584
-1153.74	4562.96	0.999867	0.0163277
-1153.63	4569.68	0.999875	0.0158048
-1153.53	4576.4	0.999884	0.0152405
-1153.43	4582.57	0.999892	0.014688
-1153.34	4589.29	0.999901	0.0140569
-1153.24	4596.02	0.99991	0.0134055
-1153.16	4602.74	0.999919	0.0127175
-1153.08	4608.91	0.999927	0.0120553
-1153	4615.63	0.999936	0.0113194
-1152.93	4622.35	0.999944	0.0105637
-1152.86	4629.08	0.999952	0.00977665
-1152.8	4635.24	0.999959	0.00903649
-1152.74	4641.96	0.999966	0.00821126
-1152.69	4648.69	0.999973	0.00735812
-1152.64	4655.41	0.999979	0.00646229
-1152.6	4662.13	0.999985	0.00551317
-1152.57	4668.3	0.999989	0.00460008
-1152.54	4675.02	0.999994	0.00358066
-1152.52	4681.74	0.999997	0.00255601
-1152.51	4687.91	0.999999	0.00161674
-1152.5	4694.63	1	0.000592085
-1152.5	4701.35	1	-0.000437876
-1152.5	4708.08	0.999999	-0.00115055
-1152.51	4714.8	0.999999	-0.00142726
-1152.52	4721.52	0.999998	-0.0017407
-1152.53	4727.68	0.999998	-0.00204547
-1152.55	4734.4	0.999997	-0.00238662
-1152.56	4741.13	0.999996	-0.00274801
-1152.58	4747.29	0.999995	-0.00311001
-1152.6	4754.01	0.999994	-0.00353441
-1152.63	4760.73	0.999991	-0.00431428
-1152.66	4767.45	0.999984	-0.0055921
-1152.7	4774.17	0.999976	-0.0069148
-1152.75	4780.9	0.999968	-0.00797199
-1152.8	4787.06	0.999963	-0.00859423
-1152.86	4793.78	0.999956	-0.00933249
-1152.93	4800.5	0.999949	-0.0100864
-1153	4807.22	0.999941	-0.0108403
-1153.07	4813.38	0.999934	-0.0115313
-1153.15	4820.1	0.999925	-0.0122852
-1153.23	4826.82	0.999915	-0.0130389
-1153.32	4833.54	0.99991	-0.0134512
-1153.4	4839.7	0.99991	-0.0133914
-1153.49	4846.42	0.999911	-0.0133261
-1153.58	4853.14	0.999912	-0.0132607
-1153.67	4859.86	0.999913	-0.0131954
-1153.75	4866.01	0.999914	-0.0131355
-1153.84	4872.73	0.999915	-0.0130702
-1153.93	4879.45	0.999915	-0.0130049
-1154.02	4886.17	0.999921	-0.0125983
-1154.09	4892.33	0.999931	-0.0117876
-1154.17	4899.05	0.999941	-0.0109033
-1154.24	4905.77	0.99995	-0.0100189
-1154.3	4911.93	0.999958	-0.00920831
-1154.36	4918.64	0.999965	-0.008324
-1154.41	4925.36	0.999972	-0.00743963
-1154.46	4932.08	0.999981	-0.00621461
-1154.49	4938.8	0.99999	-0.00451183
-1154.52	4945.52	0.999996	-0.00280782
-1154.53	4952.24	0.999999	-0.00110375
-1154.54	4958.39	1	0.000798773
-1154.52	4965.11	0.999995	0.00330553
-1154.5	4971.27	0.999984	0.00556994
-1154.45	4977.99	0.999968	0.00799353
-1154.39	4984.7	0.999946	0.0103691
-1154.32	4991.42	0.99992	0.01268
-1154.23	4998.14	0.999889	0.0149088
-1154.13	5004.29	0.999858	0.0168749
-1154.01	5011.01	0.999827	0.018592
-1153.88	5017.73	0.999806	0.0196816
-1153.76	5023.88	0.99979	0.0204784
-1153.62	5030.6	0.999778	0.0210571
-1153.49	5037.31	0.999981	0.00620058
-1153.55	5044.03	0.999547	-0.030092
-1153.85	5050.74	0.99779	-0.0664425
-1154.35	5056.88	0.995004	-0.0998333
-1155.12	5063.55	0.99046	-0.1378
-1156.16	5070.19	0.984089	-0.177679
-1157.47	5076.79	0.976127	-0.217201
-1158.89	5082.78	0.967486	-0.252925
-1160.7	5089.26	0.957343	-0.288955
-1162.73	5095.67	0.947021	-0.321172
-1164.98	5102	0.935749	-0.352665
-1167.23	5107.74	0.924626	-0.380875
-1169.87	5113.93	0.913274	-0.407346
-1172.67	5120.05	0.903709	-0.428147
-1175.61	5126.1	0.893855	-0.448356
-1178.42	5131.59	0.885703	-0.464253
-1181.58	5137.53	0.878858	-0.477083
-1184.82	5143.42	0.871958	-0.489581
-1188.15	5149.26	0.8649	-0.501944
-1191.27	5154.58	0.860702	-0.509108
-1194.7	5160.37	0.859229	-0.51159
-1198.15	5166.14	0.857713	-0.514129
-1201.32	5171.43	0.856306	-0.516468
-1204.8	5177.19	0.855809	-0.517291
-1208.28	5182.95	0.856771	-0.515696
-1211.74	5188.71	0.85773	-0.5141
-1215.2	5194.48	0.858686	-0.512502
-1218.35	5199.78	0.859524	-0.511095
-1221.79	5205.56	0.860307	-0.509777
-1225.21	5211.35	0.860903	-0.508768
-1228.35	5216.66	0.86132	-0.508063
-1231.76	5222.45	0.861813	-0.507226
-1235.17	5228.25	0.8624	-0.506227
-1238.57	5234.05	0.862806	-0.505535
-1241.97	5239.85	0.863012	-0.505184
-1245.09	5245.17	0.860834	-0.508886
-1248.54	5250.94	0.853967	-0.520327
-1252.07	5256.66	0.846757	-0.531979
-1255.68	5262.34	0.839171	-0.543868
-1259.06	5267.49	0.833199	-0.552973
-1262.8	5273.08	0.828921	-0.559365
-1266.58	5278.64	0.824407	-0.565997
-1270.4	5284.17	0.81967	-0.572836
-1273.95	5289.22	0.815906	-0.578185
-1277.85	5294.69	0.812626	-0.582785
-1281.78	5300.15	0.809108	-0.587659
-1285.74	5305.58	0.805353	-0.592795
-1289.42	5310.53	0.792079	-0.610418
-1293.64	5315.76	0.757419	-0.652929
-1298.15	5320.75	0.720201	-0.693766
-1302.93	5325.48	0.676773	-0.736192
-1308.02	5329.9	0.625098	-0.780546
-1312.93	5333.63	0.575025	-0.818136
-1318.55	5337.35	0.517967	-0.855401
-1324.41	5340.68	0.465745	-0.884919
-1330.44	5343.7	0.422189	-0.906508
-1336.61	5346.42	0.378094	-0.925767
-1342.9	5348.85	0.333568	-0.942726
-1348.77	5350.81	0.297895	-0.954599
-1355.23	5352.74	0.269464	-0.963011
-1361.75	5354.48	0.241306	-0.970449
-1368.32	5356.03	0.213528	-0.976937
-1374.93	5357.4	0.191945	-0.981406
-1381	5358.55	0.180069	-0.983654
-1387.65	5359.73	0.167709	-0.985837
-1394.31	5360.83	0.155972	-0.987761
-1400.42	5361.77	0.150058	-0.988677
-1401.53	5361.94	0.150238	-0.98865
-1401.53	5361.94	0.150238	-0.98865
-1401.53	5361.94	0.150238	-0.98865
-1401.53	5361.94	0.150238	-0.98865
-1401.53	5361.94	0.150238	-0.98865
-1401.53	5361.94	0.150238	-0.98865
-1401.53	5361.94	0.150238	-0.98865
-1401.53	5361.94	0.150238	-0.98865
-1401.53	5361.94	0.150238	-0.98865
-1401.53	5361.94	0.150238	-0.98865
-1401.53	5361.94	0.150238	-0.98865
-1401.53	5361.94	0.150238	-0.98865
-1401.53	5361.94	0.150238	-0.98865
-1401.53	5361.94	0.150238	-0.98865
-1401.53	5361.94	0.150238	-0.98865
-1401.53	5361.94	0.150238	-0.98865
-1401.53	5361.94	0.150238	-0.98865
-1401.53	5361.94	0.150238	-0.98865
-1401.53	5361.94	0.150238	-0.98865
-1401.53	5361.94	0.150238	-0.98865
-1401.53	5361.94	0.150238	-0.98865
-1401.53	5361.94	0.150238	-0.98865
-1401.53	5361.94	0.150238	-0.98865
-1401.53	5361.94	0.150238	-0.98865
-1401.53	5361.94	0.150238	-0.98865
-1401.53	5361.94	0.150238	-0.98865
-1401.53	5361.94	0.150238	-0.98865
-1401.53	5361.94	0.150238	-0.98865
-1401.53	5361.94	0.150238	-0.98865
-1401.53	5361.94	0.150238	-0.98865
-1401.53	5361.94	0.150238	-0.98865
-1401.53	5361.94	0.150238	-0.98865
-1401.53	5361.94	0.150238	-0.98865
-1401.53	5361.94	0.150238	-0.98865
-1401.53	5361.94	0.150238	-0.98865
-1401.53	5361.94	0.150238	-0.98865
-1401.53	5361.94	0.150238	-0.98865
-1401.53	5361.94	0.150238	-0.98865
-1401.53	5361.94	0.150238	-0.98865
-1401.53	5361.94	0.150238	-0.98865
-1401.53	5361.94	0.150238	-0.98865
-1401.53	5361.94	0.150238	-0.98865
-1401.53	5361.94	0.150238	-0.98865
