1170	-5100	1	0
1170	-5100	1	0
1170	-5100	1	0
1170	-5100	1	0
1170	-5100	1	0
1170	-5100	1	0
1170	-5100	1	0
1170	-5100	1	0
1170	-5100	1	0
1170	-5100	1	0
1170	-5100	1	0
1170	-5100	1	0
1170	-5100	1	0
1170	-5100	1	-0.000500911
1170	-5099.99	0.999999	-0.00120219
1170	-5099.99	0.999999	-0.00120219
1170	-5099.99	0.999998	-0.00179579
1170	-5099.97	0.999993	-0.00379964
1170	-5099.94	0.999977	-0.00685164
1170	-5099.9	0.999932	-0.0116593
1170	-5099.85	0.99984	-0.0178712
1170	-5099.78	0.999675	-0.0255048
1170	-5099.7	0.999403	-0.0345415
1169.99	-5099.61	0.998989	-0.0449633
1169.99	-5099.52	0.99844	-0.0558429
1169.98	-5099.41	0.997613	-0.0690586
1169.97	-5099.28	0.996495	-0.0836562
1169.96	-5099.15	0.995163	-0.098237
1169.94	-5099	0.993312	-0.115464
1169.92	-5098.84	0.99096	-0.134155
1169.9	-5098.67	0.988039	-0.154205
1169.87	-5098.48	0.984421	-0.175829
1169.83	-5098.3	0.980361	-0.197211
1169.79	-5098.08	0.974945	-0.222447
1169.73	-5097.84	0.968419	-0.249328
1169.66	-5097.6	0.96415	-0.265357
1169.6	-5097.37	0.964165	-0.265303
1169.52	-5097.09	0.964172	-0.26528
1169.44	-5096.8	0.964221	-0.265099
1169.36	-5096.5	0.964304	-0.264799
1169.27	-5096.18	0.964355	-0.264611
1169.18	-5095.85	0.964502	-0.264076
1169.1	-5095.53	0.964647	-0.263547
1169	-5095.17	0.9647	-0.263353
1168.9	-5094.8	0.964843	-0.262829
1168.79	-5094.4	0.964982	-0.262317
1168.69	-5094.03	0.965117	-0.261818
1168.57	-5093.61	0.965287	-0.261191
1168.45	-5093.17	0.965353	-0.260949
1168.33	-5092.71	0.965539	-0.26026
1168.2	-5092.24	0.965822	-0.259205
1168.08	-5091.79	0.96602	-0.258468
1167.95	-5091.29	0.96615	-0.257982
1167.81	-5090.77	0.96627	-0.25753
1167.68	-5090.27	0.966401	-0.257038
1167.53	-5089.72	0.966683	-0.255975
1167.38	-5089.15	0.966895	-0.255173
1167.23	-5088.56	0.967065	-0.254529
1167.08	-5088.01	0.96721	-0.253977
1166.92	-5087.39	0.967492	-0.252901
1166.75	-5086.75	0.96766	-0.252257
1166.58	-5086.1	0.967891	-0.251369
1166.42	-5085.48	0.968011	-0.250908
1166.24	-5084.79	0.968204	-0.250161
1166.06	-5084.09	0.968616	-0.248561
1165.88	-5083.37	0.968885	-0.247512
1165.69	-5082.64	0.969155	-0.24645
1165.52	-5081.95	0.969401	-0.245481
1165.32	-5081.18	0.969518	-0.245021
1165.12	-5080.4	0.969832	-0.243774
1164.92	-5079.59	0.970117	-0.242637
1164.72	-5078.78	0.970407	-0.241476
1164.53	-5078.02	0.970811	-0.239845
1164.32	-5077.17	0.970996	-0.239096
1164.11	-5076.3	0.971087	-0.238726
1163.89	-5075.42	0.97138	-0.237529
1163.67	-5074.52	0.971844	-0.235627
1163.45	-5073.61	0.972164	-0.234299
1163.23	-5072.67	0.972258	-0.233912
1163.02	-5071.81	0.972526	-0.232794
1162.79	-5070.84	0.972814	-0.23159
1162.55	-5069.86	0.973122	-0.230288
1162.32	-5068.87	0.973597	-0.228274
1162.1	-5067.94	0.973771	-0.227528
1161.86	-5066.91	0.974001	-0.226543
1161.62	-5065.87	0.974516	-0.224316
1161.38	-5064.8	0.97477	-0.223213
1161.13	-5063.72	0.974975	-0.222314
1160.9	-5062.72	0.97519	-0.221369
1160.65	-5061.61	0.975787	-0.218721
1160.4	-5060.48	0.976199	-0.216875
1160.17	-5059.43	0.976498	-0.215528
1159.91	-5058.27	0.976478	-0.215617
1159.65	-5057.09	0.976958	-0.213431
1159.39	-5055.9	0.977663	-0.210178
1159.13	-5054.69	0.978016	-0.208528
1158.89	-5053.56	0.978226	-0.207542
1158.63	-5052.32	0.978413	-0.206658
1158.36	-5051.06	0.978662	-0.205477
1158.12	-5049.89	0.979162	-0.20308
1157.85	-5048.59	0.979433	-0.201772
1157.58	-5047.28	0.979927	-0.199354
1157.32	-5045.96	0.980457	-0.196736
1157.05	-5044.62	0.980865	-0.19469
1156.8	-5043.38	0.980516	-0.196439
1156.52	-5042	0.979894	-0.19952
1156.24	-5040.61	0.979162	-0.203082
1155.95	-5039.21	0.978382	-0.206805
1155.67	-5037.91	0.977899	-0.20908
1155.36	-5036.47	0.976944	-0.213497
1155.04	-5035.02	0.975925	-0.218107
1154.71	-5033.57	0.97467	-0.223648
1154.37	-5032.09	0.973869	-0.22711
1154.02	-5030.6	0.97346	-0.228857
1153.66	-5029.09	0.972803	-0.231633
1153.3	-5027.57	0.971712	-0.236167
1152.95	-5026.16	0.970587	-0.240751
1152.57	-5024.61	0.969486	-0.245146
1152.17	-5023.05	0.968746	-0.248055
1151.8	-5021.6	0.967701	-0.252102
1151.38	-5020.01	0.966666	-0.256041
1150.95	-5018.4	0.965112	-0.261837
1150.51	-5016.79	0.964289	-0.264852
1150.02	-5015.01	0.963678	-0.267067
1149.6	-5013.5	0.962466	-0.271404
1149.13	-5011.84	0.960674	-0.27768
1148.64	-5010.18	0.959436	-0.281927
1148.14	-5008.49	0.958449	-0.285264
1147.63	-5006.79	0.957514	-0.288388
1147.11	-5005.07	0.956446	-0.291911
1146.63	-5003.49	0.954952	-0.296761
1146.08	-5001.75	0.953593	-0.301099
1145.53	-5000	0.952241	-0.305348
1145.01	-4998.39	0.951049	-0.309039
1144.42	-4996.61	0.949591	-0.31349
1143.83	-4994.82	0.948725	-0.316104
1143.23	-4993.02	0.946895	-0.321544
1142.66	-4991.36	0.945251	-0.326344
1142.03	-4989.54	0.944361	-0.328912
1141.38	-4987.7	0.943307	-0.331923
1140.78	-4986	0.941882	-0.335943
1140.12	-4984.14	0.940357	-0.34019
1139.43	-4982.27	0.938264	-0.345921
1138.73	-4980.38	0.937083	-0.349106
1138.02	-4978.48	0.936234	-0.351376
1137.36	-4976.73	0.934718	-0.355391
1136.63	-4974.8	0.932487	-0.361204
1135.87	-4972.88	0.930592	-0.366058
1135.17	-4971.1	0.929799	-0.368068
1134.39	-4969.14	0.928726	-0.370767
1133.6	-4967.17	0.926635	-0.375961
1132.79	-4965.19	0.924256	-0.381773
1131.97	-4963.21	0.922413	-0.386205
1131.2	-4961.38	0.921421	-0.388565
1130.35	-4959.37	0.919959	-0.392014
1129.48	-4957.35	0.917957	-0.39668
1128.6	-4955.32	0.91653	-0.399967
1127.71	-4953.28	0.914338	-0.404953
1126.8	-4951.23	0.912491	-0.409096
1125.87	-4949.17	0.911168	-0.412035
1125.01	-4947.28	0.909373	-0.415981
1124.05	-4945.2	0.907972	-0.419031
1123.09	-4943.11	0.906248	-0.422746
1122.1	-4941.01	0.904059	-0.427407
1121.18	-4939.08	0.902818	-0.430024
1120.17	-4936.95	0.901453	-0.432877
1119.14	-4934.82	0.8984	-0.439179
1118.17	-4932.87	0.892792	-0.45047
1117.08	-4930.74	0.886106	-0.463483
1115.95	-4928.6	0.883991	-0.467504
1114.81	-4926.45	0.880723	-0.473632
1113.74	-4924.47	0.87348	-0.48686
1112.52	-4922.33	0.863815	-0.503809
1111.26	-4920.2	0.858302	-0.513144
1109.97	-4918.06	0.855502	-0.5178
1108.77	-4916.09	0.851327	-0.524636
1107.44	-4913.94	0.844709	-0.535225
1106.06	-4911.8	0.834549	-0.550934
1104.63	-4909.67	0.828904	-0.55939
1103.19	-4907.53	0.825386	-0.564568
1101.83	-4905.57	0.820432	-0.571744
1100.33	-4903.43	0.813403	-0.581701
1098.79	-4901.31	0.802657	-0.596441
1097.33	-4899.38	0.795324	-0.606184
1095.71	-4897.27	0.791082	-0.61171
1094.07	-4895.15	0.785176	-0.619273
1092.39	-4893.06	0.774633	-0.632411
1090.81	-4891.15	0.76855	-0.63979
1089.07	-4889.06	0.765571	-0.643351
1087.3	-4886.96	0.760599	-0.649221
1085.5	-4884.87	0.752218	-0.658914
1083.81	-4882.97	0.744375	-0.667762
1081.94	-4880.91	0.736186	-0.676779
1080.04	-4878.84	0.731677	-0.681652
1078.1	-4876.79	0.724978	-0.688772
1076.31	-4874.91	0.718098	-0.695942
1074.31	-4872.88	0.706268	-0.707945
1072.27	-4870.87	0.697406	-0.716677
1070.38	-4869.04	0.692882	-0.721051
1068.28	-4867.03	0.686344	-0.727277
1066.15	-4865.05	0.676949	-0.73603
1063.99	-4863.07	0.671133	-0.741337
1061.8	-4861.11	0.663194	-0.748448
1059.77	-4859.32	0.657254	-0.753669
1057.52	-4857.37	0.65362	-0.756823
1055.25	-4855.42	0.646446	-0.76296
1052.95	-4853.49	0.639114	-0.769112
1050.82	-4851.73	0.634041	-0.773299
1048.47	-4849.82	0.627881	-0.778309
1046.09	-4847.9	0.624192	-0.781271
1043.69	-4846	0.617565	-0.78652
1041.26	-4844.11	0.61087	-0.791731
1039.02	-4842.38	0.605775	-0.795636
1036.54	-4840.51	0.600966	-0.799275
1034.05	-4838.64	0.59773	-0.801697
1031.74	-4836.93	0.593633	-0.804736
1029.2	-4835.06	0.590969	-0.806694
1026.65	-4833.2	0.586538	-0.809921
1024.07	-4831.34	0.583134	-0.812376
1021.47	-4829.48	0.581179	-0.813776
1019.08	-4827.78	0.577722	-0.816234
1016.45	-4825.92	0.575712	-0.817652
1013.8	-4824.05	0.57246	-0.819933
1011.13	-4822.2	0.567582	-0.823317
1008.66	-4820.51	0.565728	-0.824592
1005.73	-4818.5	0.563679	-0.825994
1003.23	-4816.8	0.560099	-0.828426
1000.49	-4814.95	0.557932	-0.829887
997.728	-4813.1	0.554774	-0.832001
994.948	-4811.25	0.553852	-0.832615
992.387	-4809.55	0.552558	-0.833474
989.577	-4807.69	0.548374	-0.836233
986.748	-4805.84	0.546697	-0.83733
984.141	-4804.14	0.545309	-0.838235
981.28	-4802.29	0.543397	-0.839476
978.401	-4800.42	0.543748	-0.839249
975.509	-4798.55	0.540948	-0.841056
972.601	-4796.69	0.536594	-0.843841
969.917	-4794.99	0.535759	-0.844371
966.975	-4793.12	0.538065	-0.842903
964.027	-4791.23	0.54089	-0.841093
961.324	-4789.49	0.543599	-0.839345
958.367	-4787.56	0.546784	-0.837274
955.408	-4785.62	0.551406	-0.834237
952.451	-4783.66	0.555613	-0.831441
949.486	-4781.67	0.559199	-0.829033
946.522	-4779.66	0.563356	-0.826214
943.801	-4777.8	0.566479	-0.824076
940.827	-4775.75	0.570139	-0.821549
937.856	-4773.68	0.574129	-0.818765
935.129	-4771.76	0.577349	-0.816497
932.15	-4769.64	0.583887	-0.811835
929.19	-4767.48	0.596136	-0.802884
926.25	-4765.28	0.604711	-0.796445
923.314	-4763.03	0.61136	-0.791352
920.386	-4760.75	0.617491	-0.786578
917.703	-4758.64	0.62451	-0.781017
914.798	-4756.28	0.635101	-0.772429
912.15	-4754.09	0.642737	-0.766087
909.276	-4751.65	0.650003	-0.759932
906.402	-4749.18	0.653997	-0.756497
903.531	-4746.69	0.660474	-0.750849
900.678	-4744.15	0.669985	-0.742375
898.085	-4741.79	0.676926	-0.736051
895.26	-4739.18	0.682617	-0.730776
892.454	-4736.53	0.690662	-0.723178
889.897	-4734.07	0.697841	-0.716253
887.132	-4731.35	0.706039	-0.708173
884.38	-4728.59	0.711909	-0.702272
881.642	-4725.79	0.717448	-0.696612
878.91	-4722.96	0.722956	-0.690894
876.427	-4720.34	0.730651	-0.682751
873.742	-4717.44	0.737305	-0.67556
871.071	-4714.51	0.742126	-0.670261
868.631	-4711.79	0.747133	-0.664675
865.992	-4708.8	0.753369	-0.657597
863.359	-4705.77	0.757454	-0.652889
860.743	-4702.71	0.763246	-0.646108
858.145	-4699.62	0.768092	-0.64034
855.774	-4696.76	0.772587	-0.634909
853.208	-4693.61	0.778129	-0.628105
850.869	-4690.7	0.781563	-0.623826
848.32	-4687.49	0.785306	-0.619108
845.791	-4684.26	0.790738	-0.612154
843.285	-4681	0.795616	-0.605801
840.79	-4677.71	0.798815	-0.601576
838.507	-4674.66	0.801819	-0.597568
836.028	-4671.32	0.805475	-0.59263
833.764	-4668.23	0.808506	-0.588488
831.308	-4664.83	0.811751	-0.584004
828.857	-4661.41	0.814654	-0.579948
826.418	-4657.97	0.817825	-0.575467
824.192	-4654.79	0.820729	-0.571317
821.778	-4651.31	0.823934	-0.566686
819.372	-4647.79	0.826845	-0.56243
817.176	-4644.55	0.829496	-0.558512
814.787	-4640.99	0.83205	-0.554701
812.41	-4637.41	0.834632	-0.550808
810.044	-4633.81	0.837173	-0.546938
807.881	-4630.49	0.839462	-0.543419
805.528	-4626.84	0.841794	-0.539798
803.185	-4623.17	0.84403	-0.536295
800.849	-4619.48	0.846345	-0.532635
798.715	-4616.07	0.848277	-0.529553
796.397	-4612.35	0.850079	-0.526655
794.086	-4608.61	0.852094	-0.523388
791.78	-4604.84	0.854408	-0.519602
789.482	-4601.04	0.856465	-0.516206
787.38	-4597.54	0.857956	-0.513722
785.092	-4593.71	0.858856	-0.512217
782.803	-4589.87	0.860121	-0.510089
780.71	-4586.33	0.861716	-0.507391
778.428	-4582.45	0.862632	-0.505831
776.149	-4578.55	0.863466	-0.504406
773.868	-4574.65	0.864389	-0.502824
771.782	-4571.05	0.866232	-0.499642
769.513	-4567.1	0.868253	-0.496122
767.252	-4563.13	0.870186	-0.492724
765.189	-4559.47	0.871419	-0.490539
762.943	-4555.47	0.873194	-0.487373
760.706	-4551.45	0.875209	-0.483745
758.476	-4547.4	0.877245	-0.480042
756.257	-4543.32	0.878815	-0.477163
754.042	-4539.24	0.879426	-0.476036
751.829	-4535.14	0.880566	-0.473924
749.804	-4531.37	0.8823	-0.470688
747.604	-4527.23	0.883663	-0.468124
745.406	-4523.08	0.883882	-0.467709
743.39	-4519.26	0.884672	-0.466213
741.192	-4515.08	0.885876	-0.463923
738.999	-4510.88	0.886175	-0.463351
736.8	-4506.68	0.886531	-0.46267
734.783	-4502.81	0.887535	-0.460741
732.585	-4498.57	0.887703	-0.460416
730.381	-4494.32	0.887289	-0.461215
728.354	-4490.43	0.887118	-0.461542
726.136	-4486.16	0.887028	-0.461716
723.91	-4481.89	0.886411	-0.4629
721.673	-4477.61	0.886297	-0.463117
719.428	-4473.31	0.886077	-0.463538
717.176	-4469.02	0.88533	-0.464963
715.101	-4465.07	0.884865	-0.465847
712.829	-4460.76	0.88431	-0.466901
710.545	-4456.44	0.883758	-0.467944
708.444	-4452.47	0.883392	-0.468634
706.143	-4448.14	0.882633	-0.470062
703.83	-4443.8	0.882459	-0.470389
701.51	-4439.45	0.882581	-0.470161
699.184	-4435.09	0.882065	-0.471127
697.043	-4431.08	0.881599	-0.471999
694.699	-4426.71	0.881295	-0.472566
692.347	-4422.33	0.880585	-0.473888
689.985	-4417.94	0.880384	-0.474261
687.613	-4413.54	0.880623	-0.473818
685.434	-4409.48	0.880594	-0.473871
683.048	-4405.06	0.879894	-0.47517
680.652	-4400.63	0.879036	-0.476755
678.243	-4396.19	0.87827	-0.478165
675.82	-4391.75	0.877639	-0.479322
673.586	-4387.66	0.876992	-0.480506
671.138	-4383.2	0.876213	-0.481925
668.676	-4378.73	0.875964	-0.482377
666.417	-4374.63	0.876119	-0.482094
663.948	-4370.14	0.876341	-0.481691
661.477	-4365.64	0.876319	-0.48173
658.995	-4361.13	0.876495	-0.48141
656.517	-4356.61	0.877314	-0.479916
654.244	-4352.45	0.877661	-0.479282
651.763	-4347.9	0.877866	-0.478906
649.275	-4343.34	0.878082	-0.478511
646.998	-4339.16	0.878971	-0.476875
644.511	-4334.57	0.878493	-0.477756
642.006	-4329.98	0.877914	-0.478818
639.497	-4325.37	0.87792	-0.478807
637.187	-4321.14	0.87801	-0.478643
634.672	-4316.52	0.878795	-0.477199
632.156	-4311.88	0.879336	-0.476202
629.854	-4307.62	0.879412	-0.476061
627.319	-4302.96	0.87645	-0.481493
624.743	-4298.32	0.871462	-0.490464
622.109	-4293.69	0.865414	-0.501058
619.645	-4289.48	0.85991	-0.510446
616.899	-4284.91	0.853566	-0.520984
614.095	-4280.36	0.847907	-0.530145
611.477	-4276.21	0.84217	-0.539212
608.55	-4271.71	0.828995	-0.559255
605.468	-4267.3	0.808187	-0.588925
602.248	-4262.98	0.797133	-0.603804
598.965	-4258.68	0.789632	-0.613581
595.596	-4254.42	0.773118	-0.634262
592.088	-4250.27	0.748744	-0.662859
588.726	-4246.59	0.728812	-0.684714
584.961	-4242.64	0.714294	-0.699845
581.087	-4238.78	0.69112	-0.72274
577.078	-4235.05	0.673862	-0.738858
573.348	-4231.67	0.66579	-0.746139
569.205	-4228.04	0.6464	-0.762999
564.958	-4224.53	0.628692	-0.777655
560.64	-4221.08	0.612695	-0.79032
556.23	-4217.75	0.591406	-0.806374
551.734	-4214.51	0.578739	-0.815513
547.572	-4211.57	0.571852	-0.820357
542.985	-4208.41	0.565508	-0.824743
538.373	-4205.25	0.557839	-0.829949
534.095	-4202.43	0.544093	-0.839025
529.383	-4199.4	0.537772	-0.84309
524.64	-4196.38	0.535994	-0.844222
519.881	-4193.36	0.532228	-0.846601
515.491	-4190.63	0.524802	-0.851224
510.67	-4187.67	0.521399	-0.853313
505.829	-4184.72	0.517788	-0.855509
501.37	-4182.04	0.51073	-0.859741
496.472	-4179.16	0.50433	-0.863511
491.548	-4176.29	0.503362	-0.864076
486.609	-4173.41	0.500889	-0.865511
481.647	-4170.56	0.494214	-0.86934
477.074	-4167.97	0.491301	-0.87099
472.067	-4165.15	0.490119	-0.871656
467.046	-4162.34	0.486762	-0.873534
462.43	-4159.78	0.483017	-0.875611
457.38	-4157	0.480129	-0.877198
452.314	-4154.23	0.478862	-0.87789
447.233	-4151.46	0.478244	-0.878227
442.567	-4148.93	0.476299	-0.879283
437.461	-4146.16	0.475713	-0.8796
432.343	-4143.4	0.474952	-0.880012
427.643	-4140.86	0.473516	-0.880785
422.509	-4138.11	0.471887	-0.881659
417.368	-4135.36	0.470905	-0.882184
412.216	-4132.61	0.4702	-0.88256
407.051	-4129.86	0.469642	-0.882857
401.875	-4127.11	0.468957	-0.883221
397.123	-4124.59	0.468762	-0.883324
391.93	-4121.83	0.468362	-0.883536
387.152	-4119.3	0.467626	-0.883927
381.93	-4116.54	0.46759	-0.883945
376.704	-4113.78	0.468359	-0.883538
371.471	-4111	0.46825	-0.883596
366.225	-4108.22	0.468146	-0.883651
361.413	-4105.67	0.468637	-0.883391
356.151	-4102.88	0.46797	-0.883744
350.871	-4100.09	0.467235	-0.884133
345.586	-4097.29	0.468329	-0.883554
340.743	-4094.72	0.470178	-0.882572
335.464	-4091.9	0.472193	-0.881495
330.189	-4089.07	0.474206	-0.880414
324.918	-4086.23	0.476217	-0.879328
320.09	-4083.6	0.478061	-0.878327
314.826	-4080.73	0.48007	-0.87723
309.566	-4077.85	0.482075	-0.87613
304.75	-4075.19	0.486917	-0.873448
299.516	-4072.24	0.494702	-0.869062
294.29	-4069.25	0.499854	-0.86611
289.074	-4066.22	0.503162	-0.864192
284.281	-4063.43	0.505479	-0.862839
279.072	-4060.35	0.512688	-0.858575
273.861	-4057.23	0.515376	-0.856964
269.092	-4054.35	0.521469	-0.85327
263.907	-4051.15	0.52737	-0.849636
258.721	-4047.93	0.527408	-0.849612
253.517	-4044.7	0.529706	-0.848181
248.765	-4041.71	0.53704	-0.843557
243.592	-4038.4	0.539583	-0.841933
238.412	-4035.08	0.542615	-0.839981
233.677	-4032	0.54649	-0.837466
228.5	-4028.62	0.546932	-0.837177
223.328	-4025.23	0.551479	-0.834188
218.164	-4021.8	0.556476	-0.830864
213.02	-4018.33	0.561828	-0.827254
207.878	-4014.83	0.564588	-0.825373
203.165	-4011.59	0.566668	-0.823946
198.017	-4008.05	0.568902	-0.822405
192.882	-4004.47	0.574915	-0.818213
188.196	-4001.16	0.579754	-0.814791
183.084	-3997.52	0.581155	-0.813793
177.965	-3993.86	0.583587	-0.81205
172.861	-3990.17	0.58851	-0.80849
168.19	-3986.76	0.590736	-0.806865
163.09	-3983.02	0.592974	-0.805222
157.999	-3979.25	0.596042	-0.802953
153.33	-3975.78	0.597196	-0.802095
148.228	-3971.98	0.598809	-0.800892
143.133	-3968.16	0.601487	-0.798883
138.036	-3964.31	0.60325	-0.797552
132.944	-3960.45	0.605917	-0.795528
127.858	-3956.57	0.60843	-0.793607
122.779	-3952.66	0.610126	-0.792305
118.111	-3949.07	0.610563	-0.791967
113.018	-3945.13	0.612477	-0.790488
107.933	-3941.18	0.61483	-0.78866
103.274	-3937.54	0.615825	-0.787883
98.1785	-3933.56	0.615997	-0.787749
93.07	-3929.57	0.616401	-0.787432
87.9599	-3925.56	0.617467	-0.786597
83.2747	-3921.88	0.618028	-0.786156
78.1552	-3917.85	0.618423	-0.785846
73.0296	-3913.82	0.618806	-0.785544
68.319	-3910.11	0.618719	-0.785613
63.1723	-3906.05	0.61868	-0.785643
58.0228	-3902	0.618667	-0.785653
52.8693	-3897.94	0.618649	-0.785668
47.7113	-3893.88	0.618619	-0.785691
42.9712	-3890.15	0.618532	-0.78576
37.7865	-3886.07	0.618439	-0.785833
32.5931	-3881.98	0.618267	-0.785968
27.3909	-3877.89	0.617641	-0.78646
22.6162	-3874.14	0.616999	-0.786964
17.4007	-3870.06	0.616493	-0.78736
12.1817	-3865.97	0.618178	-0.786038
6.98313	-3861.86	0.623085	-0.782154
2.23853	-3858.06	0.627858	-0.778328
-2.90702	-3853.88	0.632663	-0.774427
-8.03495	-3849.68	0.636958	-0.770898
-13.1285	-3845.44	0.643593	-0.765368
-17.7708	-3841.52	0.647892	-0.761732
-22.8099	-3837.21	0.652558	-0.757739
-27.8095	-3832.85	0.674452	-0.738318
-32.5798	-3828.24	0.73075	-0.682645
-36.57	-3823.65	0.775984	-0.630753
-40.7122	-3818.46	0.785303	-0.619112
-44.8202	-3813.24	0.786892	-0.617091
-48.5676	-3808.44	0.7897	-0.613494
-52.6312	-3803.19	0.792736	-0.609565
-56.669	-3797.92	0.795707	-0.605682
-60.6876	-3792.63	0.793542	-0.608516
-64.7637	-3787.38	0.784092	-0.620645
-68.5712	-3782.63	0.775182	-0.631738
-72.8023	-3777.51	0.765188	-0.643806
-77.1145	-3772.45	0.75438	-0.656438
-81.5144	-3767.47	0.742524	-0.669819
-85.6259	-3762.97	0.73141	-0.681938
-90.1949	-3758.14	0.71961	-0.694379
-94.8431	-3753.39	0.708398	-0.705813
-99.5674	-3748.71	0.697004	-0.717067
-104.367	-3744.11	0.685431	-0.728137
-108.829	-3739.95	0.676492	-0.73645
-113.746	-3735.48	0.669035	-0.743231
-118.293	-3731.41	0.662139	-0.749381
-123.297	-3727.03	0.654552	-0.756017
-128.344	-3722.7	0.648168	-0.761497
-133.422	-3718.4	0.643527	-0.765423
-138.526	-3714.13	0.638862	-0.769321
-143.228	-3710.24	0.634565	-0.772869
-148.381	-3706.03	0.631157	-0.775655
-153.547	-3701.83	0.629564	-0.776948
-158.723	-3697.65	0.627969	-0.778238
-163.475	-3693.82	0.626504	-0.779418
-168.666	-3689.65	0.626217	-0.779649
-173.854	-3685.48	0.627776	-0.778394
-179.033	-3681.29	0.629346	-0.777125
-184.205	-3677.1	0.630914	-0.775853
-188.938	-3673.24	0.632675	-0.774418
-194.091	-3669.02	0.635016	-0.772499
-199.231	-3664.78	0.63736	-0.770566
-204.359	-3660.53	0.639734	-0.768597
-209.474	-3656.26	0.642162	-0.766569
-214.151	-3652.33	0.644469	-0.76463
-219.24	-3648.03	0.647148	-0.762365
-224.314	-3643.71	0.649979	-0.759952
-229.371	-3639.37	0.652897	-0.757447
-234.413	-3635.01	0.655836	-0.754903
-239.437	-3630.63	0.658772	-0.752343
-244.029	-3626.6	0.661214	-0.750198
-249.025	-3622.19	0.663431	-0.748237
-254.008	-3617.76	0.665694	-0.746225
-258.564	-3613.68	0.667779	-0.744359
-263.523	-3609.22	0.669493	-0.742819
-268.475	-3604.76	0.670044	-0.742321
-273.425	-3600.29	0.670422	-0.74198
-278.373	-3595.82	0.670641	-0.741782
-283.321	-3591.34	0.670713	-0.741717
-288.269	-3586.87	0.670645	-0.741778
-292.806	-3582.77	0.670476	-0.741932
-297.757	-3578.29	0.670237	-0.742147
-302.71	-3573.82	0.669988	-0.742372
-307.664	-3569.35	0.669738	-0.742597
-312.208	-3565.25	0.669507	-0.742806
-317.166	-3560.79	0.669249	-0.743039
-322.127	-3556.32	0.668664	-0.743565
-327.093	-3551.86	0.66763	-0.744493
-332.066	-3547.41	0.666592	-0.745423
-336.63	-3543.33	0.665631	-0.746281
-341.616	-3538.89	0.66488	-0.74695
-346.604	-3534.45	0.664543	-0.74725
-351.179	-3530.38	0.6642	-0.747555
-356.173	-3525.95	0.663784	-0.747924
-361.17	-3521.51	0.663346	-0.748313
-366.169	-3517.08	0.662901	-0.748707
-371.172	-3512.66	0.662433	-0.749121
-375.761	-3508.6	0.661963	-0.749536
-380.77	-3504.18	0.661413	-0.750022
-385.783	-3499.76	0.660836	-0.75053
-390.382	-3495.71	0.660296	-0.751006
-395.402	-3491.3	0.659699	-0.75153
-400.432	-3486.9	0.652489	-0.757798
-405.536	-3482.59	0.635791	-0.771861
-410.735	-3478.38	0.61875	-0.785588
-415.581	-3474.63	0.602488	-0.798128
-420.956	-3470.65	0.583953	-0.811787
-426.422	-3466.8	0.565045	-0.82506
-431.976	-3463.08	0.545815	-0.837906
-437.142	-3459.77	0.529315	-0.848426
-442.844	-3456.28	0.513772	-0.857927
-448.61	-3452.88	0.498135	-0.8671
-454.436	-3449.59	0.482456	-0.87592
-460.321	-3446.41	0.468597	-0.883412
-465.754	-3443.56	0.458284	-0.888806
-471.718	-3440.52	0.44709	-0.894489
-477.721	-3437.56	0.435934	-0.899979
-483.76	-3434.67	0.427496	-0.904017
-489.312	-3432.06	0.423258	-0.906009
-495.384	-3429.24	0.418732	-0.90811
-501.471	-3426.45	0.414257	-0.91016
-507.57	-3423.68	0.412105	-0.911136
-513.67	-3420.92	0.413179	-0.91065
-519.26	-3418.38	0.414161	-0.910204
-525.355	-3415.6	0.41522	-0.909721
-531.447	-3412.82	0.416605	-0.909088
-537.535	-3410.02	0.418488	-0.908222
-543.111	-3407.45	0.420192	-0.907435
-549.188	-3404.63	0.422039	-0.906578
-555.26	-3401.79	0.424269	-0.905536
-561.325	-3398.94	0.427036	-0.904234
-567.381	-3396.07	0.429797	-0.902925
-572.926	-3393.43	0.432322	-0.90172
-578.966	-3390.52	0.434686	-0.900582
-585.001	-3387.6	0.436508	-0.8997
-591.03	-3384.67	0.438329	-0.898815
-596.552	-3381.97	0.439996	-0.898
-602.571	-3379.02	0.441813	-0.897107
-608.584	-3376.05	0.443625	-0.896212
-614.592	-3373.07	0.445434	-0.895315
-620.594	-3370.08	0.44724	-0.894414
-626.091	-3367.32	0.448894	-0.893585
-632.083	-3364.31	0.450697	-0.892677
-638.069	-3361.28	0.452497	-0.891766
-643.551	-3358.49	0.454141	-0.89093
-649.526	-3355.44	0.455928	-0.890017
-655.496	-3352.37	0.457712	-0.8891
-661.46	-3349.3	0.459495	-0.88818
-667.419	-3346.21	0.460514	-0.887653
-673.376	-3343.12	0.460464	-0.887678
-679.335	-3340.03	0.460415	-0.887704
-684.797	-3337.2	0.460369	-0.887727
-690.757	-3334.11	0.46032	-0.887753
-696.717	-3331.02	0.46027	-0.887779
-702.182	-3328.18	0.460225	-0.887802
-708.143	-3325.09	0.460176	-0.887828
-714.106	-3322	0.460127	-0.887853
-720.069	-3318.91	0.460078	-0.887878
-726.032	-3315.82	0.460029	-0.887904
-731.5	-3312.99	0.459984	-0.887927
-737.464	-3309.9	0.459935	-0.887953
-742.933	-3307.07	0.45989	-0.887976
-748.899	-3303.98	0.459841	-0.888001
-754.866	-3300.89	0.459792	-0.888027
-760.831	-3297.79	0.464671	-0.885483
-766.764	-3294.64	0.476391	-0.879234
-772.167	-3291.68	0.48706	-0.873369
-778.019	-3288.37	0.498617	-0.866822
-783.827	-3284.98	0.510814	-0.859691
-789.107	-3281.81	0.522843	-0.852429
-794.816	-3278.25	0.535891	-0.844287
-800.47	-3274.61	0.548848	-0.835922
-806.068	-3270.89	0.56099	-0.827822
-811.615	-3267.08	0.572034	-0.82023
-817.11	-3263.21	0.582929	-0.812523
-822.103	-3259.59	0.592773	-0.805369
-827.5	-3255.57	0.60131	-0.799016
-832.864	-3251.51	0.606874	-0.794798
-838.201	-3247.41	0.612338	-0.790596
-843.068	-3243.62	0.61727	-0.786751
-848.352	-3239.45	0.621241	-0.783619
-853.621	-3235.26	0.623288	-0.781992
-858.881	-3231.06	0.625294	-0.780389
-864.129	-3226.85	0.627253	-0.778816
-868.932	-3222.97	0.628329	-0.777948
-874.169	-3218.74	0.628588	-0.777739
-879.406	-3214.51	0.628823	-0.777548
-884.641	-3210.28	0.628373	-0.777912
-889.446	-3206.4	0.627084	-0.778951
-894.695	-3202.18	0.625673	-0.780086
-899.952	-3197.97	0.624259	-0.781217
-905.218	-3193.77	0.622843	-0.782347
-910.491	-3189.58	0.621425	-0.783473
-915.332	-3185.74	0.620131	-0.784498
-920.62	-3181.57	0.618725	-0.785607
-925.916	-3177.41	0.61733	-0.786704
-930.778	-3173.6	0.616106	-0.787663
-936.088	-3169.45	0.614907	-0.7886
-941.405	-3165.31	0.613911	-0.789376
-946.728	-3161.17	0.612473	-0.790491
-952.06	-3157.05	0.61032	-0.792155
-956.958	-3153.28	0.608526	-0.793534
-962.312	-3149.19	0.606751	-0.794892
-967.674	-3145.1	0.605227	-0.796053
-973.042	-3141.02	0.604447	-0.796645
-977.963	-3137.29	0.603695	-0.797215
-983.34	-3133.23	0.602051	-0.798458
-988.724	-3129.17	0.600814	-0.799389
-994.113	-3125.13	0.600075	-0.799944
-999.052	-3121.42	0.600291	-0.799781
-1004.44	-3117.38	0.599264	-0.800551
-1009.84	-3113.35	0.597894	-0.801576
-1014.79	-3109.65	0.598587	-0.801058
-1020.18	-3105.62	0.600563	-0.799577
-1025.55	-3101.55	0.618633	-0.78568
-1030.76	-3097.28	0.64821	-0.761462
-1035.85	-3092.87	0.66628	-0.745702
-1040.82	-3088.32	0.682724	-0.730676
-1045.72	-3083.7	0.698542	-0.715569
-1050.07	-3079.32	0.72184	-0.69206
-1054.68	-3074.41	0.739929	-0.672685
-1059.16	-3069.38	0.751953	-0.659217
-1063.58	-3064.3	0.760866	-0.648909
-1067.54	-3059.57	0.780244	-0.625475
-1071.65	-3054.23	0.802043	-0.597267
-1075.63	-3048.8	0.815512	-0.578741
-1079.77	-3042.8	0.829106	-0.559091
-1083.51	-3037.2	0.838754	-0.544511
-1086.81	-3031.99	0.852699	-0.522402
-1090.28	-3026.22	0.863306	-0.50468
-1093.63	-3020.38	0.87222	-0.489115
-1096.88	-3014.48	0.881752	-0.471714
-1099.99	-3008.52	0.889788	-0.456374
-1102.8	-3003.02	0.892883	-0.450289
-1105.8	-2997	0.89874	-0.438483
-1108.71	-2990.94	0.904655	-0.426144
-1111.31	-2985.34	0.909834	-0.414972
-1114.07	-2979.2	0.916765	-0.399427
-1116.7	-2973.01	0.923328	-0.384013
-1119.27	-2966.79	0.925776	-0.378072
-1121.8	-2960.55	0.928889	-0.370359
-1124.05	-2954.81	0.932676	-0.360714
-1126.47	-2948.53	0.934448	-0.3561
-1128.85	-2942.24	0.934922	-0.354855
-1131.05	-2936.47	0.934927	-0.354841
-1133.43	-2930.18	0.935518	-0.353278
-1135.8	-2923.89	0.935269	-0.353938
-1138.18	-2917.6	0.935358	-0.353702
-1140.56	-2911.31	0.935113	-0.354349
-1142.75	-2905.55	0.934264	-0.356583
-1145.15	-2899.26	0.933804	-0.357784
-1147.56	-2892.99	0.933613	-0.358283
-1149.77	-2887.23	0.933299	-0.359099
-1152.19	-2880.96	0.932297	-0.361694
-1154.63	-2874.7	0.9311	-0.364765
-1157.09	-2868.44	0.929724	-0.368258
-1159.58	-2862.2	0.92843	-0.371506
-1161.87	-2856.48	0.927722	-0.373271
-1164.39	-2850.25	0.926955	-0.375172
-1166.91	-2844.02	0.92607	-0.377353
-1169.45	-2837.8	0.925417	-0.378949
-1171.79	-2832.1	0.924361	-0.381519
-1174.36	-2825.9	0.923471	-0.383669
-1176.94	-2819.7	0.923008	-0.384781
-1179.53	-2813.5	0.922228	-0.386646
-1182.13	-2807.31	0.921188	-0.389119
-1184.76	-2801.12	0.920099	-0.391687
-1187.17	-2795.46	0.919926	-0.392092
-1189.81	-2789.28	0.920036	-0.391834
-1192.43	-2783.1	0.920444	-0.390874
-1194.84	-2777.44	0.919436	-0.39324
-1197.49	-2771.27	0.917882	-0.396853
-1200.17	-2765.11	0.916315	-0.400458
-1202.85	-2758.95	0.923093	-0.384577
-1205.32	-2752.7	0.935518	-0.353278
-1207.46	-2746.93	0.942362	-0.334594
-1209.64	-2740.57	0.948772	-0.315961
-1211.74	-2734.19	0.954059	-0.29962
-1213.51	-2728.29	0.963478	-0.267789
-1215.2	-2721.79	0.972244	-0.233971
-1216.71	-2715.24	0.976164	-0.217036
-1218.14	-2708.68	0.980195	-0.198035
-1219.37	-2702.08	0.986047	-0.166467
-1220.33	-2696	0.990845	-0.135001
-1221.12	-2689.32	0.994927	-0.100602
-1221.75	-2682.64	0.996024	-0.0890834
-1222.33	-2675.95	0.997127	-0.075747
-1222.74	-2669.8	0.99879	-0.0491884
-1222.97	-2663.09	0.999726	-0.0234197
-1223.12	-2656.38	0.999846	-0.01755
-1223.2	-2649.66	0.999993	-0.00379306
-1223.17	-2642.95	0.999861	0.0166448
-1223	-2636.23	0.999391	0.0349007
-1222.76	-2630.08	0.999091	0.0426192
-1222.46	-2623.37	0.998698	0.0510124
-1222.08	-2616.67	0.998284	0.0585637
-1221.73	-2610.52	0.998302	0.0582588
-1221.33	-2603.82	0.998068	0.0621279
-1220.89	-2597.12	0.997813	0.066097
-1220.45	-2590.43	0.997803	0.0662571
-1220	-2583.73	0.997592	0.0693556
-1219.56	-2577.59	0.997405	0.0719901
-1219.08	-2570.89	0.997509	0.0705399
-1218.62	-2564.2	0.997789	0.0664569
-1218.18	-2557.5	0.997784	0.0665294
-1217.73	-2550.81	0.99779	0.0664459
-1217.33	-2544.67	0.997954	0.063941
-1216.9	-2537.97	0.997934	0.0642489
-1216.46	-2531.28	0.99799	0.0633749
-1216.05	-2524.58	0.998051	0.0624093
-1215.62	-2517.88	0.997823	0.0659414
-1215.17	-2511.19	0.997542	0.0700686
-1214.72	-2505.06	0.997337	0.0729355
-1214.24	-2498.36	0.99756	0.069819
-1213.78	-2491.67	0.997792	0.0664213
-1213.39	-2485.54	0.998046	0.0624804
-1212.97	-2478.85	0.998143	0.0609072
-1212.57	-2472.15	0.998229	0.0594899
-1212.17	-2465.46	0.998313	0.0580612
-1211.82	-2459.32	0.998389	0.0567472
-1211.44	-2452.62	0.998469	0.0553135
-1211.08	-2445.92	0.998547	0.0538795
-1210.72	-2439.22	0.998624	0.0524452
-1210.4	-2433.08	0.998692	0.0511285
-1210.06	-2426.38	0.998786	0.0492628
-1209.74	-2419.68	0.998904	0.0468008
-1209.43	-2412.98	0.999017	0.0443383
-1209.14	-2406.27	0.999123	0.0418755
-1208.86	-2399.57	0.999206	0.0398358
-1208.62	-2393.42	0.999258	0.0385093
-1208.37	-2386.71	0.999313	0.0370598
-1208.12	-2380	0.999366	0.0356045
-1207.89	-2373.29	0.999417	0.0341459
-1207.68	-2367.14	0.999462	0.0328087
-1207.47	-2360.43	0.999508	0.0313497
-1207.26	-2353.72	0.99954	0.0303146
-1207.06	-2347	0.999554	0.0298731
-1206.86	-2340.29	0.999567	0.0294315
-1206.68	-2334.14	0.999579	0.0290265
-1206.48	-2327.42	0.999603	0.0281605
-1206.3	-2320.71	0.999643	0.0267016
-1206.14	-2314.55	0.999678	0.0253655
-1205.97	-2307.84	0.999714	0.0239077
-1205.81	-2301.12	0.999644	0.0266816
-1205.61	-2294.4	0.999374	0.0353787
-1205.34	-2287.69	0.999028	0.0440732
-1205.05	-2281.53	0.998645	0.0520402
-1204.68	-2274.82	0.998378	0.0569245
-1204.3	-2268.11	0.998404	0.0564797
-1203.95	-2261.96	0.998427	0.0560658
-1203.58	-2255.25	0.998453	0.0556097
-1203.21	-2248.53	0.998548	0.0538775
-1202.85	-2241.82	0.998731	0.0503603
-1202.55	-2235.66	0.998889	0.0471355
-1202.25	-2228.95	0.999067	0.0431919
-1201.97	-2222.23	0.999253	0.0386526
-1201.72	-2215.51	0.999418	0.0341123
-1201.52	-2209.34	0.999551	0.0299496
-1201.33	-2202.62	0.999677	0.0254073
-1201.17	-2195.89	0.999782	0.0208638
-1201.05	-2189.17	0.999867	0.0163196
-1200.96	-2183	0.999926	0.0121537
-1200.89	-2176.27	0.999968	0.00803357
-1200.84	-2169.54	0.99999	0.00450805
-1200.82	-2163.38	0.999999	0.00127612
-1200.82	-2156.65	0.999997	-0.00224979
-1200.85	-2149.92	0.999988	-0.00492896
-1200.89	-2143.19	0.999979	-0.00642628
-1200.93	-2136.45	0.999969	-0.00792879
-1200.99	-2129.72	0.999956	-0.00943142
-1201.05	-2123.55	0.999946	-0.0103831
-1201.12	-2116.82	0.999941	-0.0108638
-1201.2	-2110.09	0.999936	-0.0113447
-1201.27	-2103.91	0.999931	-0.0117856
-1201.35	-2097.18	0.999929	-0.0119258
-1201.43	-2090.45	0.999935	-0.0113831
-1201.5	-2083.71	0.999942	-0.0108134
-1201.57	-2076.98	0.999948	-0.0101702
-1201.64	-2070.8	0.999955	-0.00949645
-1201.7	-2064.07	0.999963	-0.00861753
-1201.75	-2057.33	0.999972	-0.00753202
-1201.8	-2051.15	0.99998	-0.00633393
-1201.83	-2044.42	0.999989	-0.00478005
-1201.86	-2037.68	0.999995	-0.00300737
-1201.88	-2030.94	0.999999	-0.0010783
-1201.88	-2024.2	1	0.000929787
-1201.87	-2018.02	0.999996	0.00279214
-1201.84	-2011.28	0.999988	0.00482414
-1201.81	-2004.54	0.999976	0.00685612
-1201.76	-1998.36	0.999962	0.00871877
-1201.69	-1991.62	0.999947	0.0103189
-1201.62	-1984.88	0.999936	0.0113143
-1201.54	-1978.13	0.999924	0.0123098
-1201.46	-1971.95	0.999913	0.0132223
-1201.37	-1965.21	0.999905	0.0137855
-1201.28	-1958.47	0.999906	0.0137436
-1201.2	-1952.28	0.999906	0.0137051
-1201.1	-1945.54	0.999907	0.0136614
-1201.01	-1938.79	0.999907	0.0136106
-1200.92	-1932.05	0.999908	0.0135549
-1200.83	-1925.3	0.999909	0.0134971
-1200.74	-1919.12	0.99991	0.0134393
-1200.65	-1912.37	0.999911	0.0133693
-1200.56	-1905.62	0.999912	0.0132833
-1200.48	-1899.44	0.999913	0.013183
-1200.39	-1892.69	0.999915	0.0130452
-1200.31	-1885.94	0.999917	0.012865
-1200.22	-1879.19	0.99992	0.0126355
-1200.14	-1872.44	0.999924	0.0123578
-1200.05	-1865.69	0.999933	0.0116073
-1199.98	-1859.5	0.999947	0.0103327
-1199.92	-1852.75	0.99996	0.00891615
-1199.86	-1845.99	0.999972	0.0074684
-1199.82	-1839.8	0.999981	0.00611144
-1199.78	-1833.05	0.999989	0.00460049
-1199.76	-1826.3	0.999995	0.00307623
-1199.74	-1819.54	0.999999	0.00155014
-1199.73	-1812.79	1	0.000457322
-1199.73	-1806.59	1	9.39256e-06
-1199.73	-1799.84	1	-0.000487571
-1199.74	-1793.64	1	-0.000952636
-1199.74	-1786.89	0.999999	-0.00103129
-1199.75	-1780.13	1	-0.000502982
-1199.75	-1773.37	1	2.5277e-05
-1199.75	-1766.61	1	0.000553613
-1199.74	-1759.85	0.999999	0.00108205
-1199.74	-1753.09	0.999999	0.00160935
-1199.72	-1746.9	0.999998	0.00208899
-1199.71	-1740.14	0.999997	0.00260306
-1199.69	-1733.38	0.999995	0.00309954
-1199.67	-1727.18	0.999994	0.0035379
-1199.64	-1720.42	0.999992	0.00400588
-1199.62	-1713.65	0.99999	0.00447392
-1199.58	-1706.89	0.999988	0.00494211
-1199.55	-1700.13	0.999985	0.00541046
-1199.51	-1693.36	0.999983	0.00587902
-1199.47	-1687.16	0.999983	0.00587343
-1199.44	-1680.4	0.999986	0.00529776
-1199.4	-1673.63	0.999989	0.00472204
-1199.37	-1667.43	0.999991	0.00419322
-1199.35	-1660.67	0.999993	0.00361104
-1199.32	-1653.9	0.999995	0.00301876
-1199.31	-1647.13	0.999997	0.00242152
-1199.29	-1640.36	0.999998	0.00182446
-1199.28	-1633.6	0.999999	0.00122772
-1199.27	-1627.39	1	0.00067846
-1199.27	-1620.62	1	7.63176e-05
-1199.27	-1613.85	1	-0.000525863
-1199.28	-1607.65	0.999999	-0.00107794
-1199.29	-1600.88	0.999999	-0.00168027
-1199.3	-1594.11	0.999997	-0.00228263
-1199.32	-1587.33	0.999996	-0.00289546
-1199.34	-1581.13	0.999995	-0.00313815
-1199.36	-1574.36	0.999996	-0.00278381
-1199.37	-1567.58	0.999997	-0.00245345
-1199.39	-1561.37	0.999998	-0.00215354
-1199.4	-1554.6	0.999998	-0.00182635
-1199.41	-1547.83	0.999999	-0.0015
-1199.42	-1541.05	0.999999	-0.00117724
-1199.43	-1534.28	1	-0.000858581
-1199.43	-1528.06	1	-0.000566451
-1199.44	-1521.29	1	-0.000236869
-1199.44	-1514.51	1	0.000106835
-1199.44	-1507.74	1	0.000453599
-1199.43	-1501.52	1	0.000771508
-1199.43	-1494.74	0.999999	0.00111845
-1199.42	-1487.97	0.999999	0.00146535
-1199.41	-1481.19	0.999998	0.0018122
-1199.39	-1474.41	0.999998	0.00217586
-1199.38	-1468.19	0.999997	0.00253296
-1199.36	-1461.41	0.999996	0.00294922
-1199.34	-1454.63	0.999994	0.00343163
-1199.32	-1448.42	0.999992	0.00394676
-1199.29	-1441.63	0.999989	0.00461118
-1199.26	-1434.85	0.999986	0.00536117
-1199.22	-1428.07	0.999984	0.00571741
-1199.18	-1421.29	0.999985	0.00548153
-1199.14	-1414.5	0.999986	0.00525498
-1199.11	-1408.28	0.999987	0.00504405
-1199.08	-1401.5	0.99999	0.00438569
-1199.05	-1394.71	0.999995	0.00313144
-1199.03	-1388.49	0.999998	0.00198628
-1199.02	-1381.71	1	0.000736954
-1199.02	-1374.92	1	-0.000511535
-1199.03	-1368.14	0.999998	-0.00175656
-1199.05	-1361.35	0.999996	-0.002998
-1199.07	-1354.56	0.999991	-0.00423893
-1199.1	-1347.77	0.999989	-0.00461078
-1199.13	-1341.55	0.999993	-0.00383626
-1199.15	-1334.76	0.999996	-0.00299133
-1199.17	-1327.97	0.999998	-0.00214639
-1199.18	-1321.75	0.999999	-0.00171958
-1199.19	-1314.96	0.999998	-0.00191779
-1199.21	-1308.17	0.999998	-0.002116
-1199.22	-1301.38	0.999997	-0.00231398
-1199.24	-1294.59	0.999998	-0.00207635
-1199.25	-1288.36	0.999999	-0.0012999
-1199.25	-1281.57	1	-0.00045285
-1199.26	-1274.77	1	0.000394311
-1199.25	-1267.98	0.999999	0.00124163
-1199.24	-1261.75	0.999998	0.00201834
-1199.22	-1254.96	0.999996	0.00286566
-1199.2	-1248.17	0.999993	0.00371347
-1199.17	-1241.37	0.99999	0.00456197
-1199.14	-1234.57	0.999985	0.00541047
-1199.11	-1228.35	0.999981	0.00618826
-1199.06	-1221.55	0.999978	0.00660094
-1199.02	-1214.75	0.999979	0.00640346
-1198.97	-1207.96	0.999981	0.00620599
-1198.94	-1201.73	0.999982	0.00602497
-1198.9	-1194.93	0.999983	0.00582745
-1198.86	-1188.13	0.999984	0.00562996
-1198.82	-1181.33	0.999985	0.00543258
-1198.79	-1175.1	0.999986	0.0052516
-1198.75	-1168.3	0.999987	0.00505413
-1198.72	-1161.5	0.999988	0.00485665
-1198.69	-1155.26	0.999989	0.00467563
-1198.66	-1148.46	0.99999	0.00447815
-1198.63	-1141.66	0.999993	0.00384424
-1198.6	-1134.86	0.999997	0.00259927
-1198.59	-1128.06	0.999999	0.00135425
-1198.58	-1121.82	1	0.000212975
-1198.59	-1115.02	0.999999	-0.00103316
-1198.6	-1108.22	0.999997	-0.00229625
-1198.61	-1101.98	0.999994	-0.00348826
-1198.64	-1095.18	0.999988	-0.00482309
-1198.68	-1088.37	0.999986	-0.00530616
-1198.71	-1081.57	0.999989	-0.00458633
-1198.74	-1074.76	0.999992	-0.00388126
-1198.76	-1067.95	0.999995	-0.00317924
-1198.78	-1061.72	1	0.000948281
-1198.75	-1054.91	0.99995	0.0100118
-1198.65	-1048.1	0.999818	0.0190746
-1198.51	-1041.86	0.999625	0.0273791
-1198.3	-1035.06	0.999457	0.0329425
-1198.08	-1028.25	0.999435	0.0336004
-1197.85	-1021.45	0.999415	0.0342033
-1197.61	-1014.64	0.999427	0.0338576
-1197.39	-1007.84	0.999481	0.032208
-1197.19	-1001.6	0.999531	0.0306136
-1196.99	-994.789	0.999585	0.0287946
-1196.8	-987.98	0.999672	0.0256117
-1196.65	-981.738	0.99978	0.020997
-1196.52	-974.927	0.999873	0.0159621
-1196.43	-968.116	0.99994	0.0109267
-1196.37	-961.303	0.99998	0.0063274
-1196.33	-954.49	0.999997	0.00234017
-1196.33	-948.244	0.999999	-0.00131073
-1196.35	-941.43	0.999986	-0.00528325
-1196.4	-934.616	0.999961	-0.00880761
-1196.46	-927.801	0.999931	-0.0117152
-1196.54	-921.555	0.999897	-0.0143805
-1196.65	-914.74	0.999851	-0.0172881
-1196.78	-907.925	0.999805	-0.0197582
-1196.92	-901.11	0.999766	-0.0216159
-1197.06	-894.862	0.999728	-0.0233188
-1197.22	-888.047	0.999683	-0.0251765
-1197.4	-881.232	0.999658	-0.0261588
-1197.57	-874.416	0.999664	-0.0259156
-1197.74	-868.168	0.99967	-0.0256927
-1197.91	-861.351	0.999676	-0.0254496
-1198.08	-854.534	0.999693	-0.0247686
-1198.25	-847.716	0.999724	-0.0234744
-1198.4	-840.898	0.999754	-0.0221802
-1198.54	-834.647	0.99978	-0.0209938
-1198.68	-827.827	0.999806	-0.0196993
-1198.81	-821.007	0.999831	-0.0184046
-1198.92	-814.755	0.999852	-0.0172177
-1199.04	-807.934	0.999873	-0.0159229
-1199.14	-801.112	0.999893	-0.014628
-1199.24	-794.29	0.999911	-0.0133327
-1199.32	-787.467	0.999928	-0.0120372
-1199.4	-781.212	0.999941	-0.0108498
-1199.47	-774.389	0.99995	-0.00999253
-1199.53	-767.564	0.999952	-0.00974865
-1199.59	-761.308	0.999955	-0.00952512
-1199.66	-754.483	0.999957	-0.00927907
-1199.72	-747.658	0.999959	-0.0090298
-1199.78	-740.832	0.999961	-0.00878046
-1199.84	-734.006	0.999964	-0.00852888
-1199.89	-727.748	0.999966	-0.00828837
-1199.95	-720.921	0.999968	-0.0079859
-1200	-714.094	0.999971	-0.00760148
-1200.05	-707.266	0.999975	-0.00709242
-1200.1	-701.006	0.999979	-0.00648965
-1200.14	-694.178	0.999984	-0.00565849
-1200.18	-687.349	0.999989	-0.00470163
-1200.2	-680.519	0.999993	-0.00369839
-1200.23	-673.689	0.999996	-0.00269329
-1200.24	-667.428	0.999998	-0.00177182
-1200.25	-660.597	1	-0.000765487
-1200.25	-653.766	1	0.000243531
-1200.25	-646.934	0.999999	0.00125436
-1200.24	-640.672	0.999998	0.00182977
-1200.23	-633.839	0.999998	0.00178701
-1200.21	-627.007	0.999998	0.00174425
-1200.2	-620.173	0.999999	0.0017015
-1200.19	-613.34	0.999998	0.00209793
-1200.18	-607.076	0.999995	0.00302494
-1200.15	-600.241	0.999992	0.00403497
-1200.12	-593.407	0.999987	0.00504323
-1200.08	-586.572	0.999982	0.0060516
-1200.04	-579.737	0.999975	0.00706012
-1199.99	-573.471	0.999968	0.0079846
-1199.94	-566.635	0.99996	0.00899335
-1199.87	-559.798	0.999954	0.009563
-1199.81	-552.962	0.999955	0.00951722
-1199.74	-546.125	0.999955	0.00947145
-1199.68	-539.857	0.999956	0.00942949
-1199.62	-533.019	0.999956	0.00938371
-1199.55	-526.181	0.999956	0.00933794
-1199.49	-519.343	0.999957	0.00928991
-1199.43	-513.074	0.999957	0.00924117
-1199.37	-506.234	0.999962	0.00874461
-1199.31	-499.395	0.999971	0.00763215
-1199.26	-492.554	0.999979	0.00651963
-1199.22	-485.714	0.999985	0.00540485
-1199.16	-478.872	0.999322	0.0368127
-1198.75	-472.612	0.99424	0.107173
-1197.79	-465.829	0.983053	0.183323
-1196.32	-459.136	0.96604	0.258391
-1194.52	-453.112	0.944541	0.328393
-1192.04	-446.713	0.91325	0.4074
-1189.02	-440.542	0.875362	0.483468
-1185.49	-434.644	0.831197	0.555978
-1181.83	-429.501	0.808139	0.588991
-1177.84	-423.891	0.824194	0.566308
-1174.01	-418.171	0.839798	0.542899
-1170.64	-412.833	0.85364	0.520863
-1167.14	-406.898	0.881777	0.471666
-1164.14	-400.695	0.923	0.384801
-1161.74	-394.225	0.955726	0.294258
-1159.97	-387.546	0.979611	0.200905
-1158.92	-381.295	0.992166	0.124926
-1158.25	-374.406	0.998424	0.0561172
-1158.06	-367.485	0.999919	-0.0127333
-1158.3	-361.139	0.997146	-0.0755032
-1159	-354.244	0.992655	-0.120982
-1159.88	-347.368	0.990867	-0.134845
-1160.86	-340.503	0.988913	-0.148494
-1161.91	-333.651	0.988769	-0.149451
-1162.82	-327.361	0.990963	-0.134137
-1163.71	-320.483	0.99309	-0.117356
-1164.47	-313.591	0.994934	-0.100534
-1165.12	-306.686	0.99677	-0.0803055
-1165.57	-300.345	0.998352	-0.0573934
-1165.89	-293.417	0.999476	-0.0323635
-1166.05	-286.482	0.999973	-0.00731246
-1166.03	-279.545	0.999878	0.015642
-1165.88	-273.188	0.999423	0.0339595
-1165.58	-266.256	0.998551	0.0538205
-1165.15	-259.331	0.997301	0.0734155
-1164.59	-252.415	0.995978	0.0895991
-1164	-246.082	0.995269	0.0971612
-1163.32	-239.179	0.995287	0.0969687
-1162.65	-232.274	0.994969	0.100179
-1161.92	-225.377	0.993956	0.109783
-1161.16	-218.483	0.994174	0.107788
-1160.48	-212.162	0.994817	0.101686
-1159.8	-205.264	0.995234	0.0975141
-1159.12	-198.366	0.995403	0.09578
-1158.53	-192.04	0.995791	0.0916542
-1157.89	-185.137	0.995946	0.0899561
-1157.29	-178.234	0.996489	0.0837236
-1156.73	-171.328	0.997135	0.0756396
-1156.26	-164.994	0.997468	0.0711138
-1155.78	-158.083	0.997651	0.068502
-1155.31	-151.17	0.997895	0.0648525
-1154.92	-144.833	0.998347	0.0574691
-1154.55	-137.918	0.998845	0.0480446
-1154.24	-131.001	0.999104	0.0423185
-1153.95	-124.083	0.999364	0.0356508
-1153.74	-117.161	0.999724	0.0235082
-1153.61	-110.238	0.999924	0.0123029
-1153.56	-103.894	0.999997	0.0025232
-1153.57	-96.9737	0.999986	-0.0053489
-1153.61	-90.0534	0.999989	-0.00470744
-1153.64	-83.1332	0.999979	-0.00652917
-1153.7	-76.7919	0.999905	-0.0137733
-1153.83	-68.7224	0.99989	-0.0148192
-1153.92	-61.8059	0.999905	-0.0137969
-1154.01	-55.4665	0.999926	-0.0121286
-1154.07	-48.5497	0.999985	-0.00542661
-1154.1	-41.6339	0.999981	-0.00623091
-1154.16	-34.7202	0.999962	-0.00870828
-1154.21	-28.3832	0.999988	-0.00492102
-1154.22	-21.4704	1	9.05922e-05
-1154.22	-14.5582	0.999988	0.00482966
-1154.16	-7.64637	0.999946	0.0103721
-1154.09	-0.736522	0.999919	0.0127162
-1153.98	6.17302	0.999797	0.0201236
-1153.83	12.5061	0.99964	0.0268404
-1153.63	19.4135	0.999466	0.0326741
-1153.39	26.3189	0.999265	0.0383425
-1153.14	32.6464	0.999184	0.0403893
-1152.85	39.5468	0.999083	0.0428233
-1152.54	46.4465	0.998805	0.0488653
-1152.19	53.3446	0.998527	0.0542518
-1151.8	60.2396	0.998404	0.0564671
-1151.41	67.1323	0.998338	0.0576286
-1151.04	73.4502	0.998217	0.0596961
-1150.62	80.3416	0.998094	0.0617159
-1150.19	87.2313	0.998	0.0632205
-1149.79	93.5466	0.997917	0.0645099
-1149.34	100.436	0.997909	0.0646308
-1148.9	107.323	0.997896	0.0648367
-1148.45	114.21	0.99789	0.0649254
-1148.04	120.522	0.997903	0.0647267
-1147.59	127.409	0.997951	0.0639899
-1147.15	134.295	0.997998	0.063253
-1146.72	141.181	0.998044	0.062512
-1146.33	147.493	0.998104	0.061547
-1145.91	154.379	0.998201	0.0599525
-1145.5	161.266	0.998296	0.058348
-1145.1	168.153	0.998389	0.056737
-1144.74	174.466	0.998472	0.0552513
-1144.37	181.353	0.998561	0.0536189
-1144	188.241	0.998649	0.051963
-1143.65	195.128	0.998735	0.0502819
-1143.33	201.442	0.998812	0.0487334
-1143	208.331	0.998893	0.0470443
-1142.68	215.219	0.998971	0.045351
-1142.38	222.107	0.999047	0.0436478
-1142.08	228.996	0.99912	0.041937
-1141.82	235.311	0.999185	0.040366
-1141.55	242.199	0.999253	0.0386521
-1141.28	249.088	0.999318	0.0369382
-1141.03	255.977	0.99938	0.0352084
-1140.8	262.866	0.999441	0.0334283
-1140.59	269.181	0.999496	0.0317532
-1140.38	276.07	0.999553	0.029911
-1140.18	282.959	0.999606	0.0280649
-1139.99	289.849	0.999654	0.0262979
-1139.83	296.163	0.999693	0.0247942
-1139.66	303.051	0.999732	0.0231611
-1139.5	309.939	0.999768	0.0215224
-1139.37	316.252	0.9998	0.0200165
-1139.24	323.138	0.999831	0.018383
-1139.12	330.024	0.999859	0.0167625
-1139.01	336.91	0.999885	0.0151425
-1138.91	343.795	0.99991	0.0134319
-1138.83	350.106	0.999931	0.0117457
-1138.75	356.99	0.999948	0.0102349
-1138.68	363.874	0.999958	0.0091892
-1138.62	370.758	0.999967	0.00814353
-1138.57	377.067	0.999974	0.00718501
-1138.53	383.95	0.999981	0.00613949
-1138.49	390.833	0.999987	0.00509406
-1138.46	397.715	0.999992	0.00404863
-1138.43	404.023	0.999995	0.0030899
-1138.41	410.905	0.999998	0.00204346
-1138.4	417.786	1	0.00099701
-1138.4	424.093	1	3.77968e-05
-1138.4	430.973	1	-0.000675727
-1138.41	437.853	1	-0.000923286
-1138.41	444.732	0.999999	-0.00117084
-1138.42	451.038	0.999999	-0.00139777
-1138.43	457.917	0.999999	-0.00131212
-1138.44	464.795	1	-0.000759963
-1138.44	471.673	1	-0.000207809
-1138.44	477.977	1	0.000298333
-1138.44	484.854	1	0.000846253
-1138.43	491.73	0.999999	0.00138824
-1138.42	498.607	0.999998	0.00193024
-1138.41	505.482	0.999997	0.00247223
-1138.39	512.358	0.999996	0.00268131
-1138.37	518.66	0.999997	0.00244581
-1138.36	525.534	0.999998	0.00218901
-1138.34	532.408	0.999998	0.0019322
-1138.33	538.709	0.999999	0.00169683
-1138.32	545.583	0.999999	0.00144012
-1138.31	552.456	0.999999	0.0011834
-1138.3	559.328	1	0.000924935
-1138.3	566.2	1	0.000658059
-1138.29	572.5	1	0.000403458
-1138.29	579.371	1	0.000118546
-1138.29	586.242	1	-0.000176292
-1138.29	592.54	1	-0.000455192
-1138.3	599.41	1	-0.000767531
-1138.3	606.28	0.999999	-0.00108475
-1138.31	613.149	0.999999	-0.00140882
-1138.32	620.018	0.999998	-0.00174023
-1138.33	626.315	0.999998	-0.00205117
-1138.35	633.183	0.999997	-0.00240165
-1138.37	640.051	0.999996	-0.00276687
-1138.39	646.918	0.999995	-0.00314478
-1138.41	653.785	0.999994	-0.00352765
-1138.43	660.079	0.999992	-0.00388048
-1138.46	666.946	0.999991	-0.00426893
-1138.49	673.811	0.999991	-0.00432486
-1138.52	680.677	0.999992	-0.00391526
-1138.54	686.97	0.999994	-0.0035397
-1138.57	693.835	0.999995	-0.00312982
-1138.59	700.699	0.999996	-0.00272001
-1138.6	706.991	0.999997	-0.00234446
-1138.62	713.854	0.999998	-0.00193616
-1138.63	720.717	0.999999	-0.00153716
-1138.64	727.58	0.999999	-0.00115323
-1138.65	734.443	1	-0.000787749
-1138.65	741.305	1	-0.000458839
-1138.65	747.594	1	-0.000208602
-1138.65	754.456	1	-0.000319862
-1138.66	760.745	1	-0.0009085
-1138.67	767.605	0.999999	-0.00167364
-1138.68	774.465	0.999996	-0.00266785
-1138.7	781.325	0.999991	-0.0042333
-1138.74	788.184	0.999979	-0.00649018
-1138.78	794.471	0.999962	-0.00873595
-1138.85	801.33	0.999935	-0.0113609
-1138.94	808.187	0.999909	-0.0134608
-1139.02	814.473	0.999893	-0.0146362
-1139.13	821.33	0.999872	-0.0160106
-1139.24	828.186	0.999848	-0.017413
-1139.37	835.041	0.999817	-0.0191538
-1139.5	841.896	0.999771	-0.0213968
-1139.64	848.179	0.999724	-0.0235037
-1139.81	855.032	0.999666	-0.025834
-1139.99	861.885	0.999612	-0.0278419
-1140.19	868.737	0.999568	-0.0293966
-1140.38	875.017	0.999524	-0.0308437
-1140.59	881.868	0.999472	-0.032479
-1140.82	888.718	0.999581	-0.0289366
-1140.98	895.569	0.999836	-0.0181291
-1141.07	901.851	0.999965	-0.00831154
-1141.1	908.704	0.999997	0.00229597
-1141.05	915.556	0.99991	0.013389
-1140.93	922.407	0.999682	0.0252083
-1140.74	928.686	0.999354	0.0359492
-1140.46	935.532	0.998865	0.0476374
-1140.1	942.374	0.99826	0.0589631
-1139.67	949.212	0.997565	0.0697465
-1139.16	956.045	0.996766	0.0803605
-1138.63	962.302	0.995958	0.0898255
-1137.99	969.123	0.995112	0.0987546
-1137.29	975.938	0.99439	0.10578
-1136.61	982.181	0.993729	0.111815
-1135.82	988.986	0.993007	0.118055
-1135	995.786	0.992437	0.122753
-1134.15	1002.58	0.992097	0.125471
-1133.28	1009.38	0.991768	0.128047
-1132.4	1016.17	0.991454	0.13046
-1131.58	1022.39	0.991268	0.131864
-1130.67	1029.18	0.991192	0.132433
-1129.76	1035.97	0.991127	0.132915
-1128.93	1042.19	0.991084	0.133238
-1128.02	1048.98	0.991148	0.132758
-1127.11	1055.76	0.991352	0.131231
-1126.22	1062.55	0.99156	0.129646
-1125.33	1069.34	0.991768	0.12805
-1124.46	1076.13	0.991932	0.126772
-1123.67	1082.35	0.992032	0.125985
-1122.81	1089.14	0.992148	0.125066
-1121.96	1095.94	0.99227	0.124101
-1121.18	1102.16	0.992382	0.123198
-1120.34	1108.95	0.992509	0.122168
-1119.51	1115.75	0.992652	0.121003
-1118.68	1122.54	0.992815	0.119658
-1117.9	1129.34	0.99652	0.0833489
-1117.57	1136.18	0.999998	-0.00217144
-1117.79	1142.46	0.996738	-0.0807058
-1118.59	1149.28	0.986145	-0.165887
-1119.93	1156.02	0.976849	-0.213932
-1121.27	1162.17	0.977397	-0.21141
-1122.72	1168.89	0.977999	-0.208608
-1124.14	1175.61	0.978644	-0.205564
-1125.54	1182.34	0.980966	-0.194181
-1126.81	1189.1	0.985258	-0.171076
-1127.83	1195.31	0.988818	-0.149128
-1128.79	1202.12	0.992218	-0.124512
-1129.57	1208.95	0.995248	-0.0973742
-1130.15	1215.8	0.997751	-0.0670348
-1130.5	1222.09	0.999236	-0.0390872
-1130.68	1228.96	0.99996	-0.00896006
-1130.66	1235.83	0.999811	0.0194446
-1130.45	1242.71	0.998956	0.0456878
-1130.06	1249.57	0.997467	0.0711265
-1129.51	1256.43	0.995702	0.0926155
-1128.88	1262.7	0.994152	0.107992
-1128.09	1269.53	0.992211	0.124566
-1127.19	1276.35	0.990001	0.14106
-1126.26	1282.58	0.987996	0.154478
-1125.17	1289.37	0.986142	0.165903
-1123.99	1296.15	0.98416	0.177283
-1122.74	1302.91	0.982057	0.188583
-1121.41	1309.65	0.980209	0.197966
-1120.15	1315.83	0.978971	0.204
-1118.73	1322.56	0.977631	0.210328
-1117.27	1329.27	0.976254	0.216628
-1115.89	1335.42	0.9753	0.220886
-1114.37	1342.13	0.975334	0.220736
-1112.85	1348.83	0.974877	0.222744
-1111.3	1355.53	0.974003	0.226534
-1109.76	1362.23	0.976224	0.216764
-1108.46	1368.39	0.98409	0.177668
-1107.43	1375.18	0.992444	0.122696
-1106.68	1382.01	0.996564	0.082832
-1106.27	1388.3	0.998934	0.0461628
-1106.03	1395.17	0.999979	0.00654069
-1106.17	1402.04	0.998653	-0.0518856
-1106.67	1408.9	0.993632	-0.112673
-1107.66	1415.7	0.985802	-0.167911
-1108.77	1421.91	0.980945	-0.194284
-1110.21	1428.63	0.97354	-0.228516
-1111.87	1435.31	0.963883	-0.266324
-1113.67	1441.35	0.952417	-0.304799
-1115.84	1447.88	0.94356	-0.331202
-1118.2	1454.34	0.934613	-0.355665
-1120.69	1460.75	0.929022	-0.370025
-1123.26	1467.12	0.92454	-0.381086
-1125.92	1473.46	0.918862	-0.394579
-1128.44	1479.24	0.913297	-0.407294
-1131.27	1485.5	0.909529	-0.41564
-1134.14	1491.75	0.908228	-0.418476
-1136.78	1497.47	0.90642	-0.422378
-1139.7	1503.69	0.904577	-0.426311
-1142.63	1509.91	0.903688	-0.428192
-1145.58	1516.11	0.902952	-0.429742
-1148.28	1521.8	0.908005	-0.418959
-1151.09	1528.07	0.916136	-0.400868
-1153.59	1533.85	0.922868	-0.385116
-1156.14	1540.23	0.934588	-0.355733
-1158.53	1546.67	0.940478	-0.339855
-1160.84	1553.13	0.944339	-0.328973
-1163.04	1559.64	0.953694	-0.300778
-1165	1566.22	0.961412	-0.275112
-1166.87	1572.83	0.965524	-0.260314
-1168.44	1578.92	0.970461	-0.241257
-1170.06	1585.6	0.975613	-0.219496
-1171.47	1592.32	0.981855	-0.189633
-1172.71	1599.07	0.985231	-0.171233
-1173.76	1605.28	0.987197	-0.159508
-1174.82	1612.06	0.988967	-0.148136
-1175.8	1618.85	0.99096	-0.134161
-1176.68	1625.66	0.992555	-0.121796
-1177.48	1632.48	0.993992	-0.109452
-1178.14	1638.73	0.99517	-0.0981685
-1178.78	1645.56	0.99618	-0.0873275
-1179.36	1652.4	0.996911	-0.078536
-1179.83	1658.67	0.997511	-0.0705064
-1180.29	1665.51	0.99809	-0.0617732
-1180.69	1672.35	0.998538	-0.0540508
-1181.04	1679.2	0.998861	-0.0477127
-1181.33	1685.48	0.999122	-0.0419021
-1181.6	1692.33	0.999368	-0.0355497
-1181.82	1699.18	0.999589	-0.0286839
-1181.98	1705.46	0.999764	-0.0217242
-1182.11	1712.31	0.999901	-0.0140699
-1182.18	1719.16	0.99998	-0.00636868
-1182.21	1726.01	1	0.000888718
-1182.18	1732.86	0.999972	0.00748678
-1182.12	1739.14	0.999908	0.0135345
-1182.01	1745.98	0.999797	0.0201312
-1181.85	1752.83	0.999656	0.0262386
-1181.67	1759.1	0.999513	0.03121
-1181.44	1765.94	0.999329	0.0366332
-1181.18	1772.78	0.999115	0.0420552
-1180.88	1779.61	0.998896	0.0469862
-1180.54	1786.45	0.998687	0.051231
-1180.21	1792.71	0.99848	0.055121
-1179.82	1799.54	0.998236	0.0593636
-1179.4	1806.37	0.998008	0.0630935
-1179	1812.62	0.997833	0.0657902
-1178.54	1819.44	0.99765	0.0685135
-1178.07	1826.26	0.997508	0.0705474
-1177.58	1833.08	0.99742	0.0717878
-1177.13	1839.33	0.997338	0.072915
-1176.63	1846.14	0.997247	0.0741531
-1176.12	1852.96	0.997154	0.0753907
-1175.6	1859.77	0.99706	0.0766277
-1175.12	1866.01	0.996972	0.0777633
-1174.58	1872.82	0.996873	0.0790196
-1174.04	1879.63	0.996788	0.0800797
-1173.49	1886.43	0.996727	0.080844
-1172.94	1893.24	0.996663	0.0816252
-1172.42	1899.47	0.996607	0.0823064
-1171.86	1906.28	0.996572	0.0827344
-1171.3	1913.08	0.996571	0.0827372
-1170.78	1919.31	0.996578	0.0826526
-1170.21	1926.11	0.996604	0.0823491
-1169.65	1932.91	0.996653	0.0817465
-1169.1	1939.71	0.996729	0.0808163
-1168.55	1946.5	0.996828	0.0795843
-1168.06	1952.73	0.996936	0.0782256
-1167.53	1959.53	0.997084	0.0763082
-1167.02	1966.33	0.997265	0.0739147
-1166.56	1972.56	0.997429	0.0716588
-1166.08	1979.36	0.997607	0.0691384
-1165.61	1986.16	0.997764	0.0668391
-1165.16	1992.96	0.997891	0.0649086
-1164.73	1999.76	0.998013	0.0630023
-1164.3	2006.55	0.998129	0.0611505
-1163.93	2012.79	0.998226	0.059547
-1163.49	2020.15	0.998328	0.0577947
-1163.13	2026.38	0.998405	0.0564641
-1162.75	2033.18	0.998478	0.0551513
-1162.38	2039.98	0.998543	0.053953
-1162.02	2046.78	0.998602	0.0528576
-1161.69	2053.01	0.998648	0.0519824
-1161.34	2059.8	0.998677	0.0514208
-1160.99	2066.6	0.998668	0.0515956
-1160.64	2073.39	0.998639	0.0521536
-1160.28	2080.18	0.998593	0.0530255
-1159.92	2086.97	0.998526	0.0542695
-1159.57	2093.2	0.998446	0.0557295
-1159.19	2099.99	0.998359	0.0572662
-1158.8	2106.77	0.998285	0.058544
-1158.4	2113.56	0.998237	0.05935
-1158.03	2119.78	0.99822	0.0596459
-1157.62	2126.56	0.998228	0.0595038
-1157.22	2133.34	0.998255	0.0590433
-1156.82	2140.13	0.998366	0.0571389
-1156.47	2146.34	0.998557	0.0536952
-1156.12	2153.13	0.998755	0.0498934
-1155.79	2159.91	0.998937	0.0460928
-1155.51	2166.13	0.9991	0.0424086
-1155.24	2172.91	0.999278	0.0380019
-1154.99	2179.7	0.999436	0.0335873
-1154.78	2186.48	0.999574	0.0291725
-1154.59	2193.27	0.999687	0.025006
-1154.44	2199.49	0.999769	0.0215054
-1154.31	2206.27	0.999844	0.0176868
-1154.2	2213.05	0.999904	0.0138686
-1154.12	2219.27	0.999946	0.0103737
-1154.06	2226.05	0.999978	0.00659663
-1154.03	2232.83	0.999996	0.0029273
-1154.02	2239.62	1	-0.000477134
-1154.03	2246.4	0.999996	-0.00292375
-1154.05	2253.17	0.999991	-0.00416467
-1154.08	2259.39	0.999988	-0.0048636
-1154.12	2266.17	0.999986	-0.00524442
-1154.15	2272.94	0.999988	-0.00490797
-1154.18	2279.15	0.999992	-0.00391105
-1154.2	2285.93	0.999996	-0.0028235
-1154.22	2292.7	0.999998	-0.00199264
-1154.23	2299.47	0.999999	-0.00154209
-1154.24	2306.25	0.999999	-0.00116434
-1154.25	2313.02	1	-0.000927436
-1154.25	2319.22	1	-0.00065377
-1154.26	2325.99	1	-0.000229713
-1154.26	2332.76	1	2.49336e-05
-1154.26	2338.97	1	0.000151254
-1154.25	2345.73	1	0.000175195
-1154.25	2352.5	1	9.98085e-05
-1154.25	2359.27	1	-7.00218e-05
-1154.25	2366.03	1	-0.000288482
-1154.26	2372.23	1	-0.000475669
-1154.26	2378.99	1	-0.000638557
-1154.26	2385.75	1	-0.000740172
-1154.27	2391.95	1	-0.000779159
-1154.27	2398.71	1	-0.000747924
-1154.28	2405.47	1	-0.000619147
-1154.28	2412.23	1	-0.000378272
-1154.28	2418.99	1	-3.83293e-05
-1154.28	2425.18	1	0.000331277
-1154.28	2431.94	1	0.000789048
-1154.27	2438.69	0.999999	0.00128739
-1154.26	2444.88	0.999998	0.00174904
-1154.25	2451.64	0.999997	0.00223929
-1154.24	2458.39	0.999996	0.00273056
-1154.22	2465.14	0.999995	0.00321866
-1154.19	2471.89	0.999993	0.00370144
-1154.17	2478.08	0.999991	0.00413685
-1154.14	2484.83	0.999989	0.00461159
-1154.11	2491.58	0.999987	0.00508649
-1154.07	2497.76	0.999985	0.00552199
-1154.04	2504.51	0.999983	0.00575003
-1154	2511.26	0.999984	0.00563215
-1153.96	2518	0.999985	0.00551436
-1153.93	2524.18	0.999985	0.00540648
-1153.89	2530.93	0.999986	0.00528876
-1153.85	2537.67	0.999987	0.00516788
-1153.82	2544.41	0.999987	0.00503739
-1153.79	2551.15	0.999988	0.00489705
-1153.76	2557.33	0.999989	0.00476541
-1153.72	2564.07	0.999989	0.00462189
-1153.69	2570.81	0.99999	0.00447847
-1153.66	2577.54	0.999991	0.00433502
-1153.64	2584.28	0.999991	0.00419151
-1153.61	2590.46	0.999992	0.00406003
-1153.58	2597.19	0.999992	0.0039167
-1153.56	2603.92	0.999993	0.00377338
-1153.53	2610.66	0.999993	0.00363005
-1153.51	2616.83	0.999994	0.00349874
-1153.49	2623.56	0.999994	0.00335559
-1153.46	2630.29	0.999995	0.00321242
-1153.44	2637.02	0.999995	0.00306918
-1153.42	2643.75	0.999996	0.00292603
-1153.4	2650.48	0.999996	0.00278297
-1153.39	2657.21	0.999997	0.00263989
-1153.37	2663.37	0.999997	0.00250871
-1153.35	2670.1	0.999997	0.00236574
-1153.34	2676.82	0.999998	0.00222287
-1153.32	2682.99	0.999998	0.00209189
-1153.31	2689.71	0.999998	0.00194892
-1153.3	2696.43	0.999998	0.00180837
-1153.29	2703.15	0.999999	0.00167106
-1153.28	2709.88	0.999999	0.00153368
-1153.27	2716.6	0.999999	0.00139639
-1153.26	2723.31	0.999999	0.00125919
-1153.25	2730.03	0.999999	0.00112196
-1153.24	2736.19	1	0.00099611
-1153.24	2742.91	1	0.00085891
-1153.23	2749.62	1	0.000714135
-1153.23	2756.34	1	0.000547845
-1153.22	2762.49	1	0.000381539
-1153.22	2769.21	1	0.000200211
-1153.22	2775.92	1	1.90132e-05
-1153.22	2782.63	1	-0.000162154
-1153.22	2789.34	1	-0.000343391
-1153.22	2796.05	1	-0.000524535
-1153.23	2802.2	1	-0.000690498
-1153.23	2808.91	1	-0.000871574
-1153.24	2815.06	0.999999	-0.00103763
-1153.25	2821.77	0.999999	-0.00121868
-1153.26	2828.47	0.999999	-0.0013996
-1153.26	2835.18	0.999999	-0.00158046
-1153.28	2841.88	0.999998	-0.00176133
-1153.29	2848.03	0.999998	-0.00192704
-1153.3	2854.73	0.999998	-0.0018629
-1153.31	2861.43	0.999999	-0.00145591
-1153.32	2867.58	0.999999	-0.00108276
-1153.33	2874.28	1	-0.000675582
-1153.33	2880.98	1	-0.000268584
-1153.33	2887.68	1	0.000138818
-1153.33	2894.37	1	0.000547272
-1153.32	2900.51	1	0.000921769
-1153.32	2907.21	0.999999	0.00108527
-1153.31	2913.91	1	0.000905686
-1153.3	2920.6	1	0.000726189
-1153.3	2926.74	1	0.00056173
-1153.3	2933.43	1	0.000382302
-1153.29	2940.12	1	0.000202843
-1153.29	2946.81	1	2.35298e-05
-1153.29	2953.51	1	-0.000155692
-1153.3	2959.64	1	-0.000320007
-1153.3	2966.33	1	-0.00049932
-1153.3	2973.02	1	-0.000678542
-1153.31	2979.15	1	-0.00084275
-1153.31	2985.83	0.999999	-0.0010219
-1153.32	2992.52	0.999999	-0.00120113
-1153.33	2999.2	0.999999	-0.00138022
-1153.34	3005.89	0.999999	-0.00155916
-1153.35	3012.02	0.999999	-0.00147886
-1153.36	3018.7	0.999999	-0.00107141
-1153.36	3025.38	1	-0.000663871
-1153.37	3031.5	1	-0.000292045
-1153.37	3038.19	1	0.000112244
-1153.37	3044.87	1	0.000546174
-1153.36	3051.54	0.999999	0.00103812
-1153.35	3058.22	0.999999	0.00155344
-1153.34	3064.9	0.999998	0.00205875
-1153.32	3071.58	0.999997	0.00256092
-1153.31	3077.7	0.999995	0.00302127
-1153.29	3084.37	0.999995	0.00329232
-1153.26	3091.04	0.999995	0.00325036
-1153.24	3097.72	0.999995	0.00323098
-1153.22	3103.83	0.999995	0.00321697
-1153.2	3110.51	0.999995	0.00318778
-1153.18	3117.18	0.999995	0.00310206
-1153.16	3123.85	0.999996	0.00289775
-1153.14	3129.96	0.999996	0.00265391
-1153.13	3136.63	0.999997	0.00238787
-1153.11	3143.3	0.999998	0.00212176
-1153.1	3149.97	0.999998	0.00185575
-1153.09	3156.08	0.999999	0.00161201
-1153.08	3162.74	0.999999	0.0013462
-1153.07	3169.41	0.999999	0.00108262
-1153.06	3176.07	1	0.000851197
-1153.06	3182.18	1	0.000713845
-1153.05	3188.84	1	0.000698937
-1153.05	3195.5	1	0.000846062
-1153.04	3202.16	0.999999	0.00112524
-1153.03	3208.27	0.999999	0.00141813
-1153.02	3214.93	0.999998	0.0017375
-1153.01	3221.59	0.999998	0.00205922
-1153	3228.24	0.999997	0.00238719
-1152.98	3234.35	0.999996	0.00269166
-1152.96	3241	0.999995	0.00301302
-1152.94	3247.66	0.999995	0.00331423
-1152.92	3253.76	0.999994	0.0035775
-1152.9	3260.41	0.999993	0.00383714
-1152.87	3267.07	0.999992	0.00407435
-1152.84	3273.72	0.999991	0.00429871
-1152.81	3280.37	0.99999	0.00450205
-1152.78	3287.02	0.999989	0.00469576
-1152.75	3293.12	0.999988	0.00484292
-1152.72	3299.77	0.999988	0.00496518
-1152.69	3306.41	0.999987	0.00508222
-1152.66	3312.51	0.999986	0.00519809
-1152.62	3319.15	0.999986	0.00532782
-1152.59	3325.8	0.999985	0.00545758
-1152.55	3332.45	0.999986	0.00533701
-1152.52	3339.09	0.999988	0.00482957
-1152.49	3345.18	0.999991	0.00427322
-1152.46	3351.82	0.999994	0.00357919
-1152.44	3358.47	0.999996	0.00282377
-1152.42	3364.55	0.999998	0.0020957
-1152.41	3371.2	0.999999	0.00129071
-1152.41	3377.84	1	0.00050155
-1152.4	3384.48	1	-3.32634e-05
-1152.4	3391.11	1	-0.000228324
-1152.41	3397.75	1	-0.000423293
-1152.41	3403.84	1	-0.000601928
-1152.41	3410.47	1	-0.000802131
-1152.42	3417.11	0.999999	-0.00101284
-1152.43	3423.19	0.999999	-0.00120978
-1152.44	3429.82	0.999999	-0.00142452
-1152.45	3436.46	0.999999	-0.00162872
-1152.46	3443.09	0.999998	-0.00179691
-1152.47	3449.72	0.999998	-0.00192994
-1152.48	3455.8	0.999998	-0.00204276
-1152.5	3462.43	0.999998	-0.00216286
-1152.51	3469.06	0.999997	-0.00228303
-1152.53	3475.69	0.999997	-0.00240311
-1152.54	3481.76	0.999997	-0.00251313
-1152.56	3488.39	0.999996	-0.00287226
-1152.58	3495.02	0.999994	-0.00356602
-1152.6	3501.64	0.999991	-0.00425958
-1152.63	3507.72	0.999988	-0.00489526
-1152.67	3514.34	0.999986	-0.00534659
-1152.7	3520.96	0.999985	-0.00545902
-1152.74	3527.59	0.999985	-0.0055661
-1152.77	3533.66	0.999984	-0.00565747
-1152.81	3540.28	0.999983	-0.00575726
-1152.85	3546.9	0.999983	-0.00585701
-1152.89	3553.52	0.999982	-0.00595645
-1152.93	3560.14	0.999983	-0.00581377
-1152.96	3566.2	0.999986	-0.00537276
-1152.99	3572.82	0.999988	-0.00489162
-1153.03	3579.44	0.99999	-0.00441039
-1153.05	3586.05	0.999992	-0.00392929
-1153.08	3592.12	0.999994	-0.00348849
-1153.1	3598.73	0.999995	-0.00300757
-1153.12	3605.35	0.999997	-0.00252604
-1153.13	3611.96	0.999998	-0.00204384
-1153.14	3618.02	0.999999	-0.00160206
-1153.15	3624.63	0.999999	-0.00112009
-1153.16	3631.24	1	-0.00063803
-1153.16	3637.3	1	-0.000196243
-1153.16	3643.91	1	0.000285416
-1153.16	3650.52	1	0.000767113
-1153.15	3657.13	0.999999	0.0012489
-1153.14	3663.74	0.999999	0.00149042
-1153.13	3670.34	0.999999	0.00139552
-1153.12	3676.4	0.999999	0.0013086
-1153.12	3683	0.999999	0.00121388
-1153.11	3689.61	0.999999	0.00111918
-1153.1	3696.21	0.999999	0.00102446
-1153.1	3702.26	1	0.000937684
-1153.09	3708.86	1	0.000843056
-1153.08	3715.47	1	0.000757409
-1153.08	3722.07	1	0.000684296
-1153.08	3728.12	1	0.000617326
-1153.07	3734.72	1	0.000544305
-1153.07	3741.31	1	0.000471261
-1153.07	3747.36	1	0.000404237
-1153.06	3753.96	1	0.000331216
-1153.06	3760.56	1	0.000258172
-1153.06	3767.15	1	0.000185059
-1153.06	3773.75	1	9.53301e-05
-1153.06	3780.34	1	-1.76994e-05
-1153.06	3786.39	1	-0.000121337
-1153.06	3792.98	1	-0.000234458
-1153.06	3799.57	1	-0.000366409
-1153.06	3805.61	1	-0.00052365
-1153.07	3812.2	1	-0.000741737
-1153.07	3818.79	0.999999	-0.0010033
-1153.08	3825.38	0.999999	-0.00127629
-1153.09	3831.97	0.999999	-0.00154459
-1153.1	3838.01	0.999998	-0.00202948
-1153.12	3844.6	0.999996	-0.00287123
-1153.14	3851.18	0.999993	-0.0037023
-1153.16	3857.22	0.99999	-0.00443429
-1153.19	3863.81	0.999987	-0.00500832
-1153.23	3870.39	0.999987	-0.00519541
-1153.26	3876.97	0.999986	-0.00538241
-1153.3	3883.56	0.999984	-0.00556837
-1153.33	3890.14	0.999985	-0.00551387
-1153.37	3896.17	0.999987	-0.00515708
-1153.4	3902.75	0.999989	-0.0047678
-1153.43	3909.33	0.999989	-0.00461767
-1153.46	3915.36	0.999989	-0.00478691
-1153.49	3921.94	0.999988	-0.00497144
-1153.52	3928.52	0.999987	-0.00515588
-1153.56	3935.09	0.999987	-0.00510104
-1153.59	3941.67	0.999989	-0.00471127
-1153.62	3948.24	0.999991	-0.00431915
-1153.65	3954.82	0.999992	-0.00392383
-1153.67	3961.39	0.999993	-0.00376754
-1153.7	3967.97	0.999992	-0.00394058
-1153.72	3973.99	0.999992	-0.00409011
-1153.75	3980.56	0.999991	-0.00425023
-1153.78	3987.13	0.999991	-0.00417167
-1153.8	3993.16	0.999993	-0.00379313
-1153.82	3999.73	0.999994	-0.00337974
-1153.85	4006.29	0.999996	-0.00296625
-1153.86	4012.86	0.999997	-0.0025529
-1153.88	4019.43	0.999998	-0.00213978
-1153.89	4025.45	0.999998	-0.00176099
-1153.9	4032.02	0.999999	-0.00134769
-1153.91	4038.58	1	-0.000934516
-1153.91	4044.6	1	-0.000555808
-1153.92	4051.16	1	-0.000142265
-1153.92	4057.73	1	0.000271317
-1153.91	4064.29	1	0.000684762
-1153.91	4070.85	0.999999	0.00109798
-1153.9	4076.86	0.999999	0.00147684
-1153.89	4083.43	0.999998	0.00189024
-1153.88	4089.98	0.999997	0.00230353
-1153.86	4096.54	0.999996	0.00271666
-1153.84	4102.56	0.999995	0.00309552
-1153.82	4109.11	0.999995	0.00327057
-1153.8	4115.67	0.999995	0.00311177
-1153.78	4122.23	0.999996	0.00295301
-1153.76	4128.78	0.999996	0.0027943
-1153.75	4134.79	0.999996	0.00264882
-1153.73	4141.34	0.999997	0.00249007
-1153.71	4147.9	0.999997	0.00233136
-1153.7	4154.45	0.999998	0.00217281
-1153.68	4160.46	0.999998	0.00202756
-1153.67	4167.01	0.999998	0.00186903
-1153.66	4173.56	0.999999	0.00171059
-1153.65	4180.11	0.999999	0.00155225
-1153.64	4186.66	0.999999	0.00139388
-1153.63	4192.66	0.999999	0.00124864
-1153.62	4199.21	0.999999	0.00109029
-1153.62	4205.75	1	0.000932038
-1153.61	4211.75	1	0.000786988
-1153.61	4218.3	1	0.000628732
-1153.6	4224.85	1	0.000470567
-1153.6	4231.39	1	0.00030803
-1153.6	4237.93	1	0.000128808
-1153.6	4243.93	1	-6.22932e-05
-1153.6	4250.47	1	-0.000290458
-1153.6	4257.01	1	-0.000286315
-1153.6	4263.01	1	1.54961e-05
-1153.6	4269.55	1	0.000321374
-1153.6	4276.09	1	0.000579484
-1153.59	4283.17	1	0.000796509
-1153.59	4289.71	1	0.000960374
-1153.58	4296.25	0.999999	0.00112118
-1153.57	4302.78	0.999999	0.00128207
-1153.57	4308.78	0.999999	0.0012437
-1153.56	4315.31	1	0.000852174
-1153.56	4321.85	1	0.000473283
-1153.55	4328.38	1	0.00010405
-1153.55	4334.91	1	-0.000262054
-1153.56	4340.9	1	-0.000597709
-1153.56	4347.43	1	-0.000963752
-1153.57	4353.96	0.999999	-0.00132965
-1153.58	4359.95	0.999999	-0.00166507
-1153.59	4366.48	0.999998	-0.00203106
-1153.6	4373.01	0.999997	-0.00239692
-1153.62	4379.54	0.999996	-0.00275965
-1153.64	4386.06	0.999996	-0.00288105
-1153.66	4392.05	0.999996	-0.00268799
-1153.67	4398.57	0.999997	-0.00247729
-1153.69	4405.64	0.999997	-0.00224917
-1153.7	4412.17	0.999998	-0.00203658
-1153.72	4418.69	0.999998	-0.00181557
-1153.73	4424.67	0.999999	-0.00160397
-1153.74	4431.2	0.999999	-0.00135992
-1153.74	4437.72	0.999999	-0.00109859
-1153.75	4444.24	1	-0.000815269
-1153.75	4450.22	1	-0.000516677
-1153.76	4456.74	1	-0.000160506
-1153.76	4463.26	1	0.000246568
-1153.75	4469.78	1	0.000822976
-1153.75	4476.29	0.999999	0.00160733
-1153.74	4482.27	0.999997	0.00242252
-1153.72	4488.78	0.999994	0.00332134
-1153.69	4495.3	0.999991	0.00421398
-1153.66	4501.82	0.999987	0.00508917
-1153.63	4508.33	0.999984	0.00572345
-1153.59	4514.3	0.999982	0.00600106
-1153.55	4520.82	0.99998	0.00630391
-1153.51	4527.33	0.999978	0.0066068
-1153.47	4533.84	0.999976	0.00690967
-1153.42	4540.35	0.999974	0.00721242
-1153.38	4546.32	0.999972	0.00748774
-1153.33	4552.83	0.99997	0.00778519
-1153.28	4559.34	0.999969	0.00784323
-1153.23	4565.3	0.999971	0.00758566
-1153.18	4571.81	0.999973	0.00729792
-1153.14	4578.32	0.999975	0.00701021
-1153.09	4584.83	0.999977	0.00672256
-1153.05	4591.33	0.999979	0.00643502
-1153.01	4597.3	0.999981	0.00617159
-1152.97	4603.8	0.999983	0.00588425
-1152.93	4610.3	0.999984	0.00559696
-1152.9	4616.27	0.999986	0.00533365
-1152.87	4622.77	0.999987	0.00504645
-1152.83	4629.27	0.999989	0.00475925
-1152.8	4635.77	0.99999	0.00447209
-1152.78	4642.27	0.999991	0.00418499
-1152.75	4648.23	0.999992	0.00392184
-1152.73	4654.73	0.999993	0.00387099
-1152.7	4661.23	0.999991	0.00415078
-1152.67	4667.73	0.99999	0.00443056
-1152.65	4673.68	0.999989	0.00468703
-1152.61	4680.18	0.999988	0.00496673
-1152.58	4686.68	0.999986	0.00524339
-1152.55	4693.17	0.999985	0.00551598
-1152.51	4699.67	0.999983	0.00578862
-1152.48	4705.62	0.999982	0.00603848
-1152.44	4712.11	0.99998	0.00630357
-1152.39	4718.61	0.999979	0.00653776
-1152.35	4724.56	0.999978	0.00669362
-1152.31	4731.05	0.999978	0.00656425
-1152.27	4737.54	0.999983	0.00588837
-1152.23	4744.03	0.999987	0.00506477
-1152.2	4750.52	0.999991	0.00415887
-1152.18	4757.01	0.999995	0.00324915
-1152.16	4762.96	0.999997	0.00249685
-1152.15	4769.45	0.999998	0.00186728
-1152.14	4775.93	0.999999	0.00149149
-1152.13	4782.42	0.999999	0.00126737
-1152.12	4788.37	0.999999	0.00108744
-1152.11	4794.85	1	0.000891152
-1152.11	4801.34	1	0.000664765
-1152.1	4807.82	1	0.00054799
-1152.1	4813.76	1	0.000556344
-1152.1	4820.25	1	0.000338334
-1152.1	4826.73	1	-2.15523e-05
-1152.1	4833.21	1	-0.000431838
-1152.1	4839.15	1	-0.000807906
-1152.11	4845.63	0.999999	-0.00121802
-1152.12	4852.11	0.999999	-0.00163255
-1152.13	4858.59	0.999998	-0.00208407
-1152.14	4865.07	0.999997	-0.00261675
-1152.16	4871	0.999995	-0.00316344
-1152.18	4877.48	0.999993	-0.00378355
-1152.21	4883.96	0.99999	-0.00442617
-1152.24	4890.43	0.999987	-0.00506864
-1152.27	4896.37	0.999984	-0.00565746
-1152.32	4903.92	0.999979	-0.00640677
-1152.36	4910.39	0.999975	-0.0070595
-1152.41	4916.87	0.99997	-0.0077267
-1152.45	4922.8	0.999966	-0.00829184
-1152.51	4929.27	0.999963	-0.00854878
-1152.56	4935.74	0.999966	-0.00829465
-1152.62	4942.21	0.99997	-0.00779756
-1152.66	4948.14	0.999974	-0.00715515
-1152.7	4954.61	0.999983	-0.00590386
-1152.74	4961.08	0.999992	-0.00399202
-1152.76	4967.54	0.999998	-0.00209057
-1152.77	4974.01	1	-0.000311645
-1152.76	4979.94	0.999999	0.00130604
-1152.75	4986.4	0.999995	0.00316304
-1152.73	4992.87	0.999988	0.00482872
-1152.69	4998.79	0.999981	0.00614758
-1152.65	5005.26	0.999975	0.00702134
-1152.61	5011.72	0.999974	0.00717382
-1152.56	5018.18	0.999976	0.0068644
-1152.52	5024.64	0.999982	0.00604002
-1152.48	5030.56	0.999988	0.00487941
-1152.46	5037.02	0.999994	0.00337332
-1152.44	5043.48	0.999999	0.00166904
-1152.43	5049.94	1	-0.000259162
-1152.44	5055.86	0.999942	-0.0108011
-1152.59	5062.32	0.999242	-0.0389342
-1152.92	5068.77	0.997734	-0.0672893
-1153.43	5075.2	0.995307	-0.0967625
-1154.14	5081.62	0.99181	-0.127719
-1155.05	5088.02	0.9873	-0.158866
-1156.06	5093.85	0.982267	-0.187488
-1157.35	5100.18	0.976091	-0.21736
-1158.83	5106.46	0.969492	-0.245124
-1160.48	5112.71	0.962238	-0.27221
-1162.16	5118.39	0.955111	-0.296249
-1164.14	5124.53	0.947351	-0.320198
-1166.26	5130.63	0.939904	-0.34144
-1168.52	5136.68	0.932194	-0.361958
-1170.71	5142.18	0.924857	-0.380315
-1173.22	5148.13	0.917054	-0.398762
-1175.84	5154.04	0.909716	-0.415232
-1178.56	5159.89	0.902075	-0.431579
-1181.15	5165.21	0.894805	-0.446456
-1184.07	5170.97	0.891901	-0.452231
-1186.97	5176.74	0.896289	-0.443471
-1189.8	5182.54	0.900591	-0.434668
-1192.59	5188.36	0.904806	-0.425824
-1195.09	5193.72	0.905448	-0.424458
-1197.85	5199.56	0.901927	-0.431889
-1200.66	5205.37	0.898223	-0.439541
-1203.28	5210.67	0.894627	-0.446813
-1206.18	5216.43	0.890364	-0.455249
-1209.14	5222.16	0.885727	-0.464207
-1212.16	5227.86	0.880901	-0.4733
-1215.24	5233.53	0.875939	-0.482422
-1218.11	5238.7	0.869575	-0.493801
-1221.34	5244.28	0.860132	-0.510071
-1224.67	5249.8	0.850385	-0.52616
-1227.82	5254.81	0.842505	-0.538689
-1231.32	5260.22	0.836253	-0.548344
-1234.88	5265.6	0.829873	-0.557952
-1238.5	5270.93	0.823375	-0.567497
-1242.18	5276.22	0.817156	-0.576416
-1245.92	5281.47	0.811396	-0.584497
-1249.39	5286.25	0.806038	-0.591864
-1253.23	5291.43	0.800103	-0.599862
-1257.11	5296.57	0.795051	-0.606543
-1260.7	5301.25	0.791614	-0.611021
-1264.65	5306.34	0.787819	-0.615907
-1268.63	5311.41	0.78398	-0.620786
-1272.65	5316.44	0.772277	-0.635286
-1276.47	5320.95	0.750852	-0.660471
-1280.79	5325.72	0.726439	-0.68723
-1285.29	5330.33	0.701003	-0.713159
-1289.56	5334.42	0.676666	-0.73629
-1294.37	5338.7	0.648881	-0.76089
-1299.34	5342.81	0.620218	-0.784429
-1304.46	5346.73	0.590822	-0.806802
-1309.27	5350.15	0.565762	-0.824569
-1314.63	5353.74	0.542826	-0.839845
-1320.08	5357.18	0.516695	-0.856169
-1325.18	5360.16	0.488216	-0.872723
-1330.85	5363.23	0.470009	-0.882662
-1336.54	5366.26	0.457992	-0.888956
-1342.32	5369.12	0.423814	-0.905749
-1347.71	5371.55	0.40022	-0.916419
-1353.63	5374.09	0.370328	-0.928901
-1359.68	5376.33	0.322032	-0.946729
-1365.3	5378.17	0.305713	-0.952124
-1371.45	5380.13	0.287025	-0.957923
-1377.66	5381.86	0.242498	-0.970152
-1383.95	5383.31	0.20893	-0.977931
-1389.75	5384.51	0.18225	-0.983252
-1396.12	5385.57	0.153374	-0.988168
-1402.49	5386.56	0.15794	-0.987449
-1403.55	5386.73	0.158904	-0.987294
-1403.55	5386.73	0.158904	-0.987294
-1403.55	5386.73	0.158904	-0.987294
-1403.55	5386.73	0.158904	-0.987294
-1403.55	5386.73	0.158904	-0.987294
-1403.55	5386.73	0.158904	-0.987294
-1403.55	5386.73	0.158904	-0.987294
-1403.55	5386.73	0.158904	-0.987294
-1403.55	5386.73	0.158904	-0.987294
-1403.55	5386.73	0.158904	-0.987294
-1403.55	5386.73	0.158904	-0.987294
-1403.55	5386.73	0.158904	-0.987294
-1403.55	5386.73	0.158904	-0.987294
-1403.55	5386.73	0.158904	-0.987294
-1403.55	5386.73	0.158904	-0.987294
-1403.55	5386.73	0.158904	-0.987294
-1403.55	5386.73	0.158904	-0.987294
-1403.55	5386.73	0.158904	-0.987294
-1403.55	5386.73	0.158904	-0.987294
-1403.55	5386.73	0.158904	-0.987294
-1403.55	5386.73	0.158904	-0.987294
-1403.55	5386.73	0.158904	-0.987294
-1403.55	5386.73	0.158904	-0.987294
-1403.55	5386.73	0.158904	-0.987294
-1403.55	5386.73	0.158904	-0.987294
-1403.55	5386.73	0.158904	-0.987294
-1403.55	5386.73	0.158904	-0.987294
-1403.55	5386.73	0.158904	-0.987294
-1403.55	5386.73	0.158904	-0.987294
-1403.55	5386.73	0.158904	-0.987294
-1403.55	5386.73	0.158904	-0.987294
-1403.55	5386.73	0.158904	-0.987294
-1403.55	5386.73	0.158904	-0.987294
-1403.55	5386.73	0.158904	-0.987294
-1403.55	5386.73	0.158904	-0.987294
-1403.55	5386.73	0.158904	-0.987294
-1403.55	5386.73	0.158904	-0.987294
-1403.55	5386.73	0.158904	-0.987294
-1403.55	5386.73	0.158904	-0.987294
-1403.55	5386.73	0.158904	-0.987294
-1403.55	5386.73	0.158904	-0.987294
-1403.55	5386.73	0.158904	-0.987294
-1403.55	5386.73	0.158904	-0.987294
-1403.55	5386.73	0.158904	-0.987294
-1403.55	5386.73	0.158904	-0.987294
-1403.55	5386.73	0.158904	-0.987294
-1403.55	5386.73	0.158904	-0.987294
-1403.55	5386.73	0.158904	-0.987294
