1170	-5100	1	0
1170	-5100	1	0
1170	-5100	1	0
1170	-5100	1	0
1170	-5100	1	0
1170	-5100	1	0
1170	-5100	1	0
1170	-5100	1	-0.000612815
1170	-5099.99	0.999999	-0.00147076
1170	-5099.98	0.999998	-0.00208357
1170	-5099.97	0.999996	-0.00294151
1170	-5099.97	0.999996	-0.00294151
1170	-5099.97	0.999994	-0.00353517
1170	-5099.96	0.99999	-0.0043663
1170	-5099.96	0.99999	-0.0043663
1170	-5099.96	0.99999	-0.0043663
1170	-5099.96	0.999988	-0.00484203
1170	-5099.95	0.999984	-0.00567456
1170	-5099.95	0.999984	-0.00567456
1170	-5099.95	0.99998	-0.00626922
1170	-5099.94	0.999973	-0.0073396
1170	-5099.93	0.999968	-0.00803219
1170	-5099.91	0.999944	-0.0106141
1170	-5099.87	0.999878	-0.0156373
1170	-5099.81	0.999749	-0.0224072
1170	-5099.74	0.999545	-0.0301487
1169.99	-5099.65	0.999169	-0.0407553
1169.99	-5099.54	0.998586	-0.053159
1169.98	-5099.42	0.9977	-0.0677834
1169.97	-5099.27	0.996426	-0.0844713
1169.96	-5099.13	0.99484	-0.101461
1169.94	-5098.95	0.992541	-0.121908
1169.91	-5098.76	0.989564	-0.144094
1169.88	-5098.57	0.986082	-0.166263
1169.84	-5098.34	0.981291	-0.192528
1169.79	-5098.1	0.975434	-0.220293
1169.73	-5097.84	0.971483	-0.23711
1169.66	-5097.57	0.971478	-0.237131
1169.6	-5097.31	0.97148	-0.237123
1169.52	-5097	0.971495	-0.237061
1169.45	-5096.68	0.971529	-0.236922
1169.36	-5096.34	0.971542	-0.236868
1169.28	-5096.01	0.971573	-0.236741
1169.19	-5095.63	0.971693	-0.236249
1169.1	-5095.25	0.971817	-0.235736
1169	-5094.84	0.971915	-0.235334
1168.9	-5094.45	0.972057	-0.234745
1168.8	-5094.01	0.972147	-0.23437
1168.7	-5093.6	0.972235	-0.234006
1168.58	-5093.12	0.972398	-0.233327
1168.47	-5092.64	0.972535	-0.232758
1168.35	-5092.13	0.972711	-0.23202
1168.22	-5091.61	0.972812	-0.231595
1168.11	-5091.11	0.972957	-0.230987
1167.97	-5090.56	0.973204	-0.229941
1167.84	-5089.99	0.973364	-0.229264
1167.71	-5089.45	0.973537	-0.228528
1167.57	-5088.85	0.973727	-0.227719
1167.43	-5088.23	0.973833	-0.227263
1167.29	-5087.64	0.974026	-0.226438
1167.14	-5086.99	0.974303	-0.22524
1166.99	-5086.33	0.974512	-0.224335
1166.84	-5085.7	0.974632	-0.223814
1166.68	-5085	0.974828	-0.222959
1166.52	-5084.28	0.97505	-0.221986
1166.35	-5083.55	0.975331	-0.220746
1166.2	-5082.87	0.975559	-0.219739
1166.02	-5082.1	0.975773	-0.218783
1165.85	-5081.32	0.975899	-0.218224
1165.67	-5080.51	0.976106	-0.217296
1165.5	-5079.77	0.976389	-0.216021
1165.32	-5078.93	0.97665	-0.214835
1165.13	-5078.08	0.976817	-0.214076
1164.94	-5077.21	0.977086	-0.212843
1164.77	-5076.41	0.977411	-0.211347
1164.57	-5075.51	0.977707	-0.209973
1164.38	-5074.6	0.97792	-0.208981
1164.2	-5073.75	0.978094	-0.208163
1164	-5072.8	0.978298	-0.207204
1163.79	-5071.84	0.978605	-0.205746
1163.59	-5070.86	0.978836	-0.204647
1163.4	-5069.95	0.978992	-0.203897
1163.19	-5068.94	0.97924	-0.202704
1162.98	-5067.91	0.979638	-0.200773
1162.78	-5066.96	0.979835	-0.199809
1162.57	-5065.9	0.980027	-0.198863
1162.35	-5064.82	0.980212	-0.197953
1162.13	-5063.72	0.980577	-0.196133
1161.92	-5062.7	0.98094	-0.194311
1161.7	-5061.58	0.981326	-0.192352
1161.48	-5060.44	0.981525	-0.191336
1161.27	-5059.37	0.981692	-0.190478
1161.04	-5058.2	0.98189	-0.18945
1160.81	-5057	0.982329	-0.18716
1160.59	-5055.8	0.982624	-0.185606
1160.37	-5054.67	0.98278	-0.184777
1160.14	-5053.43	0.982955	-0.183844
1159.91	-5052.18	0.983329	-0.181836
1159.69	-5051.01	0.983433	-0.181273
1159.45	-5049.72	0.983793	-0.17931
1159.22	-5048.42	0.984113	-0.177543
1158.98	-5047.1	0.984112	-0.17755
1158.74	-5045.76	0.984257	-0.176742
1158.52	-5044.52	0.984571	-0.174983
1158.27	-5043.14	0.984225	-0.176919
1158.04	-5041.88	0.983347	-0.181736
1157.78	-5040.48	0.982526	-0.186127
1157.51	-5039.06	0.98194	-0.18919
1157.23	-5037.64	0.981018	-0.193917
1156.95	-5036.19	0.97999	-0.199046
1156.67	-5034.86	0.979029	-0.203722
1156.36	-5033.39	0.978547	-0.206021
1156.05	-5031.9	0.977893	-0.209106
1155.75	-5030.52	0.976713	-0.214551
1155.41	-5029.01	0.975183	-0.221402
1155.06	-5027.48	0.973955	-0.226742
1154.7	-5025.94	0.973172	-0.23008
1154.33	-5024.38	0.972549	-0.232697
1153.98	-5022.94	0.971398	-0.237455
1153.59	-5021.35	0.969782	-0.243974
1153.18	-5019.75	0.968344	-0.24962
1152.8	-5018.28	0.967226	-0.253918
1152.37	-5016.65	0.966451	-0.256851
1151.9	-5014.87	0.964873	-0.262715
1151.48	-5013.36	0.963404	-0.268052
1151.01	-5011.7	0.962125	-0.272607
1150.53	-5010.02	0.960817	-0.277183
1150.04	-5008.32	0.959779	-0.280758
1149.58	-5006.76	0.958101	-0.28643
1149.06	-5005.04	0.956312	-0.292348
1148.53	-5003.31	0.95482	-0.297184
1148.03	-5001.71	0.953145	-0.302513
1147.47	-4999.96	0.951857	-0.306543
1146.89	-4998.19	0.950347	-0.311191
1146.31	-4996.41	0.948209	-0.317647
1145.7	-4994.62	0.946118	-0.323823
1145.13	-4992.98	0.944425	-0.328727
1144.5	-4991.17	0.943085	-0.332552
1143.85	-4989.34	0.941237	-0.337747
1143.24	-4987.66	0.939534	-0.342456
1142.57	-4985.81	0.937623	-0.347653
1141.87	-4983.96	0.935618	-0.353014
1141.16	-4982.09	0.933964	-0.357366
1140.38	-4980.05	0.931615	-0.363447
1139.64	-4978.16	0.929501	-0.36882
1138.94	-4976.42	0.927498	-0.373828
1138.17	-4974.51	0.925079	-0.379776
1137.37	-4972.6	0.923107	-0.384543
1136.56	-4970.66	0.921098	-0.389331
1135.74	-4968.73	0.91863	-0.395118
1134.83	-4966.62	0.915981	-0.401223
1133.97	-4964.67	0.913903	-0.405932
1133.09	-4962.7	0.911846	-0.410532
1132.27	-4960.89	0.909814	-0.415016
1131.36	-4958.9	0.907523	-0.420003
1130.43	-4956.91	0.905006	-0.425398
1129.48	-4954.91	0.902696	-0.430278
1128.6	-4953.06	0.900714	-0.434413
1127.62	-4951.04	0.898385	-0.439209
1126.62	-4949.01	0.895999	-0.444057
1125.69	-4947.14	0.893857	-0.448352
1124.66	-4945.1	0.891469	-0.453081
1123.61	-4943.05	0.889058	-0.457795
1122.54	-4940.99	0.886628	-0.462483
1121.55	-4939.09	0.884408	-0.466714
1120.45	-4937.02	0.882099	-0.471064
1119.33	-4934.94	0.879763	-0.475412
1118.19	-4932.85	0.875516	-0.483189
1117.12	-4930.93	0.870642	-0.491918
1115.93	-4928.83	0.865639	-0.500669
1114.7	-4926.73	0.85669	-0.515831
1113.42	-4924.65	0.848817	-0.528687
1112.11	-4922.57	0.843256	-0.537513
1110.77	-4920.48	0.83803	-0.545624
1109.52	-4918.57	0.831852	-0.554998
1108.11	-4916.49	0.821476	-0.570243
1106.65	-4914.43	0.812671	-0.582723
1105.29	-4912.54	0.806793	-0.590834
1103.77	-4910.48	0.802438	-0.596735
1102.22	-4908.42	0.794413	-0.607378
1100.63	-4906.37	0.784629	-0.619965
1099.14	-4904.51	0.776835	-0.629705
1097.48	-4902.48	0.76944	-0.638719
1095.79	-4900.45	0.762656	-0.646805
1094.2	-4898.61	0.753304	-0.657672
1092.44	-4896.61	0.746443	-0.665449
1090.65	-4894.61	0.73962	-0.673024
1088.82	-4892.63	0.731513	-0.681827
1086.96	-4890.65	0.726856	-0.68679
1085.24	-4888.83	0.720827	-0.693115
1083.32	-4886.86	0.710877	-0.703316
1081.37	-4884.91	0.704783	-0.709423
1079.56	-4883.12	0.698611	-0.715502
1077.55	-4881.18	0.691354	-0.722516
1075.52	-4879.24	0.686956	-0.726699
1073.46	-4877.31	0.679785	-0.733412
1071.55	-4875.55	0.672621	-0.739987
1069.43	-4873.65	0.664906	-0.746927
1067.28	-4871.75	0.660559	-0.750774
1065.3	-4870.01	0.65729	-0.753638
1063.11	-4868.1	0.653783	-0.756683
1060.89	-4866.2	0.647499	-0.762066
1058.66	-4864.31	0.642146	-0.766582
1056.59	-4862.59	0.638159	-0.769905
1054.31	-4860.7	0.637507	-0.770444
1052.01	-4858.8	0.634812	-0.772667
1049.69	-4856.91	0.62943	-0.777057
1047.55	-4855.19	0.623415	-0.781891
1045.19	-4853.31	0.620661	-0.784079
1042.81	-4851.43	0.620481	-0.784221
1040.42	-4849.54	0.616803	-0.787118
1038	-4847.66	0.612957	-0.790116
1035.57	-4845.77	0.611281	-0.791414
1033.33	-4844.05	0.607492	-0.794326
1030.86	-4842.17	0.605084	-0.796162
1028.38	-4840.28	0.604409	-0.796674
1026.09	-4838.55	0.601899	-0.798573
1023.58	-4836.66	0.598807	-0.800893
1021.04	-4834.78	0.595552	-0.803317
1018.5	-4832.89	0.594531	-0.804073
1016.14	-4831.15	0.593967	-0.804489
1013.56	-4829.24	0.59366	-0.804716
1010.97	-4827.34	0.591269	-0.806475
1008.58	-4825.59	0.589068	-0.808084
1005.95	-4823.68	0.587055	-0.809547
1003.31	-4821.76	0.588555	-0.808457
1000.66	-4819.83	0.587349	-0.809333
997.987	-4817.9	0.58288	-0.812558
995.523	-4816.14	0.579417	-0.815031
992.818	-4814.22	0.579868	-0.81471
990.327	-4812.44	0.581773	-0.813351
987.6	-4810.49	0.57936	-0.815071
984.855	-4808.55	0.574594	-0.818438
982.091	-4806.62	0.573278	-0.819361
979.314	-4804.67	0.573532	-0.819183
976.522	-4802.72	0.574196	-0.818718
973.721	-4800.75	0.574107	-0.81878
971.139	-4798.95	0.571258	-0.820771
968.308	-4796.98	0.56999	-0.821651
965.46	-4795.01	0.570124	-0.821558
962.843	-4793.18	0.573809	-0.818989
959.987	-4791.18	0.57701	-0.816737
957.127	-4789.15	0.58133	-0.813668
954.266	-4787.09	0.584632	-0.811299
951.403	-4785.02	0.588846	-0.808245
948.776	-4783.1	0.593139	-0.8051
945.913	-4780.98	0.596919	-0.802302
943.287	-4779.02	0.601553	-0.798833
940.422	-4776.85	0.606291	-0.795243
937.559	-4774.66	0.609305	-0.792936
934.694	-4772.45	0.613186	-0.789939
932.067	-4770.4	0.617665	-0.786441
929.202	-4768.14	0.622682	-0.782475
926.344	-4765.85	0.631031	-0.775758
923.739	-4763.71	0.640101	-0.768291
920.919	-4761.33	0.649479	-0.760379
918.109	-4758.91	0.657524	-0.753433
915.32	-4756.45	0.666797	-0.74524
912.78	-4754.16	0.675426	-0.737428
910.035	-4751.61	0.684638	-0.728883
907.303	-4749.03	0.691663	-0.72222
904.581	-4746.4	0.698903	-0.715217
902.105	-4743.96	0.70692	-0.707293
899.43	-4741.26	0.715192	-0.698928
896.774	-4738.51	0.72233	-0.691549
894.137	-4735.74	0.728893	-0.684627
891.727	-4733.16	0.733739	-0.679432
889.11	-4730.31	0.739921	-0.672694
886.516	-4727.43	0.746426	-0.665468
884.152	-4724.76	0.751178	-0.6601
881.58	-4721.82	0.756086	-0.654473
879.025	-4718.85	0.76152	-0.648142
876.485	-4715.84	0.766573	-0.642158
873.964	-4712.81	0.771455	-0.636284
871.66	-4710.01	0.774768	-0.632246
869.153	-4706.92	0.777862	-0.628435
866.858	-4704.07	0.780654	-0.624964
864.365	-4700.94	0.784396	-0.62026
861.881	-4697.78	0.787257	-0.616625
859.402	-4694.61	0.789383	-0.613901
856.921	-4691.41	0.791371	-0.611336
854.653	-4688.46	0.793581	-0.608465
852.178	-4685.23	0.794997	-0.606613
849.702	-4681.98	0.796196	-0.605039
847.425	-4678.98	0.797116	-0.603826
844.944	-4675.69	0.799136	-0.601151
842.465	-4672.39	0.801259	-0.598317
839.995	-4669.07	0.803564	-0.595219
837.729	-4666	0.805062	-0.593191
835.263	-4662.65	0.807659	-0.58965
832.807	-4659.27	0.810007	-0.58642
830.555	-4656.15	0.811672	-0.584113
828.104	-4652.73	0.81414	-0.580669
825.657	-4649.29	0.816067	-0.577957
823.212	-4645.83	0.818146	-0.575011
820.977	-4642.64	0.820048	-0.572295
818.539	-4639.14	0.821753	-0.569844
816.107	-4635.62	0.823938	-0.56668
813.885	-4632.38	0.825836	-0.563911
811.464	-4628.82	0.827774	-0.561062
809.048	-4625.24	0.829805	-0.558053
806.633	-4621.64	0.831702	-0.555222
804.225	-4618.02	0.833521	-0.552487
801.824	-4614.39	0.835301	-0.549793
799.627	-4611.04	0.837077	-0.547086
797.232	-4607.37	0.839062	-0.544036
795.043	-4603.98	0.840573	-0.541699
792.658	-4600.27	0.84228	-0.53904
790.28	-4596.54	0.844379	-0.535747
787.907	-4592.79	0.84673	-0.532022
785.739	-4589.32	0.848596	-0.529041
783.381	-4585.53	0.849709	-0.527251
781.026	-4581.73	0.851518	-0.524325
778.679	-4577.9	0.853973	-0.520317
776.534	-4574.37	0.856707	-0.515804
774.208	-4570.48	0.859319	-0.51144
771.891	-4566.58	0.860426	-0.509576
769.577	-4562.66	0.861535	-0.507699
767.461	-4559.06	0.863953	-0.503572
765.166	-4555.1	0.866981	-0.49834
762.887	-4551.11	0.869204	-0.494454
760.808	-4547.45	0.871073	-0.491153
758.55	-4543.42	0.873397	-0.48701
756.303	-4539.38	0.874792	-0.484499
754.061	-4535.32	0.876617	-0.481188
751.832	-4531.24	0.878798	-0.477194
749.609	-4527.14	0.880012	-0.474952
747.578	-4523.36	0.880946	-0.473217
745.362	-4519.23	0.881968	-0.471309
743.338	-4515.43	0.883638	-0.46817
741.135	-4511.26	0.885391	-0.464846
738.946	-4507.06	0.887786	-0.460256
736.767	-4502.85	0.888221	-0.459416
734.583	-4498.63	0.888651	-0.458584
732.585	-4494.75	0.890087	-0.455791
730.41	-4490.49	0.890248	-0.455476
728.046	-4485.88	0.891005	-0.453993
725.875	-4481.59	0.892583	-0.450883
723.883	-4477.65	0.891643	-0.452739
721.696	-4473.36	0.891115	-0.453778
719.505	-4469.05	0.891015	-0.453973
717.303	-4464.74	0.889795	-0.45636
715.273	-4460.79	0.889985	-0.45599
713.061	-4456.46	0.890271	-0.455432
710.836	-4452.12	0.890294	-0.455387
708.617	-4447.76	0.89166	-0.452705
706.396	-4443.39	0.890963	-0.454075
704.348	-4439.38	0.890223	-0.455526
702.105	-4435	0.889928	-0.4561
699.851	-4430.61	0.889447	-0.457039
697.778	-4426.57	0.88887	-0.45816
695.501	-4422.17	0.887964	-0.459913
693.212	-4417.75	0.887538	-0.460735
690.91	-4413.33	0.886384	-0.462951
688.787	-4409.27	0.885188	-0.465234
686.453	-4404.85	0.883852	-0.467767
684.104	-4400.42	0.882666	-0.47
681.934	-4396.36	0.881519	-0.472148
679.552	-4391.91	0.880708	-0.473659
677.152	-4387.46	0.879476	-0.475943
674.736	-4383.01	0.878621	-0.477521
672.51	-4378.92	0.877827	-0.478978
670.072	-4374.46	0.87691	-0.480655
667.622	-4370	0.875909	-0.482476
665.362	-4365.9	0.875143	-0.483864
662.884	-4361.43	0.874204	-0.485558
660.387	-4356.94	0.873169	-0.487418
657.88	-4352.45	0.872555	-0.488516
655.567	-4348.33	0.871615	-0.490192
653.034	-4343.83	0.871728	-0.48999
650.503	-4339.32	0.872296	-0.488979
647.967	-4334.8	0.870954	-0.491365
645.614	-4330.65	0.868717	-0.495308
643.027	-4326.12	0.868264	-0.496103
640.436	-4321.59	0.867351	-0.497697
637.812	-4317.05	0.863011	-0.505186
635.361	-4312.9	0.857552	-0.514397
632.632	-4308.4	0.851193	-0.524852
629.843	-4303.93	0.844755	-0.535154
627.236	-4299.86	0.8387	-0.544593
624.336	-4295.44	0.832418	-0.554149
621.378	-4291.04	0.826074	-0.563561
618.367	-4286.67	0.81927	-0.573408
615.552	-4282.7	0.806945	-0.590627
612.35	-4278.46	0.787518	-0.616291
609.022	-4274.3	0.77349	-0.633809
605.891	-4270.52	0.764775	-0.644298
602.41	-4266.44	0.752898	-0.658137
598.824	-4262.43	0.736152	-0.676817
595.139	-4258.49	0.718245	-0.695791
591.653	-4254.98	0.699087	-0.715037
587.749	-4251.23	0.68662	-0.727016
583.785	-4247.52	0.674114	-0.738627
580.068	-4244.2	0.658127	-0.752907
575.943	-4240.64	0.645362	-0.763877
571.738	-4237.15	0.630201	-0.776432
567.468	-4233.73	0.616855	-0.787077
563.127	-4230.39	0.603766	-0.797161
558.734	-4227.08	0.599156	-0.800632
554.317	-4223.78	0.593634	-0.804735
550.23	-4220.81	0.583243	-0.812298
545.725	-4217.6	0.573467	-0.819229
541.176	-4214.46	0.562347	-0.826901
536.962	-4211.62	0.554093	-0.832455
532.333	-4208.55	0.549638	-0.835403
527.674	-4205.51	0.540565	-0.841302
522.975	-4202.53	0.531903	-0.846805
518.635	-4199.81	0.529329	-0.848417
513.884	-4196.85	0.526045	-0.850457
509.105	-4193.92	0.519368	-0.85455
504.7	-4191.25	0.515181	-0.857081
499.87	-4188.37	0.509284	-0.860599
495.02	-4185.52	0.504632	-0.863335
490.152	-4182.69	0.499964	-0.866046
485.267	-4179.88	0.495282	-0.868732
480.363	-4177.1	0.490972	-0.871175
475.854	-4174.57	0.487509	-0.873118
470.921	-4171.82	0.483721	-0.875222
465.973	-4169.1	0.479924	-0.87731
461.425	-4166.62	0.477227	-0.87878
456.454	-4163.93	0.475316	-0.879815
451.474	-4161.24	0.473402	-0.880846
446.486	-4158.57	0.471486	-0.881873
441.906	-4156.12	0.470927	-0.882172
436.908	-4153.45	0.471887	-0.881659
431.494	-4150.55	0.472927	-0.881102
426.913	-4148.09	0.474207	-0.880413
421.918	-4145.39	0.476128	-0.879376
417.342	-4142.91	0.477887	-0.878421
412.352	-4140.19	0.479804	-0.877376
407.366	-4137.46	0.481721	-0.876325
402.383	-4134.71	0.483638	-0.875268
397.403	-4131.96	0.485553	-0.874207
392.426	-4129.19	0.487466	-0.873142
387.867	-4126.64	0.489219	-0.872161
382.897	-4123.84	0.491133	-0.871085
377.93	-4121.03	0.493044	-0.870004
373.38	-4118.45	0.494794	-0.86901
368.418	-4115.62	0.496057	-0.86829
363.446	-4112.78	0.495642	-0.868527
358.458	-4109.94	0.495164	-0.8688
353.466	-4107.09	0.495687	-0.868501
348.879	-4104.47	0.495265	-0.868742
343.863	-4101.61	0.495134	-0.868816
339.262	-4098.99	0.495819	-0.868426
334.236	-4096.12	0.495844	-0.868412
329.199	-4093.24	0.495746	-0.868468
324.152	-4090.36	0.495355	-0.868691
319.087	-4087.48	0.494887	-0.868957
314.445	-4084.83	0.499035	-0.866582
309.399	-4081.9	0.506042	-0.862509
304.36	-4078.93	0.509813	-0.860285
299.743	-4076.18	0.514284	-0.85762
294.727	-4073.14	0.522261	-0.852786
289.724	-4070.06	0.525749	-0.85064
284.706	-4066.96	0.525473	-0.85081
279.678	-4063.85	0.528338	-0.849034
274.66	-4060.71	0.53493	-0.844896
270.081	-4057.79	0.541926	-0.840426
265.103	-4054.56	0.546732	-0.837308
260.539	-4051.57	0.547822	-0.836595
255.546	-4048.3	0.550634	-0.834747
250.571	-4044.99	0.556133	-0.831093
245.596	-4041.66	0.559337	-0.828941
239.81	-4037.72	0.565726	-0.824593
235.268	-4034.6	0.56722	-0.823567
230.302	-4031.18	0.569202	-0.822198
225.35	-4027.73	0.573947	-0.818893
220.402	-4024.25	0.577145	-0.816642
215.874	-4021.03	0.580157	-0.814504
210.931	-4017.51	0.582438	-0.812875
205.996	-4013.96	0.58505	-0.810997
201.05	-4010.39	0.585906	-0.810379
196.106	-4006.8	0.589063	-0.808087
191.582	-4003.5	0.591261	-0.80648
186.641	-3999.87	0.592824	-0.805332
182.113	-3996.53	0.594346	-0.804209
177.159	-3992.87	0.594609	-0.804015
172.202	-3989.2	0.596485	-0.802624
167.252	-3985.51	0.599046	-0.800715
162.306	-3981.8	0.600694	-0.799479
157.763	-3978.38	0.601049	-0.799212
152.796	-3974.65	0.602042	-0.798464
147.833	-3970.89	0.603896	-0.797063
142.862	-3967.13	0.604554	-0.796564
138.304	-3963.66	0.605882	-0.795555
133.332	-3959.87	0.606858	-0.79481
128.348	-3956.06	0.60721	-0.794541
123.36	-3952.25	0.608262	-0.793736
118.78	-3948.74	0.608622	-0.79346
113.776	-3944.9	0.609532	-0.792761
108.775	-3941.04	0.611105	-0.79155
104.187	-3937.5	0.611576	-0.791186
99.1674	-3933.62	0.611622	-0.79115
94.1458	-3929.73	0.61242	-0.790533
89.1226	-3925.84	0.612968	-0.790108
84.0883	-3921.93	0.613081	-0.79002
79.4631	-3918.34	0.613095	-0.790009
74.405	-3914.42	0.613275	-0.78987
69.7675	-3910.81	0.613917	-0.78937
64.7006	-3906.87	0.613989	-0.789315
59.6241	-3902.92	0.61376	-0.789492
54.5339	-3898.97	0.613519	-0.78968
49.4375	-3895.01	0.613388	-0.789782
44.7538	-3891.37	0.61316	-0.789959
39.6366	-3887.4	0.613021	-0.790066
34.5116	-3883.43	0.612863	-0.790189
29.8059	-3879.78	0.61272	-0.7903
24.665	-3875.79	0.612574	-0.790414
19.5109	-3871.8	0.614616	-0.788826
14.3686	-3867.77	0.618348	-0.785904
9.23043	-3863.71	0.622567	-0.782566
4.54586	-3859.96	0.62851	-0.777802
-0.54271	-3855.83	0.634502	-0.772922
-5.60145	-3851.64	0.639091	-0.769131
-10.2421	-3847.78	0.640503	-0.767956
-15.2955	-3843.55	0.645036	-0.764152
-20.3317	-3839.28	0.649521	-0.760343
-25.3507	-3834.97	0.653921	-0.756563
-30.3401	-3830.61	0.675199	-0.737635
-34.7219	-3826.39	0.727753	-0.68584
-39.0878	-3821.37	0.774685	-0.632348
-42.8997	-3816.6	0.799897	-0.600138
-46.7527	-3811.14	0.826826	-0.562459
-50.5224	-3805.6	0.82698	-0.562231
-54.2833	-3800.06	0.828474	-0.560027
-57.7186	-3794.96	0.829839	-0.558003
-61.7677	-3788.94	0.826755	-0.562563
-65.5913	-3783.43	0.813884	-0.581027
-69.539	-3778.01	0.8006	-0.599199
-73.6087	-3772.68	0.78691	-0.617067
-77.8012	-3767.44	0.770438	-0.637515
-81.7792	-3762.74	0.751709	-0.659495
-86.2726	-3757.75	0.730562	-0.682847
-90.529	-3753.31	0.710537	-0.703659
-95.3158	-3748.59	0.690716	-0.723127
-100.218	-3744	0.674222	-0.738529
-105.224	-3739.51	0.657383	-0.753556
-110.332	-3735.14	0.640209	-0.768201
-115.535	-3730.88	0.626132	-0.779717
-120.36	-3727.04	0.617481	-0.786586
-125.673	-3722.92	0.607957	-0.79397
-131.036	-3718.85	0.598345	-0.801239
-135.995	-3715.18	0.591975	-0.805956
-141.425	-3711.2	0.589806	-0.807545
-146.868	-3707.24	0.587633	-0.809128
-152.322	-3703.29	0.585456	-0.810704
-157.329	-3699.67	0.58754	-0.809195
-162.766	-3695.69	0.595124	-0.803634
-167.718	-3692	0.602029	-0.798474
-173.084	-3687.92	0.609512	-0.792777
-178.413	-3683.79	0.617821	-0.786319
-183.694	-3679.59	0.627282	-0.778792
-188.492	-3675.69	0.635875	-0.771792
-193.678	-3671.38	0.64516	-0.764048
-198.812	-3667	0.653933	-0.756553
-203.477	-3662.93	0.661366	-0.750063
-208.521	-3658.44	0.669402	-0.7429
-213.517	-3653.9	0.677361	-0.73565
-218.468	-3649.31	0.68279	-0.730614
-222.988	-3645.07	0.684596	-0.728923
-227.908	-3640.44	0.686561	-0.727072
-232.818	-3635.8	0.687296	-0.726377
-237.321	-3631.54	0.686396	-0.727228
-242.241	-3626.9	0.685413	-0.728155
-247.168	-3622.27	0.684428	-0.72908
-252.103	-3617.64	0.682619	-0.730774
-256.642	-3613.42	0.679897	-0.733307
-261.612	-3608.82	0.676917	-0.736059
-266.601	-3604.25	0.673926	-0.738799
-271.192	-3600.08	0.671507	-0.740998
-276.215	-3595.53	0.669498	-0.742814
-281.251	-3591.01	0.667485	-0.744624
-286.3	-3586.49	0.665466	-0.746428
-290.94	-3582.36	0.664033	-0.747704
-296.009	-3577.86	0.663019	-0.748603
-300.663	-3573.75	0.662088	-0.749426
-305.746	-3569.26	0.661072	-0.750323
-310.836	-3564.78	0.660479	-0.750845
-315.928	-3560.3	0.660479	-0.750845
-321.022	-3555.82	0.660479	-0.750845
-325.692	-3551.71	0.660479	-0.750845
-330.787	-3547.23	0.660903	-0.750471
-335.454	-3543.12	0.661837	-0.749648
-340.541	-3538.62	0.662854	-0.748748
-345.623	-3534.12	0.663871	-0.747848
-350.7	-3529.6	0.664886	-0.746945
-355.771	-3525.09	0.665901	-0.746041
-360.416	-3520.94	0.66683	-0.74521
-365.477	-3516.4	0.667842	-0.744303
-370.534	-3511.86	0.668854	-0.743394
-375.165	-3507.69	0.66978	-0.742559
-380.211	-3503.13	0.67079	-0.741647
-385.253	-3498.57	0.671799	-0.740734
-390.289	-3493.99	0.672806	-0.739819
-394.901	-3489.79	0.673729	-0.738978
-399.928	-3485.21	0.674735	-0.73806
-404.949	-3480.61	0.67574	-0.73714
-409.551	-3476.4	0.668413	-0.74379
-414.676	-3471.91	0.644222	-0.764839
-419.944	-3467.6	0.619365	-0.785103
-425.349	-3463.45	0.593871	-0.80456
-430.419	-3459.8	0.569075	-0.822286
-436.08	-3456	0.540232	-0.841516
-441.87	-3452.4	0.510738	-0.859736
-447.286	-3449.28	0.48316	-0.875532
-453.304	-3446.07	0.45636	-0.889795
-459.407	-3443.01	0.434584	-0.900631
-465.066	-3440.35	0.414396	-0.910097
-471.308	-3437.58	0.392137	-0.919907
-477.613	-3434.96	0.377461	-0.926025
-483.415	-3432.61	0.373975	-0.927439
-489.754	-3430.06	0.370166	-0.928966
-496.106	-3427.54	0.36635	-0.930477
-502.468	-3425.05	0.366245	-0.930518
-508.293	-3422.74	0.370911	-0.928668
-514.636	-3420.19	0.375991	-0.926623
-520.966	-3417.6	0.381059	-0.924551
-526.757	-3415.2	0.387796	-0.921745
-533.049	-3412.52	0.397859	-0.917447
-539.314	-3409.77	0.407874	-0.913038
-545.03	-3407.19	0.417013	-0.908901
-551.239	-3404.31	0.425909	-0.904766
-557.422	-3401.37	0.433334	-0.901233
-563.07	-3398.63	0.440115	-0.897941
-569.209	-3395.6	0.447484	-0.894292
-575.324	-3392.51	0.453809	-0.891099
-581.422	-3389.39	0.458695	-0.888594
-586.997	-3386.5	0.463162	-0.886274
-593.064	-3383.31	0.468022	-0.883717
-598.611	-3380.36	0.471255	-0.881997
-604.656	-3377.12	0.472467	-0.881349
-610.697	-3373.88	0.473678	-0.880698
-616.735	-3370.63	0.474888	-0.880046
-622.268	-3367.64	0.474989	-0.879992
-628.307	-3364.38	0.473778	-0.880644
-634.352	-3361.14	0.472566	-0.881295
-639.898	-3358.17	0.471436	-0.8819
-645.954	-3354.93	0.470179	-0.882571
-652.015	-3351.71	0.468922	-0.88324
-658.082	-3348.49	0.467663	-0.883907
-664.661	-3345.02	0.466298	-0.884628
-670.74	-3341.82	0.465036	-0.885292
-676.824	-3338.63	0.463773	-0.885954
-682.406	-3335.71	0.462615	-0.886559
-688.501	-3332.53	0.461363	-0.887212
-694.601	-3329.37	0.460127	-0.887853
-700.707	-3326.21	0.458891	-0.888493
-706.819	-3323.05	0.457653	-0.889131
-712.426	-3320.17	0.456518	-0.889714
-718.548	-3317.03	0.455279	-0.890349
-724.675	-3313.91	0.454039	-0.890982
-730.297	-3311.04	0.452904	-0.891559
-736.434	-3307.93	0.452178	-0.891928
-742.574	-3304.82	0.452171	-0.891931
-748.715	-3301.7	0.452167	-0.891933
-754.857	-3298.59	0.452164	-0.891935
-760.999	-3295.48	0.452675	-0.891676
-767.14	-3292.36	0.453905	-0.89105
-772.766	-3289.49	0.455032	-0.890475
-778.9	-3286.35	0.456261	-0.889846
-785.027	-3283.19	0.465576	-0.885008
-791.096	-3279.92	0.486035	-0.873939
-796.592	-3276.8	0.504566	-0.863373
-802.512	-3273.27	0.524519	-0.851399
-808.349	-3269.59	0.544196	-0.838958
-814.1	-3265.78	0.563588	-0.826056
-819.762	-3261.84	0.582676	-0.812705
-824.871	-3258.11	0.599896	-0.800078
-830.356	-3253.91	0.615707	-0.787975
-835.769	-3249.63	0.627593	-0.778542
-840.675	-3245.63	0.638362	-0.769736
-845.963	-3241.19	0.649971	-0.759959
-851.188	-3236.67	0.657544	-0.753417
-856.388	-3232.12	0.659628	-0.751592
-861.577	-3227.55	0.661708	-0.749762
-866.754	-3222.97	0.663782	-0.747926
-871.92	-3218.38	0.663692	-0.748006
-876.668	-3214.18	0.66083	-0.750535
-881.866	-3209.62	0.657697	-0.753282
-887.084	-3205.08	0.654552	-0.756017
-891.884	-3200.94	0.650957	-0.759114
-897.149	-3196.45	0.64567	-0.763616
-902.446	-3192	0.640352	-0.768082
-907.775	-3187.58	0.635002	-0.772511
-913.135	-3183.2	0.630069	-0.776539
-918.521	-3178.85	0.62574	-0.780032
-923.932	-3174.53	0.621391	-0.783501
-928.915	-3170.6	0.617388	-0.786659
-934.373	-3166.33	0.613459	-0.789727
-939.852	-3162.09	0.610155	-0.792282
-944.889	-3158.22	0.607486	-0.794331
-950.398	-3154.02	0.604809	-0.796371
-955.923	-3149.84	0.601841	-0.798616
-961.462	-3145.68	0.598547	-0.801088
-967.023	-3141.54	0.594605	-0.804018
-972.6	-3137.43	0.592246	-0.805757
-977.719	-3133.67	0.592233	-0.805767
-983.296	-3129.57	0.593378	-0.804924
-988.869	-3125.46	0.592939	-0.805248
-993.985	-3121.7	0.591765	-0.806111
-999.567	-3117.6	0.591676	-0.806176
-1005.15	-3113.5	0.593326	-0.804962
-1010.71	-3109.38	0.596551	-0.802575
-1015.8	-3105.59	0.597153	-0.802128
-1021.36	-3101.46	0.598005	-0.801493
-1026.9	-3097.31	0.600271	-0.799796
-1031.97	-3093.5	0.602424	-0.798176
-1037.48	-3089.32	0.60663	-0.794985
-1042.96	-3085.1	0.627747	-0.778418
-1048.24	-3080.63	0.664599	-0.7472
-1053.36	-3075.97	0.681075	-0.732213
-1057.98	-3071.62	0.69966	-0.714476
-1062.83	-3066.69	0.726701	-0.686954
-1067.14	-3062.04	0.745363	-0.666658
-1071.67	-3056.81	0.766006	-0.642834
-1076.08	-3051.48	0.776158	-0.630538
-1080.39	-3046.07	0.793264	-0.608877
-1084.52	-3040.53	0.811175	-0.584803
-1088.51	-3034.88	0.827005	-0.562195
-1092	-3029.59	0.846343	-0.532638
-1095.58	-3023.67	0.868423	-0.495825
-1098.9	-3017.6	0.888904	-0.458094
-1101.96	-3011.4	0.907748	-0.419516
-1104.76	-3005.07	0.922659	-0.385618
-1107.14	-2999.18	0.932506	-0.361154
-1109.57	-2992.7	0.942509	-0.334179
-1111.8	-2986.14	0.951733	-0.306927
-1113.86	-2979.52	0.958252	-0.285924
-1115.8	-2972.87	0.961751	-0.273924
-1117.67	-2966.2	0.9651	-0.261882
-1119.45	-2959.5	0.968298	-0.249798
-1121.01	-2953.34	0.969414	-0.24543
-1122.73	-2946.62	0.96838	-0.249481
-1124.47	-2939.9	0.967519	-0.252797
-1126.23	-2933.2	0.966813	-0.255486
-1127.86	-2927.06	0.964868	-0.262736
-1129.72	-2920.38	0.96185	-0.273576
-1131.63	-2913.71	0.960173	-0.279408
-1133.6	-2907.07	0.956971	-0.290183
-1135.64	-2900.44	0.953628	-0.300987
-1137.58	-2894.39	0.95032	-0.311275
-1139.78	-2887.82	0.945659	-0.325161
-1142.06	-2881.28	0.942686	-0.333683
-1144.19	-2875.3	0.9399	-0.341451
-1146.6	-2868.8	0.93518	-0.354172
-1149.09	-2862.33	0.930109	-0.367284
-1151.68	-2855.91	0.92554	-0.37865
-1154.3	-2849.5	0.924406	-0.381409
-1156.74	-2843.64	0.922427	-0.386172
-1159.43	-2837.26	0.919129	-0.393958
-1161.95	-2831.44	0.91524	-0.402908
-1164.77	-2825.11	0.912169	-0.409814
-1167.61	-2818.8	0.912402	-0.409296
-1170.44	-2812.48	0.912605	-0.408842
-1173.27	-2806.17	0.91118	-0.412009
-1175.9	-2800.39	0.908587	-0.417697
-1178.81	-2794.11	0.906118	-0.423025
-1181.74	-2787.84	0.906573	-0.42205
-1184.41	-2782.09	0.9086	-0.417668
-1187.29	-2775.8	0.908854	-0.417115
-1190.18	-2769.52	0.908284	-0.418354
-1193.07	-2763.23	0.908666	-0.417525
-1195.95	-2756.94	0.915262	-0.40286
-1198.42	-2751.1	0.924569	-0.381014
-1201.03	-2744.7	0.929286	-0.369361
-1203.54	-2738.26	0.93597	-0.35208
-1205.73	-2732.31	0.941948	-0.335759
-1207.99	-2725.78	0.9483	-0.317375
-1210.13	-2719.21	0.954293	-0.298872
-1211.98	-2713.15	0.959469	-0.281814
-1213.88	-2706.51	0.964669	-0.263467
-1215.64	-2699.84	0.969388	-0.245535
-1217.15	-2693.69	0.97342	-0.229026
-1218.68	-2686.96	0.977494	-0.210964
-1220.09	-2680.2	0.981057	-0.193718
-1221.38	-2673.42	0.984062	-0.177826
-1222.56	-2666.63	0.986711	-0.162483
-1223.55	-2660.38	0.988828	-0.14906
-1224.54	-2653.56	0.990802	-0.135323
-1225.44	-2646.72	0.992454	-0.122621
-1226.25	-2639.88	0.993866	-0.110592
-1226.92	-2633.6	0.994978	-0.100089
-1227.58	-2626.74	0.995955	-0.0898491
-1228.16	-2619.87	0.997468	-0.0711117
-1228.56	-2612.99	0.999013	-0.0444163
-1228.81	-2606.68	0.9994	-0.0346234
-1229.04	-2599.8	0.999571	-0.02929
-1229.21	-2592.92	0.999802	-0.0199225
-1229.31	-2586.61	0.999974	-0.00726054
-1229.29	-2579.72	0.999868	0.0162691
-1229.12	-2572.83	0.999452	0.0331067
-1228.87	-2565.95	0.99918	0.0404941
-1228.58	-2559.07	0.999073	0.0430455
-1228.29	-2552.77	0.998529	0.0542165
-1227.87	-2545.9	0.997652	0.0684815
-1227.38	-2539.04	0.997109	0.0759856
-1226.83	-2532.18	0.996674	0.0814975
-1226.32	-2525.89	0.996529	0.083252
-1225.73	-2519.03	0.996164	0.0875043
-1225.12	-2512.18	0.99597	0.089688
-1224.49	-2505.33	0.995782	0.0917474
-1223.87	-2498.48	0.995797	0.0915888
-1223.28	-2492.2	0.995647	0.0932003
-1222.64	-2485.36	0.995502	0.0947402
-1221.98	-2478.51	0.99536	0.0962192
-1221.38	-2472.24	0.995442	0.0953712
-1220.72	-2465.39	0.995584	0.0938773
-1220.09	-2458.55	0.995828	0.0912546
-1219.46	-2451.7	0.995917	0.0902693
-1218.9	-2445.43	0.99597	0.089688
-1218.28	-2438.58	0.996107	0.088147
-1217.74	-2432.31	0.996431	0.0844072
-1217.16	-2425.46	0.996662	0.0816424
-1216.61	-2418.61	0.99667	0.0815355
-1216.03	-2411.77	0.995805	0.0914964
-1215.42	-2405.5	0.995132	0.098555
-1214.75	-2398.66	0.995433	0.0954628
-1214.11	-2391.83	0.995809	0.0914571
-1213.54	-2385.56	0.995976	0.0896231
-1212.93	-2378.71	0.996218	0.0868914
-1212.34	-2371.87	0.996404	0.084728
-1211.77	-2365.03	0.996647	0.081827
-1211.22	-2358.18	0.996964	0.0778671
-1210.73	-2351.9	0.997228	0.0744122
-1210.23	-2345.05	0.997489	0.0708172
-1209.76	-2338.2	0.997728	0.0673773
-1209.34	-2331.91	0.997929	0.0643293
-1208.91	-2325.06	0.998133	0.061086
-1208.5	-2318.2	0.998323	0.0578894
-1208.11	-2311.34	0.998501	0.0547322
-1207.74	-2304.48	0.998668	0.0515983
-1207.42	-2298.18	0.998812	0.0487274
-1207.1	-2291.32	0.99896	0.0455949
-1206.79	-2284.45	0.999079	0.0429037
-1206.53	-2278.16	0.999159	0.0410034
-1206.25	-2271.29	0.999242	0.0389301
-1205.99	-2264.42	0.999321	0.0368567
-1205.74	-2257.55	0.999379	0.0352253
-1205.5	-2250.68	0.999415	0.034211
-1205.29	-2244.38	0.999446	0.0332787
-1205.06	-2237.51	0.999479	0.0322616
-1204.85	-2230.64	0.999512	0.0312443
-1204.65	-2224.34	0.99954	0.0303116
-1204.45	-2217.47	0.999571	0.0292941
-1204.25	-2210.6	0.9996	0.0282766
-1204.06	-2203.72	0.999616	0.0277018
-1203.86	-2196.85	0.999615	0.0277469
-1203.69	-2190.54	0.999614	0.0277883
-1203.5	-2183.67	0.999613	0.027832
-1203.31	-2176.79	0.999624	0.0274277
-1203.14	-2170.49	0.999649	0.0264831
-1202.96	-2163.62	0.999676	0.02545
-1202.79	-2156.74	0.999702	0.0244154
-1202.62	-2149.86	0.999727	0.0233807
-1202.48	-2143.56	0.999748	0.0224321
-1202.32	-2136.68	0.999771	0.0213972
-1202.18	-2129.8	0.999793	0.0203623
-1202.04	-2122.92	0.999813	0.0193271
-1201.92	-2116.61	0.999831	0.018378
-1201.8	-2109.73	0.99985	0.0173426
-1201.68	-2102.85	0.99986	0.0167506
-1201.57	-2095.97	0.999859	0.0167771
-1201.46	-2089.66	0.999859	0.0167985
-1201.35	-2082.78	0.999859	0.0168219
-1201.23	-2075.9	0.999858	0.0168452
-1201.12	-2069.59	0.999858	0.0168666
-1201.01	-2062.71	0.999857	0.0168899
-1200.89	-2055.83	0.999857	0.0169133
-1200.74	-2048.94	0.998248	0.0591724
-1200.12	-2042.65	0.988432	0.151665
-1198.79	-2035.88	0.967962	0.251096
-1196.77	-2029.27	0.937505	0.347971
-1194.13	-2022.88	0.915421	0.402497
-1191.57	-2017.07	0.915808	0.401616
-1188.8	-2010.72	0.916229	0.400655
-1186.02	-2004.38	0.91665	0.399691
-1183.28	-1998.02	0.924261	0.381762
-1180.75	-1991.57	0.940613	0.339481
-1178.7	-1985.56	0.953964	0.299922
-1176.75	-1978.92	0.966699	0.255917
-1175.1	-1972.18	0.97755	0.210703
-1173.87	-1965.95	0.985759	0.168167
-1172.84	-1959.09	0.99261	0.121344
-1172.14	-1952.2	0.99724	0.0742469
-1171.76	-1945.27	0.999516	0.0311204
-1171.65	-1938.33	0.999981	-0.00618582
-1171.78	-1931.97	0.999188	-0.0402949
-1172.16	-1925.05	0.997007	-0.0773174
-1172.8	-1918.14	0.994118	-0.108305
-1173.54	-1911.82	0.991634	-0.129082
-1174.51	-1904.94	0.988455	-0.151517
-1175.62	-1898.09	0.984778	-0.173818
-1176.89	-1891.26	0.982138	-0.188164
-1178.09	-1885.01	0.981574	-0.191082
-1179.43	-1878.2	0.980964	-0.194192
-1180.67	-1871.96	0.980407	-0.196983
-1182.04	-1865.15	0.980596	-0.196038
-1183.38	-1858.33	0.982331	-0.187151
-1184.65	-1851.51	0.983997	-0.178183
-1185.87	-1844.67	0.985586	-0.169174
-1187.01	-1837.82	0.987369	-0.158437
-1187.99	-1831.53	0.989227	-0.146393
-1188.97	-1824.65	0.991086	-0.133224
-1189.79	-1818.34	0.992636	-0.121139
-1190.59	-1811.43	0.994155	-0.10796
-1191.3	-1804.52	0.995496	-0.0948069
-1191.92	-1797.6	0.996656	-0.0817064
-1192.45	-1790.68	0.997639	-0.0686719
-1192.89	-1783.74	0.998374	-0.0570048
-1193.23	-1777.38	0.998846	-0.0480316
-1193.54	-1770.44	0.999311	-0.0371199
-1193.76	-1763.5	0.999624	-0.0274382
-1193.92	-1757.13	0.999714	-0.0239297
-1194.09	-1750.18	0.999752	-0.0222733
-1194.23	-1743.24	0.999826	-0.0186388
-1194.35	-1736.29	0.999882	-0.0153625
-1194.45	-1729.35	0.999895	-0.0144704
-1194.55	-1722.4	0.999881	-0.0154033
-1194.65	-1716.04	0.999876	-0.015735
-1194.76	-1709.1	0.999882	-0.0153534
-1194.87	-1702.16	0.999881	-0.0154466
-1194.97	-1695.79	0.999874	-0.0158857
-1195.08	-1688.85	0.999859	-0.0167804
-1195.2	-1681.92	0.999851	-0.0172748
-1195.32	-1674.98	0.999843	-0.0177173
-1195.43	-1668.62	0.999835	-0.0181417
-1195.56	-1661.68	0.99982	-0.0189659
-1195.7	-1654.74	0.999803	-0.0198507
-1195.82	-1648.39	0.999785	-0.0207441
-1195.97	-1641.45	0.999781	-0.0209327
-1196.12	-1634.51	0.999773	-0.0212967
-1196.27	-1627.58	0.999751	-0.0223001
-1196.42	-1620.65	0.99972	-0.023647
-1196.58	-1614.3	0.999698	-0.0245888
-1196.75	-1607.37	0.999692	-0.024809
-1196.92	-1600.43	0.999693	-0.0247756
-1197.09	-1593.5	0.999684	-0.0251474
-1197.25	-1587.15	0.999669	-0.0257187
-1197.43	-1580.22	0.999685	-0.0251112
-1197.6	-1573.3	0.999686	-0.0250735
-1197.78	-1566.37	0.999676	-0.0254514
-1197.95	-1559.44	0.999702	-0.0244284
-1198.12	-1552.51	0.99973	-0.0232197
-1198.27	-1545.59	0.999774	-0.0212649
-1198.41	-1539.24	0.999775	-0.0212077
-1198.56	-1532.31	0.999748	-0.0224664
-1198.72	-1525.39	0.999739	-0.0228547
-1198.86	-1519.04	0.999762	-0.021831
-1199.01	-1512.12	0.999787	-0.0206155
-1199.14	-1505.2	0.99982	-0.0189527
-1199.28	-1498.27	0.999806	-0.0196786
-1199.4	-1491.93	0.999811	-0.0194595
-1199.53	-1485.01	0.999847	-0.0175032
-1199.65	-1478.09	0.999861	-0.0166998
-1199.75	-1471.74	0.999873	-0.0159634
-1199.86	-1464.82	0.999885	-0.0151599
-1199.97	-1457.9	0.999897	-0.0143565
-1200.06	-1450.98	0.999908	-0.0135529
-1200.15	-1444.06	0.999919	-0.0127494
-1200.23	-1437.72	0.999928	-0.0120128
-1200.31	-1430.8	0.999937	-0.0112093
-1200.39	-1423.88	0.999946	-0.0104057
-1200.46	-1416.97	0.999954	-0.00960211
-1200.52	-1410.63	0.999961	-0.00886558
-1200.58	-1403.71	0.999967	-0.0080622
-1200.63	-1396.79	0.999974	-0.00725875
-1200.68	-1389.87	0.999979	-0.00645546
-1200.72	-1382.96	0.999984	-0.00565237
-1200.75	-1376.62	0.999988	-0.00491609
-1200.79	-1369.7	0.999992	-0.00411273
-1200.81	-1362.79	0.999993	-0.00364497
-1200.84	-1356.45	0.999993	-0.00364687
-1200.86	-1349.54	0.999993	-0.00364888
-1200.89	-1342.62	0.999993	-0.00365086
-1200.91	-1335.71	0.999993	-0.00366121
-1200.94	-1328.8	0.999993	-0.00368753
-1200.96	-1321.89	0.999993	-0.00371959
-1200.99	-1315.55	0.999993	-0.00374887
-1201.01	-1308.64	0.99999	-0.0044516
-1201.05	-1301.73	0.999981	-0.00609335
-1201.09	-1294.82	0.99997	-0.007735
-1201.15	-1288.48	0.999957	-0.00923973
-1201.22	-1281	0.99995	-0.0100122
-1201.29	-1274.09	0.999957	-0.00923982
-1201.35	-1267.18	0.999964	-0.00846742
-1201.4	-1260.85	0.99997	-0.00775929
-1201.46	-1253.37	0.999976	-0.00692237
-1201.5	-1246.46	0.999981	-0.00615004
-1201.54	-1239.55	0.999986	-0.00537768
-1201.58	-1233.22	0.999989	-0.00466963
-1201.61	-1226.32	0.999992	-0.00389736
-1201.63	-1219.41	0.999995	-0.00312526
-1201.65	-1212.5	0.999997	-0.00235311
-1201.66	-1205.6	0.999999	-0.00158088
-1201.67	-1199.27	0.999999	-0.00120798
-1201.68	-1192.37	0.999999	-0.0012398
-1201.69	-1185.46	0.999999	-0.00127153
-1201.7	-1178.56	0.999999	-0.00130321
-1201.71	-1172.23	0.999999	-0.00106446
-1201.71	-1165.33	1	-0.000292722
-1201.71	-1158.43	1	0.000479067
-1201.71	-1151.53	0.999999	0.00124079
-1201.69	-1144.63	0.999998	0.00196563
-1201.68	-1138.3	0.999997	0.00259489
-1201.66	-1131.4	0.999995	0.0032754
-1201.64	-1124.5	0.999992	0.00395847
-1201.61	-1118.18	0.999991	0.00431683
-1201.58	-1111.28	0.999991	0.00419478
-1201.55	-1104.38	0.999992	0.00406611
-1201.52	-1097.48	0.999992	0.00392334
-1201.5	-1090.58	0.999993	0.00376059
-1201.47	-1084.26	0.999994	0.00360067
-1201.45	-1077.36	0.999994	0.00342035
-1201.43	-1070.47	0.999995	0.0032276
-1201.4	-1064.15	0.999984	0.00570902
-1201.34	-1057.25	0.999909	0.0134987
-1201.23	-1050.36	0.999773	0.0212851
-1201.06	-1043.46	0.999577	0.0290701
-1200.84	-1036.57	0.999438	0.0335261
-1200.63	-1030.26	0.999444	0.0333403
-1200.4	-1023.37	0.999451	0.0331394
-1200.17	-1016.48	0.99949	0.0319385
-1199.98	-1010.16	0.999563	0.0295477
-1199.78	-1003.27	0.999638	0.0269171
-1199.6	-996.381	0.999706	0.0242413
-1199.44	-989.491	0.999776	0.0211852
-1199.32	-983.175	0.999839	0.0179344
-1199.2	-976.285	0.999897	0.014383
-1199.11	-969.395	0.999941	0.0108279
-1199.05	-962.506	0.999968	0.00794147
-1199	-956.19	0.999981	0.00615382
-1198.97	-949.301	0.999991	0.00420372
-1198.94	-942.412	0.999997	0.00225369
-1198.93	-935.524	1	0.000303828
-1198.94	-929.21	0.999999	-0.00148333
-1198.95	-922.322	0.999994	-0.00343281
-1198.98	-915.435	0.999986	-0.00538218
-1199.02	-909.122	0.999976	-0.00690159
-1199.07	-902.236	0.999968	-0.00804849
-1199.13	-895.35	0.999958	-0.00919293
-1199.2	-888.465	0.999947	-0.010328
-1199.26	-882.154	0.999939	-0.0110226
-1199.34	-875.27	0.999936	-0.011335
-1199.42	-868.386	0.999932	-0.0116399
-1199.49	-862.076	0.999929	-0.0119081
-1199.58	-855.193	0.999926	-0.0121928
-1199.66	-848.31	0.999922	-0.0124776
-1199.75	-841.428	0.999919	-0.0127623
-1199.83	-835.12	0.999915	-0.0130215
-1199.92	-828.238	0.999912	-0.0132994
-1200.01	-821.357	0.999908	-0.0135659
-1200.1	-815.05	0.999905	-0.0137946
-1200.19	-808.17	0.999902	-0.0140292
-1200.29	-801.291	0.999903	-0.0139175
-1200.38	-794.411	0.999911	-0.0133203
-1200.47	-787.532	0.99992	-0.0126873
-1200.56	-780.654	0.999928	-0.0119959
-1200.63	-774.349	0.999936	-0.0112796
-1200.71	-767.471	0.999946	-0.0103831
-1200.78	-760.593	0.999956	-0.00933932
-1200.83	-754.289	0.999966	-0.00826483
-1200.89	-747.412	0.999976	-0.00697425
-1200.93	-740.535	0.999984	-0.00561138
-1200.97	-733.659	0.999991	-0.00423215
-1200.99	-726.783	0.999996	-0.00285292
-1201.01	-720.481	0.999999	-0.00158625
-1201.01	-713.605	1	-0.000535009
-1201.01	-706.731	1	4.90977e-05
-1201.01	-700.429	1	0.000584529
-1201.01	-693.555	0.999999	0.00116863
-1201	-686.681	0.999998	0.0017527
-1200.98	-679.808	0.999997	0.00233672
-1200.97	-673.508	0.999996	0.00287206
-1200.95	-666.636	0.999994	0.00345607
-1200.92	-659.764	0.999992	0.0040418
-1200.89	-653.465	0.99999	0.00458092
-1200.86	-646.594	0.999987	0.00516905
-1200.82	-639.723	0.999983	0.00575717
-1200.78	-632.853	0.99998	0.00634526
-1200.74	-625.983	0.999976	0.00693329
-1200.69	-619.686	0.999972	0.00747231
-1200.64	-612.816	0.999968	0.00806034
-1200.58	-605.948	0.999965	0.00831508
-1200.53	-599.08	0.999967	0.00810324
-1200.48	-592.784	0.999969	0.00789074
-1200.42	-585.916	0.999971	0.00760245
-1200.37	-579.049	0.999974	0.00725031
-1200.32	-572.182	0.999976	0.00687251
-1200.28	-565.316	0.999979	0.00649478
-1200.24	-559.022	0.999981	0.00614855
-1200.19	-552.157	0.999983	0.00577091
-1200.16	-545.291	0.999985	0.00539326
-1200.12	-538.998	0.999987	0.00504708
-1200.09	-532.134	0.999989	0.00466946
-1200.06	-525.27	0.999991	0.0042919
-1200.03	-518.406	0.999992	0.00391438
-1200	-511.542	0.999994	0.00353691
-1199.98	-504.679	0.999995	0.00315944
-1199.96	-497.817	0.999996	0.002782
-1199.94	-490.954	0.999997	0.00240463
-1199.93	-484.664	0.999998	0.00205869
-1199.92	-477.803	0.999999	0.00168135
-1199.88	-470.941	0.999638	0.0269133
-1199.57	-464.657	0.996564	0.0828285
-1198.83	-457.83	0.989644	0.143541
-1197.67	-451.058	0.979028	0.203727
-1196.12	-444.361	0.971338	0.237701
-1194.63	-438.238	0.971768	0.235938
-1193.01	-431.557	0.972233	0.234014
-1191.41	-424.873	0.972704	0.23205
-1189.95	-418.742	0.974252	0.225462
-1188.45	-412.036	0.977922	0.208968
-1187.06	-405.304	0.981418	0.191882
-1185.79	-398.55	0.984702	0.174246
-1184.65	-391.773	0.988074	0.153979
-1183.73	-385.54	0.991201	0.132365
-1182.89	-378.72	0.994075	0.108697
-1182.21	-371.881	0.996383	0.0849731
-1181.73	-365.6	0.997954	0.0639324
-1181.36	-358.738	0.9991	0.0424249
-1181.13	-351.87	0.999779	0.0210325
-1181.04	-344.999	1	-0.000173612
-1181.1	-338.128	0.999833	-0.0182503
-1181.25	-331.83	0.999524	-0.0308583
-1181.5	-324.964	0.999017	-0.044339
-1181.81	-318.673	0.998408	-0.0563957
-1182.23	-311.816	0.997738	-0.0672185
-1182.72	-304.962	0.997177	-0.0750921
-1183.25	-298.114	0.996574	-0.0827004
-1183.84	-291.27	0.995999	-0.0893604
-1184.42	-285	0.995736	-0.0922457
-1185.05	-278.163	0.99567	-0.0929549
-1185.69	-271.326	0.995576	-0.0939593
-1186.29	-265.061	0.995514	-0.0946134
-1186.94	-258.226	0.995544	-0.0942995
-1187.58	-251.39	0.995829	-0.0912427
-1188.19	-244.552	0.99604	-0.0889099
-1188.8	-237.715	0.996091	-0.0883333
-1189.36	-231.448	0.996206	-0.0870321
-1189.95	-224.612	0.996416	-0.0845853
-1190.52	-217.775	0.996622	-0.082129
-1191.03	-211.508	0.996771	-0.0802972
-1191.57	-204.668	0.99715	-0.0754461
-1192.08	-197.827	0.997371	-0.0724642
-1192.57	-190.986	0.997594	-0.069326
-1193.03	-184.144	0.997804	-0.0662387
-1193.44	-177.872	0.99799	-0.0633705
-1193.86	-171.027	0.998308	-0.0581438
-1194.25	-164.182	0.998499	-0.0547711
-1194.62	-157.336	0.998652	-0.0519117
-1194.94	-151.06	0.9988	-0.0489779
-1195.26	-144.213	0.998952	-0.0457676
-1195.57	-137.366	0.999031	-0.0440072
-1195.84	-131.09	0.999147	-0.0412972
-1196.12	-124.243	0.999164	-0.040876
-1196.4	-117.399	0.9992	-0.040001
-1196.64	-111.123	0.999292	-0.0376127
-1196.9	-104.279	0.999292	-0.0376134
-1197.16	-97.4352	0.999295	-0.0375541
-1197.41	-90.5913	0.99939	-0.0349272
-1197.62	-84.3172	0.999432	-0.0336974
-1197.85	-77.4738	0.999457	-0.0329638
-1198.07	-70.6297	0.999521	-0.0309516
-1198.27	-64.3568	0.999537	-0.0304332
-1198.47	-57.5144	0.999544	-0.0301981
-1198.68	-50.6736	0.999565	-0.0295059
-1198.87	-43.8317	0.99964	-0.0268297
-1199.05	-36.991	0.999632	-0.027141
-1199.23	-30.722	0.999639	-0.0268545
-1199.4	-23.8827	0.999699	-0.0245503
-1199.57	-17.0429	0.999761	-0.0218602
-1199.69	-10.7722	0.999808	-0.0195777
-1199.83	-3.93343	0.999789	-0.0205303
-1199.97	2.90333	0.999781	-0.0209481
-1200.11	9.74043	0.999832	-0.0183191
-1200.23	16.5785	0.999876	-0.0157388
-1200.32	22.8463	0.999896	-0.0144316
-1200.42	29.6836	0.999901	-0.0140587
-1200.52	36.5184	0.999866	-0.0163947
-1200.63	42.7827	0.999864	-0.0165161
-1200.73	49.6176	0.99989	-0.0148084
-1200.83	56.4517	0.999882	-0.015382
-1200.94	63.2848	0.999874	-0.0158436
-1201.05	70.1173	0.999866	-0.0163691
-1201.16	76.3791	0.999859	-0.0168096
-1201.26	83.2107	0.999881	-0.015406
-1201.36	89.4726	0.999885	-0.0151433
-1201.46	96.3038	0.9999	-0.0141673
-1201.56	103.134	0.999906	-0.0137007
-1201.65	109.962	0.999918	-0.0127988
-1201.73	116.79	0.999933	-0.0115998
-1201.81	123.618	0.999955	-0.00950526
-1201.87	130.446	0.999972	-0.00748185
-1201.91	137.274	0.999986	-0.0053787
-1201.94	143.531	0.999994	-0.00337169
-1201.95	150.358	1	0.000306956
-1201.94	157.184	0.999996	0.00297449
-1201.92	163.441	0.999988	0.00488553
-1201.88	170.264	0.999979	0.00652715
-1201.83	177.085	0.999968	0.0080043
-1201.77	183.908	0.999946	0.0103862
-1201.69	190.73	0.999923	0.0124359
-1201.61	196.984	0.999917	0.0128733
-1201.53	203.804	0.999925	0.0122083
-1201.45	210.622	0.999934	0.0114942
-1201.37	216.873	0.999937	0.0112609
-1201.3	223.692	0.999941	0.0108445
-1201.23	230.511	0.999944	0.0105455
-1201.16	237.33	0.99995	0.00995092
-1201.09	243.579	0.999955	0.00952736
-1201.03	250.397	0.999958	0.00918798
-1200.97	257.213	0.999963	0.00864975
-1200.91	264.029	0.999965	0.00841239
-1200.86	270.277	0.999966	0.00820439
-1200.8	277.093	0.999968	0.00795095
-1200.75	283.907	0.999972	0.0074914
-1200.7	290.72	0.999974	0.0071501
-1200.66	296.965	0.999976	0.00685793
-1200.61	303.778	0.999977	0.00677536
-1200.56	310.592	0.999978	0.00662681
-1200.52	316.836	0.999981	0.00621658
-1200.48	323.647	0.999983	0.00575734
-1200.44	330.456	0.999985	0.0054162
-1200.41	337.265	0.999987	0.00514409
-1200.37	344.075	0.999987	0.00508507
-1200.34	350.317	0.999989	0.00476145
-1200.31	357.125	0.999991	0.00425903
-1200.28	363.932	0.999992	0.00405138
-1200.26	370.74	0.999992	0.0039464
-1200.23	376.98	0.999993	0.00362644
-1200.21	383.786	0.999995	0.00329578
-1200.19	390.592	0.999996	0.00296063
-1200.17	397.396	0.999997	0.00260664
-1200.15	403.634	0.999997	0.00245838
-1200.14	410.438	0.999998	0.00219213
-1200.12	417.242	0.999998	0.00185706
-1200.11	423.477	0.999999	0.00149581
-1200.1	430.277	0.999999	0.00164458
-1200.09	437.078	0.999997	0.00253387
-1200.07	443.879	0.999995	0.00308109
-1200.05	450.111	0.999996	0.00287466
-1200.03	456.909	0.999994	0.00337864
-1200	463.708	0.99999	0.00447476
-1199.97	470.507	0.999986	0.0052107
-1199.94	476.738	0.999986	0.00531332
-1199.9	483.535	0.999985	0.0053881
-1199.87	490.331	0.999984	0.00560932
-1199.82	497.127	0.99998	0.00629832
-1199.78	503.923	0.999982	0.00596069
-1199.75	510.151	0.999984	0.00567259
-1199.71	516.946	0.999985	0.0054426
-1199.67	523.739	0.999988	0.00498338
-1199.64	530.531	0.999989	0.00463019
-1199.61	536.758	0.999989	0.00458315
-1199.58	543.551	0.999991	0.00430738
-1199.55	550.342	0.999992	0.00392925
-1199.53	557.133	0.999994	0.00352732
-1199.5	563.922	0.999995	0.00317434
-1199.48	570.146	0.999995	0.00302655
-1199.46	576.935	0.999996	0.00276113
-1199.45	583.724	0.999997	0.00242705
-1199.43	589.945	0.999998	0.00207419
-1199.42	596.733	0.999998	0.00188064
-1199.41	603.52	0.999999	0.00150541
-1199.4	610.306	0.999999	0.00121161
-1199.39	617.092	1	0.000946337
-1199.38	623.311	1	0.000624217
-1199.38	630.095	1	0.000837023
-1199.37	636.879	0.999999	0.00156647
-1199.36	643.097	0.999999	0.00166109
-1199.35	649.88	0.999997	0.00254398
-1199.33	656.663	0.999995	0.00306304
-1199.31	663.445	0.999998	0.00174948
-1199.31	670.227	1	-0.000185712
-1199.31	676.442	0.999999	-0.00142082
-1199.32	683.222	0.999998	-0.00209146
-1199.34	689.438	0.999998	-0.00218135
-1199.35	696.217	0.999997	-0.00260927
-1199.37	702.995	0.999995	-0.00305138
-1199.39	709.773	0.999995	-0.00306112
-1199.41	716.551	0.999997	-0.00238655
-1199.42	722.764	0.999998	-0.00197403
-1199.44	729.54	0.999997	-0.00241767
-1199.46	736.315	0.999998	-0.00214721
-1199.47	742.525	0.999999	-0.00148855
-1199.47	749.3	1	-0.000626417
-1199.48	757.205	1	0.000317484
-1199.47	763.414	1	-3.43679e-05
-1199.48	770.185	1	-0.000318464
-1199.48	776.957	1	0.000174883
-1199.47	783.164	0.999999	0.00114662
-1199.46	789.936	0.999999	0.00167183
-1199.45	796.706	0.999999	0.00151413
-1199.44	803.476	0.999998	0.0018906
-1199.43	810.245	0.999997	0.00256487
-1199.41	816.451	0.999995	0.0031697
-1199.39	823.219	0.999994	0.00344049
-1199.36	829.988	0.999993	0.00369641
-1199.34	836.19	0.999995	0.00323684
-1199.32	842.957	0.999995	0.00308025
-1199.3	849.724	0.999996	0.00287292
-1199.28	856.489	0.999997	0.0023127
-1199.27	862.69	0.999998	0.00192606
-1199.26	869.453	0.999999	0.00168291
-1199.24	876.217	0.999999	0.00146533
-1199.24	882.417	0.999999	0.00137679
-1199.23	889.181	0.999999	0.00109651
-1199.22	895.942	1	0.000845271
-1199.22	902.702	1	0.000824687
-1199.21	908.9	1	0.000854395
-1199.2	915.661	0.999999	0.00110323
-1199.19	922.421	0.999998	0.00206446
-1199.18	928.617	0.999994	0.00344103
-1199.15	935.375	0.999988	0.00491169
-1199.11	942.134	0.999978	0.00666762
-1199.06	948.892	0.999962	0.00871582
-1199	955.086	0.999943	0.0106747
-1198.92	961.841	0.999915	0.0130476
-1198.83	968.597	0.999892	0.0147249
-1198.74	974.79	0.999859	0.0167657
-1198.61	981.544	0.999801	0.0199424
-1198.47	988.297	0.999734	0.0230784
-1198.31	995.047	0.999659	0.0261257
-1198.14	1001.23	0.999584	0.0288531
-1197.93	1007.98	0.999473	0.0324472
-1197.7	1014.73	0.999349	0.0360813
-1197.47	1020.91	0.999235	0.0391147
-1197.2	1027.66	0.999118	0.0419953
-1196.91	1034.4	0.999027	0.044108
-1196.6	1041.14	0.998902	0.0468404
-1196.28	1047.88	0.998771	0.0495615
-1195.97	1054.05	0.998646	0.0520136
-1195.61	1060.78	0.998506	0.054636
-1195.24	1067.51	0.998362	0.0572146
-1194.88	1073.67	0.998228	0.0595093
-1194.47	1080.39	0.998082	0.0619058
-1194.05	1087.1	0.997935	0.0642263
-1193.61	1093.82	0.997788	0.0664766
-1193.15	1100.53	0.997642	0.0686381
-1192.73	1106.67	0.997513	0.070483
-1192.25	1113.37	0.997386	0.0722518
-1191.76	1120.07	0.997286	0.0736282
-1191.3	1126.21	0.997224	0.0744544
-1190.8	1132.9	0.997201	0.0747612
-1190.3	1139.59	0.997218	0.0745438
-1189.8	1146.28	0.997263	0.0739298
-1189.35	1152.41	0.997314	0.0732409
-1188.86	1159.09	0.997366	0.0725346
-1188.38	1165.77	0.997413	0.0718838
-1187.94	1171.89	0.997456	0.0712905
-1187.46	1178.57	0.997495	0.0707419
-1186.99	1185.25	0.997511	0.0705065
-1186.52	1191.92	0.9975	0.0706662
-1186.04	1198.59	0.997467	0.071137
-1185.61	1204.7	0.99742	0.071787
-1185.12	1211.36	0.997355	0.07268
-1184.64	1218.02	0.997278	0.0737309
-1184.14	1224.68	0.997193	0.0748791
-1183.64	1231.33	0.997107	0.0760133
-1183.09	1238.53	0.997018	0.0771638
-1182.57	1245.18	0.996942	0.0781453
-1182.04	1251.83	0.996875	0.0790001
-1181.56	1257.91	0.996828	0.079587
-1181.03	1264.55	0.996871	0.0790451
-1180.51	1271.19	0.997133	0.075668
-1180.06	1277.28	0.997334	0.0729709
-1179.57	1283.92	0.997464	0.0711788
-1179.11	1290.57	0.997716	0.0675522
-1178.67	1297.21	0.997878	0.0651057
-1178.28	1303.3	0.998042	0.062547
-1177.87	1309.94	0.998285	0.0585396
-1177.49	1316.59	0.998541	0.0539957
-1177.18	1322.69	0.998743	0.0501171
-1176.85	1329.33	0.998841	0.0481257
-1176.53	1335.98	0.998962	0.0455493
-1176.24	1342.63	0.999074	0.043016
-1175.96	1349.28	0.999151	0.0411928
-1175.71	1355.38	0.999271	0.0381858
-1175.47	1362.03	0.999361	0.0357374
-1175.23	1368.68	0.999435	0.0336148
-1175.03	1374.77	0.999485	0.0320874
-1174.82	1381.43	0.99955	0.0300111
-1174.63	1388.08	0.999605	0.028121
-1174.45	1394.73	0.999628	0.0272709
-1174.27	1401.38	0.999652	0.0263867
-1174.11	1407.48	0.999673	0.0255761
-1173.94	1414.13	0.999695	0.0246918
-1173.78	1420.79	0.999709	0.0241337
-1173.63	1426.89	0.999711	0.0240408
-1173.47	1433.54	0.999713	0.0239394
-1173.31	1440.19	0.999716	0.0238379
-1173.15	1446.84	0.999718	0.0237365
-1173.01	1452.94	0.99972	0.0236436
-1172.85	1459.59	0.999723	0.0235422
-1172.7	1466.24	0.999725	0.0234407
-1172.55	1472.34	0.999745	0.022565
-1172.41	1478.99	0.999798	0.0201152
-1172.28	1485.64	0.999844	0.0176652
-1172.17	1492.29	0.999884	0.0152151
-1172.08	1498.95	0.999919	0.0127628
-1172.01	1505.04	0.999945	0.0104988
-1171.94	1511.69	0.999968	0.00800042
-1171.9	1518.35	0.999985	0.00548516
-1171.87	1525	0.999996	0.00296802
-1171.86	1531.1	1	0.000660716
-1171.86	1537.75	0.999998	-0.0018563
-1171.88	1544.4	0.99999	-0.00437326
-1171.91	1551.05	0.999978	-0.00656358
-1171.96	1557.15	0.999967	-0.00815053
-1172.02	1563.8	0.999951	-0.00987788
-1172.09	1570.45	0.999933	-0.0116021
-1172.17	1577.1	0.999916	-0.0129907
-1172.25	1583.2	0.999905	-0.0138172
-1172.34	1589.85	0.999893	-0.0146516
-1172.44	1596.5	0.999881	-0.0153949
-1172.55	1603.15	0.999876	-0.0157705
-1172.64	1609.24	0.999877	-0.0156933
-1172.75	1615.89	0.999878	-0.0156091
-1172.85	1622.54	0.99988	-0.0155057
-1172.95	1628.64	0.999882	-0.0153739
-1173.05	1635.28	0.999885	-0.0151888
-1173.15	1641.93	0.999888	-0.0149512
-1173.25	1648.58	0.999893	-0.0146515
-1173.34	1655.23	0.999902	-0.0139772
-1173.43	1661.33	0.999917	-0.0128907
-1173.51	1667.97	0.999932	-0.0116514
-1173.58	1674.62	0.999946	-0.0103907
-1173.65	1681.27	0.999958	-0.00913746
-1173.7	1687.37	0.999968	-0.0079995
-1173.75	1694.01	0.999977	-0.00676064
-1173.79	1700.66	0.999985	-0.00552181
-1173.82	1707.31	0.999996	-0.00298818
-1173.83	1713.96	0.999999	0.00135829
-1173.81	1720.05	0.999986	0.00534252
-1173.77	1726.7	0.999953	0.00968882
-1173.68	1733.9	0.999896	0.0143997
-1173.57	1740.55	0.999824	0.0187518
-1173.44	1747.19	0.999733	0.0231035
-1173.27	1753.84	0.999623	0.0274547
-1173.09	1759.93	0.999516	0.0311188
-1172.88	1766.57	0.999398	0.0346916
-1172.64	1773.21	0.999268	0.0382639
-1172.4	1779.3	0.999137	0.0415381
-1172.11	1785.94	0.998997	0.0447853
-1171.8	1792.58	0.998867	0.047579
-1171.48	1799.22	0.998731	0.0503573
-1171.14	1805.86	0.998592	0.0530561
-1170.81	1811.94	0.998485	0.0550189
-1170.44	1818.57	0.998405	0.0564517
-1170.09	1824.66	0.998344	0.057519
-1169.71	1831.29	0.998288	0.0584882
-1169.32	1837.92	0.998257	0.0590086
-1168.93	1844.56	0.998259	0.0589873
-1168.53	1851.19	0.998264	0.0588942
-1168.17	1857.27	0.998274	0.0587219
-1167.79	1863.91	0.99831	0.0581089
-1167.4	1870.54	0.998378	0.0569338
-1167.06	1876.62	0.998443	0.0557797
-1166.69	1883.25	0.998515	0.0544855
-1166.33	1889.89	0.998583	0.0532131
-1165.98	1896.52	0.998649	0.0519678
-1165.64	1903.16	0.998712	0.0507305
-1165.34	1909.24	0.99877	0.0495777
-1165.01	1915.88	0.99882	0.0485715
-1164.69	1922.51	0.998852	0.0479027
-1164.4	1928.6	0.998886	0.0471801
-1164.09	1935.23	0.998929	0.0462638
-1163.78	1941.87	0.998974	0.0452876
-1163.48	1948.5	0.999018	0.0443059
-1163.19	1955.14	0.999061	0.0433245
-1162.91	1961.78	0.999103	0.0423394
-1162.65	1967.86	0.999142	0.0414158
-1162.38	1974.5	0.999184	0.0403841
-1162.11	1981.13	0.999226	0.0393469
-1161.88	1987.22	0.999263	0.0383962
-1161.63	1993.86	0.99929	0.0376835
-1161.38	2000.49	0.999299	0.0374251
-1161.13	2007.13	0.999309	0.0371667
-1160.88	2013.77	0.999319	0.0369085
-1160.64	2020.4	0.999329	0.0366394
-1160.41	2026.49	0.999339	0.0363571
-1160.17	2033.12	0.999352	0.0359906
-1159.94	2039.76	0.999367	0.0355657
-1159.72	2045.85	0.999382	0.0351547
-1159.49	2052.48	0.999398	0.0347035
-1159.26	2059.12	0.999413	0.0342522
-1159.03	2065.76	0.999418	0.0341253
-1158.82	2071.84	0.999407	0.0344254
-1158.59	2078.48	0.999396	0.0347529
-1158.36	2085.11	0.999384	0.0350844
-1158.15	2091.19	0.999373	0.0354008
-1157.91	2097.83	0.99936	0.0357663
-1157.67	2104.47	0.999347	0.0361443
-1157.43	2111.1	0.999333	0.0365278
-1157.19	2117.74	0.999319	0.0369112
-1156.96	2123.82	0.999306	0.0372628
-1156.72	2130.45	0.999291	0.0376465
-1156.46	2137.09	0.999277	0.0380303
-1156.23	2143.17	0.999302	0.037344
-1155.99	2149.8	0.999401	0.0346133
-1155.77	2156.44	0.999492	0.0318824
-1155.57	2163.07	0.999575	0.0291513
-1155.38	2169.71	0.999651	0.0264201
-1155.23	2175.79	0.999714	0.0239164
-1155.07	2182.43	0.999776	0.0211849
-1154.94	2189.07	0.99983	0.0184534
-1154.84	2195.15	0.999873	0.0159495
-1154.74	2201.79	0.999913	0.013218
-1154.66	2208.42	0.999945	0.0104864
-1154.59	2215.06	0.99997	0.0077564
-1154.55	2221.15	0.999984	0.00558292
-1154.52	2227.78	0.999993	0.00364309
-1154.5	2234.42	0.999999	0.00171798
-1154.5	2240.5	1	-9.4198e-06
-1154.5	2247.14	0.999999	-0.00146708
-1154.51	2253.78	0.999997	-0.00232154
-1154.53	2260.41	0.999995	-0.00301734
-1154.55	2267.05	0.999994	-0.00357853
-1154.58	2273.13	0.999993	-0.00362965
-1154.6	2279.77	0.999995	-0.00308134
-1154.62	2286.41	0.999997	-0.00232532
-1154.63	2292.49	0.999999	-0.00144774
-1154.64	2299.13	1	-0.000670987
-1154.64	2305.76	1	-0.00022421
-1154.64	2312.4	1	0.000322901
-1154.64	2318.48	1	0.000873492
-1154.63	2325.12	0.999998	0.00181161
-1154.61	2331.75	0.999995	0.00319783
-1154.59	2338.39	0.99999	0.00456056
-1154.56	2344.47	0.999983	0.00577499
-1154.51	2351.1	0.999975	0.00705677
-1154.46	2357.74	0.999966	0.00827569
-1154.41	2364.37	0.999956	0.00941296
-1154.35	2370.45	0.99995	0.0100421
-1154.28	2377.09	0.999948	0.0102149
-1154.21	2383.72	0.999947	0.0102983
-1154.14	2390.35	0.999947	0.0102862
-1154.08	2396.44	0.999951	0.00986217
-1154.02	2403.07	0.99996	0.00890502
-1153.96	2409.7	0.999969	0.00788808
-1153.91	2416.34	0.999977	0.00681524
-1153.87	2422.42	0.999983	0.0057954
-1153.84	2429.05	0.999989	0.00466277
-1153.81	2435.68	0.999994	0.00351928
-1153.79	2441.76	0.999997	0.00247289
-1153.78	2448.4	0.999999	0.00159874
-1153.77	2455.03	0.999999	0.0012687
-1153.76	2461.66	1	0.000995654
-1153.76	2468.29	1	0.000814333
-1153.75	2474.93	1	0.000745638
-1153.75	2481.01	1	0.00079848
-1153.74	2487.64	1	0.000967234
-1153.73	2494.27	0.999999	0.00123068
-1153.72	2500.35	0.999998	0.0017832
-1153.71	2506.98	0.999996	0.00292235
-1153.69	2513.61	0.999992	0.00411043
-1153.66	2520.25	0.999986	0.00534497
-1153.62	2526.33	0.999981	0.006167
-1153.58	2532.96	0.999978	0.00663895
-1153.53	2539.59	0.999975	0.00710868
-1153.49	2546.22	0.999971	0.00756592
-1153.44	2552.3	0.999968	0.00795752
-1153.38	2558.93	0.999965	0.0083341
-1153.33	2565.56	0.999963	0.00865307
-1153.27	2572.19	0.999963	0.00857709
-1153.22	2578.82	0.999968	0.00797857
-1153.17	2584.9	0.999973	0.00738694
-1153.12	2591.53	0.999977	0.00671545
-1153.08	2598.16	0.999982	0.00601445
-1153.04	2604.79	0.999986	0.00528326
-1153.01	2610.86	0.999989	0.00459192
-1152.98	2617.49	0.999993	0.00382459
-1152.96	2624.12	0.999995	0.00305468
-1152.94	2630.75	0.999997	0.00228481
-1152.93	2637.38	0.999999	0.00151495
-1152.92	2643.46	1	0.000810916
-1152.92	2650.09	1	0.00037337
-1152.91	2656.72	1	0.000399325
-1152.91	2662.79	1	0.000429881
-1152.91	2669.42	1	0.000469912
-1152.91	2676.05	1	0.000518443
-1152.9	2682.68	1	0.000578471
-1152.9	2689.31	1	0.000654788
-1152.89	2695.39	1	0.000736361
-1152.89	2702.01	1	0.00082915
-1152.88	2708.64	1	0.00092422
-1152.88	2714.72	0.999999	0.00101142
-1152.87	2721.35	0.999999	0.00110654
-1152.86	2727.97	0.999999	0.00120162
-1152.85	2734.6	0.999999	0.00128952
-1152.85	2741.23	0.999999	0.00135973
-1152.84	2747.3	0.999999	0.00140481
-1152.83	2753.93	0.999999	0.00142069
-1152.82	2760.56	0.999999	0.00138227
-1152.81	2766.63	0.999999	0.00129968
-1152.8	2773.26	0.999999	0.00118547
-1152.79	2779.89	0.999999	0.00106581
-1152.79	2786.51	1	0.000946185
-1152.78	2792.59	1	0.000836619
-1152.78	2799.22	1	0.000717143
-1152.77	2805.84	1	0.000597628
-1152.77	2811.92	1	0.000488024
-1152.77	2818.54	1	0.000368495
-1152.76	2825.17	1	0.000249018
-1152.76	2831.79	1	0.000129542
-1152.76	2837.87	1	2.0022e-05
-1152.76	2844.49	1	-9.94161e-05
-1152.76	2851.12	1	-0.000218763
-1152.76	2857.74	1	-0.000338094
-1152.77	2863.82	1	-0.000445318
-1152.77	2870.44	1	-0.000559392
-1152.77	2877.07	1	-0.000673429
-1152.78	2883.69	1	-0.00078745
-1152.78	2890.32	1	-0.000901525
-1152.79	2896.39	0.999999	-0.00100602
-1152.8	2903.02	0.999999	-0.00111991
-1152.81	2909.64	0.999999	-0.0012338
-1152.81	2915.71	0.999999	-0.0013382
-1152.82	2922.34	0.999999	-0.00145209
-1152.83	2928.96	0.999999	-0.00156598
-1152.84	2935.59	0.999999	-0.00167987
-1152.85	2941.66	0.999998	-0.00178428
-1152.87	2948.28	0.999998	-0.00189817
-1152.88	2954.9	0.999998	-0.00201194
-1152.89	2961.53	0.999998	-0.00212556
-1152.9	2967.6	0.999998	-0.00222968
-1152.92	2974.22	0.999997	-0.0023432
-1152.94	2980.85	0.999997	-0.00245677
-1152.95	2987.47	0.999997	-0.00257035
-1152.97	2993.54	0.999996	-0.00267441
-1152.99	3000.16	0.999996	-0.00278793
-1153.01	3006.79	0.999996	-0.00290135
-1153.02	3012.86	0.999995	-0.00300516
-1153.04	3019.48	0.999995	-0.00311841
-1153.06	3026.1	0.999995	-0.00323166
-1153.09	3032.73	0.999994	-0.00334491
-1153.11	3039.35	0.999994	-0.00345816
-1153.13	3045.42	0.999994	-0.00356197
-1153.15	3052.04	0.999994	-0.00335109
-1153.17	3058.66	0.999996	-0.00268642
-1153.19	3064.73	0.999998	-0.00207692
-1153.2	3071.35	0.999999	-0.00141161
-1153.21	3077.98	1	-0.000746335
-1153.21	3084.6	1	-8.33257e-05
-1153.21	3091.22	1	0.000574946
-1153.2	3097.29	0.999999	0.0011724
-1153.2	3103.91	0.999998	0.00181688
-1153.18	3110.53	0.999997	0.00245821
-1153.16	3117.15	0.999995	0.00309995
-1153.14	3123.22	0.999993	0.00368875
-1153.12	3129.84	0.999992	0.00400684
-1153.09	3136.46	0.999993	0.00387097
-1153.07	3143.08	0.999993	0.00373511
-1153.04	3149.7	0.999994	0.00359925
-1153.02	3155.77	0.999994	0.0034747
-1153	3162.39	0.999994	0.00333884
-1152.98	3169.01	0.999995	0.00320298
-1152.96	3175.08	0.999995	0.00307908
-1152.94	3181.7	0.999996	0.00294514
-1152.92	3188.32	0.999996	0.00281119
-1152.9	3194.94	0.999996	0.00267725
-1152.88	3201.56	0.999997	0.00254331
-1152.87	3207.63	0.999997	0.00242053
-1152.85	3214.25	0.999997	0.00228659
-1152.84	3220.31	0.999998	0.00216381
-1152.82	3226.93	0.999998	0.00203151
-1152.81	3233.55	0.999998	0.00190151
-1152.8	3240.17	0.999998	0.0017715
-1152.79	3246.79	0.999999	0.0016415
-1152.78	3252.86	0.999999	0.00152236
-1152.77	3259.48	0.999999	0.00139241
-1152.76	3266.09	0.999999	0.00126241
-1152.75	3272.16	0.999999	0.00114327
-1152.74	3278.78	0.999999	0.00101335
-1152.74	3285.4	1	0.000896067
-1152.73	3292.02	1	0.000796458
-1152.73	3298.08	1	0.000705149
-1152.72	3304.7	1	0.00060554
-1152.72	3311.32	1	0.000505931
-1152.72	3317.94	1	0.000406321
-1152.71	3324.56	1	0.000306712
-1152.71	3330.62	1	0.000215403
-1152.71	3337.24	1	9.4546e-05
-1152.71	3343.86	1	-5.60583e-05
-1152.71	3350.48	1	-0.000206663
-1152.71	3356.54	1	-0.000344716
-1152.72	3363.16	1	-0.000495321
-1152.72	3369.78	1	-0.000645925
-1152.72	3375.84	1	-0.000783948
-1152.73	3382.46	1	-0.000934499
-1152.74	3389.07	0.999999	-0.0010851
-1152.74	3395.69	0.999999	-0.00123109
-1152.75	3402.31	0.999999	-0.00137062
-1152.76	3408.37	0.999999	-0.00149852
-1152.77	3414.99	0.999999	-0.00163804
-1152.78	3421.61	0.999998	-0.00177757
-1152.79	3427.67	0.999998	-0.00190547
-1152.81	3434.29	0.999997	-0.0023676
-1152.82	3440.9	0.999995	-0.00328135
-1152.85	3446.97	0.999992	-0.0041185
-1152.88	3453.58	0.999987	-0.005031
-1152.91	3460.2	0.999984	-0.00561894
-1152.95	3466.81	0.999983	-0.00575251
-1152.99	3473.43	0.999983	-0.00588609
-1153.03	3480.04	0.999982	-0.00601966
-1153.06	3486.11	0.999983	-0.00581935
-1153.1	3492.72	0.999987	-0.00517445
-1153.13	3499.34	0.99999	-0.00452412
-1153.16	3505.4	0.999992	-0.00392751
-1153.18	3512.01	0.999994	-0.00359654
-1153.21	3518.63	0.999993	-0.00371455
-1153.23	3525.24	0.999993	-0.00383256
-1153.26	3531.86	0.999993	-0.0036277
-1153.28	3537.92	0.999995	-0.00302424
-1153.3	3544.53	0.999997	-0.0023612
-1153.31	3551.15	0.999999	-0.00169175
-1153.32	3557.76	0.999999	-0.00100952
-1153.32	3564.38	1	-0.000315915
-1153.32	3570.44	1	0.0003221
-1153.32	3577.05	0.999999	0.0010304
-1153.31	3583.66	0.999998	0.00176118
-1153.3	3590.28	0.999997	0.00251279
-1153.28	3596.34	0.999995	0.00321559
-1153.26	3602.95	0.999992	0.00399676
-1153.23	3609.57	0.99999	0.004472
-1153.2	3616.18	0.99999	0.00450068
-1153.17	3622.24	0.99999	0.00452712
-1153.14	3629.4	0.99999	0.00455836
-1153.11	3635.47	0.999989	0.00458479
-1153.08	3642.08	0.999989	0.00461363
-1153.05	3648.69	0.999989	0.00464247
-1153.02	3654.75	0.999989	0.00466891
-1152.99	3661.36	0.999989	0.00469775
-1152.96	3667.98	0.999989	0.00472502
-1152.93	3674.04	0.999989	0.00474185
-1152.9	3681.2	0.999989	0.0047451
-1152.87	3687.26	0.999989	0.00474258
-1152.84	3693.87	0.999989	0.00473984
-1152.81	3700.48	0.999989	0.00474262
-1152.78	3706.54	0.999989	0.00476286
-1152.75	3713.15	0.999988	0.00482446
-1152.71	3719.77	0.999988	0.00494345
-1152.68	3725.83	0.999987	0.0051145
-1152.65	3732.44	0.999985	0.00539633
-1152.61	3739.05	0.999983	0.00581675
-1152.57	3745.66	0.99998	0.00637091
-1152.53	3751.72	0.999976	0.00693058
-1152.49	3758.33	0.999972	0.00754113
-1152.43	3764.94	0.999969	0.00782873
-1152.38	3771.55	0.999971	0.00766422
-1152.34	3777.61	0.999972	0.00751341
-1152.29	3784.22	0.999973	0.00733734
-1152.24	3790.83	0.999975	0.0071241
-1152.19	3797.44	0.999977	0.00685502
-1152.15	3803.5	0.999978	0.00655763
-1152.11	3810.11	0.999981	0.00619127
-1152.07	3816.72	0.999983	0.00581097
-1152.04	3822.77	0.999985	0.00545927
-1152	3829.93	0.999987	0.00503009
-1151.97	3835.99	0.999989	0.00465726
-1151.94	3842.6	0.999991	0.00425058
-1151.91	3849.21	0.999993	0.00384391
-1151.89	3855.82	0.999994	0.00343724
-1151.87	3861.88	0.999995	0.00306268
-1151.85	3868.49	0.999996	0.0026507
-1151.83	3875.1	0.999997	0.00223875
-1151.82	3881.15	0.999998	0.00186118
-1151.81	3888.31	0.999999	0.00141496
-1151.8	3894.37	0.999999	0.00103739
-1151.79	3900.98	1	0.000625491
-1151.79	3907.59	1	0.000213595
-1151.79	3913.64	1	9.43247e-05
-1151.79	3920.25	1	0.000457331
-1151.78	3926.86	1	0.000820338
-1151.78	3932.92	0.999999	0.00115309
-1151.77	3939.53	0.999999	0.0015161
-1151.76	3946.13	0.999998	0.00187911
-1151.75	3952.74	0.999997	0.00224211
-1151.73	3959.35	0.999997	0.00260516
-1151.71	3965.4	0.999996	0.00293796
-1151.69	3972.01	0.999995	0.00330097
-1151.67	3978.62	0.999993	0.00366397
-1151.65	3985.23	0.999992	0.00402698
-1151.62	3991.83	0.99999	0.00438998
-1151.59	3997.89	0.999989	0.00472273
-1151.56	4004.49	0.999987	0.00508577
-1151.53	4010.55	0.999985	0.00541861
-1151.49	4017.16	0.999985	0.00545887
-1151.45	4023.76	0.999987	0.00504716
-1151.42	4030.37	0.999989	0.00463545
-1151.39	4036.98	0.999991	0.00422374
-1151.37	4043.03	0.999993	0.00384638
-1151.34	4049.64	0.999994	0.00343476
-1151.32	4056.24	0.999995	0.00302315
-1151.31	4062.3	0.999996	0.00264583
-1151.29	4068.9	0.999998	0.00223421
-1151.28	4075.51	0.999998	0.00182259
-1151.27	4081.56	0.999999	0.00144527
-1151.26	4088.72	1	0.000999346
-1151.25	4094.78	1	0.000622027
-1151.25	4101.38	1	0.000210406
-1151.25	4107.99	1	-0.000201177
-1151.25	4115.14	1	-0.000324277
-1151.25	4121.2	1	8.47876e-06
-1151.25	4127.8	1	0.000371485
-1151.25	4134.41	1	0.000734492
-1151.24	4141.01	0.999999	0.00109746
-1151.23	4147.06	0.999999	0.00143016
-1151.22	4153.67	0.999998	0.00179317
-1151.21	4160.27	0.999998	0.00215617
-1151.19	4167.43	0.999997	0.00254981
-1151.18	4174.03	0.999996	0.00291373
-1151.16	4180.08	0.999995	0.00324733
-1151.14	4186.69	0.999993	0.00361125
-1151.11	4193.29	0.999993	0.00365225
-1151.09	4199.9	0.999995	0.00324118
-1151.07	4205.95	0.999996	0.00286437
-1151.05	4213.1	0.999997	0.00241904
-1151.04	4219.16	0.999998	0.00204227
-1151.02	4225.76	0.999999	0.00163129
-1151.01	4232.36	0.999999	0.00122031
-1151.01	4238.42	1	0.000843577
-1151	4245.02	1	0.000432597
-1151	4251.62	1	2.16166e-05
-1151	4258.23	1	-0.000389364
-1151.01	4264.83	1	-0.000800344
-1151.01	4270.88	1	-0.000854238
-1151.02	4277.48	1	-0.000490407
-1151.02	4284.09	1	-0.000126577
-1151.02	4290.14	1	0.000206965
-1151.02	4296.74	1	0.000570849
-1151.01	4303.34	1	0.000934679
-1151	4309.94	0.999999	0.00129851
-1151	4316	0.999999	0.00163202
-1150.98	4322.6	0.999998	0.00199585
-1150.97	4329.2	0.999997	0.00235968
-1150.95	4335.25	0.999996	0.00269319
-1150.94	4341.85	0.999995	0.00305706
-1150.91	4348.45	0.999995	0.00309818
-1150.9	4355.06	0.999996	0.00268738
-1150.88	4361.66	0.999997	0.00227659
-1150.87	4368.26	0.999999	0.00154303
-1150.86	4374.86	1	0.000357607
-1150.86	4380.91	1	-0.000729032
-1150.87	4387.51	0.999998	-0.00191446
-1150.88	4394.11	0.999995	-0.00309984
-1150.91	4400.71	0.999991	-0.00428516
-1150.93	4406.76	0.999986	-0.00537171
-1150.97	4413.37	0.999979	-0.00655702
-1151.02	4419.97	0.999975	-0.00709685
-1151.07	4426.57	0.999977	-0.00673303
-1151.11	4433.17	0.99998	-0.00636921
-1151.15	4439.77	0.999982	-0.00600535
-1151.19	4445.82	0.999984	-0.0056718
-1151.22	4452.42	0.999986	-0.00530797
-1151.26	4459.02	0.999988	-0.00494411
-1151.29	4465.07	0.999989	-0.00461052
-1151.31	4471.67	0.999991	-0.00424664
-1151.34	4478.27	0.999992	-0.00389246
-1151.36	4484.32	0.999994	-0.00358018
-1151.39	4491.46	0.999995	-0.00321109
-1151.41	4497.51	0.999995	-0.00321596
-1151.43	4504.11	0.999993	-0.00363655
-1151.46	4510.71	0.999992	-0.00405714
-1151.48	4516.76	0.99999	-0.00444268
-1151.51	4523.36	0.99999	-0.00454608
-1151.54	4529.96	0.999991	-0.00420538
-1151.57	4536.56	0.999993	-0.00386462
-1151.59	4543.16	0.999994	-0.00352386
-1151.61	4549.2	0.999994	-0.00352869
-1151.64	4555.8	0.999992	-0.00394915
-1151.66	4562.4	0.99999	-0.00436956
-1151.69	4568.45	0.999989	-0.00475493
-1151.72	4575.05	0.999987	-0.00517534
-1151.76	4581.09	0.999985	-0.00556071
-1151.79	4587.69	0.999982	-0.00598111
-1151.83	4594.29	0.99998	-0.00640151
-1151.88	4600.88	0.999979	-0.00650477
-1151.92	4607.48	0.999981	-0.00616398
-1151.96	4613.53	0.999983	-0.00585153
-1151.99	4620.13	0.999985	-0.00551069
-1152.03	4626.72	0.999987	-0.00516984
-1152.06	4633.32	0.999988	-0.004829
-1152.09	4639.91	0.99999	-0.00448815
-1152.12	4645.96	0.999991	-0.00417571
-1152.15	4652.56	0.999993	-0.00383486
-1152.17	4659.15	0.999994	-0.00349397
-1152.19	4665.2	0.999995	-0.00318141
-1152.21	4671.8	0.999996	-0.00284041
-1152.23	4678.39	0.999997	-0.00249947
-1152.24	4684.99	0.999998	-0.00215853
-1152.26	4691.03	0.999998	-0.001846
-1152.27	4698.18	0.999999	-0.00147664
-1152.28	4704.22	0.999999	-0.00116411
-1152.28	4710.82	1	-0.000823171
-1152.29	4717.41	1	-0.000482152
-1152.29	4723.46	1	-0.000169454
-1152.29	4730.05	1	0.000171672
-1152.29	4736.65	1	0.000512797
-1152.28	4742.69	1	0.000825495
-1152.28	4749.84	0.999999	0.00118322
-1152.27	4755.88	0.999999	0.00145472
-1152.26	4762.47	0.999999	0.00171363
-1152.25	4769.07	0.999998	0.00193484
-1152.24	4775.11	0.999998	0.00209911
-1152.22	4781.71	0.999998	0.00223464
-1152.21	4788.3	0.999997	0.00231502
-1152.19	4794.89	0.999997	0.00232762
-1152.18	4801.49	0.999997	0.00227381
-1152.16	4808.08	0.999998	0.00211999
-1152.15	4814.12	0.999998	0.00188536
-1152.14	4820.72	0.999999	0.00158508
-1152.13	4827.31	0.999999	0.00127983
-1152.12	4833.35	0.999999	0.0010007
-1152.11	4839.94	1	0.00069623
-1152.11	4846.54	1	0.000391818
-1152.11	4853.13	1	9.35465e-05
-1152.11	4859.72	1	-0.000190481
-1152.11	4865.76	1	-0.000441915
-1152.11	4872.36	1	-0.00071401
-1152.12	4878.95	1	-0.000985227
-1152.13	4884.99	0.999999	-0.00123269
-1152.14	4891.58	0.999999	-0.00150426
-1152.15	4898.17	0.999998	-0.00178605
-1152.16	4904.76	0.999998	-0.00208444
-1152.17	4911.35	0.999997	-0.00239289
-1152.19	4917.4	0.999996	-0.00268241
-1152.21	4923.99	0.999995	-0.0030264
-1152.23	4930.58	0.999994	-0.0034373
-1152.25	4937.17	0.999992	-0.00391881
-1152.28	4943.76	0.99999	-0.00445009
-1152.31	4949.8	0.99999	-0.00446473
-1152.33	4956.39	0.999994	-0.00354978
-1152.35	4962.98	0.999996	-0.00267856
-1152.37	4969.57	0.999998	-0.00185359
-1152.38	4975.61	1	-0.000501729
-1152.38	4982.2	0.999998	0.00176173
-1152.36	4988.79	0.999994	0.00351779
-1152.33	4994.83	0.99999	0.00450026
-1152.3	5001.42	0.999986	0.00525126
-1152.27	5008.01	0.999984	0.00558043
-1152.23	5014.6	0.999983	0.00586395
-1152.19	5021.18	0.999981	0.00609169
-1152.15	5027.22	0.999981	0.00623908
-1152.11	5033.81	0.99998	0.00638948
-1152.07	5039.84	0.999979	0.00654617
-1152.03	5046.43	0.999975	0.00707789
-1151.99	5053.01	0.999974	-0.00717684
-1152.14	5059.6	0.99908	-0.0428876
-1152.48	5065.62	0.997136	-0.075625
-1153.07	5072.18	0.993789	-0.111281
-1153.91	5078.72	0.988976	-0.148079
-1154.89	5084.68	0.983068	-0.183244
-1156.2	5091.14	0.975198	-0.221335
-1157.76	5097.54	0.96632	-0.257342
-1159.39	5103.36	0.957693	-0.287792
-1161.56	5110.17	0.946316	-0.323242
-1163.58	5115.86	0.935764	-0.352627
-1166.2	5122.51	0.923511	-0.383571
-1168.8	5128.57	0.913402	-0.407059
-1171.31	5134.07	0.903673	-0.428222
-1174.45	5140.49	0.891588	-0.452848
-1177.75	5146.83	0.881286	-0.472583
-1180.64	5152.14	0.87564	-0.482964
-1183.85	5157.9	0.869391	-0.494125
-1187.14	5163.62	0.862999	-0.505205
-1190.22	5168.83	0.857912	-0.513796
-1193.63	5174.48	0.854002	-0.52027
-1197.08	5180.1	0.85005	-0.526703
-1200.57	5185.69	0.846059	-0.533089
-1203.81	5190.8	0.843452	-0.537205
-1207.35	5196.36	0.842669	-0.538432
-1210.91	5201.92	0.841888	-0.539653
-1214.17	5207.01	0.841171	-0.54077
-1218.04	5213.02	0.840835	-0.541292
-1221.31	5218.1	0.841234	-0.540671
-1224.88	5223.65	0.841632	-0.540052
-1228.44	5229.2	0.841959	-0.539542
-1232	5234.76	0.839806	-0.542886
-1235.3	5239.82	0.834633	-0.550806
-1238.96	5245.31	0.828805	-0.559538
-1242.67	5250.76	0.822804	-0.568325
-1246.13	5255.72	0.818764	-0.574131
-1250.23	5261.57	0.817213	-0.576336
-1253.72	5266.5	0.815888	-0.57821
-1257.54	5271.88	0.814438	-0.580251
-1261.37	5277.25	0.813527	-0.581527
-1264.89	5282.16	0.813381	-0.581732
-1268.73	5287.53	0.813184	-0.582006
-1272.57	5292.89	0.812961	-0.582318
-1276.09	5297.8	0.813188	-0.582001
-1279.92	5303.17	0.814257	-0.580504
-1283.74	5308.54	0.815284	-0.579061
-1287.56	5313.92	0.816257	-0.577689
-1291.38	5319.29	0.805787	-0.592206
-1295.04	5324.1	0.78049	-0.625168
-1299.26	5329.17	0.751234	-0.660036
-1303.71	5334.05	0.72033	-0.693631
-1308.38	5338.71	0.682393	-0.730986
-1312.9	5342.73	0.638487	-0.769632
-1318.1	5346.81	0.588099	-0.808789
-1323.55	5350.56	0.535327	-0.844645
-1328.74	5353.69	0.490863	-0.871237
-1334.57	5356.82	0.44873	-0.893667
-1340.55	5359.67	0.40575	-0.913984
-1346.14	5362.04	0.365753	-0.930712
-1352.35	5364.34	0.325766	-0.94545
-1358.64	5366.4	0.291333	-0.956622
-1364.48	5368.09	0.259677	-0.965696
-1370.9	5369.72	0.225109	-0.974334
-1377.38	5371.12	0.194728	-0.980857
-1383.89	5372.34	0.170334	-0.985386
-1390.43	5373.4	0.146016	-0.989282
-1396.45	5374.24	0.128756	-0.991676
-1403.03	5375.06	0.11644	-0.993198
-1404.13	5375.19	0.115405	-0.993318
-1404.13	5375.19	0.115405	-0.993318
-1404.13	5375.19	0.115405	-0.993318
-1404.13	5375.19	0.115405	-0.993318
-1404.13	5375.19	0.115405	-0.993318
-1404.13	5375.19	0.115405	-0.993318
-1404.13	5375.19	0.115405	-0.993318
-1404.13	5375.19	0.115405	-0.993318
-1404.13	5375.19	0.115405	-0.993318
-1404.13	5375.19	0.115405	-0.993318
-1404.13	5375.19	0.115405	-0.993318
-1404.13	5375.19	0.115405	-0.993318
-1404.13	5375.19	0.115405	-0.993318
-1404.13	5375.19	0.115405	-0.993318
-1404.13	5375.19	0.115405	-0.993318
-1404.13	5375.19	0.115405	-0.993318
-1404.13	5375.19	0.115405	-0.993318
-1404.13	5375.19	0.115405	-0.993318
-1404.13	5375.19	0.115405	-0.993318
-1404.13	5375.19	0.115405	-0.993318
-1404.13	5375.19	0.115405	-0.993318
-1404.13	5375.19	0.115405	-0.993318
-1404.13	5375.19	0.115405	-0.993318
-1404.13	5375.19	0.115405	-0.993318
-1404.13	5375.19	0.115405	-0.993318
-1404.13	5375.19	0.115405	-0.993318
-1404.13	5375.19	0.115405	-0.993318
-1404.13	5375.19	0.115405	-0.993318
-1404.13	5375.19	0.115405	-0.993318
-1404.13	5375.19	0.115405	-0.993318
-1404.13	5375.19	0.115405	-0.993318
-1404.13	5375.19	0.115405	-0.993318
-1404.13	5375.19	0.115405	-0.993318
-1404.13	5375.19	0.115405	-0.993318
-1404.13	5375.19	0.115405	-0.993318
-1404.13	5375.19	0.115405	-0.993318
-1404.13	5375.19	0.115405	-0.993318
-1404.13	5375.19	0.115405	-0.993318
-1404.13	5375.19	0.115405	-0.993318
-1404.13	5375.19	0.115405	-0.993318
-1404.13	5375.19	0.115405	-0.993318
-1404.13	5375.19	0.115405	-0.993318
-1404.13	5375.19	0.115405	-0.993318
-1404.13	5375.19	0.115405	-0.993318
-1404.13	5375.19	0.115405	-0.993318
-1404.13	5375.19	0.115405	-0.993318
-1404.13	5375.19	0.115405	-0.993318
-1404.13	5375.19	0.115405	-0.993318
-1404.13	5375.19	0.115405	-0.993318
-1404.13	5375.19	0.115405	-0.993318
-1404.13	5375.19	0.115405	-0.993318
-1404.13	5375.19	0.115405	-0.993318
-1404.13	5375.19	0.115405	-0.993318
-1404.13	5375.19	0.115405	-0.993318
-1404.13	5375.19	0.115405	-0.993318
-1404.13	5375.19	0.115405	-0.993318
-1404.13	5375.19	0.115405	-0.993318
-1404.13	5375.19	0.115405	-0.993318
-1404.13	5375.19	0.115405	-0.993318
-1404.13	5375.19	0.115405	-0.993318
-1404.13	5375.19	0.115405	-0.993318
-1404.13	5375.19	0.115405	-0.993318
-1404.13	5375.19	0.115405	-0.993318
-1404.13	5375.19	0.115405	-0.993318
-1404.13	5375.19	0.115405	-0.993318
-1404.13	5375.19	0.115405	-0.993318
-1404.13	5375.19	0.115405	-0.993318
-1404.13	5375.19	0.115405	-0.993318
-1404.13	5375.19	0.115405	-0.993318
-1404.13	5375.19	0.115405	-0.993318
-1404.13	5375.19	0.115405	-0.993318
-1404.13	5375.19	0.115405	-0.993318
-1404.13	5375.19	0.115405	-0.993318
-1404.13	5375.19	0.115405	-0.993318
-1404.13	5375.19	0.115405	-0.993318
-1404.13	5375.19	0.115405	-0.993318
-1404.13	5375.19	0.115405	-0.993318
-1404.13	5375.19	0.115405	-0.993318
-1404.13	5375.19	0.115405	-0.993318
-1404.13	5375.19	0.115405	-0.993318
-1404.13	5375.19	0.115405	-0.993318
-1404.13	5375.19	0.115405	-0.993318
-1404.13	5375.19	0.115405	-0.993318
-1404.13	5375.19	0.115405	-0.993318
-1404.13	5375.19	0.115405	-0.993318
-1404.13	5375.19	0.115405	-0.993318
-1404.13	5375.19	0.115405	-0.993318
-1404.13	5375.19	0.115405	-0.993318
-1404.13	5375.19	0.115405	-0.993318
-1404.13	5375.19	0.115405	-0.993318
-1404.13	5375.19	0.115405	-0.993318
-1404.13	5375.19	0.115405	-0.993318
-1404.13	5375.19	0.115405	-0.993318
-1404.13	5375.19	0.115405	-0.993318
-1404.13	5375.19	0.115405	-0.993318
-1404.13	5375.19	0.115405	-0.993318
-1404.13	5375.19	0.115405	-0.993318
-1404.13	5375.19	0.115405	-0.993318
-1404.13	5375.19	0.115405	-0.993318
-1404.13	5375.19	0.115405	-0.993318
-1404.13	5375.19	0.115405	-0.993318
-1404.13	5375.19	0.115405	-0.993318
-1404.13	5375.19	0.115405	-0.993318
-1404.13	5375.19	0.115405	-0.993318
-1404.13	5375.19	0.115405	-0.993318
-1404.13	5375.19	0.115405	-0.993318
