1170	-5100	1	0
1170	-5100	1	0
1170	-5100	1	0
1170	-5100	1	0
1170	-5100	1	0
1170	-5100	1	0
1170	-5100	1	0
1170	-5100	1	0
1170	-5100	1	0
1170	-5100	1	0
1170	-5100	1	0
1170	-5100	1	0
1170	-5100	1	0
1170	-5100	1	0
1170	-5100	1	0
1170	-5100	1	0
1170	-5100	1	0
1170	-5100	1	0
1170	-5100	1	-5.55512e-05
1170	-5100	1	-0.000199989
1170	-5100	1	-0.000499989
1170	-5099.99	1	-0.000888831
1170	-5099.99	0.999999	-0.00133314
1170	-5099.98	0.999998	-0.00199954
1170	-5099.98	0.999996	-0.00272144
1170	-5099.97	0.999994	-0.00355437
1170	-5099.96	0.99999	-0.00449823
1170	-5099.95	0.999985	-0.00555293
1170	-5099.94	0.999977	-0.00671847
1170	-5099.93	0.999966	-0.00829434
1170	-5099.91	0.999941	-0.0108854
1170	-5099.87	0.999884	-0.0151991
1170	-5099.81	0.999757	-0.0220234
1170	-5099.73	0.999496	-0.031758
1169.99	-5099.62	0.999013	-0.0444185
1169.99	-5099.49	0.998198	-0.0600037
1169.98	-5099.35	0.997069	-0.0765115
1169.96	-5099.15	0.994995	-0.0999203
1169.94	-5098.94	0.992254	-0.124222
1169.9	-5098.71	0.990555	-0.137117
1169.87	-5098.45	0.990545	-0.137192
1169.83	-5098.16	0.990534	-0.137267
1169.79	-5097.85	0.990524	-0.137342
1169.74	-5097.52	0.990513	-0.137418
1169.69	-5097.16	0.990511	-0.137432
1169.64	-5096.78	0.990518	-0.137384
1169.58	-5096.37	0.990524	-0.137338
1169.52	-5095.93	0.990531	-0.137292
1169.46	-5095.47	0.990537	-0.137247
1169.39	-5094.99	0.990544	-0.137193
1169.32	-5094.49	0.990553	-0.137129
1169.25	-5093.97	0.990562	-0.137067
1169.18	-5093.45	0.99057	-0.137006
1169.1	-5092.92	0.990579	-0.136942
1169.03	-5092.39	0.990588	-0.136874
1168.96	-5091.86	0.990598	-0.136806
1168.88	-5091.34	0.990607	-0.136738
1168.81	-5090.81	0.990617	-0.136669
1168.74	-5090.27	0.990626	-0.136601
1168.66	-5089.74	0.990634	-0.136542
1168.59	-5089.21	0.990639	-0.136505
1168.52	-5088.68	0.990641	-0.136496
1168.44	-5088.14	0.990637	-0.13652
1168.37	-5087.61	0.99063	-0.136575
1168.3	-5087.07	0.990617	-0.136664
1168.22	-5086.53	0.990601	-0.136786
1168.15	-5085.98	0.990579	-0.136942
1168.07	-5085.43	0.990554	-0.137126
1167.99	-5084.87	0.990525	-0.137331
1167.91	-5084.3	0.990496	-0.137544
1167.83	-5083.73	0.990465	-0.137761
1167.75	-5083.15	0.990434	-0.137988
1167.67	-5082.57	0.9904	-0.138231
1167.59	-5081.98	0.990363	-0.138495
1167.51	-5081.39	0.990324	-0.138777
1167.42	-5080.79	0.990281	-0.139079
1167.34	-5080.18	0.990235	-0.139407
1167.25	-5079.57	0.990185	-0.139761
1167.16	-5078.95	0.990132	-0.140138
1167.07	-5078.33	0.990075	-0.140538
1166.98	-5077.69	0.990017	-0.140949
1166.89	-5077.05	0.989956	-0.141373
1166.8	-5076.39	0.989891	-0.141828
1166.7	-5075.72	0.989822	-0.142314
1166.6	-5075.04	0.989748	-0.142827
1166.5	-5074.34	0.989681	-0.143289
1166.4	-5073.63	0.989622	-0.143693
1166.3	-5072.91	0.989561	-0.144112
1166.19	-5072.17	0.989498	-0.144547
1166.08	-5071.42	0.989433	-0.144994
1165.97	-5070.66	0.989365	-0.145457
1165.85	-5069.88	0.989293	-0.145946
1165.74	-5069.1	0.989216	-0.146463
1165.62	-5068.3	0.989135	-0.147013
1165.5	-5067.49	0.989052	-0.14757
1165.38	-5066.67	0.988967	-0.148137
1165.25	-5065.84	0.988877	-0.148735
1165.12	-5064.99	0.988783	-0.149357
1164.99	-5064.13	0.988685	-0.150004
1164.86	-5063.25	0.988585	-0.150662
1164.72	-5062.37	0.988481	-0.151348
1164.59	-5061.47	0.988364	-0.152104
1164.44	-5060.55	0.988237	-0.152933
1164.3	-5059.63	0.9881	-0.153815
1164.15	-5058.68	0.987956	-0.154736
1164	-5057.72	0.987804	-0.1557
1163.85	-5056.74	0.987647	-0.156697
1163.69	-5055.74	0.987483	-0.157726
1163.53	-5054.72	0.987316	-0.158769
1163.36	-5053.68	0.987143	-0.159842
1163.19	-5052.63	0.986958	-0.160981
1163.01	-5051.55	0.98676	-0.162187
1162.83	-5050.45	0.986557	-0.163415
1162.64	-5049.33	0.986351	-0.164657
1162.45	-5048.2	0.986133	-0.165955
1162.26	-5047.04	0.985903	-0.167319
1162.06	-5045.85	0.985657	-0.168761
1161.85	-5044.65	0.985207	-0.171368
1161.63	-5043.42	0.984545	-0.175133
1161.41	-5042.16	0.983856	-0.178963
1161.17	-5040.89	0.98314	-0.182856
1160.93	-5039.59	0.982395	-0.186814
1160.67	-5038.26	0.981604	-0.190928
1160.41	-5036.91	0.980762	-0.195209
1160.13	-5035.54	0.979881	-0.199583
1159.85	-5034.14	0.978961	-0.204048
1159.55	-5032.73	0.977993	-0.208636
1159.24	-5031.28	0.976979	-0.213335
1158.92	-5029.82	0.975929	-0.218089
1158.58	-5028.33	0.974843	-0.222895
1158.23	-5026.82	0.973717	-0.227762
1157.87	-5025.29	0.972537	-0.23275
1157.49	-5023.73	0.9713	-0.237859
1157.1	-5022.16	0.970016	-0.243043
1156.7	-5020.56	0.968683	-0.248299
1156.28	-5018.93	0.967295	-0.253653
1155.85	-5017.29	0.965853	-0.259091
1155.39	-5015.63	0.964364	-0.264579
1154.93	-5013.94	0.962828	-0.270116
1154.44	-5012.23	0.961241	-0.27571
1153.94	-5010.5	0.959598	-0.281374
1153.43	-5008.75	0.9579	-0.287103
1152.89	-5006.98	0.956147	-0.292888
1152.34	-5005.19	0.95433	-0.298755
1151.77	-5003.38	0.95244	-0.304726
1151.17	-5001.55	0.950474	-0.310804
1150.56	-4999.7	0.948428	-0.316992
1149.93	-4997.83	0.946301	-0.323288
1149.28	-4995.94	0.94409	-0.329689
1148.61	-4994.03	0.941801	-0.336172
1147.92	-4992.1	0.93943	-0.342741
1147.2	-4990.16	0.93697	-0.34941
1146.46	-4988.2	0.934428	-0.356151
1145.7	-4986.21	0.931812	-0.362942
1144.91	-4984.22	0.929113	-0.369796
1144.11	-4982.2	0.926326	-0.376723
1143.27	-4980.17	0.923446	-0.383729
1142.41	-4978.12	0.920464	-0.390826
1141.53	-4976.05	0.917435	-0.397885
1140.62	-4973.97	0.914363	-0.404895
1139.68	-4971.88	0.911195	-0.411975
1138.72	-4969.77	0.907932	-0.419117
1137.73	-4967.64	0.904577	-0.42631
1136.71	-4965.5	0.901154	-0.433499
1135.67	-4963.35	0.897664	-0.44068
1134.6	-4961.18	0.894085	-0.447898
1133.5	-4959	0.890417	-0.455145
1132.37	-4956.81	0.886738	-0.462272
1131.21	-4954.6	0.883069	-0.469243
1130.02	-4952.38	0.879343	-0.47619
1128.8	-4950.15	0.875535	-0.483154
1127.56	-4947.91	0.871638	-0.49015
1126.28	-4945.66	0.867715	-0.497062
1124.97	-4943.39	0.863767	-0.503891
1123.63	-4941.12	0.859738	-0.510736
1122.27	-4938.83	0.855635	-0.517579
1120.87	-4936.54	0.851583	-0.52422
1119.44	-4934.23	0.847597	-0.530641
1117.98	-4931.91	0.843571	-0.537017
1116.49	-4929.59	0.8395	-0.54336
1114.97	-4927.26	0.835383	-0.549669
1113.42	-4924.91	0.830009	-0.55775
1111.83	-4922.57	0.823354	-0.567528
1110.19	-4920.22	0.816657	-0.577124
1108.52	-4917.88	0.809933	-0.586522
1106.8	-4915.53	0.803157	-0.595767
1105.04	-4913.18	0.796279	-0.60493
1103.24	-4910.83	0.789266	-0.614051
1101.4	-4908.49	0.78211	-0.62314
1099.51	-4906.14	0.774809	-0.632196
1097.59	-4903.8	0.767452	-0.641107
1095.62	-4901.47	0.760088	-0.64982
1093.6	-4899.14	0.75269	-0.658375
1091.55	-4896.81	0.745277	-0.666755
1089.45	-4894.48	0.737879	-0.674933
1087.31	-4892.17	0.730501	-0.682912
1085.13	-4889.85	0.72312	-0.690722
1082.91	-4887.55	0.715741	-0.698366
1080.65	-4885.25	0.708368	-0.705843
1078.34	-4882.95	0.70112	-0.713044
1076	-4880.66	0.694006	-0.719969
1073.61	-4878.38	0.686925	-0.726728
1071.19	-4876.11	0.679883	-0.733321
1068.72	-4873.84	0.672987	-0.739654
1066.22	-4871.58	0.666255	-0.745724
1063.68	-4869.33	0.6596	-0.751617
1061.1	-4867.08	0.653033	-0.757329
1058.48	-4864.84	0.646568	-0.762857
1055.82	-4862.6	0.640608	-0.767868
1053.13	-4860.37	0.635176	-0.772367
1050.41	-4858.14	0.6299	-0.776676
1047.65	-4855.92	0.624789	-0.780794
1044.86	-4853.7	0.62011	-0.784515
1042.04	-4851.47	0.615859	-0.787856
1039.19	-4849.25	0.611761	-0.791042
1036.3	-4847.03	0.607817	-0.794077
1033.39	-4844.81	0.604039	-0.796955
1030.45	-4842.59	0.600738	-0.799446
1027.47	-4840.36	0.597933	-0.801546
1024.48	-4838.13	0.595337	-0.803476
1021.45	-4835.9	0.592942	-0.805246
1018.4	-4833.66	0.590777	-0.806835
1015.33	-4831.41	0.588808	-0.808273
1012.23	-4829.16	0.58693	-0.809638
1009.11	-4826.9	0.585077	-0.810977
1005.96	-4824.63	0.583219	-0.812315
1002.79	-4822.36	0.5814	-0.813618
999.588	-4820.08	0.579622	-0.814885
996.366	-4817.79	0.577838	-0.816151
993.12	-4815.5	0.57606	-0.817407
989.849	-4813.2	0.574296	-0.818648
986.553	-4810.89	0.572573	-0.819854
983.234	-4808.57	0.570904	-0.821017
979.89	-4806.25	0.569252	-0.822163
976.521	-4803.92	0.567595	-0.823308
973.128	-4801.59	0.565832	-0.824521
969.711	-4799.25	0.563979	-0.825789
966.268	-4796.9	0.562161	-0.827028
962.801	-4794.55	0.560391	-0.828228
959.309	-4792.19	0.56006	-0.828452
955.8	-4789.81	0.561186	-0.82769
952.274	-4787.42	0.562411	-0.826858
948.732	-4785.01	0.563759	-0.825939
945.175	-4782.58	0.565284	-0.824897
941.603	-4780.12	0.567323	-0.823495
938.019	-4777.65	0.569886	-0.821724
934.422	-4775.15	0.572649	-0.819801
930.816	-4772.62	0.575588	-0.81774
927.2	-4770.07	0.580309	-0.814396
923.582	-4767.47	0.586801	-0.809731
919.967	-4764.83	0.593435	-0.804882
916.355	-4762.15	0.600172	-0.799871
912.747	-4759.42	0.607034	-0.794676
909.143	-4756.65	0.614313	-0.789063
905.548	-4753.83	0.622029	-0.782994
901.962	-4750.96	0.629934	-0.776649
898.388	-4748.03	0.637923	-0.770101
894.825	-4745.06	0.645938	-0.76339
891.276	-4742.03	0.653963	-0.756527
887.742	-4738.95	0.661976	-0.749525
884.223	-4735.81	0.67001	-0.742352
880.72	-4732.62	0.678075	-0.734993
877.236	-4729.38	0.686125	-0.727484
873.77	-4726.08	0.694117	-0.719862
870.324	-4722.73	0.702035	-0.712142
866.898	-4719.32	0.709849	-0.704353
863.494	-4715.86	0.717307	-0.696757
860.109	-4712.35	0.724456	-0.689321
856.744	-4708.78	0.731611	-0.681722
853.401	-4705.16	0.738818	-0.673905
850.082	-4701.49	0.746072	-0.665865
846.787	-4697.77	0.753184	-0.65781
843.516	-4693.99	0.760156	-0.64974
840.27	-4690.16	0.767154	-0.641463
837.052	-4686.28	0.774162	-0.632987
833.862	-4682.34	0.780988	-0.624546
830.7	-4678.35	0.787628	-0.616151
827.566	-4674.31	0.794234	-0.607612
824.462	-4670.22	0.800773	-0.598967
821.389	-4666.07	0.807242	-0.59022
818.347	-4661.87	0.813525	-0.58153
815.336	-4657.62	0.819634	-0.572888
812.357	-4653.32	0.825711	-0.564093
809.412	-4648.97	0.831765	-0.555128
806.501	-4644.57	0.837432	-0.546542
803.62	-4640.12	0.842702	-0.538381
800.772	-4635.62	0.847904	-0.53015
797.957	-4631.08	0.853041	-0.521844
795.176	-4626.49	0.85792	-0.513783
792.428	-4621.86	0.862536	-0.505995
789.713	-4617.2	0.867073	-0.498181
787.033	-4612.49	0.871527	-0.490347
784.39	-4607.76	0.875878	-0.482532
781.785	-4602.99	0.879845	-0.475261
779.215	-4598.2	0.883426	-0.468571
776.682	-4593.39	0.886875	-0.462009
774.184	-4588.56	0.890209	-0.455552
771.721	-4583.71	0.893223	-0.449614
769.048	-4578.36	0.896197	-0.443657
766.887	-4573.98	0.89854	-0.438891
764.515	-4569.09	0.901036	-0.433745
762.17	-4564.19	0.903424	-0.428747
759.853	-4559.28	0.905703	-0.423912
757.562	-4554.36	0.907843	-0.419311
755.296	-4549.43	0.909816	-0.415011
753.053	-4544.49	0.911613	-0.411049
750.831	-4539.54	0.91302	-0.407915
748.624	-4534.59	0.914057	-0.405586
746.429	-4529.63	0.914953	-0.403561
744.246	-4524.67	0.915716	-0.401826
742.071	-4519.7	0.916354	-0.400368
739.905	-4514.74	0.916759	-0.399442
737.742	-4509.77	0.91693	-0.399049
735.581	-4504.8	0.916992	-0.398906
733.421	-4499.84	0.916932	-0.399044
731.26	-4494.87	0.91672	-0.39953
729.096	-4489.91	0.916259	-0.400587
726.925	-4484.96	0.91557	-0.402158
724.746	-4480.01	0.914776	-0.403962
722.557	-4475.06	0.913873	-0.405999
720.357	-4470.12	0.912821	-0.40836
718.144	-4465.19	0.911664	-0.410937
715.918	-4460.27	0.910494	-0.413522
713.678	-4455.35	0.90932	-0.416097
711.424	-4450.44	0.90814	-0.418667
709.158	-4445.54	0.906953	-0.421231
706.878	-4440.64	0.905754	-0.423803
704.584	-4435.76	0.904515	-0.426442
702.277	-4430.88	0.903204	-0.429212
699.955	-4426.01	0.901802	-0.432149
697.617	-4421.14	0.900296	-0.435279
695.262	-4416.29	0.898677	-0.438612
692.889	-4411.45	0.896929	-0.442175
690.497	-4406.62	0.895023	-0.44602
688.085	-4401.8	0.893003	-0.450051
685.651	-4396.99	0.890892	-0.454216
683.195	-4392.2	0.888704	-0.458482
680.716	-4387.41	0.886491	-0.462745
678.215	-4382.65	0.884248	-0.467018
675.692	-4377.89	0.882139	-0.470988
673.149	-4373.15	0.880153	-0.47469
670.587	-4368.41	0.878092	-0.478491
668.004	-4363.7	0.87593	-0.482437
665.401	-4358.99	0.873911	-0.486085
662.78	-4354.29	0.87205	-0.489416
660.142	-4349.61	0.870082	-0.492907
657.484	-4344.94	0.86798	-0.4966
654.808	-4340.28	0.865727	-0.500516
652.11	-4335.63	0.863378	-0.504557
649.391	-4331	0.860914	-0.508751
646.65	-4326.38	0.858253	-0.513227
643.884	-4321.78	0.855391	-0.517983
641.094	-4317.2	0.852565	-0.522621
638.28	-4312.63	0.849807	-0.527093
635.442	-4308.07	0.84688	-0.531784
632.579	-4303.54	0.843738	-0.536755
629.69	-4299.02	0.840381	-0.541996
626.771	-4294.52	0.835929	-0.548838
623.812	-4290.05	0.830419	-0.55714
620.808	-4285.62	0.824752	-0.565495
617.76	-4281.21	0.818864	-0.573988
614.668	-4276.84	0.812759	-0.582599
611.527	-4272.5	0.804298	-0.594226
608.314	-4268.22	0.793407	-0.608692
605.025	-4263.99	0.782256	-0.622957
601.66	-4259.83	0.770851	-0.637016
598.222	-4255.73	0.759194	-0.650865
594.71	-4251.69	0.747368	-0.664411
591.127	-4247.72	0.735391	-0.677643
587.475	-4243.81	0.723227	-0.69061
583.755	-4239.97	0.710955	-0.703238
579.969	-4236.2	0.698999	-0.715123
576.123	-4232.49	0.687466	-0.726216
572.218	-4228.84	0.676073	-0.736835
568.259	-4225.25	0.664822	-0.747002
564.247	-4221.72	0.653732	-0.756726
560.186	-4218.25	0.643566	-0.765391
556.082	-4214.83	0.634377	-0.773024
551.939	-4211.47	0.625469	-0.780249
547.759	-4208.15	0.616866	-0.787068
543.545	-4204.87	0.608599	-0.793478
539.298	-4201.64	0.601181	-0.799113
535.025	-4198.45	0.594635	-0.803996
530.727	-4195.29	0.588464	-0.808523
526.406	-4192.16	0.582649	-0.812724
522.065	-4189.07	0.577573	-0.816339
517.707	-4186	0.573158	-0.819445
513.334	-4182.96	0.568834	-0.822452
508.946	-4179.93	0.564498	-0.825435
504.543	-4176.94	0.56011	-0.828418
500.125	-4173.96	0.555817	-0.831304
495.693	-4171.01	0.551575	-0.834125
491.246	-4168.09	0.547132	-0.837046
486.785	-4165.18	0.542427	-0.840103
482.309	-4162.31	0.537764	-0.843095
477.818	-4159.46	0.53323	-0.84597
473.312	-4156.63	0.528629	-0.848853
468.793	-4153.83	0.524071	-0.851675
464.26	-4151.05	0.519618	-0.854399
459.713	-4148.3	0.51544	-0.856926
455.155	-4145.57	0.511611	-0.859217
450.586	-4142.86	0.508054	-0.861325
446.007	-4140.17	0.504727	-0.863279
441.419	-4137.5	0.501733	-0.865023
436.823	-4134.84	0.498955	-0.866628
432.22	-4132.2	0.496056	-0.86829
427.609	-4129.57	0.492915	-0.870077
422.989	-4126.96	0.489476	-0.872017
418.359	-4124.37	0.486085	-0.873911
413.721	-4121.8	0.482775	-0.875744
409.074	-4119.25	0.479228	-0.877691
404.418	-4116.72	0.47548	-0.879726
399.751	-4114.21	0.471711	-0.881753
395.076	-4111.71	0.467999	-0.883729
390.391	-4109.24	0.464274	-0.885692
385.696	-4106.79	0.460553	-0.887632
380.993	-4104.36	0.456861	-0.889538
376.28	-4101.95	0.452195	-0.891919
371.553	-4099.57	0.446554	-0.894757
366.813	-4097.22	0.440932	-0.897541
362.06	-4094.9	0.435296	-0.900288
357.293	-4092.61	0.431277	-0.90222
352.521	-4090.33	0.428885	-0.903359
347.743	-4088.07	0.426491	-0.904492
342.96	-4085.82	0.424095	-0.905618
338.173	-4083.59	0.421696	-0.906737
333.38	-4081.37	0.41812	-0.908392
328.578	-4079.17	0.413359	-0.910568
323.765	-4076.99	0.408588	-0.912719
318.943	-4074.85	0.403806	-0.914844
314.111	-4072.72	0.401858	-0.915702
309.28	-4070.6	0.402751	-0.91531
304.452	-4068.48	0.403644	-0.914916
299.627	-4066.34	0.404537	-0.914522
294.805	-4064.21	0.405434	-0.914124
289.987	-4062.07	0.406939	-0.913455
285.175	-4059.92	0.409131	-0.912476
280.368	-4057.76	0.411538	-0.911393
275.569	-4055.59	0.414242	-0.910167
270.777	-4053.4	0.417275	-0.90878
265.995	-4051.19	0.420731	-0.907186
261.222	-4048.97	0.424536	-0.905411
256.46	-4046.73	0.428438	-0.903571
251.708	-4044.46	0.43234	-0.901711
246.967	-4042.18	0.436341	-0.899781
242.238	-4039.88	0.440441	-0.897782
237.521	-4037.55	0.444531	-0.895763
232.815	-4035.2	0.448613	-0.893726
228.12	-4032.84	0.452684	-0.891671
223.438	-4030.45	0.456744	-0.889598
218.767	-4028.04	0.460792	-0.887508
214.109	-4025.61	0.46483	-0.8854
209.462	-4023.16	0.468859	-0.883273
204.828	-4020.69	0.472877	-0.881128
200.206	-4018.2	0.476895	-0.87896
195.597	-4015.69	0.48095	-0.876748
191	-4013.15	0.485064	-0.874479
186.417	-4010.6	0.489204	-0.87217
181.846	-4008.03	0.493229	-0.8699
177.288	-4005.43	0.497133	-0.867674
172.743	-4002.82	0.501028	-0.865431
168.21	-4000.18	0.504941	-0.863154
163.691	-3997.53	0.508989	-0.860773
159.185	-3994.85	0.513225	-0.858254
154.694	-3992.15	0.51766	-0.855586
150.218	-3989.43	0.522279	-0.852775
145.758	-3986.69	0.527014	-0.849856
141.314	-3983.92	0.531774	-0.846887
136.887	-3981.12	0.536539	-0.843876
132.477	-3978.3	0.541366	-0.840787
128.084	-3975.46	0.546189	-0.837662
123.709	-3972.59	0.550922	-0.834557
119.35	-3969.7	0.555363	-0.831608
115.007	-3966.79	0.559479	-0.828845
110.68	-3963.86	0.563399	-0.826185
106.367	-3960.9	0.56717	-0.823601
102.068	-3957.93	0.570856	-0.82105
97.7839	-3954.94	0.574306	-0.818641
93.5125	-3951.94	0.577538	-0.816364
89.254	-3948.91	0.580761	-0.814074
85.0084	-3945.87	0.583975	-0.811772
80.7757	-3942.82	0.587076	-0.809532
76.5554	-3939.75	0.590066	-0.807355
72.3474	-3936.66	0.593048	-0.805167
68.1518	-3933.56	0.596021	-0.802969
63.9685	-3930.45	0.598986	-0.80076
59.7976	-3927.32	0.60174	-0.798692
55.6379	-3924.18	0.604284	-0.796769
51.4892	-3921.02	0.606822	-0.794838
47.3515	-3917.86	0.609353	-0.792899
43.2247	-3914.68	0.611677	-0.791108
39.1076	-3911.49	0.613805	-0.789458
35.0001	-3908.28	0.615979	-0.787762
30.9025	-3905.07	0.618251	-0.785981
26.8153	-3901.85	0.620658	-0.784081
22.7391	-3898.62	0.623121	-0.782125
18.674	-3895.37	0.625607	-0.780139
14.6202	-3892.11	0.628134	-0.778105
10.5779	-3888.84	0.630629	-0.776084
6.54739	-3885.55	0.633667	-0.773606
2.53218	-3882.25	0.63718	-0.770715
-1.46744	-3878.93	0.640492	-0.767965
-5.45214	-3875.6	0.643666	-0.765306
-9.42224	-3872.25	0.64679	-0.762668
-13.3778	-3868.88	0.649831	-0.760078
-17.3192	-3865.5	0.652862	-0.757477
-21.2459	-3862.11	0.656026	-0.754738
-25.1573	-3858.69	0.659288	-0.75189
-29.0487	-3855.26	0.668918	-0.743336
-32.8767	-3851.76	0.684651	-0.728871
-36.6293	-3848.17	0.700024	-0.71412
-40.3051	-3844.51	0.714974	-0.699151
-43.9031	-3840.76	0.729495	-0.683987
-47.428	-3836.95	0.736817	-0.676092
-50.936	-3833.13	0.73723	-0.675642
-54.4408	-3829.3	0.73763	-0.675205
-57.9427	-3825.48	0.737929	-0.674878
-61.4432	-3821.65	0.737288	-0.675579
-64.9498	-3817.83	0.735659	-0.677352
-68.4653	-3814.02	0.733823	-0.67934
-71.9906	-3810.22	0.731861	-0.681454
-75.5264	-3806.43	0.729772	-0.68369
-79.0736	-3802.65	0.727128	-0.686502
-82.6362	-3798.9	0.723996	-0.689804
-86.215	-3795.15	0.720907	-0.693031
-89.8095	-3791.43	0.717974	-0.69607
-93.4176	-3787.72	0.716232	-0.697862
-97.0303	-3784.01	0.715694	-0.698414
-100.645	-3780.31	0.715341	-0.698775
-104.26	-3776.61	0.715067	-0.699056
-107.875	-3772.91	0.714802	-0.699327
-111.492	-3769.22	0.714625	-0.699507
-115.108	-3765.52	0.714537	-0.699597
-118.724	-3761.83	0.71445	-0.699687
-122.34	-3758.14	0.714362	-0.699776
-125.956	-3754.45	0.714274	-0.699866
-129.574	-3750.75	0.714186	-0.699956
-133.193	-3747.06	0.714098	-0.700045
-136.813	-3743.37	0.714011	-0.700135
-140.436	-3739.67	0.713923	-0.700225
-144.061	-3735.98	0.713738	-0.700412
-147.688	-3732.28	0.713411	-0.700746
-151.319	-3728.59	0.712947	-0.701218
-154.955	-3724.9	0.712297	-0.701878
-158.596	-3721.2	0.711474	-0.702713
-162.244	-3717.52	0.709293	-0.704914
-165.909	-3713.84	0.705816	-0.708395
-169.594	-3710.19	0.702322	-0.711859
-173.299	-3706.54	0.698806	-0.715311
-177.023	-3702.92	0.69524	-0.718777
-180.767	-3699.31	0.691502	-0.722374
-184.532	-3695.73	0.687593	-0.726096
-188.318	-3692.16	0.683601	-0.729856
-192.125	-3688.61	0.679524	-0.733653
-195.953	-3685.07	0.676967	-0.736013
-199.789	-3681.55	0.675974	-0.736925
-203.633	-3678.03	0.67497	-0.737845
-207.483	-3674.51	0.673939	-0.738787
-211.726	-3670.64	0.672758	-0.739863
-215.204	-3667.48	0.671913	-0.74063
-219.075	-3663.98	0.671068	-0.741396
-222.952	-3660.47	0.670154	-0.742222
-227.224	-3656.62	0.669073	-0.743197
-230.726	-3653.47	0.66814	-0.744035
-234.623	-3649.97	0.667085	-0.744982
-238.528	-3646.48	0.666027	-0.745928
-242.832	-3642.64	0.66486	-0.746968
-246.359	-3639.5	0.663903	-0.747819
-250.286	-3636.02	0.663017	-0.748605
-254.218	-3632.54	0.662271	-0.749265
-258.157	-3629.06	0.66143	-0.750007
-262.101	-3625.59	0.660478	-0.750846
-266.053	-3622.12	0.659379	-0.751811
-270.013	-3618.65	0.658087	-0.752942
-273.981	-3615.19	0.656593	-0.754245
-278.357	-3611.38	0.654697	-0.755891
-282.347	-3607.93	0.652743	-0.75758
-285.947	-3604.84	0.650924	-0.759143
-289.958	-3601.41	0.648839	-0.760926
-293.981	-3597.98	0.64659	-0.762837
-298.422	-3594.23	0.643912	-0.765099
-302.067	-3591.17	0.641642	-0.767004
-306.537	-3587.44	0.638742	-0.769421
-310.616	-3584.07	0.635896	-0.771775
-314.3	-3581.04	0.633189	-0.773997
-318.82	-3577.36	0.629783	-0.776771
-322.532	-3574.35	0.627091	-0.778946
-327.085	-3570.7	0.623955	-0.78146
-330.823	-3567.72	0.621474	-0.783435
-334.99	-3564.43	0.618789	-0.785558
-339.589	-3560.82	0.615882	-0.787838
-343.784	-3557.55	0.613509	-0.789688
-347.991	-3554.28	0.611467	-0.79127
-352.208	-3551.03	0.609624	-0.792691
-356.434	-3547.79	0.60804	-0.793907
-360.669	-3544.55	0.606973	-0.794722
-364.486	-3541.63	0.606525	-0.795064
-368.73	-3538.4	0.606363	-0.795188
-373.402	-3534.84	0.606574	-0.795027
-377.225	-3531.92	0.607128	-0.794604
-381.897	-3528.34	0.608407	-0.793625
-386.14	-3525.08	0.610208	-0.792241
-390.378	-3521.81	0.612376	-0.790567
-394.186	-3518.86	0.614591	-0.788846
-398.831	-3515.23	0.617729	-0.786391
-403.043	-3511.91	0.620874	-0.78391
-406.824	-3508.9	0.623697	-0.781666
-411.434	-3505.21	0.627137	-0.778909
-415.613	-3501.84	0.630255	-0.776389
-419.365	-3498.78	0.631173	-0.775642
-423.539	-3495.39	0.629563	-0.776949
-428.142	-3491.67	0.627699	-0.778456
-432.336	-3488.3	0.625865	-0.779931
-436.542	-3484.93	0.623524	-0.781804
-440.761	-3481.57	0.620844	-0.783934
-444.57	-3478.56	0.618325	-0.785923
-449.241	-3474.9	0.615102	-0.788448
-453.076	-3471.92	0.612335	-0.790598
-457.353	-3468.62	0.608913	-0.793237
-461.647	-3465.33	0.605158	-0.796106
-465.959	-3462.07	0.601222	-0.799082
-470.29	-3458.82	0.597073	-0.802187
-474.64	-3455.6	0.592698	-0.805425
-479.449	-3452.08	0.58761	-0.809144
-483.403	-3449.22	0.58333	-0.812235
-488.258	-3445.75	0.578058	-0.815996
-492.249	-3442.94	0.573724	-0.819049
-497.15	-3439.52	0.568401	-0.822752
-501.179	-3436.75	0.564037	-0.82575
-505.675	-3433.7	0.559237	-0.829008
-510.643	-3430.37	0.554104	-0.832447
-515.18	-3427.36	0.54962	-0.835415
-519.735	-3424.38	0.545565	-0.838068
-524.306	-3421.41	0.541977	-0.840393
-528.892	-3418.46	0.538661	-0.842522
-533.492	-3415.53	0.535633	-0.844451
-538.105	-3412.62	0.532978	-0.846129
-542.728	-3409.71	0.530613	-0.847614
-546.898	-3407.11	0.528543	-0.848906
-551.542	-3404.22	0.526244	-0.850333
-556.195	-3401.35	0.523941	-0.851754
-560.86	-3398.49	0.521724	-0.853115
-565.533	-3395.63	0.519637	-0.854387
-570.217	-3392.79	0.517547	-0.855655
-574.91	-3389.96	0.515453	-0.856918
-579.612	-3387.14	0.513354	-0.858177
-584.324	-3384.33	0.511267	-0.859422
-589.046	-3381.52	0.509258	-0.860614
-593.776	-3378.73	0.507423	-0.861697
-598.989	-3375.67	0.505624	-0.862754
-603.261	-3373.17	0.504317	-0.863519
-608.491	-3370.12	0.502834	-0.864383
-612.776	-3367.63	0.501505	-0.865155
-617.544	-3364.87	0.499747	-0.866171
-622.8	-3361.84	0.497374	-0.867536
-627.588	-3359.1	0.494891	-0.868955
-631.907	-3356.65	0.492442	-0.870345
-636.716	-3353.94	0.489529	-0.871987
-642.02	-3350.97	0.486178	-0.87386
-646.37	-3348.56	0.483453	-0.875371
-651.215	-3345.89	0.480489	-0.877001
-656.072	-3343.24	0.477488	-0.878638
-660.94	-3340.6	0.474503	-0.880254
-665.821	-3337.98	0.471582	-0.881822
-670.712	-3335.37	0.468853	-0.883276
-676.104	-3332.52	0.466174	-0.884693
-680.525	-3330.19	0.464162	-0.885751
-685.445	-3327.62	0.462157	-0.886798
-690.374	-3325.06	0.460498	-0.887661
-695.31	-3322.5	0.45917	-0.888348
-700.252	-3319.95	0.457927	-0.88899
-705.695	-3317.15	0.456569	-0.889688
-710.154	-3314.86	0.455458	-0.890257
-715.115	-3312.33	0.454319	-0.890839
-720.082	-3309.8	0.453327	-0.891344
-725.053	-3307.27	0.452333	-0.891849
-730.031	-3304.75	0.451339	-0.892353
-735.013	-3302.24	0.450344	-0.892855
-740.002	-3299.72	0.449447	-0.893307
-744.995	-3297.21	0.448697	-0.893684
-749.993	-3294.7	0.447947	-0.89406
-754.995	-3292.2	0.447196	-0.894436
-760.002	-3289.7	0.447939	-0.894064
-765.506	-3286.93	0.451252	-0.892396
-770.004	-3284.65	0.454066	-0.890968
-775.495	-3281.84	0.457711	-0.889101
-780.478	-3279.26	0.46118	-0.887307
-784.957	-3276.93	0.46454	-0.885552
-789.926	-3274.31	0.468541	-0.883442
-794.885	-3271.67	0.472533	-0.881313
-799.834	-3269	0.476515	-0.879166
-805.268	-3266.04	0.480886	-0.876783
-809.705	-3263.6	0.484457	-0.874815
-815.118	-3260.59	0.488818	-0.872386
-819.538	-3258.1	0.492378	-0.870381
-824.929	-3255.04	0.496718	-0.867912
-829.819	-3252.23	0.500658	-0.865645
-834.699	-3249.39	0.504592	-0.863358
-839.082	-3246.82	0.508124	-0.861284
-843.943	-3243.94	0.512039	-0.858962
-848.793	-3241.04	0.515944	-0.856622
-853.632	-3238.11	0.519843	-0.854262
-858.46	-3235.16	0.523738	-0.85188
-863.759	-3231.89	0.52801	-0.849238
-868.564	-3228.89	0.531883	-0.846818
-872.879	-3226.17	0.535273	-0.844679
-877.663	-3223.13	0.538949	-0.842339
-882.437	-3220.06	0.542695	-0.83993
-887.199	-3216.97	0.546474	-0.837476
-891.95	-3213.86	0.550247	-0.835002
-897.163	-3210.41	0.554156	-0.832413
-901.418	-3207.57	0.557123	-0.83043
-906.137	-3204.39	0.560411	-0.828214
-910.846	-3201.19	0.563692	-0.825985
-915.543	-3197.98	0.566975	-0.823735
-920.695	-3194.42	0.570535	-0.821274
-924.898	-3191.49	0.573433	-0.819252
-929.554	-3188.22	0.576774	-0.816904
-934.196	-3184.93	0.580247	-0.81444
-938.823	-3181.62	0.583846	-0.811864
-943.433	-3178.29	0.587296	-0.809372
-948.029	-3174.95	0.590475	-0.807056
-953.068	-3171.25	0.594119	-0.804377
-957.177	-3168.2	0.597187	-0.802102
-961.728	-3164.8	0.600504	-0.799621
-966.264	-3161.39	0.603657	-0.797244
-970.786	-3157.95	0.606902	-0.794776
-975.741	-3154.15	0.610557	-0.791973
-979.782	-3151.03	0.613655	-0.789575
-984.703	-3147.19	0.617411	-0.786641
-989.159	-3143.68	0.620769	-0.783994
-993.599	-3140.15	0.624283	-0.781198
-998.022	-3136.6	0.627936	-0.778265
-1001.99	-3133.39	0.631172	-0.775643
-1006.81	-3129.45	0.635046	-0.772474
-1011.18	-3125.84	0.638709	-0.769448
-1015.1	-3122.58	0.642043	-0.766669
-1019.44	-3118.93	0.645712	-0.763581
-1023.75	-3115.27	0.649119	-0.760687
-1028.05	-3111.59	0.652227	-0.758024
-1032.76	-3107.52	0.655817	-0.75492
-1037.03	-3103.8	0.659354	-0.751833
-1040.85	-3100.43	0.666177	-0.745794
-1045.04	-3096.64	0.678574	-0.734532
-1049.58	-3092.38	0.692188	-0.721718
-1053.23	-3088.84	0.703353	-0.710841
-1057.22	-3084.84	0.71582	-0.698285
-1061.13	-3080.76	0.728359	-0.685195
-1064.97	-3076.62	0.740876	-0.671642
-1068.74	-3072.41	0.753171	-0.657825
-1072.42	-3068.12	0.765207	-0.643785
-1076.02	-3063.78	0.776971	-0.629537
-1079.55	-3059.36	0.788251	-0.615353
-1082.99	-3054.89	0.798927	-0.601428
-1086.35	-3050.36	0.809243	-0.587475
-1089.64	-3045.77	0.819186	-0.573529
-1093.16	-3040.66	0.829109	-0.559088
-1096.28	-3035.96	0.83713	-0.547004
-1099.04	-3031.7	0.844021	-0.53631
-1102.33	-3026.45	0.852007	-0.52353
-1104.97	-3022.11	0.858191	-0.51333
-1108.12	-3016.77	0.865001	-0.501771
-1110.65	-3012.38	0.86994	-0.493158
-1113.68	-3006.97	0.87562	-0.483001
-1116.11	-3002.52	0.880008	-0.474958
-1119.03	-2997.06	0.884786	-0.465997
-1121.37	-2992.57	0.888214	-0.459429
-1123.94	-2987.56	0.891852	-0.452328
-1126.47	-2982.54	0.89532	-0.445423
-1128.96	-2977.49	0.898665	-0.438635
-1131.66	-2971.92	0.901917	-0.43191
-1134.08	-2966.84	0.904452	-0.426576
-1136.46	-2961.75	0.906964	-0.421208
-1138.82	-2956.65	0.90948	-0.415748
-1141.14	-2951.53	0.911864	-0.410493
-1143.44	-2946.41	0.914154	-0.405367
-1145.7	-2941.27	0.916538	-0.399948
-1147.94	-2936.11	0.919002	-0.394252
-1150.14	-2930.95	0.921508	-0.38836
-1152.3	-2925.77	0.923885	-0.38267
-1154.44	-2920.58	0.926086	-0.377312
-1156.54	-2915.38	0.928194	-0.372097
-1158.62	-2910.17	0.930224	-0.366991
-1160.67	-2904.95	0.9321	-0.3622
-1162.69	-2899.72	0.933828	-0.357723
-1164.68	-2894.48	0.935526	-0.353257
-1166.65	-2889.24	0.937229	-0.348714
-1168.59	-2883.98	0.938973	-0.34399
-1170.51	-2878.72	0.940451	-0.339929
-1172.41	-2873.45	0.941681	-0.336506
-1174.28	-2868.17	0.942996	-0.332804
-1176.14	-2862.89	0.944381	-0.328854
-1177.97	-2857.61	0.945723	-0.324975
-1179.78	-2852.31	0.946996	-0.321245
-1181.57	-2847.01	0.948266	-0.317478
-1183.33	-2841.71	0.949523	-0.313697
-1185.08	-2836.4	0.950798	-0.30981
-1186.8	-2831.08	0.952013	-0.306058
-1188.5	-2825.76	0.953193	-0.302363
-1190.18	-2820.43	0.954449	-0.298375
-1191.84	-2815.1	0.955762	-0.294142
-1193.47	-2809.76	0.957127	-0.289667
-1195.08	-2804.41	0.958409	-0.285397
-1196.66	-2799.06	0.959588	-0.281408
-1198.23	-2793.7	0.96077	-0.277347
-1199.76	-2788.34	0.961947	-0.273235
-1201.28	-2782.97	0.962966	-0.269623
-1202.77	-2777.6	0.963824	-0.266539
-1204.25	-2772.22	0.964672	-0.263453
-1205.72	-2766.85	0.96551	-0.260366
-1207.16	-2761.46	0.966337	-0.257278
-1208.58	-2756.08	0.968421	-0.249322
-1209.94	-2750.68	0.97164	-0.236466
-1211.23	-2745.26	0.974692	-0.223554
-1212.44	-2739.83	0.977587	-0.210532
-1213.59	-2734.38	0.980363	-0.197201
-1214.65	-2728.92	0.983008	-0.183561
-1215.64	-2723.44	0.985474	-0.169827
-1216.56	-2717.96	0.987744	-0.156083
-1217.4	-2712.46	0.989814	-0.14237
-1218.16	-2706.95	0.991619	-0.129197
-1218.85	-2701.44	0.993186	-0.116539
-1219.47	-2695.91	0.994591	-0.103867
-1220.02	-2690.38	0.995834	-0.0911812
-1220.5	-2684.85	0.996871	-0.0790483
-1220.91	-2679.31	0.997713	-0.0675983
-1221.26	-2673.77	0.998406	-0.0564433
-1221.55	-2668.22	0.998957	-0.0456664
-1221.78	-2662.68	0.999376	-0.0353141
-1221.95	-2657.13	0.999663	-0.025961
-1222.08	-2651.59	0.999844	-0.0176515
-1222.16	-2646.04	0.999951	-0.00987186
-1222.2	-2640.5	0.999997	-0.00262948
-1222.2	-2634.95	0.999992	0.00408262
-1222.16	-2629.41	0.999953	0.00974048
-1222.1	-2623.87	0.999897	0.0143859
-1222.01	-2618.33	0.999826	0.0186387
-1221.89	-2612.79	0.999744	0.0226178
-1221.76	-2607.25	0.999663	0.0259422
-1221.61	-2601.72	0.999588	0.0287105
-1221.45	-2596.19	0.999504	0.0314784
-1221.27	-2590.66	0.999413	0.0342458
-1221.07	-2585.13	0.999315	0.0370127
-1220.86	-2579.6	0.99922	0.0394834
-1220.64	-2574.07	0.999137	0.0415291
-1220.4	-2568.55	0.999065	0.0432363
-1220.16	-2563.03	0.999004	0.0446115
-1219.91	-2557.51	0.998962	0.0455485
-1219.66	-2551.99	0.998936	0.0461171
-1219.4	-2546.47	0.998916	0.0465464
-1219.14	-2540.96	0.998904	0.0468011
-1218.89	-2535.44	0.9989	0.0468915
-1218.63	-2529.93	0.998864	0.0476516
-1218.36	-2524.42	0.998794	0.0491026
-1218.09	-2518.91	0.998725	0.0504912
-1217.8	-2513.4	0.998652	0.0518972
-1217.52	-2507.89	0.998628	0.0523664
-1217.23	-2502.38	0.998643	0.0520691
-1216.94	-2496.88	0.998639	0.0521581
-1216.65	-2491.38	0.998617	0.0525707
-1216.36	-2485.88	0.998586	0.0531575
-1216.07	-2480.38	0.99856	0.0536455
-1215.77	-2474.88	0.998542	0.0539724
-1215.47	-2469.38	0.99853	0.0542097
-1215.18	-2463.88	0.998525	0.0542942
-1214.88	-2458.39	0.998529	0.0542256
-1214.58	-2452.9	0.998538	0.0540454
-1214.28	-2447.4	0.998551	0.05381
-1213.99	-2441.91	0.998566	0.0535337
-1213.69	-2436.42	0.998586	0.0531562
-1213.4	-2430.93	0.998622	0.0524826
-1213.12	-2425.45	0.998672	0.0515271
-1212.84	-2419.96	0.998725	0.0504784
-1212.56	-2414.47	0.998779	0.049392
-1212.29	-2408.99	0.998831	0.0483299
-1212.03	-2403.51	0.998876	0.0474033
-1211.77	-2398.02	0.998906	0.0467537
-1211.51	-2392.54	0.998922	0.0464261
-1211.26	-2387.06	0.998925	0.0463483
-1211.01	-2381.58	0.998924	0.0463816
-1210.75	-2376.11	0.998922	0.0464288
-1210.5	-2370.63	0.99892	0.046472
-1210.24	-2365.15	0.99892	0.0464733
-1209.99	-2359.68	0.998926	0.0463365
-1209.73	-2354.21	0.998942	0.0459896
-1209.48	-2348.74	0.998966	0.0454527
-1209.24	-2343.27	0.998997	0.0447739
-1208.99	-2337.8	0.999032	0.0439785
-1208.75	-2332.33	0.999077	0.0429475
-1208.52	-2326.86	0.999131	0.041677
-1208.3	-2321.4	0.999188	0.0403
-1208.08	-2315.93	0.999244	0.0388653
-1207.87	-2310.47	0.999299	0.037431
-1207.67	-2305	0.999299	0.0374265
-1207.46	-2299.54	0.99924	0.0389695
-1207.24	-2294.08	0.999167	0.0408049
-1207.01	-2288.62	0.999077	0.0429533
-1206.78	-2283.17	0.998972	0.0453398
-1206.52	-2277.71	0.998919	0.0464759
-1206.27	-2272.26	0.998929	0.0462721
-1206.02	-2266.8	0.998938	0.0460683
-1205.77	-2261.35	0.998948	0.0458644
-1205.52	-2255.89	0.998965	0.0454902
-1205.27	-2250.43	0.998993	0.0448736
-1205.03	-2244.97	0.999026	0.0441231
-1204.79	-2239.5	0.999063	0.0432755
-1204.55	-2234.04	0.999102	0.0423586
-1204.32	-2228.57	0.99915	0.0412336
-1204.1	-2223.1	0.999203	0.0399101
-1203.88	-2217.63	0.999258	0.0385201
-1203.68	-2212.15	0.999314	0.0370425
-1203.48	-2206.68	0.99937	0.0354877
-1203.28	-2201.19	0.999426	0.0338807
-1203.1	-2195.71	0.99948	0.032253
-1202.93	-2190.23	0.999531	0.0306247
-1202.76	-2184.74	0.99958	0.0289957
-1202.61	-2179.25	0.999625	0.0273655
-1202.46	-2173.76	0.999669	0.0257341
-1202.32	-2168.26	0.99971	0.0241021
-1202.19	-2162.76	0.999747	0.0224895
-1202.07	-2157.26	0.999777	0.0211092
-1201.96	-2151.76	0.999799	0.0200599
-1201.85	-2146.26	0.999815	0.0192439
-1201.75	-2140.75	0.999827	0.0186151
-1201.65	-2135.24	0.999837	0.0180688
-1201.55	-2129.73	0.999846	0.0175321
-1201.45	-2124.22	0.999856	0.0169948
-1201.36	-2118.7	0.999865	0.0164544
-1201.27	-2113.18	0.999874	0.0158936
-1201.18	-2107.66	0.999881	0.0153958
-1201.1	-2102.13	0.999889	0.0149125
-1201.02	-2096.6	0.999898	0.0143145
-1200.94	-2091.07	0.999907	0.0136391
-1200.87	-2085.54	0.999916	0.0129309
-1200.8	-2080	0.999925	0.0122182
-1200.73	-2074.47	0.999934	0.0115051
-1200.67	-2068.92	0.999942	0.0107915
-1200.61	-2063.38	0.999949	0.0100745
-1200.56	-2057.83	0.999956	0.00933968
-1200.51	-2052.28	0.999963	0.00856884
-1200.46	-2046.73	0.99997	0.0077558
-1200.42	-2041.18	0.999976	0.0069005
-1200.38	-2035.62	0.999982	0.00600593
-1200.35	-2030.06	0.999987	0.00508637
-1200.32	-2024.5	0.999991	0.00414892
-1200.3	-2018.93	0.999995	0.00315779
-1200.29	-2013.36	0.999998	0.00205981
-1200.28	-2007.79	1	0.00083747
-1200.28	-2002.22	1	-0.000505303
-1200.28	-1996.64	0.999998	-0.0019584
-1200.3	-1991.06	0.999994	-0.00348297
-1200.32	-1985.48	0.999987	-0.00500842
-1200.35	-1979.9	0.99998	-0.00626523
-1200.39	-1974.31	0.999975	-0.00708594
-1200.43	-1968.72	0.999972	-0.0075274
-1200.47	-1963.13	0.999971	-0.00764264
-1200.52	-1957.53	0.999971	-0.00758851
-1200.56	-1951.93	0.999972	-0.00750226
-1200.6	-1946.33	0.999972	-0.0074621
-1200.64	-1940.73	0.999972	-0.00754972
-1200.68	-1935.13	0.999969	-0.00781163
-1200.73	-1929.52	0.999966	-0.00823436
-1200.78	-1923.91	0.999961	-0.00877786
-1200.83	-1918.29	0.999956	-0.00941778
-1200.88	-1912.68	0.999948	-0.0101511
-1200.94	-1907.06	0.99994	-0.0109811
-1201	-1901.44	0.999931	-0.0117495
-1201.07	-1895.81	0.999923	-0.0124419
-1201.14	-1890.19	0.999913	-0.0132166
-1201.22	-1884.56	0.999901	-0.0140924
-1201.3	-1878.93	0.999887	-0.0150648
-1201.39	-1873.3	0.99987	-0.0160944
-1201.48	-1867.66	0.999853	-0.0171393
-1201.58	-1862.02	0.999835	-0.0181848
-1201.69	-1856.39	0.999815	-0.0192352
-1201.8	-1850.74	0.999797	-0.020152
-1201.91	-1845.1	0.999781	-0.0209312
-1202.03	-1839.46	0.999764	-0.021711
-1202.16	-1833.81	0.999747	-0.0224915
-1202.28	-1828.16	0.999729	-0.0232726
-1202.42	-1822.51	0.999711	-0.0240537
-1202.56	-1816.85	0.999692	-0.02482
-1202.7	-1811.2	0.999674	-0.0255151
-1202.84	-1805.54	0.99966	-0.026064
-1202.99	-1799.88	0.99965	-0.0264615
-1203.14	-1794.22	0.999642	-0.0267578
-1203.3	-1788.56	0.999636	-0.0269679
-1203.45	-1782.89	0.999632	-0.0271137
-1203.6	-1777.22	0.999629	-0.0272422
-1203.76	-1771.55	0.999629	-0.0272285
-1203.91	-1765.88	0.999633	-0.0270757
-1204.06	-1760.2	0.999636	-0.0269776
-1204.22	-1754.53	0.999635	-0.0269993
-1204.37	-1748.85	0.999631	-0.0271503
-1204.53	-1743.17	0.999624	-0.0274204
-1204.68	-1737.49	0.999613	-0.0278061
-1204.84	-1731.8	0.999599	-0.028316
-1205	-1726.12	0.999581	-0.0289502
-1205.17	-1720.43	0.999564	-0.0295426
-1205.34	-1714.74	0.999548	-0.0300681
-1205.51	-1709.05	0.999531	-0.0306309
-1205.69	-1703.36	0.999513	-0.0311985
-1205.87	-1697.66	0.999496	-0.0317438
-1206.05	-1691.97	0.999482	-0.0321838
-1206.23	-1686.27	0.999475	-0.0324069
-1206.42	-1680.57	0.999477	-0.0323255
-1206.6	-1674.87	0.999491	-0.0318891
-1206.78	-1669.17	0.999521	-0.0309569
-1206.96	-1663.47	0.999562	-0.0296088
-1207.14	-1657.19	0.999608	-0.0279911
-1207.28	-1652.06	0.999645	-0.0266488
-1207.43	-1646.35	0.999684	-0.0251563
-1207.57	-1640.64	0.99972	-0.0236626
-1207.7	-1634.92	0.999754	-0.0221806
-1207.82	-1629.21	0.999784	-0.020786
-1207.94	-1623.49	0.999809	-0.0195623
-1208.05	-1617.77	0.999826	-0.0186556
-1208.15	-1612.05	0.999837	-0.0180365
-1208.26	-1606.33	0.999846	-0.0175339
-1208.35	-1600.61	0.999853	-0.0171414
-1208.45	-1594.88	0.99986	-0.0167257
-1208.55	-1589.15	0.999868	-0.0162393
-1208.64	-1583.43	0.999876	-0.0157575
-1208.73	-1577.7	0.999884	-0.0152283
-1208.81	-1571.96	0.999894	-0.0145713
-1208.9	-1566.23	0.999906	-0.0137227
-1208.97	-1560.5	0.99992	-0.0126791
-1209.04	-1554.76	0.999934	-0.0114937
-1209.11	-1549.02	0.999948	-0.0102426
-1209.16	-1543.28	0.999958	-0.00911951
-1209.21	-1537.54	0.999967	-0.00813928
-1209.26	-1531.8	0.999974	-0.00715916
-1209.29	-1526.06	0.999981	-0.00617911
-1209.33	-1520.32	0.999986	-0.00519906
-1209.36	-1514.58	0.999991	-0.00421873
-1209.38	-1508.84	0.999995	-0.00323817
-1209.39	-1503.1	0.999997	-0.00225764
-1209.4	-1497.36	0.999999	-0.00127712
-1209.41	-1491.62	1	-0.000296548
-1209.41	-1485.88	1	0.000661781
-1209.4	-1480.13	0.999999	0.00152463
-1209.39	-1474.39	0.999997	0.00224106
-1209.38	-1468.65	0.999996	0.00284397
-1209.36	-1462.91	0.999995	0.00324799
-1209.34	-1457.17	0.999994	0.00349766
-1209.32	-1451.43	0.999993	0.00380249
-1209.3	-1445.69	0.999991	0.00425372
-1209.27	-1439.94	0.999988	0.00489596
-1209.24	-1434.2	0.999984	0.00567403
-1209.21	-1428.46	0.999979	0.00649242
-1209.17	-1422.72	0.999973	0.0072917
-1209.12	-1416.4	0.999967	0.00808411
-1209.08	-1411.24	0.999963	0.00859151
-1209.03	-1405.49	0.999959	0.00901736
-1208.97	-1399.75	0.999956	0.0093477
-1208.92	-1394.01	0.999953	0.00965256
-1208.86	-1388.27	0.99995	0.00998286
-1208.81	-1382.52	0.999947	0.0102754
-1208.75	-1376.78	0.999944	0.0106076
-1208.68	-1371.04	0.999939	0.0110895
-1208.62	-1365.3	0.999932	0.0116488
-1208.55	-1359.56	0.999925	0.0122124
-1208.48	-1353.81	0.999919	0.0127134
-1208.41	-1348.07	0.999914	0.0130819
-1208.33	-1342.33	0.999912	0.0132704
-1208.25	-1336.59	0.999912	0.0133023
-1208.18	-1330.84	0.999914	0.013135
-1208.1	-1325.1	0.999918	0.0128385
-1208.03	-1319.36	0.99992	0.0126316
-1207.96	-1313.61	0.99992	0.0126322
-1207.88	-1307.87	0.999918	0.0127967
-1207.81	-1302.13	0.999918	0.0127798
-1207.74	-1296.39	0.999922	0.0124884
-1207.67	-1290.64	0.999926	0.0121971
-1207.6	-1284.9	0.999929	0.0119007
-1207.53	-1279.16	0.999929	0.0118982
-1207.46	-1273.41	0.999925	0.0122603
-1207.39	-1267.67	0.999923	0.0124461
-1207.32	-1261.93	0.999922	0.0125183
-1207.25	-1256.18	0.999921	0.0125651
-1207.17	-1250.44	0.999922	0.0125082
-1207.1	-1244.69	0.999923	0.0124207
-1207.03	-1238.95	0.999922	0.0124872
-1206.96	-1233.21	0.99992	0.0126726
-1206.89	-1227.46	0.999917	0.0129185
-1206.81	-1221.72	0.999913	0.0131675
-1206.73	-1215.97	0.99991	0.013388
-1206.66	-1210.23	0.999909	0.0135262
-1206.58	-1204.49	0.999909	0.0135171
-1206.5	-1198.74	0.999911	0.0133415
-1206.42	-1192.42	0.999915	0.0130654
-1206.35	-1187.25	0.999918	0.0128291
-1206.28	-1181.51	0.999921	0.0125846
-1206.21	-1175.76	0.999923	0.0124387
-1206.14	-1170.02	0.999922	0.0124649
-1206.06	-1164.27	0.99992	0.0126482
-1205.99	-1158.53	0.999917	0.0129067
-1205.92	-1152.78	0.999913	0.0131792
-1205.84	-1147.04	0.99991	0.0134517
-1205.76	-1141.3	0.999906	0.0137242
-1205.68	-1135.55	0.999902	0.0139933
-1205.6	-1129.8	0.999898	0.0142514
-1205.52	-1124.06	0.999896	0.0144347
-1205.43	-1118.31	0.999897	0.0143723
-1205.35	-1112.57	0.999902	0.0139742
-1205.27	-1106.82	0.999909	0.0134865
-1205.2	-1101.08	0.999916	0.0129631
-1205.12	-1095.33	0.999923	0.0124397
-1205.05	-1089.59	0.999929	0.0119163
-1204.99	-1083.84	0.999935	0.0113929
-1204.92	-1078.1	0.99994	0.0109172
-1204.86	-1072.35	0.999944	0.0105632
-1204.79	-1066.03	0.99993	0.0118151
-1204.73	-1060.86	0.999897	0.0143549
-1204.64	-1055.11	0.999852	0.0172097
-1204.53	-1049.37	0.999799	0.0200644
-1204.41	-1043.62	0.999737	0.022919
-1204.27	-1037.88	0.999705	0.0243086
-1204.12	-1031.56	0.999708	0.0241557
-1204	-1026.39	0.999714	0.0239006
-1203.85	-1020.07	0.999726	0.0234178
-1203.73	-1014.89	0.999738	0.0228989
-1203.6	-1009.15	0.999752	0.0222618
-1203.47	-1003.4	0.999767	0.0216067
-1203.33	-997.083	0.999781	0.0209158
-1203.22	-991.337	0.999791	0.020423
-1203.11	-986.165	0.999799	0.0200445
-1202.98	-979.844	0.999808	0.0196167
-1202.88	-974.672	0.999813	0.0193539
-1202.77	-968.926	0.999818	0.0190772
-1202.65	-962.605	0.999824	0.0187729
-1202.55	-956.858	0.999829	0.0184781
-1202.44	-951.111	0.999836	0.0181069
-1202.35	-945.939	0.999844	0.0176641
-1202.24	-939.617	0.999856	0.0169564
-1202.14	-933.87	0.999869	0.016174
-1202.05	-928.122	0.999882	0.0153374
-1201.97	-922.949	0.999894	0.0145816
-1201.88	-916.627	0.999907	0.0136716
-1201.81	-910.879	0.999917	0.0129188
-1201.74	-905.706	0.999924	0.0123646
-1201.66	-899.384	0.99993	0.0118713
-1201.6	-893.636	0.999933	0.0115329
-1201.53	-887.887	0.999937	0.0112199
-1201.47	-882.139	0.999941	0.010907
-1201.41	-876.966	0.999944	0.0106194
-1201.35	-870.643	0.999948	0.0102227
-1201.29	-865.469	0.999952	0.00980992
-1201.23	-859.145	0.999958	0.00915798
-1201.18	-853.397	0.999964	0.00843062
-1201.14	-848.223	0.99997	0.00771114
-1201.09	-841.899	0.999977	0.00681747
-1201.06	-836.15	0.999982	0.00602414
-1201.02	-830.401	0.999986	0.00532644
-1201	-825.227	0.999988	0.00484389
-1200.97	-819.477	0.99999	0.0044582
-1200.94	-813.153	0.999992	0.0041101
-1200.92	-807.404	0.999993	0.00379715
-1200.9	-801.654	0.999994	0.00348415
-1200.88	-795.905	0.999995	0.00328251
-1200.86	-790.155	0.999995	0.00312638
-1200.84	-784.405	0.999996	0.0028204
-1200.83	-778.656	0.999997	0.00235604
-1200.82	-772.906	0.999998	0.00180344
-1200.81	-767.156	0.999999	0.0012402
-1200.8	-761.406	1	0.000720527
-1200.8	-755.656	1	0.000314605
-1200.8	-749.905	1	7.02356e-05
-1200.8	-744.155	1	-2.74588e-05
-1200.8	-738.405	1	-5.92353e-05
-1200.8	-732.655	1	-8.3573e-05
-1200.8	-726.904	1	-0.000107911
-1200.8	-721.154	1	-0.000142892
-1200.8	-715.403	1	-0.000246957
-1200.8	-709.652	1	-0.000483887
-1200.8	-703.902	1	-0.000846284
-1200.81	-698.151	0.999999	-0.0012778
-1200.82	-692.4	0.999999	-0.0017274
-1200.83	-686.649	0.999998	-0.00216212
-1200.84	-680.898	0.999997	-0.00253413
-1200.86	-675.722	0.999996	-0.00276125
-1200.87	-669.396	0.999996	-0.00288161
-1200.89	-663.645	0.999996	-0.0029198
-1200.91	-657.894	0.999996	-0.00295054
-1200.93	-652.143	0.999996	-0.00298129
-1200.94	-646.966	0.999995	-0.00301235
-1200.96	-640.64	0.999995	-0.0031214
-1200.98	-634.888	0.999994	-0.0033552
-1201	-629.137	0.999993	-0.00370596
-1201.02	-623.385	0.999991	-0.00413752
-1201.05	-617.634	0.999989	-0.0046063
-1201.07	-611.882	0.999987	-0.00512929
-1201.1	-606.131	0.999983	-0.00578834
-1201.14	-600.381	0.999978	-0.00661322
-1201.18	-594.63	0.999971	-0.00755497
-1201.22	-588.88	0.999964	-0.00854023
-1201.28	-583.13	0.999957	-0.0093184
-1201.33	-577.38	0.999952	-0.00976516
-1201.39	-571.63	0.999951	-0.00992598
-1201.44	-565.881	0.999952	-0.00980086
-1201.5	-560.132	0.999955	-0.00949932
-1201.55	-554.383	0.999958	-0.00914579
-1201.61	-548.635	0.999961	-0.00879978
-1201.66	-542.886	0.999964	-0.00850899
-1201.7	-537.138	0.999965	-0.0083542
-1201.75	-531.39	0.999965	-0.00837895
-1201.8	-525.643	0.999963	-0.00856522
-1201.85	-519.895	0.999961	-0.00886516
-1201.9	-514.148	0.999957	-0.00922773
-1201.96	-508.401	0.999954	-0.00961681
-1202.01	-502.655	0.99995	-0.0100133
-1202.07	-496.909	0.999946	-0.0104024
-1202.13	-491.163	0.999943	-0.010699
-1202.19	-485.418	0.999942	-0.0107821
-1202.25	-479.673	0.999943	-0.010638
-1202.31	-473.927	1	0.000576598
-1202.25	-468.181	0.999741	0.0227546
-1202.07	-462.436	0.998993	0.0448676
-1201.76	-456.696	0.997765	0.0668208
-1201.34	-450.963	0.996979	0.0776753
-1200.89	-445.231	0.996993	0.0774853
-1200.45	-439.5	0.997016	0.0772
-1200	-433.768	0.997043	0.076849
-1199.56	-428.037	0.997075	0.0764325
-1199.12	-422.306	0.997201	0.0747645
-1198.7	-416.575	0.997419	0.0718033
-1198.3	-410.842	0.997636	0.0687134
-1197.91	-405.109	0.997851	0.0655244
-1197.54	-399.375	0.99807	0.0621009
-1197.19	-393.641	0.998291	0.0584354
-1196.86	-387.906	0.998506	0.0546442
-1196.56	-382.17	0.998713	0.0507094
-1196.28	-376.433	0.998912	0.0466246
-1196.02	-370.697	0.999094	0.0425517
-1195.78	-364.959	0.999257	0.0385301
-1195.57	-359.222	0.999407	0.0344425
-1195.38	-353.484	0.999541	0.0302889
-1195.22	-347.746	0.99966	0.0260623
-1195.08	-342.008	0.999763	0.0217883
-1194.96	-336.27	0.999847	0.0175026
-1194.87	-330.532	0.999913	0.013217
-1194.81	-324.795	0.99996	0.00893147
-1194.77	-319.058	0.999988	0.00493373
-1194.75	-313.321	0.999999	0.00123547
-1194.75	-307.585	0.999997	-0.00239993
-1194.77	-301.85	0.999983	-0.00588875
-1194.81	-296.115	0.999958	-0.00914301
-1194.87	-290.381	0.999931	-0.011784
-1194.94	-284.648	0.999906	-0.0137271
-1195.02	-278.916	0.999884	-0.0152167
-1195.11	-273.184	0.999867	-0.0162933
-1195.21	-267.453	0.999854	-0.0170987
-1195.31	-261.723	0.999844	-0.0176692
-1195.41	-255.993	0.999836	-0.0180926
-1195.52	-250.264	0.999828	-0.0185456
-1195.62	-244.536	0.999816	-0.0191817
-1195.74	-238.808	0.9998	-0.0200135
-1195.85	-233.081	0.999779	-0.0210442
-1195.98	-227.355	0.999749	-0.0223846
-1196.11	-221.63	0.999711	-0.0240282
-1196.25	-215.905	0.999663	-0.0259633
-1196.4	-210.182	0.999603	-0.0281719
-1196.57	-204.459	0.999531	-0.0306178
-1196.75	-198.737	0.999448	-0.033209
-1196.95	-193.017	0.999358	-0.0358323
-1197.16	-187.298	0.999269	-0.0382314
-1197.38	-181.579	0.999189	-0.040268
-1197.62	-175.862	0.99912	-0.0419327
-1197.86	-170.146	0.99907	-0.043123
-1198.11	-164.43	0.999039	-0.0438277
-1198.36	-158.716	0.99904	-0.0438165
-1198.61	-153.001	0.999066	-0.0432203
-1198.85	-147.288	0.999096	-0.042507
-1199.1	-141.574	0.999127	-0.0417831
-1199.33	-135.861	0.999162	-0.0409194
-1199.56	-130.149	0.999197	-0.0400584
-1199.79	-124.437	0.999217	-0.0395623
-1200.02	-118.725	0.999221	-0.0394625
-1200.24	-113.014	0.999212	-0.0396893
-1200.47	-107.304	0.999192	-0.0401968
-1200.7	-101.595	0.999162	-0.040934
-1200.94	-95.8865	0.999125	-0.0418311
-1201.18	-90.179	0.999084	-0.04279
-1201.43	-84.4724	0.999043	-0.0437342
-1201.68	-78.7668	0.999006	-0.044572
-1201.93	-73.0621	0.998979	-0.0451842
-1202.19	-67.3581	0.998964	-0.0454982
-1202.45	-61.655	0.998967	-0.0454416
-1202.71	-55.9524	0.998994	-0.0448396
-1202.96	-50.2503	0.999042	-0.0437721
-1203.21	-44.5485	0.999094	-0.042554
-1203.45	-38.8472	0.999147	-0.0413054
-1203.68	-33.1463	0.999197	-0.0400568
-1203.91	-27.4458	0.999252	-0.038681
-1204.13	-21.7457	0.999305	-0.0372715
-1204.34	-16.0459	0.999348	-0.0360975
-1204.54	-10.3466	0.999381	-0.0351926
-1204.74	-4.64788	0.999399	-0.0346732
-1204.94	1.05025	0.999404	-0.0345171
-1205.13	6.74772	0.999403	-0.0345459
-1205.33	12.4445	0.999399	-0.0346765
-1205.53	18.1405	0.999395	-0.0347921
-1205.73	23.836	0.999396	-0.0347645
-1205.92	29.5307	0.999409	-0.0343806
-1206.12	35.2249	0.999435	-0.0336195
-1206.31	40.9186	0.99947	-0.0325612
-1206.49	46.6118	0.999513	-0.0312192
-1206.67	52.3046	0.999559	-0.0297101
-1206.83	57.997	0.999602	-0.0282011
-1206.99	63.689	0.999643	-0.0267171
-1207.14	69.3805	0.999677	-0.0253958
-1207.28	75.0715	0.999703	-0.0243615
-1207.42	80.7619	0.999723	-0.0235564
-1207.55	86.4517	0.999739	-0.0228488
-1207.68	92.141	0.999754	-0.022159
-1207.8	97.8297	0.999771	-0.0214148
-1207.92	103.518	0.99979	-0.0204906
-1208.04	109.205	0.999813	-0.0193167
-1208.14	114.892	0.999839	-0.017954
-1208.24	120.579	0.999863	-0.0165231
-1208.33	126.265	0.999886	-0.0150895
-1208.41	131.95	0.999907	-0.0136742
-1208.49	137.635	0.999923	-0.012392
-1208.56	143.319	0.999935	-0.0113592
-1208.62	149.003	0.999943	-0.0107221
-1208.68	154.686	0.999946	-0.0104157
-1208.74	160.368	0.999948	-0.0101668
-1208.8	166.049	0.999952	-0.00979424
-1208.85	171.73	0.999958	-0.00914714
-1208.9	177.411	0.999966	-0.00821559
-1208.94	183.09	0.999975	-0.0071033
-1208.98	188.769	0.999982	-0.00593236
-1209.01	194.448	0.999989	-0.00476142
-1209.04	200.126	0.999994	-0.00359081
-1209.06	205.803	0.999997	-0.00242055
-1209.07	211.479	0.999999	-0.00125027
-1209.07	217.155	1	-8.00025e-05
-1209.07	222.83	0.999999	0.00109027
-1209.06	228.505	0.999998	0.00211841
-1209.05	234.178	0.999995	0.0030044
-1209.03	239.851	0.999992	0.0038904
-1209	245.524	0.999989	0.00477639
-1208.97	251.195	0.999984	0.00566238
-1208.94	256.866	0.999979	0.00652609
-1208.9	262.537	0.999974	0.0072453
-1208.86	268.206	0.999971	0.00765849
-1208.81	273.875	0.99997	0.00772918
-1208.77	279.543	0.999973	0.00735104
-1208.73	285.211	0.999978	0.00656073
-1208.7	290.878	0.999985	0.0055399
-1208.67	296.544	0.999991	0.00433561
-1208.65	302.21	0.999995	0.00303141
-1208.63	307.875	0.999999	0.00170219
-1208.62	313.539	1	0.000376121
-1208.63	319.203	1	-0.000874528
-1208.63	324.865	0.999998	-0.00191941
-1208.65	330.528	0.999997	-0.00252034
-1208.66	336.189	0.999997	-0.00263775
-1208.68	341.85	0.999997	-0.00241303
-1208.69	347.511	0.999998	-0.00188275
-1208.7	353.17	0.999999	-0.00112935
-1208.7	358.829	1	-0.000275162
-1208.7	364.487	1	0.000593292
-1208.7	370.145	0.999999	0.00146175
-1208.69	375.802	0.999997	0.0023302
-1208.67	381.458	0.999995	0.00317679
-1208.65	387.114	0.999992	0.00390745
-1208.63	392.769	0.99999	0.00441496
-1208.6	398.423	0.999989	0.00467889
-1208.57	404.076	0.999989	0.00473474
-1208.55	409.729	0.999989	0.00460729
-1208.52	415.381	0.999991	0.00431425
-1208.5	421.033	0.999993	0.00385904
-1208.48	426.684	0.999995	0.00324591
-1208.46	432.334	0.999997	0.00254664
-1208.45	437.984	0.999999	0.00171039
-1208.44	443.632	1	0.000841132
-1208.44	449.281	1	0.000222694
-1208.44	454.928	1	-3.99863e-05
-1208.44	460.575	1	0.000211402
-1208.44	466.221	1	0.000918533
-1208.43	471.867	0.999998	0.00180549
-1208.42	477.512	0.999996	0.00273612
-1208.4	483.156	0.999993	0.00364908
-1208.38	488.8	0.99999	0.00447237
-1208.35	494.443	0.999987	0.00512292
-1208.32	500.085	0.999984	0.00557205
-1208.29	505.726	0.999983	0.00582397
-1208.25	511.367	0.999984	0.00574188
-1208.22	517.007	0.999986	0.00532166
-1208.19	522.647	0.999989	0.00470441
-1208.17	528.286	0.999992	0.00389021
-1208.15	533.924	0.999996	0.00288321
-1208.14	539.561	0.999998	0.00183433
-1208.13	545.198	1	0.000800658
-1208.13	550.835	1	-0.000267991
-1208.13	556.47	0.999999	-0.00133637
-1208.14	562.105	0.999997	-0.00240449
-1208.16	567.74	0.999993	-0.00362461
-1208.18	573.373	0.999987	-0.00503615
-1208.21	579.006	0.999979	-0.00650436
-1208.25	584.638	0.999968	-0.00798984
-1208.3	590.27	0.999956	-0.00932746
-1208.35	595.9	0.999945	-0.0104416
-1208.41	601.53	0.999936	-0.0113442
-1208.48	607.16	0.999929	-0.0119213
-1208.55	612.788	0.999927	-0.0120914
-1208.62	618.416	0.999932	-0.0116897
-1208.68	624.044	0.999942	-0.010769
-1208.74	629.67	0.999954	-0.0096124
-1208.79	635.859	0.999966	-0.00826154
-1208.83	640.922	0.999974	-0.00715662
-1208.87	646.547	0.999982	-0.00592923
-1208.9	652.171	0.999989	-0.00470183
-1208.93	657.795	0.999994	-0.00348168
-1208.94	663.418	0.999997	-0.00231118
-1208.95	669.041	0.999999	-0.00126931
-1208.96	674.663	1	-0.000392197
-1208.96	680.284	1	0.000327827
-1208.95	685.904	1	0.000898048
-1208.95	691.524	0.999999	0.00132991
-1208.94	697.143	0.999999	0.00146857
-1208.93	702.762	0.999999	0.00129855
-1208.93	708.38	1	0.000989219
-1208.92	713.997	1	0.000566474
-1208.92	719.614	1	6.2095e-05
-1208.92	725.23	1	-0.000467156
-1208.92	730.845	1	-0.000985878
-1208.93	736.459	0.999999	-0.00144452
-1208.94	742.073	0.999999	-0.00173165
-1208.95	747.687	0.999999	-0.00173001
-1208.96	753.299	0.999999	-0.00139016
-1208.97	758.911	1	-0.000743836
-1208.97	764.523	1	9.43673e-05
-1208.96	770.134	1	0.000993415
-1208.96	775.744	0.999998	0.00189628
-1208.94	781.353	0.999996	0.00279883
-1208.93	786.962	0.999993	0.00370138
-1208.9	792.57	0.999989	0.00460393
-1208.88	798.177	0.999985	0.00550648
-1208.84	803.784	0.999979	0.00640868
-1208.81	809.39	0.999973	0.00731053
-1208.76	814.995	0.999966	0.00821237
-1208.71	820.6	0.999958	0.00911421
-1208.66	826.204	0.99995	0.010016
-1208.6	831.807	0.999942	0.0107779
-1208.54	837.41	0.999935	0.0113998
-1208.48	843.012	0.999928	0.0120217
-1208.41	848.613	0.99992	0.0126437
-1208.34	854.214	0.999912	0.0132656
-1208.26	859.813	0.999904	0.0138873
-1208.18	865.413	0.999895	0.0145088
-1208.1	871.011	0.999886	0.0151303
-1208.01	876.609	0.999876	0.0157518
-1207.92	882.206	0.999866	0.0163731
-1207.83	887.802	0.999856	0.0169942
-1207.73	893.398	0.999845	0.0176153
-1207.63	898.993	0.999834	0.0182364
-1207.53	904.588	0.999822	0.0188575
-1207.42	910.182	0.999813	0.019339
-1207.31	915.775	0.999806	0.0196808
-1207.2	921.368	0.9998	0.0200226
-1207.09	926.96	0.999793	0.0203644
-1206.98	932.551	0.999786	0.0207062
-1206.86	938.142	0.999778	0.0210479
-1206.74	943.732	0.999771	0.0213895
-1206.62	949.322	0.999764	0.0217311
-1206.5	954.911	0.999756	0.0220726
-1206.37	960.499	0.999752	0.0222748
-1206.25	966.087	0.99975	0.0223375
-1206.12	971.675	0.999749	0.0224002
-1206	977.262	0.999748	0.022463
-1205.87	982.848	0.999746	0.0225257
-1205.75	988.434	0.999732	0.0231451
-1205.61	994.02	0.999704	0.024321
-1205.48	999.605	0.999675	0.0254968
-1205.33	1005.19	0.999644	0.0266726
-1205.18	1010.77	0.999612	0.0278484
-1205.02	1016.36	0.999579	0.0290239
-1204.86	1021.94	0.999544	0.0301991
-1204.69	1027.52	0.999508	0.0313744
-1204.51	1033.11	0.999469	0.03257
-1204.32	1038.69	0.999426	0.0338639
-1204.13	1044.27	0.999375	0.0353485
-1203.93	1049.85	0.999314	0.0370444
-1203.72	1055.43	0.999244	0.0388845
-1203.5	1061.01	0.999169	0.0407706
-1203.27	1066.59	0.99909	0.0426563
-1203.02	1072.17	0.999008	0.0445417
-1202.77	1077.74	0.998922	0.0464269
-1202.51	1083.32	0.998832	0.0483119
-1202.23	1088.9	0.998739	0.0501966
-1201.95	1094.47	0.99865	0.0519423
-1201.65	1100.05	0.998565	0.053549
-1201.35	1105.62	0.998478	0.0551554
-1201.04	1111.19	0.998388	0.0567658
-1200.72	1116.77	0.998301	0.058273
-1200.39	1122.34	0.998216	0.0597117
-1200.06	1127.91	0.998124	0.0612209
-1199.71	1133.48	0.998027	0.0627932
-1199.36	1139.05	0.997924	0.0644002
-1198.99	1144.62	0.997828	0.0658711
-1198.62	1150.18	0.997739	0.0672031
-1198.21	1156.31	0.99764	0.068668
-1197.86	1161.32	0.997556	0.0698665
-1197.46	1166.88	0.997216	0.0745717
-1197.03	1172.44	0.996579	0.082647
-1196.55	1178	0.995877	0.0907168
-1196.03	1183.56	0.995109	0.0987806
-1195.46	1189.11	0.994276	0.106838
-1194.85	1194.65	0.993797	0.111212
-1194.22	1200.2	0.993726	0.111842
-1193.6	1205.74	0.99367	0.112335
-1192.97	1211.28	0.993644	0.112565
-1192.34	1216.82	0.99367	0.112339
-1191.72	1222.36	0.993791	0.111267
-1191.1	1227.91	0.993984	0.109527
-1190.5	1233.45	0.994193	0.107612
-1189.9	1239	0.994417	0.105524
-1189.32	1244.54	0.994661	0.103195
-1188.75	1250.09	0.994913	0.100739
-1188.19	1255.64	0.995144	0.0984271
-1187.65	1261.19	0.995342	0.0964059
-1187.11	1266.74	0.995503	0.0947256
-1186.59	1272.29	0.995638	0.093302
-1186.07	1277.84	0.99576	0.0919874
-1185.56	1283.39	0.995879	0.0906869
-1185.06	1288.94	0.995997	0.0893863
-1184.56	1294.49	0.996113	0.0880856
-1184.08	1300.04	0.996229	0.0867604
-1183.6	1305.6	0.996352	0.0853434
-1183.12	1311.15	0.996485	0.0837672
-1182.66	1316.7	0.996631	0.0820186
-1182.21	1322.26	0.99677	0.0803063
-1181.76	1327.81	0.996898	0.0787107
-1181.33	1333.37	0.997021	0.0771364
-1180.9	1338.92	0.997134	0.0756537
-1180.48	1344.48	0.997235	0.0743188
-1180.03	1350.59	0.997333	0.0729907
-1179.67	1355.59	0.997409	0.0719415
-1179.27	1361.15	0.997493	0.0707686
-1178.88	1366.71	0.997579	0.069546
-1178.49	1372.27	0.997672	0.0681966
-1178.12	1377.82	0.997771	0.0667279
-1177.75	1383.38	0.997875	0.065157
-1177.39	1388.94	0.99798	0.06353
-1177	1395.05	0.998083	0.0618951
-1176.66	1400.61	0.998164	0.0605763
-1176.36	1405.62	0.998229	0.0594846
-1176.03	1411.18	0.998292	0.0584159
-1175.68	1417.29	0.998352	0.0573924
-1175.39	1422.29	0.998397	0.0565976
-1175.08	1427.85	0.998449	0.0556799
-1174.77	1433.41	0.998505	0.0546654
-1174.44	1439.53	0.998576	0.0533541
-1174.17	1444.53	0.998638	0.0521671
-1173.89	1450.09	0.998712	0.0507331
-1173.61	1455.65	0.99879	0.0491817
-1173.31	1461.77	0.998879	0.0473443
-1173.08	1466.77	0.998952	0.0457677
-1172.82	1472.33	0.999031	0.0440164
-1172.58	1477.89	0.999118	0.0419824
-1172.35	1483.45	0.999208	0.0397914
-1172.14	1489.02	0.999282	0.0378891
-1171.93	1494.58	0.999345	0.0361835
-1171.73	1500.14	0.999403	0.0345444
-1171.54	1505.7	0.999459	0.0329012
-1171.37	1511.26	0.999512	0.0312437
-1171.2	1516.82	0.999565	0.0295025
-1171.04	1522.39	0.99962	0.0275683
-1170.89	1527.95	0.999673	0.0255572
-1170.75	1533.51	0.999724	0.0235063
-1170.62	1539.07	0.999773	0.0212917
-1170.51	1544.63	0.999819	0.0190168
-1170.41	1550.2	0.999858	0.0168481
-1170.32	1555.76	0.999889	0.0149024
-1170.24	1561.32	0.999912	0.01325
-1170.16	1567.44	0.999932	0.0116883
-1170.11	1572.44	0.999945	0.0104682
-1170.05	1578.56	0.99996	0.00898189
-1170	1583.57	0.99997	0.00776595
-1169.96	1589.13	0.999979	0.0064149
-1169.93	1594.69	0.999987	0.00506387
-1169.91	1600.25	0.999993	0.00371287
-1169.89	1605.81	0.999997	0.00247264
-1169.88	1611.37	0.999999	0.00139857
-1169.87	1616.93	1	0.000324508
-1169.87	1622.49	1	-0.000749528
-1169.88	1628.05	0.999998	-0.00182352
-1169.89	1634.16	0.999996	-0.00286643
-1169.91	1639.17	0.999994	-0.00358376
-1169.93	1644.72	0.99999	-0.00438076
-1169.96	1650.28	0.999987	-0.00517772
-1169.99	1655.84	0.999982	-0.00597464
-1170.02	1661.4	0.999977	-0.00677149
-1170.06	1666.96	0.999971	-0.00756828
-1170.11	1672.51	0.999965	-0.00836507
-1170.15	1678.07	0.999958	-0.00916185
-1170.21	1683.63	0.999956	-0.00940507
-1170.26	1689.18	0.999961	-0.00881793
-1170.3	1694.74	0.999966	-0.0082308
-1170.35	1700.3	0.999971	-0.00764366
-1170.39	1705.85	0.999975	-0.00705651
-1170.43	1711.41	0.99998	-0.0063589
-1170.46	1716.96	0.999985	-0.00549557
-1170.49	1722.52	0.999989	-0.00463224
-1170.51	1728.08	0.999993	-0.0037689
-1170.53	1733.63	0.999996	-0.00290564
-1170.55	1739.18	0.999998	-0.00204246
-1170.56	1744.74	0.999999	-0.00117927
-1170.56	1750.29	1	-0.000316079
-1170.56	1755.85	1	0.000547111
-1170.56	1761.4	0.999999	0.00141021
-1170.55	1766.95	0.999997	0.00227317
-1170.53	1772.51	0.999995	0.00313613
-1170.51	1778.06	0.999992	0.00399908
-1170.49	1783.61	0.999988	0.00486203
-1170.46	1789.17	0.999984	0.00572489
-1170.43	1794.72	0.999978	0.00658761
-1170.39	1800.27	0.999972	0.00745032
-1170.34	1805.82	0.999965	0.00831302
-1170.3	1811.37	0.999957	0.00928601
-1170.24	1816.92	0.999946	0.0104244
-1170.18	1822.48	0.999933	0.0115628
-1170.11	1828.58	0.999918	0.012815
-1170.04	1833.58	0.999904	0.0138394
-1169.96	1839.13	0.999888	0.0149776
-1169.88	1844.68	0.99987	0.0161156
-1169.77	1850.78	0.999849	0.0173674
-1169.69	1855.77	0.999831	0.0183916
-1169.58	1861.32	0.999646	0.026606
-1169.39	1866.87	0.998968	0.0454282
-1169.06	1872.97	0.997812	0.0661148
-1168.7	1877.95	0.996548	0.08302
-1168.19	1883.48	0.994807	0.101776
-1167.59	1889	0.993554	0.113356
-1166.96	1894.52	0.993461	0.114171
-1166.32	1900.04	0.993389	0.114794
-1165.68	1905.55	0.993356	0.115085
-1165.05	1911.07	0.993457	0.114203
-1164.42	1916.59	0.993678	0.112267
-1163.8	1922.1	0.993921	0.110094
-1163.19	1927.62	0.994191	0.107631
-1162.6	1933.14	0.994489	0.104844
-1162.03	1938.66	0.994853	0.101333
-1161.47	1944.19	0.995265	0.0971981
-1160.94	1949.71	0.995679	0.0928635
-1160.44	1955.24	0.996091	0.0883286
-1159.96	1960.77	0.996502	0.0835658
-1159.5	1966.3	0.996909	0.078567
-1159.08	1971.84	0.997308	0.0733214
-1158.68	1977.37	0.997692	0.0679083
-1158.32	1982.91	0.998052	0.0623834
-1157.99	1988.45	0.998371	0.0570567
-1157.68	1993.99	0.998644	0.0520595
-1157.4	1999.53	0.998893	0.0470468
-1157.15	2005.07	0.999118	0.0419803
-1156.93	2010.61	0.999321	0.0368415
-1156.74	2016.16	0.999495	0.0317665
-1156.57	2021.7	0.99964	0.0268446
-1156.43	2027.25	0.99976	0.0219224
-1156.32	2032.79	0.999855	0.0170002
-1156.24	2038.34	0.999923	0.0124094
-1156.18	2043.88	0.999965	0.00831573
-1156.14	2049.43	0.999991	0.00422223
-1156.13	2054.97	1	0.000128967
-1156.14	2060.52	0.999992	-0.00396393
-1156.17	2066.06	0.999969	-0.00783564
-1156.22	2071.6	0.999935	-0.0113701
-1156.29	2077.14	0.99989	-0.0148223
-1156.38	2082.69	0.999838	-0.0180164
-1156.5	2088.78	0.999785	-0.0207258
-1156.6	2093.77	0.999755	-0.022132
-1156.73	2099.31	0.999733	-0.023088
-1156.86	2104.85	0.999725	-0.0234534
-1156.99	2110.38	0.999729	-0.0232798
-1157.12	2115.92	0.999751	-0.0223092
-1157.24	2121.46	0.99979	-0.0204924
-1157.34	2127	0.999829	-0.0185033
-1157.45	2133.09	0.999867	-0.0162885
-1157.53	2138.08	0.999895	-0.0144762
-1157.61	2143.61	0.999918	-0.0127922
-1157.67	2149.15	0.999933	-0.0116026
-1157.74	2154.69	0.999946	-0.0104129
-1157.79	2160.22	0.999957	-0.00922312
-1157.84	2165.76	0.999967	-0.00814353
-1157.89	2171.85	0.999974	-0.00714483
-1157.92	2176.83	0.99998	-0.00635091
-1157.95	2182.37	0.999985	-0.00555052
-1157.98	2187.9	0.999988	-0.00490873
-1158.01	2193.44	0.99999	-0.00441963
-1158.03	2198.97	0.999992	-0.00404145
-1158.05	2204.5	0.999993	-0.0037443
-1158.07	2210.04	0.999994	-0.00351763
-1158.09	2215.57	0.999994	-0.00337646
-1158.11	2221.1	0.999994	-0.00341673
-1158.13	2226.63	0.999993	-0.00365984
-1158.15	2232.16	0.999992	-0.00390288
-1158.17	2237.69	0.999991	-0.00414585
-1158.2	2243.22	0.99999	-0.00441394
-1158.22	2248.75	0.999989	-0.00475624
-1158.25	2254.28	0.999987	-0.00519204
-1158.28	2259.81	0.999984	-0.00571364
-1158.32	2265.89	0.99998	-0.00633682
-1158.35	2270.87	0.999977	-0.00685069
-1158.39	2276.4	0.999972	-0.00742167
-1158.43	2281.92	0.999968	-0.00799253
-1158.47	2287.45	0.999963	-0.00856331
-1158.52	2292.98	0.999959	-0.00902425
-1158.57	2298.5	0.999957	-0.00932045
-1158.63	2304.03	0.999954	-0.00961655
-1158.68	2309.56	0.999951	-0.00991253
-1158.74	2315.08	0.999948	-0.0102084
-1158.79	2320.6	0.999945	-0.0105043
-1158.85	2326.13	0.999942	-0.0108004
-1158.91	2331.65	0.999938	-0.0110964
-1158.97	2337.18	0.999935	-0.0113923
-1159.04	2342.7	0.999932	-0.0116848
-1159.11	2348.77	0.999928	-0.0119771
-1159.18	2354.29	0.999926	-0.0121708
-1159.24	2359.26	0.999925	-0.012271
-1159.3	2364.79	0.999924	-0.0122998
-1159.37	2370.31	0.999925	-0.0122158
-1159.44	2375.83	0.999928	-0.0119662
-1159.5	2381.35	0.999934	-0.0115236
-1159.57	2386.87	0.999941	-0.0109068
-1159.62	2392.38	0.999948	-0.010175
-1159.68	2397.9	0.999956	-0.00940944
-1159.73	2403.42	0.999963	-0.00864409
-1159.78	2408.94	0.999969	-0.0078787
-1159.82	2414.46	0.999975	-0.00711327
-1159.86	2419.98	0.99998	-0.00636492
-1159.89	2425.49	0.999984	-0.00569231
-1159.92	2431.01	0.999987	-0.00515626
-1159.95	2436.53	0.999989	-0.00475433
-1159.97	2442.04	0.99999	-0.00442108
-1160	2448.11	0.999992	-0.00406394
-1160.02	2453.08	0.999993	-0.00377184
-1160.04	2458.59	0.999994	-0.00344726
-1160.06	2464.11	0.999995	-0.00314442
-1160.07	2469.62	0.999996	-0.00290826
-1160.09	2475.14	0.999996	-0.00272874
-1160.1	2480.65	0.999997	-0.00255766
-1160.12	2486.72	0.999997	-0.00236942
-1160.13	2491.68	0.999998	-0.0022065
-1160.14	2497.2	0.999998	-0.00195181
-1160.15	2502.71	0.999999	-0.00151314
-1160.16	2508.77	1	-0.000795899
-1160.16	2513.74	1	-0.000105179
-1160.16	2519.8	1	0.000773582
-1160.15	2524.76	0.999999	0.00149248
-1160.14	2530.82	0.999997	0.00237095
-1160.13	2535.79	0.999995	0.00308969
-1160.11	2541.85	0.999992	0.00396819
-1160.09	2546.81	0.999989	0.00466429
-1160.06	2552.87	0.999985	0.00538659
-1160.03	2557.83	0.999983	0.00579666
-1159.99	2563.89	0.999982	0.00607548
-1159.96	2568.85	0.999981	0.00617892
-1159.93	2574.91	0.999981	0.006101
-1159.9	2579.87	0.999983	0.00590722
-1159.86	2585.93	0.999983	0.00579968
-1159.83	2590.89	0.999982	0.00593298
-1159.8	2596.95	0.99998	0.00636676
-1159.76	2601.91	0.999977	0.00684562
-1159.72	2607.97	0.999972	0.00746907
-1159.68	2612.93	0.999968	0.00797916
-1159.63	2618.98	0.999963	0.00858853
-1159.59	2623.94	0.999959	0.00901512
-1159.53	2630	0.999956	0.00935693
-1159.49	2634.96	0.999955	0.00948062
-1159.43	2640.46	0.999955	0.00948643
-1159.38	2645.97	0.999957	0.00929091
-1159.33	2651.48	0.999961	0.00884734
-1159.28	2656.98	0.999965	0.00830906
-1159.24	2663.04	0.999971	0.00756996
-1159.2	2668.54	0.999977	0.00674948
-1159.16	2673.5	0.999983	0.00589531
-1159.13	2679.55	0.999989	0.00470453
-1159.11	2684.51	0.999993	0.00362409
-1159.09	2690.01	0.999997	0.00232356
-1159.08	2695.52	1	0.000927245
-1159.08	2701.02	1	-0.000537949
-1159.09	2706.53	0.999998	-0.00203213
-1159.1	2712.03	0.999994	-0.00349078
-1159.13	2718.08	0.999988	-0.00492186
-1159.15	2723.04	0.999984	-0.00573363
-1159.19	2729.09	0.999981	-0.00614098
-1159.22	2734.59	0.999981	-0.00608948
-1159.26	2740.1	0.999984	-0.00570462
-1159.29	2745.6	0.999987	-0.00513853
-1159.31	2750.55	0.99999	-0.00448502
-1159.33	2756.6	0.999994	-0.00355254
-1159.35	2762.11	0.999996	-0.00280105
-1159.37	2767.06	0.999997	-0.00225046
-1159.38	2772.56	0.999998	-0.00180969
-1159.39	2778.61	0.999999	-0.00155048
-1159.39	2784.11	0.999999	-0.00151787
-1159.4	2789.06	0.999999	-0.00165443
-1159.41	2795.11	0.999998	-0.00202011
-1159.42	2800.06	0.999997	-0.00245057
-1159.44	2805.56	0.999995	-0.00303013
-1159.46	2811.06	0.999993	-0.00365629
-1159.48	2817.11	0.999991	-0.00435423
-1159.51	2822.61	0.999988	-0.00498876
-1159.53	2827.56	0.999985	-0.00555988
-1159.56	2833.06	0.999981	-0.00619437
-1159.6	2839.11	0.999976	-0.00689223
-1159.64	2844.61	0.999972	-0.00752656
-1159.68	2849.55	0.999967	-0.00809748
-1159.73	2855.6	0.999961	-0.00879532
-1159.78	2860.55	0.999956	-0.00936621
-1159.83	2866.6	0.999949	-0.0100639
-1159.89	2872.09	0.999943	-0.0106982
-1159.95	2877.59	0.999936	-0.0113325
-1160.01	2883.09	0.999928	-0.011967
-1160.08	2888.59	0.999921	-0.0126014
-1160.15	2893.54	0.999913	-0.0131725
-1160.23	2899.58	0.999904	-0.0138322
-1160.3	2904.53	0.999898	-0.0142508
-1160.38	2910.58	0.999895	-0.0144644
-1160.46	2916.08	0.999898	-0.014272
-1160.53	2921.03	0.999905	-0.0137841
-1160.61	2926.53	0.999917	-0.0128756
-1160.68	2932.58	0.999933	-0.011578
-1160.74	2937.53	0.999945	-0.0105299
-1160.8	2943.58	0.999956	-0.00932924
-1160.85	2949.08	0.999965	-0.00837187
-1160.89	2954.58	0.999972	-0.00753918
-1160.93	2960.08	0.999977	-0.00681719
-1160.97	2965.58	0.999981	-0.00619888
-1161	2970.53	0.999984	-0.00571974
-1161.03	2976.58	0.999986	-0.00522398
-1161.06	2982.08	0.999988	-0.00484613
-1161.08	2987.58	0.99999	-0.00454081
-1161.11	2993.08	0.999991	-0.00429492
-1161.13	2998.59	0.999992	-0.00406718
-1161.15	3004.09	0.999993	-0.00383533
-1161.17	3009.59	0.999994	-0.00357826
-1161.19	3015.09	0.999995	-0.00323764
-1161.21	3020.59	0.999996	-0.00271682
-1161.22	3026.1	0.999998	-0.00208572
-1161.23	3031.6	0.999999	-0.0013755
-1161.24	3037.1	1	-0.000557519
-1161.24	3042.6	1	0.0002816
-1161.24	3047.56	0.999999	0.00101425
-1161.23	3053.61	0.999998	0.00180282
-1161.22	3059.11	0.999997	0.00235302
-1161.2	3064.62	0.999996	0.00273601
-1161.19	3070.12	0.999996	0.00296691
-1161.17	3075.62	0.999995	0.00307598
-1161.15	3081.13	0.999995	0.00307327
-1161.14	3086.63	0.999996	0.00293556
-1161.12	3092.14	0.999996	0.00269306
-1161.11	3097.64	0.999997	0.00242534
-1161.09	3103.15	0.999998	0.00221409
-1161.08	3108.65	0.999998	0.00214893
-1161.07	3114.15	0.999997	0.00231949
-1161.06	3119.66	0.999996	0.00277515
-1161.04	3125.16	0.999994	0.00347869
-1161.02	3130.67	0.999991	0.00430823
-1160.99	3136.17	0.999987	0.00516195
-1160.96	3141.68	0.999982	0.00600155
-1160.93	3147.19	0.999977	0.00676455
-1160.89	3152.69	0.999973	0.00736741
-1160.85	3158.2	0.99997	0.0077819
-1160.81	3163.7	0.999968	0.00802909
-1160.76	3169.21	0.999967	0.00813014
-1160.72	3174.72	0.999967	0.00809611
-1160.67	3180.22	0.999969	0.00782463
-1160.63	3185.73	0.999973	0.00738122
-1160.59	3191.24	0.999976	0.00694887
-1160.55	3196.74	0.999978	0.00661021
-1160.52	3202.25	0.999979	0.00651851
-1160.48	3207.76	0.999977	0.00674738
-1160.44	3213.27	0.999974	0.00723031
-1160.4	3218.77	0.999969	0.00782512
-1160.36	3224.28	0.999964	0.00842699
-1160.31	3229.79	0.99996	0.00896541
-1160.26	3235.3	0.999957	0.00931532
-1160.21	3240.81	0.999956	0.00941518
-1160.16	3246.31	0.999957	0.00929926
-1160.1	3251.82	0.99996	0.00898471
-1160.06	3257.33	0.999964	0.00846853
-1160.01	3262.84	0.99997	0.00776474
-1159.97	3268.35	0.999976	0.00690458
-1159.93	3273.86	0.999982	0.00591832
-1159.9	3279.37	0.999988	0.00482012
-1159.88	3284.88	0.999993	0.00365634
-1159.86	3290.39	0.999997	0.00249653
-1159.85	3295.9	0.999999	0.00143349
-1159.84	3301.41	1	0.000593337
-1159.84	3306.92	1	5.27566e-05
-1159.84	3312.43	1	-0.000143891
-1159.84	3317.94	1	1.45333e-05
-1159.84	3323.45	1	0.000455398
-1159.84	3328.96	0.999999	0.0011663
-1159.83	3334.47	0.999998	0.00203529
-1159.82	3339.98	0.999996	0.00290428
-1159.8	3345.49	0.999993	0.00377326
-1159.78	3351.01	0.999989	0.00464224
-1159.75	3356.52	0.999985	0.00551129
-1159.72	3362.03	0.99998	0.00638042
-1159.68	3367.54	0.999974	0.00724954
-1159.64	3373.05	0.999967	0.00811865
-1159.59	3378.57	0.999961	0.00885097
-1159.54	3384.08	0.999955	0.0094465
-1159.49	3389.59	0.99995	0.010042
-1159.43	3395.1	0.999943	0.0106375
-1159.37	3400.62	0.999937	0.011233
-1159.31	3406.13	0.999932	0.0116916
-1159.24	3411.64	0.999928	0.0120132
-1159.18	3417.16	0.999924	0.0123348
-1159.11	3422.67	0.99992	0.0126564
-1159.04	3428.18	0.999916	0.0129781
-1158.96	3433.7	0.999912	0.0132997
-1158.89	3439.21	0.999907	0.0136213
-1158.82	3444.72	0.999903	0.013943
-1158.74	3450.24	0.999898	0.0142646
-1158.66	3455.75	0.999894	0.0145862
-1158.58	3461.27	0.999889	0.0149079
-1158.49	3466.78	0.999884	0.0152296
-1158.41	3472.29	0.999879	0.0155513
-1158.32	3477.81	0.999874	0.0158731
-1158.23	3483.32	0.999869	0.0161948
-1158.14	3488.84	0.999864	0.0165165
-1158.05	3494.35	0.999858	0.0168383
-1157.96	3499.87	0.999853	0.01716
-1157.86	3505.38	0.99985	0.0173446
-1157.77	3510.9	0.999849	0.0173922
-1157.67	3516.41	0.999848	0.0174397
-1157.58	3521.93	0.999847	0.0174872
-1157.48	3527.44	0.999847	0.0174924
-1157.38	3532.96	0.999849	0.0173753
-1157.29	3538.48	0.999854	0.0171159
-1157.19	3543.99	0.99986	0.0167342
-1157.1	3549.51	0.999868	0.0162646
-1157.01	3555.02	0.999876	0.0157738
-1156.93	3560.54	0.999882	0.0153395
-1156.84	3566.06	0.999887	0.0150315
-1156.76	3571.58	0.99989	0.0148629
-1156.68	3577.09	0.999891	0.0147741
-1156.6	3582.61	0.999892	0.0147025
-1156.52	3588.13	0.999893	0.0146309
-1156.44	3593.64	0.999894	0.0145592
-1156.36	3599.16	0.999895	0.0144876
-1156.28	3604.68	0.999896	0.014416
-1156.2	3610.2	0.999897	0.0143443
-1156.12	3615.72	0.999898	0.0142727
-1156.04	3621.24	0.999899	0.0142011
-1155.96	3626.75	0.9999	0.0141254
-1155.88	3632.27	0.999902	0.0140255
-1155.81	3637.79	0.999904	0.0138527
-1155.73	3643.31	0.999908	0.0135547
-1155.66	3648.83	0.999914	0.0131101
-1155.59	3654.35	0.999921	0.012539
-1155.52	3659.87	0.99993	0.0118669
-1155.45	3665.39	0.999939	0.0110654
-1155.4	3670.91	0.999949	0.0101032
-1155.34	3676.43	0.99996	0.00899837
-1155.29	3681.95	0.99997	0.00777118
-1155.25	3687.47	0.999979	0.00643882
-1155.22	3692.99	0.999987	0.00501943
-1155.2	3698.51	0.999994	0.0035171
-1155.18	3704.03	0.999998	0.0019379
-1155.17	3709.55	1	0.000316161
-1155.18	3715.07	0.999999	-0.00131275
-1155.19	3720.6	0.999996	-0.0029134
-1155.21	3726.12	0.99999	-0.00444026
-1155.23	3731.64	0.999984	-0.00569737
-1155.27	3737.16	0.999978	-0.00658057
-1155.31	3742.68	0.999975	-0.00712198
-1155.35	3748.2	0.999973	-0.0072862
-1155.39	3753.73	0.999975	-0.00713587
-1155.42	3759.25	0.999977	-0.00681456
-1155.46	3764.77	0.999979	-0.00645179
-1155.5	3770.29	0.999981	-0.00608906
-1155.53	3775.82	0.999984	-0.00572636
-1155.56	3781.34	0.999986	-0.00522634
-1155.59	3786.86	0.999989	-0.00460619
-1155.61	3792.39	0.999992	-0.00405177
-1155.63	3797.91	0.999994	-0.00359851
-1155.65	3803.43	0.999995	-0.00321201
-1155.67	3808.96	0.999996	-0.00283962
-1155.68	3814.48	0.999997	-0.00246723
-1155.7	3820	0.999998	-0.00209488
-1155.71	3825.53	0.999999	-0.00172256
-1155.72	3831.05	0.999999	-0.0014875
-1155.72	3836.58	0.999999	-0.00138969
-1155.73	3842.1	0.999999	-0.00129494
-1155.74	3847.63	0.999999	-0.00124168
-1155.75	3853.15	0.999999	-0.00128254
-1155.75	3858.68	0.999999	-0.00142864
-1155.76	3864.2	0.999999	-0.00164864
-1155.77	3869.73	0.999998	-0.00190308
-1155.78	3875.25	0.999998	-0.00216766
-1155.79	3880.78	0.999997	-0.00243221
-1155.81	3886.3	0.999996	-0.00269676
-1155.82	3891.83	0.999996	-0.00296135
-1155.84	3897.36	0.999995	-0.00322593
-1155.86	3902.88	0.999994	-0.00349056
-1155.88	3908.41	0.999993	-0.00375518
-1155.9	3913.94	0.999992	-0.00402381
-1155.92	3919.46	0.999991	-0.00429953
-1155.95	3924.99	0.99999	-0.00457835
-1155.97	3930.52	0.999989	-0.00471976
-1156	3936.04	0.999989	-0.00472372
-1156.03	3941.57	0.999989	-0.00472773
-1156.05	3947.1	0.999989	-0.00473177
-1156.08	3952.63	0.999989	-0.00473582
-1156.1	3958.16	0.999989	-0.00473982
-1156.13	3963.68	0.999989	-0.00474379
-1156.16	3969.21	0.999989	-0.00474779
-1156.18	3974.74	0.999989	-0.00476298
-1156.21	3980.27	0.999988	-0.0048237
-1156.24	3985.8	0.999988	-0.00492899
-1156.26	3991.33	0.999987	-0.00504442
-1156.29	3996.86	0.999987	-0.00515985
-1156.32	4002.38	0.999986	-0.00527532
-1156.35	4007.91	0.999985	-0.00539079
-1156.38	4013.44	0.999985	-0.00550622
-1156.41	4018.97	0.999984	-0.00562165
-1156.44	4024.5	0.999984	-0.00573712
-1156.47	4030.03	0.999983	-0.00583233
-1156.51	4035.56	0.999983	-0.0058191
-1156.54	4041.09	0.999984	-0.00560929
-1156.57	4046.62	0.999986	-0.00520799
-1156.6	4052.15	0.999989	-0.00469523
-1156.62	4057.69	0.999991	-0.00415408
-1156.64	4063.22	0.999993	-0.00361293
-1156.66	4068.75	0.999995	-0.00307178
-1156.68	4074.28	0.999997	-0.00253063
-1156.69	4079.81	0.999998	-0.00200359
-1156.7	4085.34	0.999999	-0.00149372
-1156.71	4090.87	0.999999	-0.00101124
-1156.71	4096.41	1	-0.000584527
-1156.71	4101.94	1	-0.000193291
-1156.71	4107.47	1	0.000193939
-1156.71	4113	1	0.000581207
-1156.71	4118.54	1	0.000968475
-1156.7	4124.07	0.999999	0.00135574
-1156.69	4129.6	0.999998	0.00174309
-1156.68	4135.14	0.999998	0.00213047
-1156.67	4140.67	0.999997	0.00251781
-1156.66	4146.2	0.999996	0.00290515
-1156.64	4151.74	0.999995	0.0032925
-1156.62	4157.27	0.999993	0.00367992
-1156.6	4162.81	0.999992	0.00406741
-1156.58	4168.34	0.99999	0.0044549
-1156.55	4173.88	0.999988	0.0048424
-1156.52	4179.41	0.999987	0.00509225
-1156.49	4184.95	0.999986	0.00520448
-1156.46	4190.49	0.999986	0.00531671
-1156.43	4196.02	0.999985	0.00542894
-1156.4	4201.56	0.999985	0.00554112
-1156.37	4207.1	0.999984	0.00565335
-1156.34	4212.63	0.999983	0.00576565
-1156.31	4218.17	0.999983	0.00587792
-1156.28	4223.71	0.999982	0.00599014
-1156.24	4229.25	0.999981	0.00610241
-1156.21	4234.79	0.999981	0.00621471
-1156.18	4240.33	0.99998	0.00632698
-1156.14	4245.86	0.999979	0.0064392
-1156.1	4251.4	0.999979	0.00655143
-1156.07	4256.94	0.999978	0.00666373
-1156.03	4262.48	0.999977	0.00677607
-1155.99	4268.02	0.999976	0.00688837
-1155.95	4273.56	0.999975	0.00700067
-1155.92	4279.11	0.999976	0.00697512
-1155.88	4284.65	0.999977	0.00678023
-1155.84	4290.19	0.999979	0.00647662
-1155.8	4295.73	0.999982	0.00600128
-1155.77	4301.27	0.999986	0.00536439
-1155.74	4306.81	0.999989	0.00464316
-1155.72	4312.36	0.999992	0.00392596
-1155.7	4317.9	0.999994	0.00333473
-1155.68	4323.44	0.999996	0.00297817
-1155.67	4328.99	0.999996	0.00284618
-1155.65	4334.53	0.999996	0.00283714
-1155.64	4340.08	0.999996	0.00285652
-1155.62	4345.62	0.999996	0.0028759
-1155.6	4351.16	0.999996	0.00289527
-1155.59	4356.71	0.999995	0.00305267
-1155.57	4362.25	0.999994	0.00334098
-1155.55	4367.8	0.999994	0.00359374
-1155.53	4373.35	0.999993	0.00375194
-1155.51	4378.89	0.999993	0.00377696
-1155.49	4384.44	0.999993	0.00370338
-1155.47	4389.98	0.999994	0.00359824
-1155.45	4395.53	0.999994	0.00353477
-1155.43	4401.08	0.999994	0.00358413
-1155.41	4406.63	0.999993	0.00374949
-1155.39	4412.17	0.999992	0.00396373
-1155.36	4417.72	0.999991	0.004182
-1155.34	4423.27	0.99999	0.00440028
-1155.32	4428.82	0.999989	0.00461859
-1155.29	4434.37	0.999988	0.00483694
-1155.26	4439.92	0.999987	0.00504102
-1155.23	4445.46	0.999987	0.00517084
-1155.21	4451.01	0.999987	0.00516328
-1155.18	4456.56	0.999988	0.00486292
-1155.15	4462.11	0.999991	0.00428805
-1155.13	4467.66	0.999993	0.00363273
-1155.11	4473.22	0.999996	0.00295291
-1155.1	4478.77	0.999997	0.00227001
-1155.08	4484.32	0.999999	0.00158707
-1155.08	4489.87	1	0.000911178
-1155.07	4495.42	1	0.000242347
-1155.07	4500.97	1	-0.000426522
-1155.08	4506.53	1	-0.000957146
-1155.08	4512.08	0.999999	-0.00134953
-1155.09	4517.63	0.999998	-0.00174194
-1155.1	4523.19	0.999998	-0.00213444
-1155.12	4528.74	0.999997	-0.00252693
-1155.13	4534.29	0.999996	-0.00292347
-1155.15	4539.85	0.999994	-0.00336997
-1155.17	4545.4	0.999992	-0.00391536
-1155.19	4550.96	0.99999	-0.004527
-1155.22	4556.51	0.999986	-0.0052902
-1155.25	4562.07	0.999981	-0.00616013
-1155.28	4567.62	0.999976	-0.00690787
-1155.32	4573.18	0.999972	-0.00742333
-1155.37	4578.73	0.999972	-0.00753247
-1155.41	4584.29	0.999973	-0.00730661
-1155.45	4589.85	0.999975	-0.00700739
-1155.49	4595.4	0.999978	-0.00670512
-1155.52	4600.96	0.99998	-0.00640285
-1155.56	4606.52	0.999982	-0.00596215
-1155.59	4612.08	0.999986	-0.00538301
-1155.62	4617.64	0.999988	-0.00482836
-1155.64	4623.19	0.99999	-0.0043859
-1155.67	4628.75	0.999991	-0.004126
-1155.69	4634.31	0.999992	-0.00404548
-1155.71	4639.88	0.999992	-0.0041056
-1155.74	4645.44	0.999991	-0.00428618
-1155.76	4651	0.999989	-0.00458723
-1155.79	4656.56	0.999988	-0.00495863
-1155.81	4662.12	0.999986	-0.00534429
-1155.84	4667.68	0.999984	-0.00571885
-1155.88	4673.25	0.999982	-0.00604042
-1155.91	4678.81	0.99998	-0.00625286
-1155.95	4684.38	0.99998	-0.00635192
-1155.98	4689.94	0.99998	-0.00638763
-1156.02	4695.5	0.999979	-0.00640602
-1156.05	4701.07	0.999979	-0.00642852
-1156.09	4706.64	0.999979	-0.00648979
-1156.13	4712.2	0.999978	-0.00665313
-1156.16	4717.77	0.999976	-0.00697485
-1156.2	4723.33	0.999972	-0.00745499
-1156.25	4728.9	0.999968	-0.00804866
-1156.29	4734.47	0.999962	-0.00871991
-1156.34	4740.04	0.999955	-0.0094473
-1156.4	4745.61	0.999948	-0.0102106
-1156.46	4751.18	0.99994	-0.0109884
-1156.52	4756.74	0.999931	-0.0117692
-1156.59	4762.31	0.999921	-0.01255
-1156.66	4767.88	0.999911	-0.013331
-1156.73	4773.46	0.999901	-0.0141049
-1156.81	4779.03	0.99989	-0.0148616
-1156.9	4784.6	0.999878	-0.015608
-1156.99	4790.17	0.999866	-0.0163544
-1157.08	4795.74	0.999854	-0.0171009
-1157.18	4801.31	0.999841	-0.0178547
-1157.28	4806.89	0.999826	-0.018636
-1157.38	4812.46	0.999811	-0.0194635
-1157.49	4818.03	0.999793	-0.0203586
-1157.61	4823.61	0.999773	-0.0213275
-1157.73	4829.18	0.99975	-0.0223702
-1157.86	4834.75	0.99973	-0.0232305
-1157.99	4840.33	0.999715	-0.0238708
-1158.12	4845.9	0.999701	-0.0244692
-1158.26	4851.48	0.999689	-0.0249399
-1158.4	4857.06	0.999678	-0.0253896
-1158.54	4862.63	0.999666	-0.0258438
-1158.69	4868.21	0.999657	-0.0262029
-1158.84	4873.79	0.999648	-0.0265201
-1158.98	4879.36	0.99964	-0.0268344
-1159.13	4884.94	0.999639	-0.0268712
-1159.28	4890.52	0.999645	-0.0266306
-1159.43	4896.1	0.999651	-0.0264002
-1159.58	4901.68	0.999656	-0.0262161
-1159.72	4907.26	0.999655	-0.0262525
-1159.87	4912.84	0.999649	-0.0264909
-1160.02	4918.42	0.999642	-0.0267396
-1160.17	4924	0.999637	-0.0269455
-1160.32	4929.58	0.999634	-0.0270521
-1160.47	4935.16	0.999643	-0.0267327
-1160.62	4940.74	0.999662	-0.0260117
-1160.76	4946.32	0.999681	-0.0252489
-1160.9	4951.91	0.9997	-0.024483
-1161.04	4957.49	0.999725	-0.0234403
-1161.16	4963.08	0.999755	-0.0221207
-1161.29	4968.66	0.999784	-0.0208012
-1161.4	4974.25	0.99981	-0.0194818
-1161.5	4979.83	0.999835	-0.0181623
-1161.6	4985.42	0.99986	-0.0167046
-1161.69	4991	0.999886	-0.0151085
-1161.77	4996.59	0.999909	-0.0135124
-1161.85	5002.18	0.999929	-0.0119235
-1161.91	5007.77	0.999946	-0.010391
-1161.96	5013.35	0.999958	-0.00913073
-1162.01	5018.94	0.999967	-0.0081816
-1162.06	5024.53	0.999973	-0.00739877
-1162.1	5030.12	0.999977	-0.00679358
-1162.14	5035.71	0.999935	-0.0114291
-1162.23	5041.3	0.999715	-0.0238737
-1162.39	5046.88	0.999335	-0.0364598
-1162.62	5052.47	0.998795	-0.0490867
-1162.92	5058.05	0.998092	-0.0617379
-1163.3	5063.63	0.997186	-0.0749727
-1163.75	5069.21	0.996045	-0.0888478
-1164.28	5074.77	0.994693	-0.102883
-1164.88	5080.33	0.993122	-0.117086
-1165.57	5085.88	0.991303	-0.1316
-1166.34	5091.43	0.989227	-0.146387
-1167.19	5096.95	0.986914	-0.161246
-1168.13	5102.47	0.984363	-0.17615
-1169.15	5107.97	0.981575	-0.191078
-1170.25	5113.46	0.978678	-0.205398
-1171.43	5118.93	0.975719	-0.219027
-1172.69	5124.38	0.972619	-0.232407
-1174.02	5129.82	0.969409	-0.24545
-1175.42	5135.24	0.966239	-0.257646
-1176.89	5140.64	0.963099	-0.269148
-1178.42	5146.03	0.959821	-0.280613
-1180.02	5151.4	0.956407	-0.292038
-1181.68	5156.74	0.952856	-0.303422
-1183.4	5162.07	0.949329	-0.314284
-1185.18	5167.38	0.945838	-0.324639
-1187.03	5172.67	0.942212	-0.335016
-1188.93	5177.94	0.938422	-0.34549
-1190.88	5183.19	0.93444	-0.35612
-1192.9	5188.41	0.930477	-0.36635
-1194.98	5193.62	0.926538	-0.376202
-1197.11	5198.8	0.922385	-0.386271
-1199.29	5203.96	0.918012	-0.396552
-1201.54	5209.09	0.913577	-0.406666
-1203.84	5214.2	0.909092	-0.416595
-1206.2	5219.28	0.904388	-0.426711
-1208.61	5224.34	0.89945	-0.437023
-1211.08	5229.37	0.894263	-0.447542
-1213.62	5234.37	0.889046	-0.457818
-1216.2	5239.34	0.88381	-0.467845
-1218.85	5244.28	0.878356	-0.478006
-1221.55	5249.19	0.87268	-0.488293
-1224.31	5254.07	0.865863	-0.500282
-1227.15	5258.91	0.857798	-0.513986
-1230.06	5263.7	0.849303	-0.527906
-1233.05	5268.44	0.840423	-0.541931
-1236.12	5273.13	0.831245	-0.555906
-1239.27	5277.77	0.822977	-0.568075
-1242.47	5282.36	0.81562	-0.578588
-1245.74	5286.92	0.807935	-0.589271
-1249.06	5291.43	0.799893	-0.600143
-1252.79	5296.33	0.791224	-0.611526
-1255.89	5300.3	0.784371	-0.620292
-1259.38	5304.68	0.776436	-0.630196
-1262.93	5309	0.768167	-0.64025
-1266.54	5313.28	0.759559	-0.650438
-1270.2	5317.51	0.751156	-0.660125
-1273.91	5321.7	0.742968	-0.669326
-1277.67	5325.83	0.734488	-0.678622
-1281.49	5329.92	0.725756	-0.687952
-1285.35	5333.95	0.716746	-0.697335
-1289.28	5337.93	0.701862	-0.712313
-1293.3	5341.81	0.680787	-0.732482
-1297.44	5345.56	0.658912	-0.75222
-1301.68	5349.19	0.636382	-0.771374
-1306.03	5352.69	0.613124	-0.789987
-1310.48	5356.06	0.589044	-0.808101
-1315.03	5359.3	0.564159	-0.825666
-1320.15	5362.69	0.536082	-0.844166
-1324.9	5365.63	0.510128	-0.860099
-1329.24	5368.15	0.493463	-0.869767
-1334.11	5370.88	0.484673	-0.874695
-1339.49	5373.83	0.475337	-0.879804
-1344.4	5376.46	0.46716	-0.884173
-1348.85	5378.79	0.452291	-0.89187
-1353.85	5381.25	0.424884	-0.905248
-1358.93	5383.56	0.397053	-0.917796
-1364.07	5385.71	0.368704	-0.929547
-1369.28	5387.7	0.339735	-0.940521
-1374.54	5389.53	0.317571	-0.948234
-1380.36	5391.45	0.305122	-0.952313
-1385.68	5393.12	0.293739	-0.955886
-1390.48	5394.57	0.283471	-0.958981
-1395.82	5396.13	0.275112	-0.961412
-1401.18	5397.65	0.269821	-0.962911
-1402.25	5397.95	0.269291	-0.963059
-1402.25	5397.95	0.269291	-0.963059
-1402.25	5397.95	0.269291	-0.963059
-1402.25	5397.95	0.269291	-0.963059
-1402.25	5397.95	0.269291	-0.963059
-1402.25	5397.95	0.269291	-0.963059
-1402.25	5397.95	0.269291	-0.963059
-1402.25	5397.95	0.269291	-0.963059
-1402.25	5397.95	0.269291	-0.963059
-1402.25	5397.95	0.269291	-0.963059
-1402.25	5397.95	0.269291	-0.963059
-1402.25	5397.95	0.269291	-0.963059
-1402.25	5397.95	0.269291	-0.963059
-1402.25	5397.95	0.269291	-0.963059
-1402.25	5397.95	0.269291	-0.963059
-1402.25	5397.95	0.269291	-0.963059
-1402.25	5397.95	0.269291	-0.963059
-1402.25	5397.95	0.269291	-0.963059
-1402.25	5397.95	0.269291	-0.963059
-1402.25	5397.95	0.269291	-0.963059
-1402.25	5397.95	0.269291	-0.963059
-1402.25	5397.95	0.269291	-0.963059
-1402.25	5397.95	0.269291	-0.963059
-1402.25	5397.95	0.269291	-0.963059
-1402.25	5397.95	0.269291	-0.963059
-1402.25	5397.95	0.269291	-0.963059
-1402.25	5397.95	0.269291	-0.963059
-1402.25	5397.95	0.269291	-0.963059
-1402.25	5397.95	0.269291	-0.963059
-1402.25	5397.95	0.269291	-0.963059
-1402.25	5397.95	0.269291	-0.963059
-1402.25	5397.95	0.269291	-0.963059
-1402.25	5397.95	0.269291	-0.963059
-1402.25	5397.95	0.269291	-0.963059
-1402.25	5397.95	0.269291	-0.963059
-1402.25	5397.95	0.269291	-0.963059
-1402.25	5397.95	0.269291	-0.963059
-1402.25	5397.95	0.269291	-0.963059
-1402.25	5397.95	0.269291	-0.963059
-1402.25	5397.95	0.269291	-0.963059
-1402.25	5397.95	0.269291	-0.963059
-1402.25	5397.95	0.269291	-0.963059
-1402.25	5397.95	0.269291	-0.963059
-1402.25	5397.95	0.269291	-0.963059
-1402.25	5397.95	0.269291	-0.963059
-1402.25	5397.95	0.269291	-0.963059
-1402.25	5397.95	0.269291	-0.963059
-1402.25	5397.95	0.269291	-0.963059
-1402.25	5397.95	0.269291	-0.963059
-1402.25	5397.95	0.269291	-0.963059
-1402.25	5397.95	0.269291	-0.963059
-1402.25	5397.95	0.269291	-0.963059
-1402.25	5397.95	0.269291	-0.963059
-1402.25	5397.95	0.269291	-0.963059
-1402.25	5397.95	0.269291	-0.963059
-1402.25	5397.95	0.269291	-0.963059
-1402.25	5397.95	0.269291	-0.963059
-1402.25	5397.95	0.269291	-0.963059
-1402.25	5397.95	0.269291	-0.963059
-1402.25	5397.95	0.269291	-0.963059
-1402.25	5397.95	0.269291	-0.963059
-1402.25	5397.95	0.269291	-0.963059
-1402.25	5397.95	0.269291	-0.963059
-1402.25	5397.95	0.269291	-0.963059
-1402.25	5397.95	0.269291	-0.963059
-1402.25	5397.95	0.269291	-0.963059
-1402.25	5397.95	0.269291	-0.963059
-1402.25	5397.95	0.269291	-0.963059
-1402.25	5397.95	0.269291	-0.963059
-1402.25	5397.95	0.269291	-0.963059
-1402.25	5397.95	0.269291	-0.963059
-1402.25	5397.95	0.269291	-0.963059
-1402.25	5397.95	0.269291	-0.963059
-1402.25	5397.95	0.269291	-0.963059
-1402.25	5397.95	0.269291	-0.963059
-1402.25	5397.95	0.269291	-0.963059
-1402.25	5397.95	0.269291	-0.963059
-1402.25	5397.95	0.269291	-0.963059
-1402.25	5397.95	0.269291	-0.963059
-1402.25	5397.95	0.269291	-0.963059
-1402.25	5397.95	0.269291	-0.963059
-1402.25	5397.95	0.269291	-0.963059
-1402.25	5397.95	0.269291	-0.963059
-1402.25	5397.95	0.269291	-0.963059
-1402.25	5397.95	0.269291	-0.963059
-1402.25	5397.95	0.269291	-0.963059
-1402.25	5397.95	0.269291	-0.963059
-1402.25	5397.95	0.269291	-0.963059
-1402.25	5397.95	0.269291	-0.963059
-1402.25	5397.95	0.269291	-0.963059
-1402.25	5397.95	0.269291	-0.963059
-1402.25	5397.95	0.269291	-0.963059
-1402.25	5397.95	0.269291	-0.963059
-1402.25	5397.95	0.269291	-0.963059
-1402.25	5397.95	0.269291	-0.963059
-1402.25	5397.95	0.269291	-0.963059
-1402.25	5397.95	0.269291	-0.963059
-1402.25	5397.95	0.269291	-0.963059
-1402.25	5397.95	0.269291	-0.963059
-1402.25	5397.95	0.269291	-0.963059
-1402.25	5397.95	0.269291	-0.963059
-1402.25	5397.95	0.269291	-0.963059
-1402.25	5397.95	0.269291	-0.963059
