0	0
0	0
0	0
0	0
0	0
0	0
0	0
0	0
0	0
0	0
0	0
0	0
0	0
0	0
0	0
0	0
0	0
0	0
0	0
0	0
0	0
0	0
0	0
0	0
0	0
0	0
0	0
0	0
0	0
0	0
0	0
0	0
0	0
0	0
0	0
0	0
0	0
0	0
0	0
0	0
0	0
0	0
0	0
0	0
0	0
0	0
0	0
0	0
0	0
0	0
0	0
0	0
0	0
0	0
0.0136045	0.00373733
0.0501216	0.0137633
0.086635	0.0237799
0.155249	0.0425803
0.331125	0.0906362
0.58968	0.160934
0.874599	0.237917
1.15974	0.314456
1.44526	0.390593
1.73117	0.466327
1.28002	1.27932
1.46132	1.4594
1.64196	1.64015
1.8226	1.8209
2.00325	2.00164
2.18389	2.18239
2.36333	2.3639
2.54376	2.54442
2.7242	2.72494
2.90463	2.90545
3.08506	3.08597
3.26541	3.26621
3.44566	3.44654
3.62591	3.62688
3.80616	3.80721
3.98633	3.98732
4.16667	4.16727
4.35034	4.34389
4.53607	4.51844
4.72204	4.69276
4.90916	4.86556
5.09703	5.0376
5.28504	5.20952
5.47287	5.3816
5.66027	5.55382
5.84829	5.72543
6.03631	5.89703
6.2247	6.06826
6.41442	6.23816
6.60466	6.40717
6.79429	6.5768
6.98283	6.74751
7.17257	6.91702
7.35986	7.08898
7.54215	7.26558
7.72521	7.44141
7.90828	7.61722
8.09137	7.79302
8.26635	7.97671
8.44902	8.15273
8.63206	8.32836
8.81507	8.50403
8.99802	8.67976
9.1779	8.85823
9.35861	9.03587
9.53894	9.21389
9.72189	9.38929
9.90235	9.56696
10.0886	9.73881
10.2719	9.91364
10.4546	10.0891
10.6368	10.265
10.8651	10.3948
11.048	10.57
11.231	10.7453
11.4139	10.9206
11.5969	11.0957
11.7811	11.2693
11.9625	11.4456
12.1421	11.6238
12.324	11.7997
12.5082	11.9732
12.6915	12.1472
12.874	12.322
13.0544	12.4988
13.237	12.6735
13.4163	12.851
13.5999	13.0242
13.7814	13.1996
13.9621	13.3757
14.1453	13.5493
14.3244	13.7266
14.5056	13.9016
14.6851	14.0785
14.8642	14.2558
15.036	14.4399
15.2113	14.6206
15.3844	14.8035
15.5557	14.9882
15.726	15.1739
15.888	15.3674
16.0618	15.5492
16.2358	15.7307
16.4111	15.9109
16.5794	16.0979
16.7551	16.2774
16.9289	16.4589
17.1008	16.6422
17.2722	16.8261
17.4395	17.0137
17.6205	17.1876
17.8106	17.3523
18.0022	17.5156
18.1825	17.6899
18.3705	17.8565
18.5581	18.0235
18.7446	18.1916
18.9314	18.3595
19.1925	18.4529
19.3802	18.6201
19.5679	18.7871
19.7566	18.9533
19.9422	19.122
20.1204	19.2983
20.2887	19.4845
20.4522	19.6755
20.6149	19.8672
20.7658	20.0703
20.9146	20.2756
21.0567	20.4875
21.2003	20.698
21.3522	20.9
21.4728	21.1328
21.6032	21.3558
21.7396	21.5727
21.8794	21.7862
21.9981	22.0204
22.1555	22.2159
22.3255	22.3988
22.5024	22.5749
22.6727	22.7572
22.8468	22.9358
23.0139	23.1213
23.1784	23.3094
23.3383	23.5021
23.4976	23.6951
23.6549	23.89
23.815	24.0822
23.9764	24.273
24.1399	24.4615
24.2975	24.6558
24.4564	24.8489
24.6295	25.0278
24.8037	25.2055
24.9903	25.3706
25.1582	25.5543
25.3203	25.7438
25.4808	25.935
25.6055	26.1615
25.77	26.3483
25.9345	26.5351
26.0982	26.7228
26.2715	26.9005
26.4465	27.0766
26.6233	27.2508
26.7998	27.4254
26.9745	27.6018
27.1138	27.8132
27.2868	27.9911
27.4598	28.1689
27.6328	28.3468
27.809	28.5215
28.0018	28.6792
28.1913	28.8402
28.3792	29.0028
28.5678	29.1647
28.7781	29.3046
28.9684	29.4644
29.159	29.6239
29.3519	29.7811
29.5453	29.9378
29.7501	30.0828
29.9407	30.2419
30.1283	30.404
30.3182	30.5638
30.522	30.7095
30.697	30.8839
30.8655	31.0648
31.0291	31.2505
31.1988	31.43
31.3589	31.619
31.5179	31.809
31.6779	31.9982
31.8387	32.1864
32.0141	32.3598
32.1758	32.5469
32.3391	32.7194
32.3952	32.7726
32.4178	32.7584
32.4169	32.74
32.4192	32.7183
32.4182	32.6999
32.4141	32.6847
32.3235	32.5516
32.0926	32.3106
31.7434	31.9396
31.2407	31.4011
30.5977	30.6966
29.9078	29.9661
29.0031	29.027
28.0944	28.092
27.1591	27.1272
26.1975	26.1454
25.2325	25.1672
24.2129	24.1429
23.1938	23.1181
22.1738	22.1249
21.2397	21.1896
20.5735	20.5118
20.1108	20.0247
19.8848	19.7839
19.8866	19.768
19.8845	19.756
19.8822	19.7442
19.8825	19.7298
19.8831	19.7152
19.8932	19.713
19.9279	19.7403
19.9831	19.7908
20.0437	19.8477
20.1086	19.9147
20.1864	19.9908
20.2719	20.0751
20.3579	20.1605
20.4406	20.2475
20.5232	20.3332
20.606	20.4201
20.6879	20.5094
20.7674	20.6012
20.8399	20.6982
20.9163	20.7898
20.9928	20.8799
21.0676	20.9717
21.1394	21.0665
21.2203	21.1534
21.3127	21.2289
21.4115	21.2995
21.5085	21.3718
21.5966	21.4529
21.6812	21.539
21.7596	21.6326
21.8395	21.7305
21.9231	21.8245
22.0133	21.912
22.1066	21.9963
22.2056	22.0749
22.3045	22.1536
22.3955	22.2415
22.5006	22.3297
22.6059	22.4175
22.7094	22.5044
22.8092	22.5948
22.9143	22.6784
23.0182	22.7633
23.1225	22.8463
23.2257	22.9304
23.3198	23.0234
23.424	23.1063
23.53	23.1889
23.6353	23.2706
23.7332	23.3612
23.8326	23.4501
23.9306	23.5405
24.0273	23.6323
24.1248	23.7217
24.255	23.7782
24.3535	23.8666
24.4497	23.9572
24.5453	24.0485
24.6299	24.1505
24.7247	24.2423
24.8191	24.3346
24.9135	24.4269
25.0078	24.5191
25.1754	24.5385
25.2701	24.631
25.3648	24.7234
25.4595	24.8159
25.5527	24.9097
25.6468	25.0026
25.7365	25.0999
25.8189	25.2044
25.8987	25.3117
25.9722	25.4249
26.0527	25.5311
26.1324	25.6381
26.2107	25.7464
26.2869	25.8569
26.349	25.9783
26.4293	26.0842
26.5185	26.1813
26.6161	26.27
26.7228	26.3496
26.8236	26.4347
26.9315	26.5127
27.0398	26.5904
27.144	26.6722
27.2349	26.767
27.3166	26.8711
27.3949	26.9787
27.4699	27.0895
27.5442	27.201
27.6054	27.3254
27.6876	27.4287
27.7771	27.5247
27.87	27.6174
27.9631	27.7097
28.0478	27.8102
28.1469	27.8964
28.2499	27.9787
28.3526	28.0612
28.4447	28.1514
28.4621	28.1645
28.4554	28.1536
28.4523	28.1392
28.4507	28.1232
28.4364	28.1198
28.4286	28.1099
28.4216	28.0993
28.4186	28.0846
28.4049	28.0807
28.4013	28.0666
28.3976	28.0527
28.3924	28.0402
28.3724	28.0425
28.3587	28.0386
28.3447	28.035
28.3302	28.0318
28.3122	28.0323
28.2797	28.0472
28.2523	28.0569
28.2202	28.0715
28.1872	28.0869
28.1433	28.1133
28.1138	28.1252
28.0917	28.1297
28.0816	28.1223
28.0883	28.098
28.0861	28.0828
28.0942	28.0572
28.0963	28.0376
28.0903	28.0262
28.0716	28.0274
28.0068	28.0751
27.9707	28.094
27.9368	28.1107
27.9125	28.1178
27.8857	28.1276
27.8673	28.1288
27.8484	28.1307
27.8407	28.1214
27.8229	28.1222
27.7932	28.1349
27.7672	28.1439
27.741	28.1532
27.7153	28.1619
27.6932	28.167
27.6693	28.1739
27.6513	28.1749
27.6398	28.1695
27.6354	28.1569
27.6324	28.1429
27.615	28.1433
27.5954	28.1459
27.5753	28.1489
27.5717	28.1355
27.5669	28.1232
27.5577	28.1154
27.55	28.106
27.5416	28.0974
27.5498	28.0721
27.5407	28.0639
27.5314	28.056
27.5229	28.0473
27.5279	28.0251
27.5193	28.0164
27.5108	28.0076
27.5022	27.9989
27.4936	27.9902
27.4987	27.9677
27.4901	27.959
27.4828	27.9489
27.4808	27.9336
27.4943	27.9028
27.5484	27.8314
27.5878	27.7746
27.6212	27.7239
27.6539	27.6738
27.6943	27.6159
27.7061	27.5866
27.7057	27.5696
27.6965	27.5615
27.676	27.5645
27.6619	27.5613
27.6366	27.5691
27.6151	27.5733
27.6007	27.5703
27.5914	27.5622
27.5827	27.5535
27.574	27.5448
27.5653	27.5361
27.5567	27.5274
27.548	27.5188
27.5393	27.5101
27.5306	27.5014
27.5224	27.4922
27.5164	27.4809
27.4853	27.4946
27.4793	27.4833
27.4748	27.4705
27.4914	27.4819
27.5587	27.5461
27.3892	27.8484
27.4348	27.8937
27.4548	27.9133
27.4493	27.9073
27.4322	27.9136
27.4268	27.9082
27.4214	27.9028
27.4226	27.8909
27.434	27.8687
27.7406	27.5449
27.7707	27.4974
27.8049	27.4458
27.8414	27.3918
27.8793	27.3365
27.8905	27.3078
27.8901	27.2908
27.8756	27.288
27.8628	27.2834
27.8846	27.2442
27.8759	27.2357
27.8672	27.2272
27.8538	27.2234
27.8174	27.2426
27.7081	27.3349
27.6537	27.3719
27.6027	27.4056
27.5555	27.4355
27.498	27.4757
27.4646	27.4918
27.4399	27.4992
27.4271	27.4947
27.4206	27.484
27.4122	27.4751
27.4104	27.4597
27.4028	27.4501
27.3941	27.4415
27.3855	27.4329
27.3736	27.4276
27.365	27.419
27.3564	27.4104
27.3479	27.4018
27.3435	27.389
27.3471	27.3683
27.3556	27.3426
27.3648	27.3162
27.3781	27.2857
27.3899	27.2568
27.4029	27.2266
27.4118	27.2005
27.4138	27.1814
27.4014	27.1767
27.373	27.1881
27.3298	27.2142
27.2826	27.2443
27.2394	27.2703
27.1983	27.2944
27.1744	27.3012
27.1647	27.294
27.1618	27.2798
27.153	27.2717
27.1525	27.2552
27.1579	27.2329
27.1646	27.2092
27.1728	27.1841
27.1875	27.1524
27.2113	27.1116
27.2405	27.0655
27.2633	27.0257
27.2683	27.0037
27.2497	27.0054
27.2259	27.0124
27.2046	27.0168
27.1942	27.0103
27.1977	26.9899
27.2207	26.9501
27.2362	26.9177
27.2249	26.9121
27.1978	26.9225
27.214	26.889
27.1651	26.9208
27.121	26.9478
27.0797	26.9719
27.0434	26.9911
27.0024	27.015
26.9773	27.0229
26.9659	27.0172
26.9574	27.0086
26.9488	27
26.9617	27.0328
27.0794	27.1509
27.2066	27.2783
27.3388	27.4107
27.4186	27.4905
27.4266	27.4988
27.4307	27.4775
27.4405	27.4504
27.4456	27.428
27.4484	27.4079
27.453	27.3861
27.4612	27.3606
27.4723	27.3323
27.4856	27.3016
27.5717	27.1982
27.5855	27.1672
27.5901	27.1454
27.5747	27.1437
27.5415	27.1598
27.5007	27.1835
27.4582	27.2089
27.4173	27.2327
27.3806	27.2523
27.3439	27.2718
27.3229	27.2756
27.3125	27.2688
27.3039	27.2603
27.2954	27.2517
27.2831	27.2468
27.2697	27.243
27.2549	27.2406
27.2463	27.232
27.2413	27.2199
27.2366	27.2075
27.229	27.1978
27.2202	27.1896
27.2088	27.1838
27.1997	27.1758
27.1865	27.1719
27.1728	27.1684
27.1604	27.1637
27.1485	27.1585
27.1363	27.1536
27.1237	27.1491
27.1123	27.1433
27.102	27.1365
27.0952	27.1263
27.0833	27.1211
27.071	27.1163
27.0582	27.1121
27.0453	27.1079
26.9458	27.1903
26.9324	27.1866
26.9191	27.183
26.9053	27.1798
26.8914	27.1766
26.885	27.166
26.8728	27.1612
26.8617	27.1552
26.8532	27.1467
26.8493	27.1335
26.8661	27.1217
26.9226	27.1619
26.9921	27.2141
27.0676	27.2705
27.1169	27.2814
27.1476	27.2993
27.2259	27.3688
27.3031	27.4438
27.3427	27.4834
27.401	27.5115
27.4418	27.541
27.4495	27.532
27.462	27.5226
27.5151	27.556
27.5544	27.5665
27.5625	27.5746
27.5947	27.6068
27.648	27.6602
27.6683	27.6809
27.6883	27.6961
27.7389	27.7653
27.7915	27.8354
27.8299	27.8834
27.8434	27.8932
27.8347	27.8844
27.826	27.8757
27.8172	27.8669
27.8085	27.8582
27.748	27.9012
27.7373	27.8946
27.7247	27.8899
27.7115	27.8857
27.6989	27.8809
27.6887	27.8738
27.6801	27.8651
27.6714	27.8564
27.6628	27.8477
27.6576	27.8355
27.6489	27.8268
27.6403	27.8181
27.6542	27.8321
27.688	27.8525
27.718	27.8825
27.7479	27.9126
27.7778	27.9427
27.807	27.972
27.8395	27.9981
27.8672	28.0259
27.8949	28.0538
27.924	28.0831
27.9539	28.1131
27.9934	28.1321
28.0225	28.1613
28.0516	28.1906
28.0807	28.2198
28.1133	28.2456
28.1424	28.2749
28.1714	28.3041
28.2005	28.3333
28.2282	28.3611
28.2642	28.3833
28.2918	28.411
28.3194	28.4388
28.3454	28.4681
28.3837	28.4852
28.4082	28.5159
28.434	28.5483
28.4594	28.5782
28.4845	28.6084
28.5168	28.6314
28.5413	28.6621
28.5645	28.6941
28.5877	28.7262
28.621	28.7481
28.6428	28.7816
28.6629	28.8167
28.6826	28.8522
28.7018	28.8882
28.7222	28.9229
28.7362	28.9642
28.7475	29.008
28.758	29.0526
28.7676	29.0982
28.6337	29.2876
28.6425	29.3346
28.6576	29.3755
28.6811	29.4078
28.7079	29.4369
28.7323	29.4669
28.7563	29.4988
28.7827	29.5282
28.8096	29.5557
28.8425	29.5771
28.8694	29.6045
28.8962	29.632
28.923	29.6594
28.9498	29.6869
28.9965	29.6941
29.0232	29.7214
29.0498	29.7487
29.0739	29.7727
29.085	29.7439
29.0892	29.7219
29.0986	29.6948
29.1102	29.6655
29.1217	29.6362
29.1477	29.5924
29.1597	29.5626
29.1706	29.5338
29.1792	29.5073
29.1861	29.4826
29.2151	29.4356
29.2157	29.417
29.2149	29.3998
29.2136	29.3831
29.2215	29.3571
29.2156	29.345
29.2066	29.3359
29.1954	29.3291
29.1818	29.3246
29.1684	29.32
29.1495	29.3208
29.1285	29.3238
29.1063	29.3279
29.081	29.3351
29.0733	29.3247
29.0472	29.3328
29.0228	29.3391
28.9993	29.3446
28.9828	29.343
28.9579	29.3499
28.9358	29.3539
28.9165	29.3552
28.9011	29.3524
28.9021	29.3335
28.8943	29.3233
28.8935	29.3062
28.8972	29.2845
28.9025	29.2613
28.9341	29.2118
28.9359	29.1922
28.9264	29.1838
28.9053	29.187
28.8758	29.1986
28.8666	29.19
28.8434	29.1955
28.8226	29.1985
28.8038	29.1996
28.6599	29.3254
28.6468	29.3209
28.638	29.3119
28.6293	29.303
28.6222	29.2923
28.626	29.2709
28.6373	29.242
28.6554	29.2062
28.6766	29.1674
28.7157	29.1107
28.7445	29.0641
28.7759	29.015
28.8067	28.9665
28.8357	28.9197
28.8555	28.8821
28.8468	28.8729
28.8346	28.8673
28.8174	28.8667
28.805	28.8613
28.7862	28.8622
28.7701	28.8605
28.7557	28.8571
28.7432	28.8518
28.7315	28.8456
28.7182	28.841
28.7044	28.8371
28.6889	28.8348
28.6742	28.8316
28.6615	28.8265
28.6523	28.8178
28.6435	28.8089
28.6346	28.8
28.6257	28.791
28.6169	28.7821
28.608	28.7732
28.5991	28.7642
28.5903	28.7553
28.5886	28.7392
28.5797	28.7303
28.5708	28.7214
28.562	28.7125
28.5567	28.6999
28.5503	28.6886
28.5446	28.6764
28.5388	28.6645
28.5343	28.6511
28.5331	28.6346
28.5278	28.6221
28.5225	28.6096
28.5166	28.5977
28.5138	28.5828
28.5087	28.5701
28.5053	28.5558
28.5024	28.5409
28.5027	28.5227
28.5083	28.4994
28.506	28.484
28.4984	28.4738
28.4896	28.4649
28.4453	28.4915
28.4322	28.487
28.4127	28.4888
28.3918	28.4922
28.3759	28.4904
28.406	28.4426
28.405	28.4258
28.4165	28.3967
28.4257	28.3697
28.431	28.3467
28.4394	28.3205
28.4492	28.293
28.4584	28.2661
28.4628	28.244
28.4526	28.2365
28.4213	28.2501
28.3789	28.2748
28.3342	28.3019
28.2918	28.3266
28.277	28.3237
28.2701	28.3129
28.2615	28.3038
28.2527	28.2949
28.2403	28.2896
28.2315	28.2808
28.2227	28.2719
28.2152	28.2618
28.2132	28.2462
28.2186	28.2231
28.2253	28.1987
28.2259	28.1805
28.2219	28.1669
28.2181	28.153
28.2093	28.1442
28.2005	28.1354
28.1917	28.1265
28.1828	28.1177
28.174	28.1089
28.1652	28.1002
28.1564	28.0914
28.1476	28.0826
28.1352	28.0773
28.1264	28.0685
28.1176	28.0597
28.1088	28.0509
28.1	28.0422
28.0877	28.0369
28.0789	28.0281
28.0701	28.0193
28.0611	28.0108
28.0483	28.006
28.0301	28.0066
28.0094	28.0098
27.9887	28.0129
27.9708	28.0132
27.9573	28.0092
27.9501	27.9988
27.9432	27.9882
27.9345	27.9795
27.9257	27.9707
27.917	27.9619
27.91	27.9513
27.9071	27.9367
27.9034	27.9229
27.8984	27.9104
27.8896	27.9017
27.8809	27.8929
27.8721	27.8842
27.8633	27.8754
27.8546	27.8667
27.8459	27.8579
27.8371	27.8492
27.8284	27.8404
27.8196	27.8317
27.8109	27.8229
27.8022	27.8142
27.7934	27.8055
27.7847	27.7967
27.776	27.788
27.7672	27.7792
27.7585	27.7705
27.7498	27.7618
27.7411	27.753
27.7323	27.7443
27.7236	27.7356
27.7149	27.7269
27.7062	27.7182
27.6975	27.7094
27.6888	27.7007
27.68	27.692
27.6713	27.6833
27.6626	27.6746
27.6539	27.6659
27.6452	27.6572
27.6365	27.6485
27.6278	27.6397
27.6191	27.631
27.6104	27.6223
27.6017	27.6136
27.6171	27.629
27.6858	27.6977
27.7856	27.7976
27.8854	27.8974
27.991	28.0029
28.1045	28.1164
28.2105	28.2227
28.2645	28.2767
28.2755	28.2876
28.2667	28.2788
28.2579	28.27
28.249	28.2612
28.2402	28.2524
28.2313	28.2436
28.2225	28.2348
28.2172	28.2224
28.2084	28.2136
28.1996	28.2048
28.1908	28.196
28.1819	28.1871
28.1731	28.1783
28.1643	28.1695
28.1555	28.1607
28.1467	28.1519
28.1379	28.1431
28.1291	28.1343
28.1203	28.1255
28.1115	28.1167
28.1027	28.1079
28.0939	28.099
28.0851	28.0903
28.0763	28.0815
28.0675	28.0727
28.0587	28.0639
28.0499	28.0551
28.0411	28.0463
28.0323	28.0375
28.0236	28.0287
28.0148	28.0199
28.006	28.0111
27.9972	28.0024
27.9884	27.9936
27.9797	27.9848
27.9709	27.976
27.9621	27.9673
27.9534	27.9585
27.9446	27.9497
27.9393	27.9375
27.9305	27.9287
27.9218	27.9199
27.913	27.9112
27.9053	27.9013
27.9011	27.888
27.8979	27.8738
27.8928	27.8613
27.8862	27.8504
27.8785	27.8406
27.8703	27.8313
27.8615	27.8226
27.8528	27.8138
27.844	27.8051
27.8353	27.7964
27.8265	27.7876
27.8178	27.7789
27.809	27.7702
27.8003	27.7614
27.7881	27.7562
27.7793	27.7475
27.7706	27.7387
27.7619	27.73
27.7531	27.7213
27.7444	27.7126
27.7357	27.7039
27.7269	27.6952
27.7314	27.6996
27.8161	27.7842
27.9118	27.8867
27.9601	27.9348
27.9514	27.9261
27.9426	27.9174
27.9338	27.9087
27.925	27.8999
27.9163	27.8912
27.9075	27.8824
27.8987	27.8737
27.9711	27.9459
28.0186	27.9933
28.0098	27.9845
28.0011	27.9758
27.9923	27.967
27.9835	27.9583
27.9747	27.9496
27.966	27.9408
27.9572	27.932
27.945	27.9268
27.9362	27.918
27.9274	27.9093
27.9187	27.9005
27.9099	27.8918
27.9081	27.876
27.8993	27.8673
27.8906	27.8585
27.8818	27.8498
27.8725	27.8416
27.8483	27.8483
27.8325	27.8467
27.8206	27.8411
27.8118	27.8324
27.8066	27.8202
27.7979	27.8114
27.7891	27.8027
27.7804	27.794
27.7716	27.7852
27.7629	27.7765
27.7542	27.7678
27.7455	27.759
27.7368	27.7503
27.7246	27.745
27.7159	27.7363
27.7072	27.7276
27.6985	27.7189
27.6898	27.7102
27.6572	27.7254
27.6486	27.7168
27.6399	27.7081
27.6312	27.6995
27.6465	27.6668
27.6378	27.6581
27.6291	27.6494
27.6204	27.6408
27.6117	27.6321
27.603	27.6233
27.5943	27.6147
27.5856	27.606
27.577	27.5973
27.5683	27.5886
27.5596	27.5799
27.5509	27.5712
27.5423	27.5625
27.5336	27.5539
27.5283	27.5417
27.5197	27.5331
27.511	27.5244
27.5023	27.5157
27.4936	27.507
27.485	27.4984
27.4763	27.4897
27.4676	27.481
27.459	27.4724
27.4503	27.4637
27.4417	27.455
27.433	27.4464
27.4243	27.4377
27.4157	27.429
27.407	27.4204
27.3984	27.4117
27.3897	27.4031
27.3811	27.3944
27.3724	27.3858
27.3638	27.3771
27.3552	27.3685
27.3465	27.3598
27.3379	27.3512
27.2924	27.3795
27.2839	27.371
27.2753	27.3624
27.2668	27.3539
27.2951	27.3084
27.2864	27.2997
27.2778	27.2911
27.2692	27.2825
27.2605	27.2738
27.2553	27.2618
27.2467	27.2532
27.2381	27.2446
27.2294	27.236
27.2208	27.2273
27.2122	27.2187
27.2036	27.2101
27.195	27.2015
27.1864	27.1929
27.1778	27.1843
27.1692	27.1757
27.1606	27.1671
27.152	27.1584
27.1433	27.1498
27.1381	27.1379
27.1295	27.1293
27.1209	27.1207
27.1123	27.1121
27.1037	27.1035
27.0951	27.0949
27.0865	27.0863
27.0779	27.0777
27.0693	27.0691
27.0574	27.0639
27.0488	27.0553
27.0403	27.0467
27.0317	27.0381
27.0231	27.0295
27.0145	27.021
27.006	27.0124
26.9974	27.0038
26.9888	26.9952
26.9802	26.9867
26.975	26.9748
26.9664	26.9662
26.9579	26.9576
26.9493	26.9491
26.9407	26.9405
26.9322	26.9319
26.9236	26.9234
26.9151	26.9148
26.9065	26.9063
26.898	26.8977
26.8894	26.8892
26.8808	26.8806
26.8723	26.8721
26.8637	26.8635
26.8552	26.855
26.8467	26.8464
26.8383	26.8377
26.831	26.8279
26.8281	26.8137
26.8209	26.8039
26.8123	26.7954
26.8038	26.7868
26.7952	26.7783
26.7867	26.7698
26.7782	26.7612
26.7697	26.7527
26.7611	26.7442
26.7526	26.7357
26.7441	26.7272
26.7356	26.7186
26.727	26.7101
26.7185	26.7016
26.71	26.6931
26.7015	26.6846
26.693	26.6761
26.6844	26.6676
26.6759	26.6591
26.6674	26.6506
26.6556	26.6453
26.6471	26.6369
26.6386	26.6284
26.6301	26.6199
26.6216	26.6114
26.6679	26.6576
26.7665	26.7562
26.8376	26.8272
26.8584	26.8479
26.6015	27.0944
26.6261	27.1197
26.6828	27.1771
26.7008	27.1944
26.696	27.1892
26.9537	26.9366
27.005	26.9879
27.0103	26.9932
27.0018	26.9846
27.0341	27.0169
27.0781	27.0317
27.0737	27.0248
27.0651	27.0162
27.0916	27.0427
27.1401	27.091
27.1614	27.1123
27.1791	27.13
27.202	27.1527
27.2248	27.1755
27.2515	27.1944
27.2759	27.2156
27.3	27.2371
27.324	27.2586
27.3471	27.281
27.37	27.3037
27.3913	27.325
27.4097	27.3434
27.4281	27.3617
27.4166	27.3559
27.4108	27.3444
27.4058	27.3322
27.3997	27.3209
27.3913	27.3121
27.3826	27.3035
27.3745	27.2943
27.3669	27.2846
27.3595	27.2747
27.3519	27.2651
27.3438	27.2559
27.3351	27.2473
27.3265	27.2387
27.3181	27.2299
27.3071	27.2236
27.3015	27.2119
27.2983	27.1979
27.2958	27.1831
27.2938	27.1678
27.3493	27.209
27.4082	27.2526
27.4206	27.2521
27.4362	27.2558
27.4656	27.2792
27.4703	27.2747
27.4659	27.2619
27.4812	27.2657
27.5208	27.2921
27.5207	27.2895
27.5125	27.2803
27.4987	27.2769
27.476	27.2823
27.4426	27.2984
27.4169	27.3068
27.3942	27.3122
27.3729	27.3163
27.3516	27.3203
27.3214	27.3332
27.3053	27.3321
27.2938	27.3263
27.3136	27.3461
27.3838	27.4164
27.4228	27.4623
27.4288	27.4682
27.4676	27.5071
27.5509	27.5905
27.5934	27.6329
27.6023	27.6489
27.636	27.6826
27.7032	27.7499
27.7493	27.796
27.7567	27.8033
27.7595	27.8065
27.7625	27.8094
27.7655	27.8124
27.7684	27.8154
27.7714	27.8183
27.7758	27.8228
27.7788	27.8257
27.7817	27.8287
27.7964	27.8434
27.8577	27.9048
27.9001	27.9472
27.8936	27.9406
27.8965	27.9436
27.9513	27.9984
27.9877	28.0351
27.979	28.0263
27.9775	28.0248
28.0541	28.1016
28.1335	28.1813
28.1919	28.2396
28.1832	28.2308
28.1745	28.222
28.1657	28.2133
28.1568	28.2046
28.148	28.1958
28.1392	28.187
28.1304	28.1782
28.1216	28.1694
28.1129	28.1606
28.1041	28.1518
28.0953	28.143
28.0865	28.1342
28.0778	28.1254
28.069	28.1166
28.0602	28.1078
28.0515	28.0991
28.0427	28.0903
28.034	28.0815
28.0252	28.0727
28.0164	28.0639
28.0077	28.0552
28.0024	28.0429
27.9936	28.0341
27.9849	28.0253
27.9761	28.0166
27.9673	28.0078
27.9586	27.999
27.9499	27.9902
27.9411	27.9815
27.9323	27.9727
27.922	27.9655
27.9118	27.9583
27.8969	27.9557
27.887	27.948
27.8794	27.9381
27.8712	27.9288
27.8624	27.9201
27.8537	27.9113
27.845	27.9026
27.8362	27.8938
27.8275	27.885
27.8188	27.8763
27.8111	27.8665
27.8066	27.8535
27.8037	27.839
27.7981	27.8271
27.7896	27.8181
27.7809	27.8094
27.7722	27.8006
27.7704	27.785
27.7617	27.7763
27.7529	27.7675
27.7442	27.7588
27.7355	27.7501
27.7233	27.7448
27.7146	27.7361
27.7059	27.7274
27.6972	27.7186
27.6919	27.7065
27.6832	27.6977
27.6745	27.689
27.6658	27.6803
27.6571	27.6716
27.6484	27.6629
27.6397	27.6542
27.631	27.6455
27.6223	27.6368
27.6136	27.6281
27.6049	27.6194
27.5962	27.6107
27.5888	27.6007
27.5842	27.5878
27.5845	27.5702
27.5792	27.5581
27.5716	27.5483
27.5639	27.5387
27.5578	27.5273
27.5523	27.5156
27.5467	27.5037
27.5393	27.4938
27.5309	27.4849
27.5222	27.4762
27.5135	27.4675
27.5048	27.4589
27.4961	27.4502
27.4875	27.4415
27.4788	27.4329
27.4701	27.4242
27.4614	27.4156
27.4528	27.4069
27.4441	27.3983
27.432	27.393
27.4234	27.3844
27.4147	27.3757
27.406	27.3671
27.3974	27.3584
27.3887	27.3498
27.3801	27.3411
27.3714	27.3325
27.3796	27.3407
27.463	27.4239
27.5033	27.4641
27.5159	27.4766
27.5547	27.5154
27.5819	27.5425
27.5697	27.5373
27.5815	27.5491
27.6181	27.5856
27.6094	27.5769
27.6007	27.5683
27.6271	27.5946
27.6396	27.6071
27.6309	27.5984
27.6252	27.5926
27.6552	27.6226
27.6816	27.6489
27.7079	27.6753
27.7343	27.7016
27.7606	27.7279
27.7848	27.7521
27.8075	27.7747
27.8059	27.775
27.7908	27.7726
27.7683	27.7777
27.7479	27.7806
27.7296	27.7815
27.7182	27.7755
27.7095	27.7668
27.7008	27.758
27.6921	27.7493
27.6834	27.7406
27.6747	27.7319
27.666	27.7231
27.6573	27.7144
27.6486	27.7057
27.6399	27.697
27.6312	27.6883
27.6225	27.6796
27.6138	27.6709
27.6052	27.6622
27.5965	27.6535
27.5878	27.6447
27.5825	27.6326
27.5739	27.6239
27.5631	27.6173
27.5491	27.6139
27.5358	27.6098
27.5271	27.6011
27.5161	27.5948
27.5049	27.5886
27.4935	27.5826
27.4815	27.5773
27.4694	27.572
27.4571	27.5669
27.4438	27.5629
27.4312	27.5581
27.4229	27.5491
27.4101	27.5445
27.3949	27.5424
27.3792	27.5407
27.3628	27.5398
27.3495	27.5358
27.3324	27.5356
27.3154	27.5352
27.2976	27.5356
27.2713	27.5446
27.2511	27.5475
27.23	27.5513
27.2076	27.5563
27.1871	27.5595
27.1794	27.5499
27.1706	27.5414
27.162	27.5327
27.1535	27.524
27.1453	27.5148
27.1498	27.4931
27.1488	27.4769
27.1549	27.4535
27.1683	27.4228
27.1975	27.3765
27.2132	27.3435
27.2271	27.3125
27.2396	27.2827
27.2532	27.2519
27.2796	27.2083
27.2895	27.1812
27.2861	27.1674
27.2759	27.1604
27.2637	27.1555
27.2561	27.1459
27.2414	27.1435
27.2282	27.1396
27.2175	27.1331
27.2089	27.1246
27.2004	27.1161
27.1918	27.1075
27.1833	27.0989
27.1747	27.0904
27.4716	26.7909
27.4707	26.7899
27.4697	26.7889
27.4687	26.7879
27.1655	27.0747
27.1569	27.0662
27.1456	27.0604
27.124	27.0649
27.0996	27.0722
27.066	27.0887
27.0562	27.0814
27.0476	27.0728
27.0391	27.0643
27.0305	27.0557
27.0219	27.0471
27.0134	27.0386
27.0048	27.03
26.9963	27.0214
26.9877	27.0129
26.9792	27.0043
26.9706	26.9958
26.9621	26.9872
26.9535	26.9787
26.945	26.9701
26.9364	26.9616
26.9279	26.953
26.9194	26.9444
26.9141	26.9326
26.9056	26.9241
26.8971	26.9155
26.8886	26.907
26.8801	26.8984
26.8748	26.8867
26.8991	26.911
26.9322	26.9441
26.9653	26.9773
26.9991	27.011
27.0395	27.0515
27.0798	27.0919
27.1186	27.1309
27.1512	27.1631
27.1876	27.1854
27.2231	27.2058
27.2576	27.2272
27.2902	27.2505
27.3201	27.2764
27.3497	27.3056
27.3791	27.335
27.4084	27.3643
27.4383	27.3932
27.4782	27.412
27.5132	27.4329
27.5504	27.4515
27.5864	27.4713
27.6188	27.4947
27.6946	27.4751
27.7227	27.5031
27.7509	27.5312
27.7803	27.5579
27.7725	27.6216
27.803	27.6468
27.8314	27.6741
27.8594	27.702
27.8873	27.7298
27.912	27.7607
27.9399	27.7885
27.9678	27.8163
27.9957	27.8441
28.0235	27.8719
28.0482	27.9029
28.076	27.9306
28.1036	27.9586
28.1285	27.9893
28.1483	28.0251
28.1715	28.0574
28.1963	28.0881
28.2234	28.1166
28.2512	28.1443
28.2756	28.1753
28.3034	28.203
28.3311	28.2307
28.3589	28.2584
28.3866	28.2862
28.4075	28.3207
28.4328	28.3508
28.4564	28.3825
28.4805	28.4137
28.5031	28.4465
28.5308	28.4741
28.5585	28.5018
28.5861	28.5294
28.6138	28.5571
28.6408	28.5838
28.6684	28.6114
28.6961	28.6391
28.7237	28.6667
28.7514	28.6943
28.7611	28.7397
28.7887	28.7673
28.8162	28.7949
28.8431	28.8217
28.8634	28.8565
28.891	28.8841
28.9186	28.9116
28.9461	28.9392
28.9729	28.966
28.9961	28.9964
29.0229	29.0232
29.0497	29.05
29.0765	29.0768
29.1013	29.1056
29.13	29.1304
29.1572	29.1568
29.1839	29.1836
29.2107	29.2104
29.2338	29.2409
29.2605	29.2676
29.2873	29.2943
29.314	29.3211
29.3408	29.3478
29.3675	29.3746
29.3964	29.4035
29.4312	29.4383
29.4645	29.4716
29.6786	29.3258
29.7128	29.3599
29.7464	29.3934
29.7594	29.4065
29.7511	29.3986
29.5511	29.5806
29.542	29.5715
29.5329	29.5624
29.5238	29.5534
29.5147	29.5443
29.4946	29.5463
29.4855	29.5373
29.4765	29.5282
29.4674	29.5191
29.4547	29.5138
29.4457	29.5047
29.4324	29.5
29.4123	29.5019
29.3894	29.5068
29.3657	29.5124
29.3463	29.5138
29.3231	29.5189
29.2931	29.5308
29.2545	29.5514
29.2169	29.5709
29.1808	29.589
29.1461	29.6056
29.1199	29.6137
29.1119	29.6037
29.1081	29.5896
29.1172	29.5624
29.1402	29.5215
29.1759	29.4679
29.2045	29.4214
29.2343	29.3735
29.2647	29.3251
29.3025	29.2692
29.3034	29.2503
29.2946	29.2411
29.2855	29.232
29.2765	29.223
29.2674	29.214
29.2584	29.205
29.2494	29.196
29.2403	29.187
29.2313	29.178
29.2223	29.1689
29.2132	29.1599
29.2042	29.1509
29.1952	29.1419
29.2008	29.1182
29.1918	29.1092
29.1828	29.1002
29.1738	29.0912
29.1647	29.0822
29.1557	29.0732
29.1478	29.0631
29.1419	29.051
29.1365	29.0384
29.1294	29.0275
29.1204	29.0185
29.1114	29.0095
29.1023	29.0006
29.0897	28.9952
29.0807	28.9863
29.0717	28.9773
29.0621	28.9689
29.0525	28.9605
29.0425	28.9526
29.0298	28.9472
29.0142	28.9449
28.9983	28.9429
28.9853	28.9379
28.9758	28.9295
28.9668	28.9205
28.9578	28.9115
28.9488	28.9026
28.9326	28.9009
28.9236	28.8919
28.9147	28.883
28.9046	28.8751
28.8906	28.8712
28.8753	28.8685
28.8601	28.8659
28.8494	28.8586
28.8405	28.8497
28.8315	28.8407
28.8217	28.8327
28.8078	28.8287
28.7928	28.8258
28.7774	28.8234
28.7618	28.821
28.7476	28.8174
28.7368	28.8103
28.7281	28.8011
28.7225	28.7888
28.7142	28.7793
28.6986	28.777
28.6768	28.781
28.6536	28.7864
28.6397	28.7823
28.6465	28.7577
28.6673	28.7191
28.6729	28.6956
28.6629	28.6878
28.6361	28.6968
28.6106	28.7045
28.6006	28.6967
28.6081	28.6713
28.6274	28.6342
28.6368	28.607
28.6301	28.5959
28.6193	28.5889
28.6093	28.5811
28.5974	28.5752
28.5885	28.5663
28.5796	28.5574
28.5707	28.5485
28.5618	28.5396
28.5529	28.5307
28.544	28.5218
28.5351	28.513
28.5262	28.5041
28.5173	28.4952
28.5084	28.4863
28.4995	28.4774
28.4907	28.4686
28.4818	28.4597
28.4729	28.4508
28.464	28.4419
28.4551	28.4331
28.4463	28.4242
28.4374	28.4154
28.4285	28.4065
28.4197	28.3976
28.4108	28.3888
28.4019	28.3799
28.3931	28.3711
28.3842	28.3622
28.3753	28.3534
28.3665	28.3445
28.3576	28.3357
28.3488	28.3268
28.3399	28.318
28.3311	28.3091
28.3222	28.3003
28.3134	28.2914
28.3045	28.2826
28.2957	28.2738
28.2868	28.2649
28.278	28.2561
28.2692	28.2473
28.2603	28.2384
28.2515	28.2296
28.2427	28.2208
28.2338	28.212
28.225	28.2032
28.2162	28.1943
28.2074	28.1855
28.1985	28.1767
28.1897	28.1679
28.1809	28.1591
28.1721	28.1503
28.1632	28.1415
28.1544	28.1327
28.1456	28.1238
28.1368	28.115
28.1245	28.1098
28.1157	28.101
28.1069	28.0922
28.0981	28.0834
28.0893	28.0746
28.0805	28.0658
28.0717	28.057
28.0629	28.0482
28.0541	28.0394
28.0453	28.0306
28.0365	28.0218
28.0277	28.0131
28.0189	28.0043
28.0102	27.9955
28.0014	27.9867
27.9926	27.9779
27.9838	27.9692
27.975	27.9604
27.9663	27.9516
27.9575	27.9429
27.9487	27.9341
27.9399	27.9253
27.9312	27.9166
27.9224	27.9078
27.9139	27.8988
27.9057	27.8895
27.9016	27.876
27.898	27.8622
27.8937	27.8489
27.8873	27.8378
27.8786	27.8291
27.8656	27.8245
27.8486	27.824
27.8365	27.8187
27.8303	27.8073
27.8268	27.7933
27.8208	27.7819
27.808	27.7772
27.7942	27.7735
27.7789	27.7713
27.7691	27.7637
27.762	27.7533
27.7564	27.7415
27.7487	27.7317
27.74	27.723
27.7313	27.7143
27.7226	27.7055
27.7138	27.6968
27.7035	27.6897
27.6917	27.6841
27.6785	27.6799
27.6708	27.6701
27.6673	27.6562
27.6621	27.6441
27.6526	27.6361
27.6394	27.6319
27.6244	27.6295
27.6146	27.6219
27.6078	27.6113
27.6014	27.6003
27.5927	27.5916
27.584	27.5829
27.5753	27.5742
27.5666	27.5655
27.558	27.5568
27.5496	27.5479
27.5474	27.5327
27.5369	27.5258
27.5108	27.5345
27.4909	27.5371
27.4865	27.5242
27.4744	27.5189
27.461	27.5149
27.4505	27.5081
27.4442	27.4971
27.4376	27.4863
27.4284	27.4782
27.4232	27.4661
27.4146	27.4575
27.4059	27.4488
27.3972	27.4401
27.3886	27.4315
27.38	27.4228
27.3713	27.4142
27.3627	27.4055
27.3537	27.3971
27.3444	27.3892
27.3311	27.3852
27.3217	27.3773
27.3131	27.3687
27.3044	27.36
27.2958	27.3513
27.2872	27.3427
27.2786	27.3341
27.2699	27.3254
27.2613	27.3168
27.2527	27.3081
27.2441	27.2995
27.2355	27.2909
27.2268	27.2822
27.2216	27.2702
27.213	27.2616
27.2044	27.2529
27.1958	27.2443
27.1871	27.2357
27.1819	27.2237
27.1733	27.2151
27.1647	27.2064
27.1561	27.1978
27.1475	27.1892
27.1389	27.1806
27.1303	27.172
27.1217	27.1633
27.1131	27.1547
27.1045	27.1461
27.0959	27.1375
27.0873	27.1289
27.0787	27.1203
27.0735	27.1083
27.0649	27.0997
27.0563	27.0911
27.0478	27.0825
27.0425	27.0706
27.0339	27.062
27.0254	27.0534
27.0168	27.0448
27.0082	27.0362
26.9996	27.0277
26.9911	27.0191
26.9825	27.0105
26.9739	27.0019
26.9687	26.99
26.9601	26.9814
26.9516	26.9729
26.943	26.9643
26.9345	26.9557
26.9259	26.9472
26.9173	26.9386
26.9088	26.93
26.9002	26.9215
26.895	26.9096
26.8865	26.901
26.8779	26.8925
26.8694	26.8839
26.8608	26.8754
26.8523	26.8668
26.8437	26.8583
26.8352	26.8497
26.8267	26.8412
26.8214	26.8294
26.8172	26.8166
26.8291	26.7876
26.8445	26.7551
26.8556	26.7269
26.8693	26.6962
26.8869	26.6615
26.9066	26.6247
26.9194	26.5948
26.9164	26.5808
26.8957	26.5845
26.8582	26.605
26.816	26.6302
26.7737	26.6555
26.7284	26.6837
26.6913	26.7039
26.669	26.7091
26.6597	26.7014
26.6527	26.6914
26.6565	26.6706
26.6705	26.6395
26.6851	26.608
26.6976	26.5784
26.7088	26.5502
26.7238	26.5182
26.7268	26.4982
26.709	26.499
26.6737	26.5173
26.6349	26.5392
26.5987	26.5584
26.5641	26.5761
26.5386	26.5846
26.5246	26.5816
26.5387	26.5958
26.5835	26.6406
26.6012	26.6585
26.5928	26.65
26.6156	26.6861
26.6363	26.7068
26.6278	26.6983
26.6493	26.7198
26.6408	26.7112
26.6356	26.6995
26.6657	26.7297
26.663	26.727
26.6546	26.7185
26.6964	26.7604
26.6901	26.7541
26.6816	26.7456
26.6906	26.7546
26.6821	26.7461
26.6769	26.7343
26.6684	26.7258
26.6599	26.7172
26.6514	26.7087
26.6429	26.7002
26.6344	26.6917
26.6259	26.6832
26.6174	26.6746
26.6089	26.6661
26.6004	26.6576
26.5919	26.6491
26.6352	26.6925
26.7286	26.7862
26.8221	26.8798
26.9014	26.9528
26.914	26.9654
26.9055	26.9569
26.897	26.9483
26.8884	26.9398
26.8832	26.9279
26.8747	26.9193
26.8661	26.9107
26.8576	26.9022
26.849	26.8936
26.8405	26.8851
26.832	26.8765
26.8234	26.8679
26.8149	26.8594
26.8097	26.8475
26.8011	26.839
26.7936	26.8294
26.7907	26.8153
26.7935	26.7954
26.8018	26.7701
26.8097	26.7451
26.817	26.7208
26.8261	26.6946
26.8354	26.6682
26.8463	26.6403
26.8511	26.6184
26.8475	26.6049
26.838	26.5975
26.8195	26.5989
26.7954	26.606
26.7653	26.6191
26.7321	26.6353
26.698	26.6524
26.6604	26.673
26.6394	26.677
26.6306	26.6688
26.6236	26.6587
26.6101	26.6553
26.6025	26.6458
26.5951	26.6363
26.5876	26.6268
26.5806	26.6167
26.5731	26.6072
26.5647	26.5987
26.5562	26.5902
26.5477	26.5817
26.5392	26.5732
26.5315	26.564
26.5262	26.5523
26.5227	26.5388
26.5207	26.5239
26.5205	26.5072
26.5142	26.4965
26.5058	26.488
26.4973	26.4795
26.4888	26.4711
26.4804	26.4626
26.4719	26.4541
26.4634	26.4457
26.4549	26.4372
26.4465	26.4287
26.438	26.4203
26.4296	26.4118
26.4211	26.4034
26.4126	26.3949
26.4021	26.3885
26.4014	26.3724
26.4075	26.3493
26.4154	26.3245
26.4237	26.2993
26.437	26.2691
26.4528	26.2364
26.4681	26.2043
26.4744	26.1811
26.4599	26.1786
26.4246	26.1971
26.3818	26.2231
26.3407	26.2473
26.3015	26.2697
26.2568	26.2975
26.2346	26.3028
26.2257	26.2949
26.2173	26.2865
26.1993	26.2877
26.1909	26.2793
26.1825	26.2709
26.1741	26.2625
26.1657	26.2541
26.1606	26.2424
26.1522	26.234
26.1438	26.2256
26.1354	26.2172
26.127	26.2088
26.1187	26.2003
26.1103	26.1919
26.1019	26.1835
26.0935	26.1751
26.0852	26.1667
26.0768	26.1583
26.0684	26.1499
26.06	26.1415
26.0517	26.1331
26.0433	26.1247
26.035	26.1163
26.0266	26.108
26.0182	26.0996
26.0163	26.0848
26.0079	26.0764
25.9995	26.068
25.9912	26.0596
25.9828	26.0512
25.9745	26.0428
25.9661	26.0345
25.9578	26.0261
25.9494	26.0177
25.9411	26.0093
25.9327	26.0009
25.9244	25.9926
25.916	25.9842
25.9109	25.9726
25.9025	25.9643
25.8942	25.9559
25.8858	25.9475
25.8775	25.9392
25.8692	25.9308
25.8608	25.9225
25.8525	25.9141
25.8441	25.9057
25.839	25.8942
25.8307	25.8859
25.8223	25.8775
25.814	25.8692
25.8122	25.8543
25.8155	25.8343
25.8295	25.8036
25.8429	25.7736
25.8517	25.7481
25.8587	25.7244
25.8619	25.7046
25.8502	25.6996
25.8296	25.7036
25.8063	25.7102
25.7838	25.7161
25.7625	25.7208
25.7441	25.7226
25.7314	25.7186
25.7236	25.7098
25.7201	25.6967
25.7175	25.6827
25.7109	25.6726
25.7026	25.6643
25.6911	25.6592
25.6825	25.6512
25.6701	25.647
25.654	25.6465
25.6344	25.6494
25.6149	25.6524
25.6033	25.6474
25.595	25.6391
25.5867	25.6308
25.5753	25.6256
25.567	25.6173
25.5588	25.609
25.5505	25.6007
25.5422	25.5924
25.5371	25.581
25.5288	25.5727
25.5205	25.5644
25.5123	25.5562
25.504	25.5479
25.4988	25.5365
25.4906	25.5282
25.4823	25.5199
25.4741	25.5116
25.4658	25.5034
25.4576	25.4951
25.4493	25.4868
25.441	25.4786
25.4328	25.4703
25.4214	25.4651
25.4132	25.4569
25.4049	25.4486
25.3967	25.4403
25.3884	25.4321
25.3802	25.4238
25.372	25.4156
25.3637	25.4073
25.3555	25.3991
25.3442	25.3939
25.3359	25.3857
25.3295	25.3756
25.3289	25.3597
25.3343	25.3379
25.3457	25.31
25.3492	25.2901
25.3513	25.2715
25.355	25.2512
25.3607	25.2291
25.3706	25.2028
25.3769	25.18
25.3813	25.1591
25.3848	25.1392
25.5287	24.9805
25.5335	24.9611
25.5393	24.9407
25.5475	24.918
25.5573	24.8937
25.5737	24.8629
25.5808	24.8415
25.5831	24.8249
25.582	24.8117
25.577	24.8023
25.5779	24.787
25.5743	24.7761
25.567	24.769
25.5597	24.7619
25.5423	24.7647
25.5344	24.7579
25.5261	24.7516
25.5186	24.7443
25.4982	24.7498
25.4906	24.7424
25.483	24.735
25.4754	24.7276
25.4678	24.7202
25.3228	24.8492
25.3145	24.8411
25.3063	24.8331
25.298	24.825
25.2777	24.8291
25.2695	24.821
25.2614	24.8128
25.2611	24.7969
25.2689	24.7727
25.2561	24.7694
25.2624	24.7471
25.2679	24.7255
25.2739	24.7033
25.2777	24.6834
25.2708	24.6743
25.2733	24.6557
25.2763	24.6367
25.279	24.618
25.2792	24.6019
25.2831	24.582
25.2902	24.5589
25.2968	24.5363
25.2993	24.5178
25.3498	24.4508
25.3415	24.4429
25.3332	24.4349
25.3345	24.4173
25.3306	24.405
25.3449	24.3744
25.3559	24.3471
25.3579	24.3288
25.3523	24.3182
25.3828	24.2712
25.3745	24.2633
25.3621	24.2595
25.3413	24.2641
25.2973	24.2921
25.2773	24.2959
25.2573	24.2997
25.2361	24.3047
25.2141	24.3105
25.322	24.1874
25.2927	24.2021
25.259	24.2213
25.2307	24.2351
25.2224	24.2288
25.2097	24.2265
25.2135	24.2077
25.2072	24.199
25.1868	24.2045
25.1264	24.2497
25.0842	24.2767
25.0453	24.3003
25.0067	24.3236
24.9693	24.3457
24.9212	24.3783
24.8797	24.4045
24.8377	24.431
24.792	24.4611
24.726	24.5115
24.669	24.5529
24.6372	24.5689
24.6255	24.5649
24.6131	24.5616
24.5899	24.5689
24.582	24.5609
24.574	24.553
24.5729	24.5383
24.6039	24.4916
