0	0
0	0
0	0
0	0
0	0
0	0
0	0
0	0
0	0
0	0
0	0
0	0
0	0
0	0
0	0
0	0
0	0
0	0
0	0
0	0
0	0
0	0
0	0
0	0
0	0
0.0229321	0.00629904
0.0619059	0.0169969
0.116167	0.0318752
0.191079	0.0523858
0.292699	0.0801532
0.420769	0.115056
0.576053	0.157239
0.760121	0.207047
0.960732	0.261091
1.16154	0.314937
1.36253	0.368584
1.56372	0.422032
1.76509	0.475279
1.24875	1.2458
1.37576	1.37283
1.50277	1.49986
1.62546	1.62258
1.74535	1.74668
1.87166	1.87298
1.99845	1.99976
2.12524	2.12655
2.25203	2.25333
2.37784	2.38059
2.50437	2.50712
2.63091	2.63365
2.75745	2.76018
2.88398	2.88671
3.00987	3.01337
3.13616	3.13963
3.263	3.26534
3.39019	3.3907
3.51674	3.51628
3.64337	3.64179
3.76996	3.76733
3.89659	3.89284
4.02335	4.01822
4.14885	4.14434
4.27589	4.26893
4.40338	4.39308
4.5314	4.51669
4.6601	4.63962
4.78819	4.76265
4.91635	4.88561
5.04367	5.0094
5.17047	5.13372
5.29734	5.25756
5.42497	5.38063
5.55291	5.5034
5.68107	5.62595
5.80888	5.74885
5.92812	5.87994
6.05459	6.00381
6.18131	6.12743
6.30853	6.25055
6.43501	6.37399
6.56298	6.49594
6.69122	6.61764
6.81977	6.73901
6.94849	6.86022
7.0726	6.9856
7.20048	7.10721
7.32825	7.22893
7.45585	7.35082
7.58221	7.47354
7.71018	7.59466
7.83814	7.71578
7.96525	7.83774
8.09186	7.96022
8.21562	8.08508
8.34314	8.20617
8.47114	8.32679
8.5997	8.44684
8.72878	8.56637
8.93734	8.60728
9.06606	8.72808
9.19336	8.8503
9.31976	8.97342
9.44939	9.0929
9.57573	9.21567
9.70207	9.33843
9.82842	9.46119
9.95478	9.58395
10.0811	9.70602
10.2071	9.82842
10.3331	9.95081
10.4591	10.0732
10.5839	10.1962
10.7096	10.3183
10.8353	10.4404
10.961	10.5625
11.0868	10.6846
11.2092	10.8092
11.3345	10.9309
11.4597	11.0528
11.5848	11.1746
11.7099	11.2966
11.8335	11.4194
11.9585	11.5407
12.0835	11.6621
12.2086	11.7834
12.3282	11.9096
12.4529	12.0306
12.5776	12.1517
12.7023	12.2727
12.8271	12.3937
12.9433	12.5225
13.0677	12.6431
13.192	12.7638
13.3164	12.8845
13.4407	13.0051
13.5583	13.1319
13.6823	13.2522
13.8064	13.3726
13.9304	13.4929
14.0496	13.6176
14.1734	13.7377
14.2972	13.8578
14.421	13.9778
14.5448	14.0979
14.7946	14.0957
14.9205	14.2176
15.0464	14.3394
15.1724	14.4613
15.2708	14.6086
15.3956	14.7294
15.5204	14.8503
15.6452	14.9711
15.7701	15.0919
15.8911	15.2156
16.0155	15.336
16.1399	15.4564
16.2643	15.5767
16.3798	15.7052
16.5037	15.8251
16.6274	15.9453
16.7506	16.066
16.8731	16.1873
16.9784	16.3249
17.0816	16.4309
17.1733	16.5255
17.2498	16.6056
17.2949	16.6808
17.3323	16.7279
17.3479	16.7558
17.3457	16.7665
17.3371	16.7719
17.2991	16.8061
17.2892	16.8122
17.2785	16.819
17.2681	16.8256
17.2326	16.857
17.2252	16.8602
17.2181	16.8631
17.2098	16.8672
17.2002	16.8727
17.1713	16.8974
17.1602	16.9042
17.1467	16.9134
17.135	16.9208
17.1009	16.9506
17.0811	16.966
17.0602	16.9826
17.0438	16.9947
17.0312	17.003
17.0176	17.0122
17.0107	17.0148
17.0031	17.0181
16.9907	17.0262
16.9785	17.0341
16.9727	17.0356
16.9639	17.0401
16.9525	17.0472
16.9429	17.0524
16.9357	17.0554
16.9281	17.0587
16.9186	17.0639
16.9084	17.0698
16.9027	17.0712
16.8942	17.0753
16.8885	17.0768
16.8852	17.0758
16.883	17.0736
16.8227	17.1301
16.819	17.1299
16.8151	17.1299
16.8104	17.1308
16.8023	17.1351
16.7986	17.1349
16.7938	17.136
16.7881	17.1379
16.7822	17.14
16.7831	17.1352
16.7765	17.1379
16.7702	17.1402
16.7642	17.1424
16.7588	17.1439
16.7071	17.1925
16.7084	17.196
16.7114	17.1998
16.7148	17.2033
16.7278	17.2096
16.7618	17.2445
16.816	17.3002
16.8841	17.3699
16.9641	17.4517
17.069	17.5397
17.1781	17.6512
17.2977	17.7734
17.4174	17.8956
17.537	18.0177
17.6649	18.131
17.7842	18.2528
17.9035	18.3746
18.0228	18.4964
18.1517	18.608
18.2707	18.7295
18.3892	18.8505
18.4955	18.9589
18.6084	19.0524
18.7092	19.1551
18.8056	19.2508
18.8995	19.3432
18.9894	19.4329
19.0876	19.509
19.1753	19.5956
19.2641	19.682
19.3555	19.7706
19.4631	19.8493
19.5629	19.9445
19.6639	20.0404
19.7651	20.1361
19.866	20.2292
19.9806	20.3081
20.0819	20.3993
20.1841	20.4907
20.2864	20.582
20.3973	20.6642
20.4976	20.7572
20.5964	20.8506
20.696	20.9432
20.8144	21.0166
20.9109	21.112
21.0063	21.2085
21.1008	21.304
21.1948	21.3989
21.2967	21.479
21.3832	21.5619
21.461	21.6353
21.5297	21.6998
21.5977	21.7444
21.6515	21.7964
21.7009	21.8421
21.7488	21.8836
21.7941	21.9217
21.8418	21.9514
21.8807	21.9841
21.9154	22.0132
21.9405	22.0343
21.9696	22.0408
21.9873	22.0586
22.005	22.0764
22.0226	22.0942
22.0403	22.1121
22.0477	22.1401
22.0658	22.1584
22.0839	22.1766
22.102	22.1949
22.1254	22.2078
22.1443	22.2252
22.1652	22.2406
22.1877	22.2545
22.2117	22.2668
22.2427	22.2721
22.2715	22.2795
22.3022	22.2851
22.3314	22.2922
22.3604	22.2994
22.3815	22.3145
22.4015	22.3308
22.4196	22.3489
22.4377	22.367
22.4613	22.3796
22.4794	22.3977
22.4975	22.4158
22.5166	22.4349
22.5363	22.4533
22.559	22.4687
22.583	22.4827
22.6078	22.496
22.632	22.5098
22.6545	22.5253
22.6752	22.5426
22.6954	22.5604
22.716	22.5778
22.7361	22.5957
22.7492	22.6186
22.7683	22.6373
22.7864	22.6551
22.8064	22.6731
22.8221	22.6952
22.843	22.7121
22.8621	22.7289
22.8824	22.7463
22.9023	22.7623
22.9175	22.7849
22.9379	22.8022
22.9569	22.8189
22.9772	22.8363
22.9822	22.8689
23.004	22.8847
23.0258	22.9006
23.0469	22.9151
23.0677	22.93
23.0784	22.9568
23.1004	22.9723
23.1225	22.9877
23.1453	23.0024
23.1579	23.0273
23.1807	23.0419
23.2035	23.0566
23.2267	23.0709
23.2508	23.0842
23.2707	23.1017
23.2948	23.1149
23.3159	23.1312
23.3405	23.144
23.3682	23.1537
23.4688	23.0904
23.4977	23.1
23.5262	23.1129
23.5526	23.1298
23.5841	23.1582
23.6177	23.2126
23.6753	23.2692
23.7356	23.328
23.798	23.3845
24.0146	23.2885
24.0817	23.3413
24.148	23.3931
24.2145	23.4446
24.2811	23.4961
24.349	23.545
24.4119	23.598
24.4729	23.6529
24.5322	23.7096
24.5719	23.7852
24.6299	23.8425
24.6858	23.8999
24.7391	23.958
24.7907	24.0159
24.8163	24.0981
24.8647	24.1536
24.9113	24.207
24.9513	24.2534
24.9587	24.3201
24.9914	24.3615
25.024	24.404
25.0555	24.4476
25.0872	24.4909
25.0804	24.5722
25.1144	24.6127
25.1496	24.6519
25.1866	24.6894
25.2072	24.744
25.2451	24.7812
25.283	24.8185
25.3209	24.8558
25.3587	24.893
25.3729	24.9538
25.4106	24.9909
25.4493	25.029
25.488	25.0671
25.5267	25.1052
25.5287	25.1798
25.5673	25.2177
25.6058	25.2557
25.6444	25.2937
25.6829	25.3316
25.7028	25.3881
25.7412	25.426
25.7797	25.4639
25.8182	25.5018
25.8314	25.5648
25.8698	25.6026
25.9082	25.6405
25.9466	25.6783
25.9471	25.7542
25.9855	25.792
26.0239	25.8299
26.0623	25.8677
26.1007	25.9056
26.1197	25.9628
26.1581	26.0007
26.1964	26.0385
26.2353	26.0769
26.2606	26.1278
26.2984	26.1671
26.3315	26.2112
26.3619	26.2579
26.3935	26.3036
26.4084	26.3659
26.4419	26.4095
26.4722	26.4564
26.4985	26.5072
26.5203	26.5626
26.5146	26.6456
26.5335	26.704
26.5536	26.7611
26.579	26.813
26.5453	26.9247
26.5765	26.9715
26.6124	27.0136
26.6514	27.0527
26.689	27.0931
26.713	27.1471
26.752	27.1862
26.791	27.2254
26.83	27.2645
26.8735	27.2988
26.9124	27.3378
26.9513	27.3768
26.9901	27.4158
27.029	27.4548
27.0783	27.4829
27.117	27.5217
27.1557	27.5606
27.1944	27.5994
27.2456	27.6282
27.2924	27.6752
27.3483	27.7315
27.4105	27.7939
27.4746	27.8583
27.5494	27.9116
27.6162	27.9786
27.6878	28.0505
27.7622	28.1252
27.8377	28.2008
27.9302	28.2589
28.0058	28.3348
28.0834	28.4125
28.16	28.4893
28.2476	28.5538
28.3216	28.628
28.3928	28.6993
28.4601	28.7668
28.5198	28.8266
28.5919	28.8611
28.6373	28.9065
28.6719	28.9414
28.6917	28.9648
28.7103	28.9629
28.7085	28.9648
28.7015	28.9584
28.6947	28.9517
28.688	28.9449
28.6953	28.924
28.6885	28.9172
28.6818	28.9104
28.675	28.9036
28.6895	28.8754
28.6827	28.8685
28.6766	28.8609
28.6725	28.8513
28.6696	28.8404
28.6824	28.8139
28.6816	28.801
28.6788	28.7901
28.6748	28.7803
28.6695	28.7719
28.6848	28.7428
28.6801	28.7337
28.6772	28.7227
28.6752	28.7109
28.6865	28.6858
28.6829	28.6756
28.6789	28.6657
28.6746	28.6563
28.6702	28.6469
28.609	28.6944
28.6048	28.6851
28.6008	28.6756
28.5958	28.667
28.5895	28.6598
28.5829	28.6529
28.5761	28.6461
28.5695	28.6392
28.5629	28.6322
28.6274	28.554
28.6209	28.5467
28.6152	28.5386
28.6109	28.5291
28.6145	28.5118
28.6108	28.5017
28.6072	28.4915
28.6028	28.4821
28.5963	28.4749
28.5893	28.4682
28.5818	28.462
28.5744	28.4556
28.5674	28.4489
28.5599	28.4427
28.5522	28.4367
28.5442	28.431
28.5353	28.4262
28.5254	28.4224
28.5156	28.4185
28.5062	28.4142
28.4966	28.4101
28.4865	28.4065
28.4761	28.4033
28.4665	28.3992
28.4586	28.3935
28.4518	28.3866
28.4449	28.3798
28.4381	28.373
28.4313	28.3662
28.4244	28.3594
28.4176	28.3526
28.4106	28.346
28.396	28.347
28.3886	28.3408
28.3815	28.3343
28.3746	28.3276
28.3679	28.3208
28.3611	28.314
28.3543	28.3072
28.3475	28.3004
28.3407	28.2937
28.3339	28.2869
28.3271	28.2801
28.3203	28.2734
28.3136	28.2666
28.3068	28.2598
28.3	28.2531
28.2933	28.2463
28.2865	28.2396
28.2727	28.2399
28.2659	28.2331
28.2592	28.2264
28.2524	28.2197
28.2457	28.213
28.239	28.2062
28.2322	28.1995
28.2255	28.1928
28.2187	28.186
28.212	28.1793
28.2057	28.1722
28.1993	28.1652
28.1929	28.1581
28.1867	28.1509
28.1811	28.1431
28.1764	28.1344
28.1729	28.1245
28.1696	28.1144
28.1651	28.1054
28.1586	28.0985
28.1519	28.0918
28.1452	28.0851
28.1385	28.0785
28.1318	28.0718
28.1182	28.0721
28.1115	28.0654
28.1048	28.0588
28.0981	28.0521
28.0915	28.0455
28.0848	28.0388
28.0781	28.0322
28.0714	28.0255
28.0648	28.0189
28.0512	28.0192
28.0445	28.0126
28.0379	28.0059
28.0312	27.9993
28.0246	27.9927
28.018	27.986
28.0115	27.9793
28.0072	27.9704
28.0041	27.9602
28.1398	27.8114
28.1357	27.8025
28.1295	27.7958
28.1231	27.7892
28.1303	27.7691
28.1239	27.7627
28.1173	27.7565
28.1084	27.7526
28.0998	27.7483
28.0925	27.7428
28.0861	27.7364
28.0797	27.73
28.0732	27.7237
28.0668	27.7173
28.0467	27.7246
28.0393	27.719
28.0297	27.7158
28.0192	27.7134
28.0019	27.7178
27.9905	27.7163
27.9772	27.7168
27.9621	27.719
27.9454	27.7228
27.9077	27.7475
27.8904	27.7517
27.875	27.7542
27.8657	27.7505
27.8519	27.7513
27.8451	27.7451
27.8354	27.7418
27.8247	27.7395
27.8161	27.7351
27.8083	27.7299
27.7997	27.7256
27.7899	27.7224
27.7785	27.7208
27.7673	27.719
27.7505	27.7228
27.7421	27.7183
27.7333	27.714
27.7245	27.7098
27.7148	27.7066
27.5144	27.8944
27.5051	27.8913
27.4947	27.8893
27.4843	27.8873
27.4748	27.8844
27.6852	27.6615
27.6789	27.6549
27.6741	27.6469
27.6709	27.6374
27.4691	27.8265
27.463	27.82
27.4541	27.8164
27.4419	27.816
27.4299	27.8155
27.4203	27.8126
27.4131	27.8073
27.4068	27.8011
27.3996	27.7958
27.3927	27.7902
27.42	27.7502
27.4144	27.7431
27.411	27.7338
27.4083	27.7237
27.4032	27.7161
27.424	27.6825
27.4177	27.6761
27.4113	27.6696
27.4049	27.6632
27.3985	27.6567
27.3193	27.7234
27.3142	27.7163
27.3084	27.7097
27.3025	27.7033
27.3098	27.6837
27.3049	27.6762
27.3002	27.6684
27.2953	27.661
27.2905	27.6534
27.3065	27.6249
27.3031	27.6157
27.3009	27.6054
27.3002	27.5936
27.3265	27.5546
27.3261	27.5423
27.3264	27.5294
27.3278	27.5153
27.3315	27.4989
27.358	27.4597
27.3639	27.4411
27.3648	27.4275
27.3614	27.4182
27.3551	27.4117
27.3624	27.3917
27.356	27.3853
27.3496	27.3789
27.3432	27.3726
27.3504	27.3526
27.344	27.3462
27.3376	27.3399
27.3313	27.3335
27.3249	27.3271
27.3253	27.3139
27.3189	27.3076
27.3125	27.3012
27.306	27.295
27.3253	27.2629
27.314	27.2616
27.2977	27.2652
27.2794	27.2707
27.2669	27.2705
27.2673	27.2574
27.261	27.2511
27.2531	27.2463
27.2452	27.2415
27.2418	27.2322
27.2302	27.2312
27.2175	27.2312
27.2054	27.2307
27.1936	27.2298
27.1861	27.2247
27.169	27.2292
27.1534	27.2321
27.1381	27.2348
27.1291	27.2313
27.1129	27.2349
27.0975	27.2376
27.0834	27.2392
27.0691	27.2409
27.0083	27.289
26.9961	27.2886
26.9842	27.2879
26.9723	27.2872
26.7268	27.5217
26.7163	27.522
26.7049	27.5232
26.6942	27.5236
26.6845	27.5231
26.6815	27.5158
26.6764	27.5105
26.6736	27.5031
26.6714	27.495
26.6683	27.4878
26.6876	27.4578
26.6826	27.452
26.6773	27.4466
26.672	27.4412
26.7157	27.3862
26.71	27.3804
26.7043	27.3746
26.6986	27.3688
26.6929	27.3631
26.719	27.3253
26.7131	27.3193
26.7072	27.3133
26.7016	27.3072
26.7241	27.2727
26.7236	27.2612
26.7239	27.2488
26.7218	27.2388
26.7165	27.2321
26.7433	27.1931
26.7372	27.1869
26.7312	27.1808
26.7251	27.1746
26.7193	27.1681
26.7547	27.1204
26.7514	27.1113
26.7497	27.1007
26.7498	27.0882
26.7757	27.0499
26.7717	27.0415
26.7657	27.0351
26.7595	27.0288
26.7534	27.0226
26.7871	26.9765
26.781	26.9703
26.7748	26.9641
26.7687	26.9579
26.789	26.9254
26.7819	26.9203
26.7731	26.9168
26.7621	26.9155
26.7503	26.9151
26.7654	26.888
26.7568	26.8845
26.7505	26.8788
26.7445	26.8727
26.7579	26.8474
26.7516	26.8419
26.7456	26.8359
26.7397	26.8299
26.7338	26.8239
26.7471	26.799
26.7413	26.7931
26.7355	26.7872
26.7285	26.7825
26.733	26.7665
26.7252	26.7627
26.7175	26.7589
26.7091	26.7558
26.7004	26.7528
26.4507	26.9904
26.442	26.9873
26.4326	26.9848
26.4226	26.983
26.4002	26.9936
26.3922	26.9899
26.3846	26.9859
26.3779	26.9808
26.3721	26.9749
26.3792	26.9561
26.3734	26.9501
26.3675	26.9442
26.3617	26.9382
26.3559	26.9323
26.3823	26.8939
26.3764	26.8879
26.3704	26.8818
26.365	26.8753
26.3882	26.8401
26.3877	26.8285
26.389	26.8151
26.3917	26.8003
26.3956	26.7844
26.4258	26.7421
26.4302	26.7256
26.4366	26.7071
26.4447	26.6869
26.476	26.6435
26.4896	26.6178
26.5052	26.5901
26.5236	26.5595
26.5416	26.5294
26.5683	26.4906
26.5597	26.4872
26.5518	26.483
26.5456	26.4771
26.5396	26.4711
26.5412	26.4574
26.5389	26.4476
26.5366	26.438
26.5339	26.4286
26.5305	26.42
26.5268	26.4117
26.5241	26.4023
26.5217	26.3927
26.5187	26.3837
26.5078	26.3826
26.5017	26.3766
26.4957	26.3707
26.4897	26.3647
26.4772	26.3652
26.4712	26.3592
26.4654	26.353
26.4602	26.3462
26.4548	26.3396
26.4423	26.3401
26.4363	26.3341
26.4303	26.3281
26.4244	26.322
26.4199	26.3146
26.4166	26.3059
26.4136	26.297
26.4109	26.2877
26.4063	26.2803
26.3953	26.2793
26.3923	26.2704
26.3896	26.2612
26.3854	26.2534
26.3738	26.2531
26.3685	26.2465
26.3643	26.2388
26.3601	26.231
26.3552	26.224
26.344	26.2233
26.3409	26.2146
26.3369	26.2066
26.3335	26.1981
26.3304	26.1893
26.3139	26.1939
26.3083	26.1877
26.3019	26.1822
26.2937	26.1786
26.2716	26.1889
26.2611	26.1876
26.2494	26.1874
26.2377	26.1873
26.2262	26.1869
26.2087	26.1927
26.1976	26.1921
26.1864	26.1914
26.1743	26.1918
26.1559	26.1985
26.1445	26.1982
26.134	26.1969
26.1241	26.1951
26.1147	26.1927
26.0995	26.1963
26.0904	26.1937
26.0818	26.1906
26.0746	26.1861
26.0685	26.1805
26.0627	26.1747
26.0565	26.1692
26.0492	26.1648
26.0416	26.1608
26.0421	26.1486
26.0362	26.1428
26.0307	26.1366
26.0254	26.1303
26.0265	26.1176
26.0211	26.1112
26.0156	26.1051
26.0101	26.0989
26.0046	26.0927
25.9988	26.0869
25.993	26.0811
25.9875	26.0749
25.9825	26.0683
25.9774	26.0618
25.978	26.0496
25.9721	26.0437
25.9663	26.0379
25.9608	26.0318
25.9555	26.0255
25.9499	26.0195
25.944	26.0137
25.9382	26.0079
25.9324	26.0021
25.9269	25.996
25.9217	25.9896
25.9165	25.9832
25.9107	25.9774
25.9049	25.9716
25.9055	25.9594
25.8997	25.9536
25.894	25.9478
25.8882	25.942
25.8891	25.9295
25.8841	25.9229
25.8796	25.9159
25.8759	25.908
25.8743	25.898
25.874	25.8867
25.8731	25.8761
25.8708	25.8668
25.8673	25.8587
25.8638	25.8507
25.8666	25.8363
25.8628	25.8286
25.8587	25.8211
25.8549	25.8134
25.8451	25.8117
25.8416	25.8037
25.8374	25.7963
25.8326	25.7897
25.8275	25.7833
25.8284	25.7709
25.8228	25.7649
25.817	25.7592
25.8113	25.7535
25.7992	25.754
25.7935	25.7483
25.7877	25.7426
25.782	25.7369
25.7762	25.7311
25.7705	25.7254
25.7648	25.7197
25.7591	25.714
25.7533	25.7083
25.7413	25.7088
25.7356	25.7031
25.7299	25.6974
25.7242	25.6917
25.7184	25.686
25.7065	25.6866
25.7008	25.6809
25.6951	25.6752
25.6894	25.6696
25.6837	25.6639
25.6781	25.6582
25.6724	25.6525
25.6667	25.6468
25.661	25.6412
25.6553	25.6355
25.6497	25.6298
25.644	25.6242
25.638	25.6188
25.632	25.6135
25.6263	25.6078
25.6207	25.6022
25.615	25.5965
25.6093	25.5909
25.5975	25.5914
25.5918	25.5858
25.5862	25.5802
25.5805	25.5746
25.5749	25.5689
25.5693	25.5633
25.5637	25.5576
25.558	25.552
25.5524	25.5464
25.5468	25.5408
25.5412	25.5352
25.5355	25.5296
25.5299	25.5239
25.5243	25.5183
25.5187	25.5127
25.5131	25.5071
25.5075	25.5015
25.5019	25.4959
25.4962	25.4903
25.4845	25.4909
25.4789	25.4853
25.4733	25.4797
25.4677	25.4742
25.4622	25.4686
25.4566	25.463
25.451	25.4574
25.4454	25.4519
25.4398	25.4463
25.4343	25.4407
25.4287	25.4351
25.4232	25.4296
25.4176	25.424
25.4121	25.4184
25.4063	25.4131
25.4008	25.4075
25.3952	25.402
25.3896	25.3964
25.3841	25.3909
25.3786	25.3853
25.373	25.3798
25.3675	25.3743
25.3619	25.3687
25.3564	25.3632
25.3509	25.3576
25.3454	25.3521
25.3398	25.3466
25.3343	25.341
25.3288	25.3355
25.3233	25.33
25.3177	25.3245
25.3122	25.319
25.3067	25.3134
25.3012	25.3079
25.2957	25.3024
25.2902	25.2969
25.2847	25.2914
25.2792	25.2859
25.2737	25.2804
25.2682	25.2749
25.2626	25.2694
25.2572	25.2639
25.2517	25.2584
25.2462	25.2529
25.2407	25.2474
25.2352	25.2419
25.2298	25.2365
25.2243	25.231
25.2188	25.2255
25.2133	25.22
25.2078	25.2145
25.2024	25.2091
25.1969	25.2036
25.1913	25.1983
25.1791	25.1995
25.1718	25.1959
25.1634	25.1935
25.1538	25.1921
25.1432	25.1918
25.1329	25.1913
25.1238	25.1895
25.1159	25.1865
25.1083	25.1832
25.1076	25.1731
25.1007	25.169
25.0942	25.1647
25.0877	25.1604
25.0808	25.1563
25.0737	25.1525
25.0669	25.1485
25.0615	25.1431
25.056	25.1376
25.0567	25.1261
25.0513	25.1206
25.0459	25.1152
25.0407	25.1095
25.0364	25.1029
25.0382	25.0903
25.0335	25.0841
25.0284	25.0783
25.0231	25.0728
25.0187	25.0664
25.0142	25.06
25.0091	25.0543
25.0037	25.0488
24.9982	25.0434
24.993	25.0378
24.9877	25.0323
24.9832	25.026
24.9783	25.0201
24.973	25.0145
24.9677	25.0091
24.9623	25.0037
24.9573	24.9978
24.9521	24.9923
24.9467	24.9869
24.9535	24.9693
24.9481	24.9639
24.9426	24.9585
24.9372	24.9531
24.9319	24.9477
24.9266	24.9422
24.9223	24.9357
24.9188	24.9284
24.9151	24.9213
24.9177	24.9079
24.9146	24.9002
24.9114	24.8926
24.9082	24.8851
24.9049	24.8776
24.9016	24.8702
24.8979	24.8632
24.8936	24.8567
24.8885	24.851
24.8831	24.8457
24.8779	24.8401
24.8727	24.8346
24.8673	24.8293
24.862	24.8239
24.8566	24.8186
24.8512	24.8132
24.8459	24.8079
24.8405	24.8025
24.8351	24.7972
24.8298	24.7918
24.8244	24.7865
24.8191	24.7811
24.8137	24.7758
24.8084	24.7705
24.803	24.7651
24.7977	24.7598
24.7923	24.7545
24.787	24.7491
24.7817	24.7438
24.7764	24.7385
24.771	24.7332
24.7657	24.7278
24.7604	24.7225
24.7551	24.7172
24.7497	24.7119
24.7444	24.7066
24.7391	24.7013
24.7338	24.696
24.7285	24.6907
24.7231	24.6854
24.7178	24.6801
24.7066	24.6808
24.7013	24.6755
24.696	24.6702
24.6907	24.6649
24.6854	24.6596
24.6801	24.6543
24.6748	24.6491
24.6695	24.6438
24.6642	24.6385
24.659	24.6332
24.6537	24.628
24.6484	24.6227
24.6431	24.6174
24.6378	24.6122
24.6326	24.6069
24.6273	24.6016
24.622	24.5964
24.6168	24.5911
24.6056	24.5918
24.6003	24.5866
24.5951	24.5813
24.5898	24.5761
24.5845	24.5709
24.5793	24.5656
24.5741	24.5604
24.5688	24.5551
24.5636	24.5499
24.5583	24.5447
24.5531	24.5394
24.5479	24.5342
24.5427	24.529
24.5374	24.5238
24.5322	24.5186
24.527	24.5133
24.5218	24.5081
24.5166	24.5029
24.5113	24.4977
24.5061	24.4925
24.5009	24.4873
24.4957	24.4821
24.4905	24.4769
24.4853	24.4717
24.4801	24.4665
24.4749	24.4613
24.4697	24.4561
24.4645	24.4509
24.4593	24.4457
24.4541	24.4405
24.4489	24.4353
24.4437	24.4301
24.4385	24.4249
24.4334	24.4198
24.4282	24.4146
24.423	24.4094
24.4178	24.4042
24.4126	24.3991
24.4016	24.3998
24.3964	24.3946
24.3913	24.3895
24.3861	24.3843
24.3809	24.3792
24.3758	24.374
24.3707	24.3689
24.3655	24.3637
24.3604	24.3586
24.3552	24.3534
24.3501	24.3483
24.3449	24.3431
24.3398	24.338
24.3347	24.3329
24.3295	24.3277
24.3244	24.3226
24.3193	24.3175
24.3141	24.3124
24.309	24.3072
24.3039	24.3021
24.2988	24.297
24.2936	24.2919
24.2885	24.2868
24.2834	24.2816
24.2725	24.2824
24.2674	24.2773
24.2623	24.2722
24.2571	24.2671
24.2521	24.262
24.247	24.2569
24.2419	24.2518
24.2368	24.2467
24.2317	24.2416
24.2266	24.2365
24.2215	24.2314
24.2165	24.2264
24.2114	24.2213
24.2063	24.2162
24.2012	24.2111
24.1962	24.2061
24.1911	24.201
24.186	24.1959
24.181	24.1908
24.1759	24.1858
24.1708	24.1807
24.1658	24.1757
24.1607	24.1706
24.1557	24.1655
24.1506	24.1605
24.1455	24.1554
24.1405	24.1504
24.1355	24.1453
24.1304	24.1403
24.1254	24.1352
24.1203	24.1302
24.1153	24.1251
24.1103	24.1201
24.1052	24.1151
24.1002	24.11
24.0951	24.105
24.0901	24.1
24.0851	24.0949
24.0801	24.0899
24.075	24.0849
24.07	24.0799
24.065	24.0748
24.06	24.0698
24.055	24.0648
24.05	24.0598
24.045	24.0548
24.04	24.0498
24.035	24.0448
24.0299	24.0398
24.0249	24.0348
24.02	24.0297
24.015	24.0247
24.01	24.0198
24.0049	24.0148
24.0009	24.0089
23.9975	24.0023
23.9947	23.9951
23.9922	23.9876
23.99	23.9798
23.9889	23.971
23.9875	23.9625
23.9851	23.9549
23.9822	23.9478
23.9775	23.9426
23.9725	23.9376
23.9675	23.9326
23.9623	23.928
23.9567	23.9236
23.9507	23.9197
23.9443	23.9162
23.9379	23.9127
23.9316	23.9091
23.926	23.9047
23.9211	23.8997
23.9161	23.8948
23.9112	23.8899
23.9062	23.8849
23.9013	23.88
23.8963	23.875
23.8914	23.8701
23.8873	23.8643
23.8846	23.8571
23.8764	23.8555
23.8718	23.8502
23.8652	23.8469
23.8559	23.8464
23.8456	23.8469
23.8356	23.8471
23.8261	23.8467
23.8171	23.8459
23.8093	23.8439
23.7979	23.8455
23.793	23.8407
23.7884	23.8355
23.7838	23.8303
23.7846	23.8197
23.7797	23.8148
23.7748	23.8099
23.7699	23.805
23.765	23.8001
23.7602	23.7952
23.7553	23.7903
23.7504	23.7854
23.7455	23.7805
23.7407	23.7756
23.7358	23.7708
23.7309	23.7659
23.726	23.761
23.7212	23.7561
23.7163	23.7512
23.7115	23.7464
23.7066	23.7415
23.7017	23.7366
23.6968	23.7318
23.692	23.7269
23.6872	23.722
23.6823	23.7172
23.6774	23.7123
23.6783	23.7018
23.6734	23.6969
23.6686	23.6921
23.6638	23.6871
23.6594	23.6818
23.6546	23.6769
23.6497	23.6721
23.6449	23.6672
23.64	23.6624
23.6351	23.6575
23.6303	23.6527
23.6255	23.6478
23.6206	23.643
23.6158	23.6382
23.6166	23.6276
23.6118	23.6228
23.607	23.618
23.6021	23.6131
23.5973	23.6083
23.5925	23.6034
23.5876	23.5986
23.5828	23.5938
23.5779	23.5889
23.5731	23.5841
23.5683	23.5793
23.5635	23.5745
23.5616	23.5726
23.566	23.577
23.5773	23.5882
23.6051	23.616
23.6504	23.6613
23.706	23.7168
23.7675	23.7671
23.8293	23.8288
23.8939	23.8933
23.9634	23.9626
24.0342	24.0334
24.1047	24.1043
24.1783	24.1778
24.2562	24.2556
24.3351	24.3343
24.414	24.4131
24.4905	24.4901
24.5597	24.5591
24.626	24.6253
24.6927	24.6919
24.7615	24.7611
24.8329	24.8324
24.9154	24.9147
25.0065	25.0057
25.0995	25.0985
25.192	25.1916
25.2843	25.2838
25.3748	25.374
25.4619	25.461
25.5365	25.5361
25.5899	25.5893
25.6208	25.6202
25.6226	25.6219
25.617	25.6163
25.6112	25.6108
25.6055	25.6051
25.5998	25.5994
25.5941	25.5938
25.5885	25.5881
25.5829	25.5825
25.5772	25.5768
25.5715	25.5712
25.5659	25.5655
25.5665	25.5536
25.5608	25.548
25.5552	25.5423
25.5495	25.5367
25.5439	25.531
25.5383	25.5254
25.5326	25.5198
25.527	25.5141
25.5216	25.5082
25.517	25.5016
25.5128	25.4945
25.5083	25.4878
25.5029	25.4819
25.4973	25.4762
25.4917	25.4706
25.4861	25.465
25.4805	25.4594
25.4748	25.4538
25.4692	25.4482
25.4636	25.4426
25.458	25.437
25.4524	25.4314
25.4468	25.4258
25.4412	25.4202
25.4356	25.4146
25.43	25.409
25.4244	25.4034
25.4188	25.3978
25.4132	25.3922
25.4076	25.3866
25.402	25.3811
25.3965	25.3755
25.3847	25.3761
25.3791	25.3705
25.3736	25.365
25.368	25.3594
25.3624	25.3538
25.3569	25.3483
25.3513	25.3427
25.3457	25.3372
25.3402	25.3316
25.3347	25.3261
25.3291	25.3205
25.3235	25.315
25.318	25.3094
25.3125	25.3039
25.3069	25.2984
25.3014	25.2928
25.2958	25.2873
25.2903	25.2818
25.2848	25.2762
25.2792	25.2707
25.2737	25.2652
25.2682	25.2596
25.2627	25.2541
25.2571	25.2486
25.2516	25.2431
25.2461	25.2376
25.2406	25.2321
25.2351	25.2265
25.2296	25.221
25.2241	25.2155
25.2185	25.21
25.2131	25.2045
25.2076	25.199
25.2021	25.1935
25.1965	25.188
25.191	25.1826
25.1856	25.177
25.1801	25.1716
25.1746	25.1661
25.1691	25.1606
25.1636	25.1551
25.1581	25.1496
25.1527	25.1442
25.1472	25.1387
25.1414	25.1335
25.1359	25.1281
25.1301	25.1229
25.1242	25.1179
25.1186	25.1126
25.1131	25.1072
25.1076	25.1017
25.0961	25.1023
25.0904	25.0972
25.0834	25.0933
25.0762	25.0896
25.0694	25.0855
25.0627	25.0813
25.0563	25.0768
25.0503	25.072
25.0444	25.067
25.0382	25.0624
25.0312	25.0585
25.0245	25.0543
25.0179	25.0501
25.0106	25.0465
25.0024	25.0439
24.994	25.0414
24.9862	25.0385
24.9783	25.0355
24.974	25.029
24.9634	25.0288
24.9559	25.0254
24.9505	25.02
24.9439	25.0158
24.9368	25.012
24.9303	25.0077
24.9249	25.0023
24.9194	24.9971
24.9138	24.9918
24.9145	24.9803
24.9091	24.9749
24.9037	24.9695
24.8984	24.9641
24.893	24.9587
24.8876	24.9533
24.8822	24.9479
24.8768	24.9426
24.871	24.9376
24.8462	24.9517
24.8396	24.9476
24.8335	24.943
24.8263	24.9395
24.8186	24.9364
24.8173	24.927
24.8103	24.9233
24.8025	24.9204
24.7949	24.9174
24.7937	24.9078
24.7862	24.9046
24.7792	24.9009
24.7738	24.8956
24.7685	24.8902
24.7692	24.8788
24.7639	24.8734
24.7586	24.8681
24.7532	24.8627
24.7479	24.8574
24.7486	24.846
24.7433	24.8406
24.7379	24.8353
24.7331	24.8295
24.7294	24.8224
24.7323	24.8089
24.7294	24.8011
24.727	24.7929
24.7238	24.7854
24.7276	24.771
24.7258	24.7622
24.7233	24.754
24.7194	24.7473
24.7142	24.7417
24.7149	24.7304
24.7096	24.7251
24.7043	24.7198
24.699	24.7145
24.6937	24.7092
24.6944	24.6979
24.6891	24.6926
24.6841	24.687
24.6793	24.6812
24.6744	24.6755
24.6693	24.67
24.664	24.6647
24.6598	24.6584
24.6565	24.6511
24.659	24.6381
24.657	24.6294
24.6564	24.6195
24.6559	24.6095
24.6544	24.6004
24.6517	24.5926
24.6487	24.5851
24.6459	24.5774
24.6423	24.5704
24.6382	24.564
24.6331	24.5586
24.6278	24.5533
24.6226	24.5481
24.6173	24.5429
24.612	24.5376
24.6068	24.5324
24.6015	24.5272
24.5963	24.5219
24.591	24.5167
24.5858	24.5115
24.5805	24.5062
24.5753	24.501
24.5641	24.5017
24.5589	24.4965
24.5536	24.4913
24.5484	24.4861
24.5431	24.4808
24.5379	24.4756
24.5327	24.4704
24.5275	24.4652
24.5222	24.46
24.517	24.4548
24.5118	24.4496
24.5066	24.4444
24.5013	24.4392
24.4961	24.434
24.4869	24.4366
24.4851	24.4349
24.4858	24.4355
24.4884	24.4381
24.4929	24.4426
24.4994	24.4491
24.5073	24.457
24.5162	24.4659
24.5252	24.4748
24.5281	24.4896
24.537	24.4985
24.5459	24.5074
24.5548	24.5163
24.5637	24.5252
24.5726	24.534
24.581	24.5424
24.5894	24.5508
24.5978	24.5592
24.6062	24.5676
24.6325	24.558
24.6409	24.5664
24.6493	24.5748
24.6577	24.5831
24.6661	24.5915
24.6744	24.5998
24.6828	24.6082
24.6912	24.6166
24.6998	24.6247
24.7083	24.6319
24.7146	24.6374
24.7187	24.6403
24.7204	24.6398
24.7181	24.6354
24.713	24.6299
24.7077	24.6247
24.7024	24.6194
24.6971	24.6141
24.6918	24.6088
24.6805	24.6096
24.6753	24.6043
24.67	24.599
24.6647	24.5938
24.6534	24.5945
24.6481	24.5892
24.6429	24.5839
24.6373	24.579
24.6312	24.5745
24.6195	24.5757
24.6143	24.5704
24.609	24.5652
24.6037	24.5599
24.5985	24.5546
24.5932	24.5494
24.588	24.5442
24.5827	24.5389
24.5774	24.5337
24.5662	24.5344
24.561	24.5291
24.5558	24.5239
24.5505	24.5187
24.5453	24.5134
24.5104	24.5379
24.5052	24.5327
24.5	24.5275
24.4945	24.5226
24.4893	24.5174
24.4782	24.5181
24.4729	24.5131
24.4671	24.5085
24.4609	24.5044
24.4552	24.4997
24.4501	24.4945
24.4448	24.4895
24.4387	24.4852
24.4324	24.4811
24.4264	24.4768
24.4205	24.4724
24.415	24.4675
24.4099	24.4624
24.4047	24.4572
24.3996	24.452
24.3944	24.4469
24.3893	24.4417
24.3841	24.4366
24.379	24.4314
24.3739	24.4263
24.3687	24.4211
24.3636	24.416
24.3585	24.4109
24.3475	24.4116
24.3424	24.4064
24.3373	24.4013
24.3322	24.3962
24.327	24.3911
23.9668	24.7506
23.9668	24.7506
23.9668	24.7506
23.9668	24.7506
23.9668	24.7506
24.328	24.3799
24.3234	24.3742
24.32	24.3675
24.3181	24.359
24.3525	24.3144
24.3521	24.3045
24.3521	24.2942
24.3524	24.2835
24.3647	24.2609
24.3646	24.2507
24.3632	24.2419
24.3609	24.2339
24.3589	24.2256
24.3511	24.2231
24.3499	24.2141
24.3491	24.2046
24.3485	24.1949
24.3476	24.1856
24.3378	24.1852
24.3326	24.18
24.3298	24.1726
24.3283	24.1639
24.3267	24.1552
24.3257	24.146
24.3239	24.1376
24.3214	24.1298
24.3197	24.1213
24.3057	24.1251
24.3007	24.1199
24.2935	24.1169
24.2856	24.1146
24.2672	24.1229
24.2609	24.119
24.2538	24.1159
24.2455	24.1142
24.2353	24.1141
24.2181	24.1213
24.2065	24.1228
24.1952	24.124
24.1842	24.1249
24.1624	24.1366
24.1535	24.1355
24.1459	24.133
24.1395	24.1293
24.1342	24.1246
24.1234	24.1254
24.1184	24.1204
24.1134	24.1154
24.1084	24.1104
24.1029	24.1059
24.0967	24.1022
24.0908	24.0981
24.0852	24.0937
24.0801	24.0889
24.0949	24.0698
24.0984	24.0748
24.1094	24.0878
24.1294	24.1084
24.166	24.1455
24.2179	24.1974
24.2857	24.2651
24.3623	24.3413
24.4436	24.4224
24.5268	24.5061
24.6114	24.5903
24.6941	24.6727
24.7734	24.7517
24.8499	24.8278
24.9184	24.8972
24.987	24.9655
25.0536	25.0319
25.1203	25.0983
25.1865	25.165
25.253	25.2313
25.3191	25.2971
25.3833	25.361
25.4474	25.4249
25.5071	25.4853
25.5635	25.5414
25.6164	25.5942
25.6625	25.6401
25.6991	25.6896
25.7422	25.7325
25.7853	25.7755
25.8284	25.8184
25.8715	25.8613
25.915	25.9057
25.9594	25.95
26.0044	25.9948
26.0503	26.0405
26.0968	26.0868
26.1432	26.1338
26.19	26.1805
26.2369	26.2271
26.2832	26.2733
26.3222	26.3256
26.3661	26.3693
26.3985	26.402
26.4219	26.4252
26.4452	26.4485
26.4682	26.472
26.4905	26.4942
26.5099	26.5135
26.5254	26.5289
26.5373	26.5411
26.543	26.5467
26.5443	26.548
26.5451	26.5489
26.5459	26.5497
26.5467	26.5505
26.5475	26.5513
26.5464	26.5502
26.5438	26.5476
26.5392	26.5431
26.5329	26.5374
26.5263	26.532
26.5189	26.5274
26.5119	26.5224
26.4986	26.5237
26.4927	26.5177
26.4867	26.5118
26.4807	26.5058
26.4748	26.4998
26.4688	26.4938
26.4643	26.4893
26.4617	26.4868
26.4596	26.4847
26.4596	26.4846
26.4609	26.4859
26.4647	26.4897
26.4704	26.4954
26.485	26.4971
26.4951	26.5072
26.5067	26.5187
26.5182	26.5302
26.5288	26.5428
26.5374	26.5572
26.5451	26.5725
26.553	26.5877
26.561	26.6027
26.5687	26.6181
26.5763	26.6334
26.5847	26.6481
26.5938	26.662
26.6035	26.6753
26.6135	26.6882
26.6233	26.7014
26.6328	26.7148
26.6423	26.7283
26.6587	26.7348
26.6691	26.7473
26.6797	26.7596
26.6905	26.7717
26.701	26.7841
26.7108	26.7972
26.721	26.8098
26.7324	26.8212
26.743	26.8335
26.7521	26.8472
26.7675	26.8547
26.7765	26.8684
26.7861	26.8817
26.7963	26.8942
26.8133	26.9
26.8246	26.9113
26.8359	26.9228
26.8472	26.9342
26.8589	26.9452
26.8792	26.9477
26.8949	26.9546
26.9123	26.9599
26.9294	26.9654
26.9513	26.9661
26.9651	26.975
26.9784	26.9843
26.9912	26.994
27.0036	27.0043
27.0227	27.0078
27.0355	27.0165
27.048	27.0256
27.0591	27.0332
27.0647	27.0375
27.071	27.0304
27.0662	27.0256
27.0599	27.0193
27.0536	27.0131
27.0474	27.0068
27.0411	27.0006
27.0349	26.9943
27.0286	26.9881
27.0223	26.9819
27.0161	26.9756
27.0107	26.9685
27.0073	26.9594
27.0031	26.9511
26.9994	26.9424
26.9964	26.9329
26.9932	26.9236
26.9897	26.9147
26.986	26.9059
26.9816	26.8979
26.9764	26.8906
26.9703	26.8843
26.9641	26.8781
26.9512	26.8785
26.9444	26.873
26.9376	26.8673
26.9307	26.8618
26.9228	26.8573
26.9139	26.8538
26.9047	26.8506
26.8951	26.8479
26.8858	26.8447
26.877	26.8412
26.8684	26.8374
26.8596	26.8339
26.8503	26.8308
26.8407	26.828
26.8249	26.8315
26.8174	26.8266
26.8109	26.8208
26.8048	26.8146
26.7986	26.8085
26.7925	26.8023
26.7863	26.7962
26.7801	26.79
26.774	26.7839
26.7678	26.7777
26.7617	26.7715
26.7556	26.7654
26.7494	26.7593
26.7433	26.7531
26.7371	26.747
26.731	26.7408
26.7249	26.7347
26.7187	26.7286
26.7133	26.7218
26.7088	26.714
26.7057	26.7049
26.7033	26.6951
26.7019	26.6843
26.7072	26.6667
26.7056	26.6561
26.703	26.6464
26.6987	26.6385
26.6931	26.6319
26.6877	26.6251
26.6824	26.6182
26.6764	26.612
26.6703	26.6059
26.6576	26.6064
26.6515	26.6003
26.6454	26.5942
26.6392	26.5883
26.6252	26.5901
26.6167	26.5865
26.6076	26.5835
26.5988	26.5801
26.5904	26.5764
26.5821	26.5726
26.5745	26.5681
26.5673	26.5632
26.5597	26.5586
26.552	26.5542
26.5446	26.5495
26.5376	26.5445
26.5299	26.5401
26.5221	26.5357
26.5156	26.5302
26.5096	26.5241
26.5036	26.5181
26.4974	26.5122
26.4908	26.5067
26.4847	26.5008
26.4786	26.4948
26.4726	26.4887
26.4666	26.4827
26.4606	26.4767
26.4546	26.4707
26.4486	26.4647
26.4425	26.4587
26.4365	26.4527
26.4305	26.4466
26.4245	26.4406
26.4185	26.4346
26.4125	26.4286
26.4066	26.4226
26.4006	26.4166
26.3946	26.4107
26.3886	26.4047
26.3826	26.3987
26.3766	26.3927
26.3706	26.3867
26.3647	26.3807
26.3587	26.3747
26.3527	26.3688
26.3468	26.3628
26.3408	26.3568
26.3348	26.3509
26.3288	26.3449
26.3229	26.3389
26.3169	26.333
26.311	26.327
26.305	26.321
26.2991	26.3151
26.2931	26.3091
26.2872	26.3032
26.2812	26.2972
26.2753	26.2913
26.2694	26.2853
26.2634	26.2794
26.2575	26.2735
26.2516	26.2676
26.2456	26.2616
26.2462	26.2492
26.2402	26.2433
26.2343	26.2374
26.2284	26.2314
26.2225	26.2255
26.2165	26.2196
26.2106	26.2137
26.2047	26.2078
26.1988	26.2019
26.1929	26.1959
26.187	26.19
26.1811	26.1841
26.1752	26.1782
26.1693	26.1723
26.1634	26.1664
26.1575	26.1605
26.1516	26.1546
26.146	26.1484
26.1403	26.1424
26.1344	26.1365
26.1287	26.1304
26.1234	26.1239
26.1185	26.117
26.1143	26.1095
26.1099	26.1022
26.1061	26.0942
26.1027	26.0859
26.0989	26.0779
26.095	26.0701
26.0916	26.0618
26.0891	26.0525
26.0862	26.0437
26.0821	26.0361
26.0764	26.0301
26.0706	26.0243
26.0647	26.0184
26.0589	26.0126
26.053	26.0067
26.0464	26.0017
26.0397	25.9967
26.0332	25.9915
26.0202	25.9928
26.0136	25.9878
26.0072	25.9825
26.0006	25.9775
25.9943	25.9721
25.9878	25.967
25.981	25.9622
25.9744	25.9572
25.9676	25.9523
25.961	25.9473
25.9548	25.942
25.9487	25.9364
25.9429	25.9306
25.9372	25.9248
25.9314	25.919
25.9256	25.9132
25.9198	25.9074
25.914	25.9016
25.9082	25.8958
25.9024	25.89
25.8966	25.8843
25.8908	25.8785
25.8851	25.8727
25.8793	25.8669
25.8735	25.8612
25.8677	25.8554
25.862	25.8497
25.8499	25.8502
25.8441	25.8445
25.8384	25.8387
25.8326	25.833
25.8284	25.8287
25.826	25.8263
25.8271	25.8274
25.8291	25.8295
25.8322	25.8325
25.8357	25.836
25.8392	25.8395
25.8427	25.843
25.8462	25.8465
25.8497	25.85
25.8532	25.8535
25.8567	25.857
25.8602	25.8605
25.8637	25.864
25.8672	25.8675
25.8707	25.8709
25.8742	25.8744
25.8776	25.8779
25.8748	25.8878
25.8783	25.8912
25.8818	25.8947
25.8853	25.8982
25.8888	25.9017
25.8923	25.9052
25.8958	25.9087
25.8993	25.9122
25.9027	25.9157
25.9062	25.9192
25.9097	25.9227
25.9132	25.9261
25.9167	25.9296
25.9202	25.9331
25.9236	25.9366
25.9271	25.9401
25.9301	25.943
25.9321	25.9451
25.9404	25.9407
25.9419	25.9422
25.9435	25.9438
25.945	25.9453
25.945	25.9453
25.9441	25.9444
25.9412	25.9415
25.9354	25.9357
25.9296	25.93
25.9239	25.9242
25.9181	25.9184
25.9123	25.9126
25.9065	25.9068
25.9007	25.9011
25.8887	25.9016
25.8829	25.8959
25.8771	25.8901
25.8713	25.8843
25.8656	25.8786
25.8599	25.8728
25.8541	25.8671
25.8484	25.8613
25.8426	25.8556
25.8369	25.8498
25.8311	25.8441
25.8254	25.8383
25.8211	25.8341
25.8168	25.8298
25.8126	25.8255
25.8088	25.8217
25.8045	25.8174
25.7988	25.8117
25.7931	25.806
25.7873	25.8003
25.7816	25.7945
25.7759	25.7888
25.7702	25.7831
25.7645	25.7774
25.7588	25.7717
25.7531	25.766
25.7473	25.7603
25.7417	25.7545
25.736	25.7488
25.7302	25.7431
25.7245	25.7374
25.7188	25.7318
25.7132	25.726
25.7075	25.7203
25.7018	25.7147
25.6961	25.709
25.6904	25.7033
25.6847	25.6976
25.6791	25.6919
25.6734	25.6862
25.6677	25.6806
25.6683	25.6686
25.6626	25.6629
25.6569	25.6573
25.6512	25.6516
25.6456	25.6459
25.6399	25.6402
25.6342	25.6346
25.6286	25.6289
25.6229	25.6232
25.6173	25.6176
25.6116	25.6119
25.6059	25.6063
25.6003	25.6006
25.5946	25.595
25.589	25.5893
25.5833	25.5836
25.5777	25.578
25.572	25.5724
25.5664	25.5667
25.5608	25.5611
25.5551	25.5554
25.5495	25.5498
25.5438	25.5442
25.5382	25.5385
25.5326	25.5329
25.527	25.5273
25.5213	25.5217
25.5157	25.516
25.5101	25.5104
25.5045	25.5048
25.4989	25.4992
25.4933	25.4936
25.4877	25.488
25.4821	25.4824
25.4765	25.4768
25.4708	25.4712
25.4653	25.4656
25.4597	25.46
25.4541	25.4544
25.4485	25.4488
25.4429	25.4432
25.4373	25.4376
25.4317	25.432
25.4261	25.4264
25.4205	25.4209
25.415	25.4153
25.4094	25.4097
25.4038	25.4041
25.3982	25.3986
25.3927	25.393
25.3871	25.3874
25.3816	25.3819
25.376	25.3763
25.3704	25.3707
25.3648	25.3652
25.3595	25.3594
25.3539	25.3539
25.3484	25.3483
25.3428	25.3428
25.3373	25.3372
25.3318	25.3317
25.3262	25.3262
25.3207	25.3206
25.3151	25.3151
25.3096	25.3095
25.3041	25.304
25.2985	25.2985
25.293	25.2929
25.2875	25.2874
25.2819	25.2819
25.2764	25.2764
25.2709	25.2709
25.2654	25.2653
25.2599	25.2598
25.2544	25.2543
25.2488	25.2488
25.2433	25.2433
25.2378	25.2378
25.2323	25.2323
25.2268	25.2268
25.2213	25.2213
25.2158	25.2158
25.2103	25.2103
25.2048	25.2048
25.1993	25.1993
25.1938	25.1938
25.1884	25.1883
25.1829	25.1828
25.1774	25.1774
25.1719	25.1719
25.1664	25.1664
25.161	25.1609
25.1555	25.1555
25.15	25.15
25.1446	25.1445
25.1391	25.139
25.1336	25.1336
25.1282	25.1281
25.1227	25.1227
25.1172	25.1172
25.1118	25.1117
25.1064	25.1063
25.1009	25.1009
25.0954	25.0954
25.09	25.09
25.0846	25.0845
25.0791	25.0791
25.0737	25.0736
25.0682	25.0682
25.0628	25.0628
25.0574	25.0573
25.0519	25.0519
25.0465	25.0465
25.0411	25.0411
25.0236	25.0478
25.0182	25.0424
25.0128	25.037
25.0073	25.0316
25.002	25.0262
24.9966	25.0208
24.9912	25.0154
24.9861	25.0098
24.9753	25.0098
24.9706	25.0038
24.9664	24.9972
24.9632	24.9897
24.96	24.9821
24.9576	24.9738
24.9558	24.9649
24.954	24.956
24.952	24.9472
24.9509	24.9376
24.9569	24.9209
24.958	24.9091
24.9608	24.8955
24.9652	24.8805
25.2482	24.5889
25.2536	24.5754
25.2597	24.5612
25.263	24.5498
25.2627	24.5421
25.2961	24.5014
25.2967	24.4935
25.2939	24.4892
25.2902	24.4856
25.2714	24.4968
25.2675	24.4932
25.2624	24.4907
25.2561	24.4894
25.2476	24.4902
25.2185	24.5113
25.2093	24.5124
25.2	24.5136
25.1918	24.5137
25.1475	24.5492
25.141	24.5468
25.135	24.5439
25.1296	24.5404
25.1251	24.5359
25.0928	24.5589
25.0881	24.5542
25.0833	24.5495
25.0786	24.5449
25.0513	24.5625
25.0466	24.5575
25.0417	24.5527
25.0369	24.5477
25.033	24.5419
24.776	24.7892
24.7765	24.7785
24.7799	24.7651
24.7854	24.7495
24.7934	24.7315
25.0227	24.4917
25.0338	24.4705
25.0467	24.4474
25.0592	24.4248
25.1624	24.3125
25.168	24.2981
25.1706	24.2867
25.1781	24.2705
25.1878	24.2519
25.124	24.3061
25.1298	24.2904
25.133	24.2773
25.1336	24.2668
25.0979	24.2924
25.0974	24.2826
25.0991	24.2707
25.1042	24.2553
25.1108	24.2384
25.0505	24.2884
25.0491	24.2793
25.0431	24.2747
25.0376	24.2696
25.3313	23.9694
25.3286	23.9672
25.3261	23.9648
25.3236	23.9624
25.3211	23.9599
25.3051	23.9706
25.3023	23.9679
25.2991	23.9657
25.2963	23.963
25.2494	24.0034
25.2394	24.0065
25.2246	24.0146
25.2085	24.0239
25.195	24.0306
24.7481	24.47
24.7339	24.4751
24.7189	24.4809
24.7031	24.4876
25.0382	24.1429
25.0204	24.1519
25.0047	24.1588
24.9948	24.1599
24.9878	24.1581
24.9901	24.1472
24.9782	24.1505
24.9642	24.156
24.9503	24.1613
24.9439	24.1592
24.933	24.1617
24.9207	24.1656
24.9072	24.1707
24.8928	24.1766
