1170	-5100	1	0
1170	-5100	1	0
1170	-5100	1	0
1170	-5100	1	0
1170	-5100	1	0
1170	-5100	1	0
1170	-5100	1	0
1170	-5100	1	0
1170	-5100	1	0
1170	-5100	1	0
1170	-5100	1	0
1170	-5100	1	0
1170	-5100	1	0
1170	-5100	1	0
1170	-5100	1	0
1170	-5100	1	0
1170	-5100	1	0
1170	-5100	1	0
1170	-5100	1	0
1170	-5100	1	0
1170	-5100	1	-0.000145367
1170	-5100	1	-0.000581417
1170	-5099.99	0.999999	-0.00130814
1170	-5099.98	0.999997	-0.00232561
1170	-5099.97	0.999993	-0.00363391
1170	-5099.96	0.999986	-0.00523311
1170	-5099.94	0.999975	-0.00712283
1170	-5099.92	0.999957	-0.00930269
1170	-5099.9	0.999931	-0.0117727
1170	-5099.87	0.999894	-0.014533
1170	-5099.85	0.999845	-0.0175832
1170	-5099.82	0.999781	-0.0209229
1170	-5099.79	0.999699	-0.0245521
1170	-5099.75	0.999595	-0.0284709
1170	-5099.72	0.999466	-0.032679
1169.99	-5099.68	0.999309	-0.0371757
1169.99	-5099.64	0.999114	-0.0420853
1169.99	-5099.59	0.998868	-0.0475658
1169.99	-5099.53	0.998555	-0.0537367
1169.98	-5099.47	0.998146	-0.0608622
1169.98	-5099.4	0.997596	-0.0692956
1169.97	-5099.31	0.99685	-0.0793128
1169.96	-5099.21	0.99585	-0.0910127
1169.95	-5099.1	0.994536	-0.104391
1169.94	-5098.97	0.992842	-0.119439
1169.92	-5098.82	0.990689	-0.136144
1169.9	-5098.67	0.987994	-0.154493
1169.87	-5098.49	0.984663	-0.174469
1169.83	-5098.31	0.980594	-0.196048
1169.79	-5098.11	0.97568	-0.219198
1169.74	-5097.89	0.972922	-0.231133
1169.69	-5097.67	0.972927	-0.231112
1169.63	-5097.42	0.972932	-0.231091
1169.57	-5097.17	0.972952	-0.231006
1169.51	-5096.9	0.972988	-0.230855
1169.44	-5096.61	0.973024	-0.230705
1169.37	-5096.32	0.973059	-0.230556
1169.29	-5096	0.973094	-0.230407
1169.22	-5095.68	0.973141	-0.230209
1169.14	-5095.34	0.973199	-0.229963
1169.06	-5095	0.973257	-0.22972
1168.98	-5094.66	0.973314	-0.229479
1168.9	-5094.32	0.973372	-0.22923
1168.82	-5093.97	0.973433	-0.228972
1168.73	-5093.63	0.973493	-0.228715
1168.65	-5093.28	0.973554	-0.228458
1168.57	-5092.92	0.973614	-0.228201
1168.49	-5092.57	0.973675	-0.227939
1168.4	-5092.21	0.973738	-0.227673
1168.32	-5091.85	0.9738	-0.227407
1168.23	-5091.49	0.973862	-0.227141
1168.15	-5091.13	0.973925	-0.226871
1168.06	-5090.76	0.973988	-0.226598
1167.98	-5090.39	0.974052	-0.226325
1167.89	-5090.02	0.974115	-0.226052
1167.8	-5089.65	0.974179	-0.225779
1167.72	-5089.27	0.974243	-0.225501
1167.63	-5088.89	0.974308	-0.225219
1167.54	-5088.51	0.974373	-0.224937
1167.45	-5088.13	0.974438	-0.224655
1167.37	-5087.74	0.974503	-0.224374
1167.28	-5087.36	0.974569	-0.224087
1167.19	-5086.97	0.974636	-0.223797
1167.1	-5086.58	0.974703	-0.223506
1167.01	-5086.18	0.974769	-0.223215
1166.92	-5085.79	0.974837	-0.222921
1166.82	-5085.39	0.974905	-0.222623
1166.73	-5084.99	0.974972	-0.222326
1166.64	-5084.58	0.97504	-0.222028
1166.55	-5084.18	0.975108	-0.22173
1166.46	-5083.77	0.975177	-0.221428
1166.36	-5083.36	0.975246	-0.221123
1166.27	-5082.95	0.975315	-0.220819
1166.18	-5082.53	0.975383	-0.220516
1166.08	-5082.12	0.975452	-0.220212
1165.99	-5081.7	0.97552	-0.219909
1165.89	-5081.27	0.975588	-0.21961
1165.8	-5080.85	0.975654	-0.219316
1165.7	-5080.42	0.975719	-0.219026
1165.61	-5080	0.975785	-0.218734
1165.51	-5079.57	0.975851	-0.218438
1165.41	-5079.13	0.975917	-0.218143
1165.31	-5078.7	0.975983	-0.217848
1165.22	-5078.26	0.976049	-0.217549
1165.12	-5077.82	0.976117	-0.217247
1165.02	-5077.38	0.976184	-0.216944
1164.92	-5076.93	0.976251	-0.216641
1164.82	-5076.47	0.976319	-0.216338
1164.72	-5076.01	0.976391	-0.216012
1164.61	-5075.55	0.976468	-0.215664
1164.51	-5075.07	0.976545	-0.215314
1164.4	-5074.59	0.976623	-0.21496
1164.3	-5074.1	0.976702	-0.214599
1164.19	-5073.6	0.976786	-0.214217
1164.08	-5073.09	0.976874	-0.213815
1163.96	-5072.58	0.976962	-0.213411
1163.85	-5072.05	0.97705	-0.213008
1163.73	-5071.52	0.977158	-0.212512
1163.61	-5070.97	0.977286	-0.211923
1163.49	-5070.42	0.977414	-0.211335
1163.37	-5069.86	0.977541	-0.210747
1163.25	-5069.29	0.977667	-0.210158
1163.13	-5068.71	0.977799	-0.209544
1163	-5068.12	0.977936	-0.208905
1162.87	-5067.52	0.978072	-0.208266
1162.74	-5066.92	0.978208	-0.207628
1162.61	-5066.3	0.978347	-0.20697
1162.48	-5065.67	0.97849	-0.206293
1162.34	-5065.03	0.978632	-0.205619
1162.21	-5064.39	0.978773	-0.20495
1162.07	-5063.73	0.978912	-0.204284
1161.93	-5063.06	0.979052	-0.203612
1161.79	-5062.39	0.979192	-0.202935
1161.65	-5061.7	0.979332	-0.202261
1161.51	-5061.01	0.97947	-0.20159
1161.36	-5060.3	0.979612	-0.2009
1161.22	-5059.58	0.979757	-0.200189
1161.07	-5058.86	0.979902	-0.199482
1160.92	-5058.12	0.980045	-0.198778
1160.77	-5057.37	0.980187	-0.198076
1160.61	-5056.61	0.980334	-0.197346
1160.46	-5055.84	0.980486	-0.196588
1160.3	-5055.05	0.980638	-0.195829
1160.14	-5054.25	0.980789	-0.195071
1159.98	-5053.44	0.980945	-0.194287
1159.82	-5052.62	0.981105	-0.193476
1159.65	-5051.78	0.981264	-0.192667
1159.49	-5050.93	0.981423	-0.191858
1159.32	-5050.07	0.98158	-0.19105
1159.15	-5049.2	0.981743	-0.190212
1158.98	-5048.31	0.981911	-0.189343
1158.8	-5047.42	0.982077	-0.188478
1158.63	-5046.51	0.982243	-0.187614
1158.45	-5045.58	0.982407	-0.186755
1158.28	-5044.65	0.982325	-0.187181
1158.09	-5043.7	0.981998	-0.188894
1157.91	-5042.74	0.981666	-0.190609
1157.72	-5041.76	0.98133	-0.19233
1157.52	-5040.78	0.980991	-0.194056
1157.33	-5039.78	0.98063	-0.19587
1157.12	-5038.77	0.980248	-0.197773
1156.92	-5037.75	0.97986	-0.199685
1156.71	-5036.72	0.979466	-0.20161
1156.49	-5035.67	0.979056	-0.203592
1156.27	-5034.61	0.978629	-0.205632
1156.04	-5033.54	0.978195	-0.207689
1155.81	-5032.46	0.977752	-0.209765
1155.58	-5031.37	0.9773	-0.211862
1155.34	-5030.26	0.976832	-0.214008
1155.09	-5029.15	0.97635	-0.216197
1154.84	-5028.02	0.975859	-0.218402
1154.58	-5026.88	0.975362	-0.220612
1154.32	-5025.72	0.974859	-0.222824
1154.05	-5024.56	0.974337	-0.225092
1153.78	-5023.38	0.973797	-0.227419
1153.5	-5022.19	0.97325	-0.229751
1153.22	-5020.99	0.972694	-0.232092
1152.93	-5019.78	0.972118	-0.234492
1152.63	-5018.56	0.971519	-0.236961
1152.33	-5017.32	0.970907	-0.239456
1152.02	-5016.08	0.970281	-0.241982
1151.7	-5014.82	0.969639	-0.24454
1151.38	-5013.55	0.968969	-0.247182
1151.05	-5012.27	0.968271	-0.249902
1150.72	-5010.97	0.96756	-0.252641
1150.38	-5009.67	0.966836	-0.255399
1150.03	-5008.34	0.966095	-0.258186
1149.67	-5007.01	0.965339	-0.260999
1149.3	-5005.67	0.96457	-0.263828
1148.93	-5004.31	0.963787	-0.266672
1148.55	-5002.94	0.962993	-0.269527
1148.16	-5001.55	0.962182	-0.272408
1147.76	-5000.16	0.961355	-0.275312
1147.36	-4998.75	0.960517	-0.278222
1146.94	-4997.33	0.959666	-0.281142
1146.52	-4995.9	0.958787	-0.284126
1146.09	-4994.45	0.957878	-0.287176
1145.61	-4992.85	0.956857	-0.290558
1145.2	-4991.53	0.956006	-0.293348
1144.75	-4990.05	0.955041	-0.296474
1144.28	-4988.55	0.954052	-0.29964
1143.76	-4986.9	0.952936	-0.303172
1143.32	-4985.53	0.952004	-0.306086
1142.83	-4984	0.95095	-0.309346
1142.33	-4982.46	0.949876	-0.312626
1141.81	-4980.91	0.948781	-0.315935
1141.29	-4979.35	0.947663	-0.319272
1140.76	-4977.78	0.946527	-0.322623
1140.22	-4976.19	0.945375	-0.325983
1139.66	-4974.6	0.94421	-0.329343
1139.1	-4972.99	0.943032	-0.332703
1138.53	-4971.37	0.941835	-0.336075
1137.94	-4969.74	0.940618	-0.339467
1137.35	-4968.1	0.939378	-0.342882
1136.74	-4966.45	0.938098	-0.34637
1136.12	-4964.79	0.936775	-0.349933
1135.5	-4963.11	0.935426	-0.353523
1134.86	-4961.43	0.934052	-0.357137
1134.21	-4959.74	0.932657	-0.360764
1133.48	-4957.86	0.931097	-0.364772
1132.87	-4956.32	0.929796	-0.368075
1132.19	-4954.59	0.928327	-0.371765
1131.49	-4952.86	0.926836	-0.375467
1130.71	-4950.94	0.9252	-0.379479
1130.06	-4949.36	0.923873	-0.382699
1129.32	-4947.6	0.922382	-0.386278
1128.58	-4945.82	0.920873	-0.389862
1127.82	-4944.04	0.918356	-0.395756
1127.04	-4942.25	0.914784	-0.403943
1126.15	-4940.27	0.910759	-0.412939
1125.41	-4938.64	0.907386	-0.420298
1124.48	-4936.65	0.903167	-0.429289
1123.7	-4935.02	0.89953	-0.436859
1122.71	-4933.02	0.894879	-0.446309
1121.89	-4931.38	0.890981	-0.454041
1120.85	-4929.37	0.886104	-0.463487
1119.98	-4927.72	0.882203	-0.470869
1119	-4925.88	0.878035	-0.478596
1117.98	-4924.04	0.873791	-0.486302
1116.95	-4922.2	0.86947	-0.493986
1115.89	-4920.35	0.865072	-0.501648
1114.7	-4918.32	0.860193	-0.509968
1113.71	-4916.65	0.856166	-0.516701
1112.58	-4914.8	0.851612	-0.524172
1111.43	-4912.94	0.846977	-0.53163
1110.25	-4911.08	0.842255	-0.53908
1109.05	-4909.22	0.837441	-0.546528
1107.83	-4907.36	0.832531	-0.553978
1106.58	-4905.5	0.82753	-0.561421
1105.31	-4903.64	0.822438	-0.568854
1104.01	-4901.78	0.817268	-0.576257
1102.69	-4899.92	0.812027	-0.58362
1101.34	-4898.06	0.806701	-0.59096
1099.83	-4896.01	0.80075	-0.598999
1098.57	-4894.34	0.795811	-0.605544
1097.15	-4892.49	0.790286	-0.612738
1095.7	-4890.63	0.784739	-0.619826
1094.23	-4888.78	0.779117	-0.626879
1092.73	-4886.93	0.773415	-0.633901
1091.05	-4884.9	0.767113	-0.641512
1089.65	-4883.24	0.76195	-0.647635
1087.92	-4881.22	0.75555	-0.655091
1086.47	-4879.56	0.750238	-0.661168
1084.85	-4877.73	0.744255	-0.667896
1083.2	-4875.9	0.738249	-0.674529
1081.35	-4873.9	0.731661	-0.681669
1079.82	-4872.26	0.726225	-0.687458
1078.09	-4870.45	0.720148	-0.69382
1076.33	-4868.64	0.714089	-0.700055
1074.37	-4866.66	0.707471	-0.706742
1072.75	-4865.04	0.702046	-0.712132
1070.74	-4863.07	0.695402	-0.718621
1069.07	-4861.47	0.689956	-0.723851
1067.19	-4859.69	0.684019	-0.729464
1065.29	-4857.92	0.678262	-0.73482
1063.17	-4855.97	0.67193	-0.740615
1061.41	-4854.39	0.666751	-0.74528
1059.24	-4852.46	0.660795	-0.750566
1057.44	-4850.88	0.656295	-0.754504
1055.22	-4848.96	0.650822	-0.75923
1053.39	-4847.4	0.646368	-0.763026
1051.32	-4845.66	0.641449	-0.767166
1049.24	-4843.93	0.636784	-0.771042
1047.14	-4842.2	0.632491	-0.774567
1045.02	-4840.48	0.628251	-0.77801
1042.88	-4838.75	0.624071	-0.781368
1040.72	-4837.04	0.620149	-0.784484
1038.32	-4835.15	0.616237	-0.787561
1036.34	-4833.6	0.613107	-0.79
1033.9	-4831.72	0.609376	-0.792882
1031.89	-4830.18	0.606398	-0.795161
1029.41	-4828.3	0.603037	-0.797713
1027.37	-4826.76	0.600543	-0.799592
1025.09	-4825.05	0.597848	-0.801609
1022.79	-4823.34	0.595217	-0.803565
1020.47	-4821.63	0.59262	-0.805482
1018.14	-4819.92	0.590063	-0.807358
1015.56	-4818.03	0.587301	-0.809369
1013.43	-4816.49	0.585036	-0.811007
1011.05	-4814.78	0.582516	-0.812819
1008.67	-4813.08	0.584314	-0.811528
1006.29	-4811.35	0.592552	-0.805532
1003.92	-4809.59	0.60073	-0.799452
1001.57	-4807.81	0.608844	-0.79329
999.232	-4806	0.616896	-0.787045
996.676	-4803.98	0.620526	-0.784186
994.582	-4802.33	0.618416	-0.785851
992.014	-4800.31	0.615831	-0.787878
989.907	-4798.67	0.613711	-0.789531
987.324	-4796.67	0.610729	-0.79184
985.203	-4795.04	0.607904	-0.79401
982.602	-4793.05	0.604442	-0.796649
980.467	-4791.44	0.6016	-0.798798
977.847	-4789.47	0.598112	-0.801413
975.696	-4787.87	0.595246	-0.803543
973.057	-4785.92	0.591736	-0.806132
970.889	-4784.34	0.588869	-0.808229
968.228	-4782.4	0.585384	-0.810756
966.042	-4780.83	0.583564	-0.812067
963.361	-4778.9	0.582908	-0.812538
960.918	-4777.15	0.582322	-0.812958
958.713	-4775.57	0.581807	-0.813327
956.257	-4773.82	0.581317	-0.813677
953.545	-4771.88	0.580906	-0.813971
951.319	-4770.29	0.580582	-0.814202
948.588	-4768.35	0.580196	-0.814477
946.095	-4766.57	0.579853	-0.814721
943.59	-4764.79	0.579598	-0.814903
941.326	-4763.18	0.579451	-0.815007
938.547	-4761.2	0.579291	-0.815121
936.01	-4759.4	0.579166	-0.81521
933.462	-4757.59	0.579998	-0.814618
931.163	-4755.95	0.581599	-0.813475
928.601	-4754.12	0.583381	-0.812199
925.777	-4752.08	0.585344	-0.810785
923.202	-4750.22	0.587143	-0.809484
920.88	-4748.53	0.589744	-0.807591
918.04	-4746.45	0.594414	-0.804159
915.457	-4744.53	0.598678	-0.80099
913.133	-4742.79	0.602529	-0.798097
910.551	-4740.83	0.606914	-0.794768
907.969	-4738.85	0.611445	-0.791287
905.389	-4736.84	0.61598	-0.787762
902.552	-4734.61	0.620961	-0.783842
899.975	-4732.56	0.625463	-0.780254
897.657	-4730.7	0.629574	-0.77694
894.826	-4728.39	0.634677	-0.772778
892.255	-4726.27	0.639237	-0.76901
889.944	-4724.34	0.643269	-0.76564
887.379	-4722.17	0.647692	-0.761902
884.56	-4719.77	0.652508	-0.757782
882	-4717.55	0.65683	-0.754039
879.444	-4715.31	0.661125	-0.750276
876.89	-4713.05	0.6654	-0.746487
874.34	-4710.77	0.669615	-0.742708
872.048	-4708.7	0.673356	-0.739319
869.25	-4706.13	0.677914	-0.735141
866.71	-4703.78	0.68206	-0.731296
864.175	-4701.41	0.686172	-0.72744
861.643	-4699.01	0.690256	-0.723565
859.116	-4696.59	0.694369	-0.719619
856.594	-4694.14	0.69851	-0.7156
854.077	-4691.67	0.70268	-0.711506
851.565	-4689.18	0.706831	-0.707382
849.059	-4686.66	0.710964	-0.703228
846.559	-4684.12	0.71512	-0.699001
844.065	-4681.56	0.719285	-0.694715
841.577	-4678.97	0.723383	-0.690447
839.096	-4676.36	0.727402	-0.686212
836.622	-4673.73	0.731395	-0.681955
834.401	-4671.33	0.734974	-0.678096
831.693	-4668.38	0.739341	-0.673331
829.24	-4665.68	0.743269	-0.668992
826.794	-4662.95	0.747169	-0.664634
824.356	-4660.19	0.75109	-0.6602
821.926	-4657.41	0.755022	-0.655699
819.504	-4654.61	0.758906	-0.651201
817.091	-4651.79	0.762739	-0.646706
814.686	-4648.94	0.766576	-0.642153
812.53	-4646.35	0.770029	-0.638009
809.904	-4643.17	0.774244	-0.632887
807.527	-4640.24	0.777933	-0.628348
805.159	-4637.3	0.781477	-0.623934
802.8	-4634.33	0.785009	-0.619485
800.45	-4631.34	0.788522	-0.615006
798.11	-4628.32	0.791958	-0.610576
795.778	-4625.28	0.79533	-0.606176
793.456	-4622.22	0.798713	-0.601713
791.144	-4619.14	0.802102	-0.597187
788.841	-4616.03	0.805355	-0.592793
786.548	-4612.9	0.808478	-0.588527
784.265	-4609.75	0.811619	-0.584188
781.991	-4606.58	0.814775	-0.579777
779.727	-4603.38	0.817937	-0.575307
777.473	-4600.16	0.820962	-0.570983
775.229	-4596.92	0.823852	-0.566806
772.994	-4593.66	0.826739	-0.562586
770.77	-4590.38	0.82962	-0.558328
768.555	-4587.07	0.832432	-0.554128
766.35	-4583.74	0.835176	-0.549983
764.154	-4580.4	0.837911	-0.545807
761.969	-4577.03	0.840636	-0.541601
759.794	-4573.64	0.843366	-0.537339
757.63	-4570.22	0.846207	-0.532855
755.477	-4566.79	0.849153	-0.528148
753.338	-4563.33	0.852105	-0.52337
751.212	-4559.85	0.855061	-0.518527
749.099	-4556.35	0.858024	-0.513609
747	-4552.82	0.860939	-0.508708
744.914	-4549.28	0.863809	-0.503819
742.843	-4545.71	0.866687	-0.498852
740.786	-4542.11	0.869557	-0.493833
738.744	-4538.5	0.87229	-0.488989
736.716	-4534.86	0.874902	-0.4843
734.701	-4531.2	0.877532	-0.479518
732.701	-4527.52	0.880167	-0.474663
730.715	-4523.82	0.882791	-0.469766
728.743	-4520.1	0.885205	-0.465201
726.785	-4516.35	0.88743	-0.460943
724.839	-4512.59	0.889678	-0.456589
722.906	-4508.8	0.89195	-0.452135
720.987	-4505	0.894238	-0.447593
719.081	-4501.17	0.896403	-0.443239
717.188	-4497.33	0.898437	-0.439102
715.308	-4493.46	0.900457	-0.434946
713.44	-4489.58	0.902455	-0.430785
711.585	-4485.67	0.904299	-0.4269
709.74	-4481.75	0.905984	-0.423313
707.906	-4477.81	0.907629	-0.419774
706.082	-4473.85	0.909227	-0.4163
704.268	-4469.87	0.910776	-0.4129
702.464	-4465.87	0.91208	-0.410013
700.666	-4461.86	0.913137	-0.407653
698.873	-4457.84	0.914136	-0.405408
697.085	-4453.79	0.915074	-0.403285
695.301	-4449.74	0.915823	-0.401583
693.518	-4445.67	0.91638	-0.40031
691.736	-4441.58	0.91687	-0.399185
689.954	-4437.48	0.917293	-0.398213
688.172	-4433.37	0.917646	-0.397399
686.388	-4429.25	0.917795	-0.397054
684.599	-4425.12	0.917737	-0.397188
682.804	-4420.97	0.917599	-0.397508
681.003	-4416.81	0.917378	-0.398017
679.195	-4412.65	0.917007	-0.398872
677.377	-4408.48	0.916486	-0.400067
675.548	-4404.29	0.915886	-0.401438
673.708	-4400.1	0.915218	-0.40296
671.856	-4395.9	0.914497	-0.404593
669.991	-4391.7	0.913808	-0.406147
668.115	-4387.48	0.913155	-0.407612
666.227	-4383.26	0.912459	-0.409168
664.327	-4379.03	0.911712	-0.410831
662.414	-4374.8	0.910921	-0.412581
660.488	-4370.55	0.910156	-0.414266
658.549	-4366.3	0.909412	-0.415897
656.597	-4362.04	0.908615	-0.417635
654.633	-4357.78	0.907763	-0.419484
652.654	-4353.5	0.906922	-0.421298
650.662	-4349.22	0.906095	-0.423075
648.656	-4344.94	0.905215	-0.424953
646.636	-4340.64	0.904289	-0.42692
644.602	-4336.34	0.903327	-0.428953
642.553	-4332.04	0.902318	-0.431071
640.488	-4327.73	0.901239	-0.433322
638.407	-4323.41	0.900076	-0.435732
636.309	-4319.09	0.898847	-0.438263
634.195	-4314.77	0.897589	-0.440834
632.064	-4310.45	0.895092	-0.445881
629.9	-4306.14	0.891292	-0.453431
627.699	-4301.85	0.887357	-0.461082
625.46	-4297.58	0.883252	-0.468898
623.184	-4293.33	0.878947	-0.47692
620.869	-4289.1	0.874428	-0.485155
618.514	-4284.89	0.869702	-0.493577
616.118	-4280.71	0.864788	-0.502136
613.681	-4276.55	0.859709	-0.510784
611.199	-4272.42	0.852068	-0.523431
608.645	-4268.33	0.841711	-0.539928
606.01	-4264.29	0.831012	-0.556254
603.298	-4260.31	0.819973	-0.572402
600.507	-4256.38	0.808587	-0.588377
597.64	-4252.5	0.796851	-0.604176
594.698	-4248.68	0.784788	-0.619765
591.68	-4244.92	0.772447	-0.635079
588.589	-4241.22	0.759897	-0.650043
585.427	-4237.58	0.747757	-0.663973
582.201	-4234	0.736076	-0.676898
578.913	-4230.47	0.724302	-0.689482
575.565	-4227	0.712437	-0.701736
572.158	-4223.59	0.700488	-0.713664
568.695	-4220.24	0.689339	-0.724439
565.184	-4216.93	0.679041	-0.7341
561.626	-4213.68	0.668754	-0.743484
558.024	-4210.48	0.65849	-0.75259
554.379	-4207.32	0.64898	-0.760805
550.697	-4204.21	0.640265	-0.768154
546.981	-4201.14	0.631642	-0.77526
543.23	-4198.11	0.62311	-0.782134
539.447	-4195.12	0.61467	-0.788784
535.633	-4192.18	0.606961	-0.794731
531.793	-4189.26	0.599978	-0.800017
527.927	-4186.39	0.593039	-0.805174
524.037	-4183.54	0.586093	-0.810244
520.123	-4180.73	0.579515	-0.814961
516.188	-4177.95	0.573308	-0.81934
512.232	-4175.2	0.567071	-0.823669
508.256	-4172.48	0.560808	-0.827946
504.259	-4169.79	0.554517	-0.832172
500.242	-4167.13	0.548751	-0.835986
496.209	-4164.5	0.543496	-0.839412
492.159	-4161.89	0.538176	-0.842832
488.093	-4159.31	0.532786	-0.84625
484.011	-4156.75	0.527612	-0.849485
479.913	-4154.22	0.522655	-0.852545
475.8	-4151.71	0.51763	-0.855604
471.67	-4149.23	0.512547	-0.858659
467.524	-4146.77	0.507399	-0.861711
463.362	-4144.33	0.502622	-0.864506
459.185	-4141.91	0.498215	-0.867053
454.994	-4139.51	0.493736	-0.869612
450.789	-4137.14	0.48918	-0.872183
446.571	-4134.78	0.484993	-0.874518
442.339	-4132.45	0.481177	-0.876624
438.096	-4130.13	0.477289	-0.878747
433.84	-4127.83	0.473342	-0.880879
429.571	-4125.54	0.469347	-0.883014
425.29	-4123.28	0.465624	-0.884983
420.996	-4121.03	0.462178	-0.886787
416.691	-4118.79	0.4587	-0.888591
412.374	-4116.57	0.455193	-0.890393
408.045	-4114.37	0.451671	-0.892184
403.706	-4112.18	0.448475	-0.893795
399.359	-4110	0.445655	-0.895205
395.006	-4107.84	0.44294	-0.896551
390.647	-4105.7	0.440361	-0.897821
386.282	-4103.56	0.438258	-0.898849
381.914	-4101.43	0.436648	-0.899632
377.542	-4099.32	0.435222	-0.900323
373.167	-4097.2	0.433966	-0.900929
368.79	-4095.1	0.432847	-0.901467
364.411	-4093	0.430377	-0.902649
360.024	-4090.92	0.426495	-0.90449
355.628	-4088.85	0.422605	-0.906314
351.224	-4086.81	0.418707	-0.908121
346.811	-4084.78	0.414803	-0.909911
342.391	-4082.78	0.410883	-0.911688
337.962	-4080.79	0.406921	-0.913463
333.525	-4078.82	0.402891	-0.915248
329.079	-4076.88	0.398947	-0.916974
324.626	-4074.95	0.395111	-0.918633
320.165	-4073.04	0.391255	-0.920282
315.696	-4071.15	0.387405	-0.92191
311.22	-4069.27	0.38359	-0.923504
306.739	-4067.42	0.38403	-0.923321
302.263	-4065.55	0.388711	-0.92136
297.798	-4063.65	0.393398	-0.919368
293.343	-4061.73	0.398075	-0.917353
288.898	-4059.79	0.402741	-0.915314
284.463	-4057.83	0.408019	-0.912973
280.042	-4055.84	0.413923	-0.910312
275.633	-4053.82	0.419876	-0.907582
271.238	-4051.78	0.425922	-0.90476
266.858	-4049.7	0.432059	-0.901845
262.492	-4047.59	0.438251	-0.898853
258.14	-4045.46	0.444454	-0.895802
253.805	-4043.29	0.450639	-0.892706
249.484	-4041.09	0.456792	-0.889573
245.179	-4038.87	0.462742	-0.886493
240.889	-4036.62	0.46849	-0.883469
236.614	-4034.33	0.474207	-0.880413
232.355	-4032.03	0.479905	-0.877321
228.11	-4029.69	0.485432	-0.874274
223.881	-4027.33	0.490791	-0.871277
219.666	-4024.94	0.496132	-0.868247
215.466	-4022.53	0.501454	-0.865185
211.282	-4020.09	0.506756	-0.862089
207.113	-4017.62	0.511745	-0.859137
202.958	-4015.14	0.516423	-0.856333
198.817	-4012.63	0.521086	-0.853504
194.69	-4010.1	0.525729	-0.850652
190.577	-4007.54	0.530058	-0.847961
186.477	-4004.97	0.53408	-0.845434
182.39	-4002.37	0.538089	-0.842888
178.315	-3999.76	0.542084	-0.840324
174.253	-3997.13	0.546064	-0.837744
170.204	-3994.48	0.549882	-0.835242
166.167	-3991.81	0.553543	-0.83282
162.142	-3989.13	0.557194	-0.830382
158.129	-3986.42	0.560834	-0.827928
154.128	-3983.7	0.564463	-0.825459
150.14	-3980.97	0.567795	-0.82317
146.162	-3978.21	0.570833	-0.821066
142.195	-3975.45	0.573863	-0.818951
138.239	-3972.67	0.576885	-0.816825
134.293	-3969.87	0.579615	-0.81489
130.356	-3967.06	0.582056	-0.813149
126.428	-3964.25	0.584492	-0.8114
122.509	-3961.41	0.586922	-0.809643
118.598	-3958.57	0.589347	-0.80788
114.697	-3955.72	0.591626	-0.806213
110.803	-3952.86	0.593759	-0.804643
106.917	-3949.98	0.595888	-0.803068
103.04	-3947.1	0.598017	-0.801483
99.1701	-3944.21	0.600162	-0.799879
95.3085	-3941.3	0.602191	-0.798352
91.4544	-3938.39	0.604109	-0.796902
87.6076	-3935.47	0.606047	-0.795429
83.7684	-3932.54	0.607991	-0.793944
79.9366	-3929.6	0.609793	-0.792561
76.1115	-3926.65	0.611449	-0.791284
72.2929	-3923.69	0.613075	-0.790025
68.4806	-3920.73	0.614652	-0.788798
64.6745	-3917.76	0.616192	-0.787596
60.8745	-3914.78	0.617575	-0.786512
57.0797	-3911.8	0.618818	-0.785535
53.2899	-3908.81	0.620058	-0.784556
49.5052	-3905.81	0.621297	-0.783575
45.7256	-3902.81	0.622534	-0.782592
41.951	-3899.8	0.623629	-0.781721
38.1806	-3896.79	0.624567	-0.780971
34.414	-3893.78	0.625469	-0.780249
30.6513	-3890.76	0.626331	-0.779558
26.892	-3887.74	0.627032	-0.778994
23.1355	-3884.71	0.627593	-0.778542
19.3815	-3881.68	0.628154	-0.778089
15.63	-3878.65	0.628714	-0.777636
11.881	-3875.62	0.629274	-0.777183
8.13513	-3872.58	0.63078	-0.775962
4.39784	-3869.54	0.633227	-0.773966
0.670505	-3866.48	0.63567	-0.771961
-3.04683	-3863.41	0.638117	-0.769939
-6.75406	-3860.33	0.640575	-0.767896
-10.4511	-3857.24	0.643033	-0.765839
-14.1379	-3854.14	0.645485	-0.763773
-17.8144	-3851.02	0.64793	-0.7617
-21.4806	-3847.89	0.650368	-0.759619
-25.1308	-3844.75	0.662108	-0.749408
-28.7074	-3841.52	0.682764	-0.730639
-32.1938	-3838.18	0.702858	-0.71133
-35.5874	-3834.76	0.722327	-0.691552
-38.8935	-3831.24	0.731481	-0.681861
-42.185	-3827.71	0.730753	-0.682642
-45.48	-3824.19	0.729943	-0.683508
-48.7792	-3820.67	0.72902	-0.684493
-52.083	-3817.15	0.727956	-0.685624
-55.3924	-3813.65	0.72677	-0.68688
-58.7076	-3810.14	0.725534	-0.688186
-62.0288	-3806.65	0.724328	-0.689456
-65.3557	-3803.16	0.723211	-0.690627
-68.6888	-3799.67	0.720772	-0.693172
-72.0383	-3796.2	0.717018	-0.697054
-75.406	-3792.76	0.713382	-0.700775
-79.1305	-3788.98	0.709471	-0.704735
-82.193	-3785.91	0.706304	-0.707909
-85.6106	-3782.51	0.704102	-0.710099
-89.0345	-3779.12	0.703202	-0.71099
-92.4624	-3775.73	0.702259	-0.711921
-95.8945	-3772.35	0.701273	-0.712892
-99.331	-3768.97	0.700477	-0.713675
-102.77	-3765.6	0.699858	-0.714282
-106.212	-3762.23	0.699172	-0.714954
-109.657	-3758.86	0.698424	-0.715684
-113.106	-3755.5	0.697627	-0.716461
-116.558	-3752.14	0.696791	-0.717275
-120.013	-3748.79	0.695919	-0.71812
-123.473	-3745.44	0.695011	-0.719
-126.936	-3742.1	0.694064	-0.719913
-130.404	-3738.76	0.693087	-0.720854
-133.876	-3735.42	0.692096	-0.721805
-137.352	-3732.09	0.691097	-0.722762
-140.832	-3728.77	0.690066	-0.723747
-144.317	-3725.45	0.688981	-0.72478
-147.807	-3722.14	0.687968	-0.725741
-151.3	-3718.83	0.687049	-0.726611
-154.798	-3715.52	0.686122	-0.727486
-158.299	-3712.23	0.685194	-0.728361
-161.805	-3708.93	0.684265	-0.729234
-165.315	-3705.64	0.683335	-0.730105
-168.829	-3702.36	0.682403	-0.730976
-172.348	-3699.07	0.68147	-0.731846
-175.872	-3695.8	0.680536	-0.732715
-179.401	-3692.52	0.6796	-0.733583
-182.937	-3689.25	0.678665	-0.734448
-186.479	-3685.98	0.67773	-0.735311
-190.027	-3682.71	0.676794	-0.736173
-193.582	-3679.45	0.675855	-0.737034
-197.144	-3676.18	0.675044	-0.737778
-200.712	-3672.92	0.674359	-0.738404
-204.288	-3669.66	0.673664	-0.739038
-207.871	-3666.39	0.672947	-0.739691
-211.462	-3663.13	0.672202	-0.740368
-215.059	-3659.87	0.671555	-0.740955
-218.664	-3656.6	0.671006	-0.741452
-222.275	-3653.34	0.670441	-0.741963
-225.892	-3650.07	0.669872	-0.742476
-229.516	-3646.8	0.669303	-0.742989
-233.147	-3643.53	0.668734	-0.743502
-236.784	-3640.26	0.668163	-0.744015
-240.428	-3636.99	0.66759	-0.744529
-244.078	-3633.72	0.667015	-0.745044
-247.735	-3630.45	0.66644	-0.745559
-251.398	-3627.18	0.665865	-0.746073
-255.435	-3623.58	0.665228	-0.746641
-258.745	-3620.63	0.66469	-0.747119
-262.428	-3617.36	0.664195	-0.74756
-266.117	-3614.08	0.663792	-0.747917
-269.812	-3610.8	0.663347	-0.748312
-273.513	-3607.52	0.662859	-0.748744
-277.22	-3604.24	0.662326	-0.749216
-280.934	-3600.96	0.661758	-0.749717
-284.654	-3597.68	0.66117	-0.750236
-288.381	-3594.4	0.660563	-0.750771
-292.115	-3591.11	0.659926	-0.751331
-295.855	-3587.83	0.659253	-0.751922
-299.603	-3584.55	0.658544	-0.752542
-303.358	-3581.26	0.657814	-0.75318
-307.12	-3577.98	0.657063	-0.753835
-310.889	-3574.7	0.656291	-0.754508
-314.665	-3571.42	0.655628	-0.755084
-318.449	-3568.13	0.655076	-0.755563
-322.239	-3564.85	0.654509	-0.756054
-326.035	-3561.57	0.653938	-0.756548
-329.838	-3558.28	0.653364	-0.757044
-333.647	-3554.99	0.652791	-0.757538
-337.463	-3551.71	0.652223	-0.758027
-341.286	-3548.42	0.651669	-0.758504
-345.115	-3545.13	0.651139	-0.758959
-348.95	-3541.84	0.65065	-0.759378
-352.791	-3538.56	0.650376	-0.759612
-356.636	-3535.26	0.65034	-0.759644
-360.871	-3531.64	0.650451	-0.759548
-364.339	-3528.67	0.650697	-0.759338
-368.195	-3525.36	0.651234	-0.758877
-372.051	-3522.05	0.65213	-0.758108
-375.907	-3518.73	0.653225	-0.757164
-380.148	-3515.06	0.654612	-0.755965
-383.616	-3512.06	0.655895	-0.754852
-387.468	-3508.71	0.657434	-0.753512
-391.315	-3505.34	0.659041	-0.752107
-395.16	-3501.97	0.660665	-0.750681
-399.002	-3498.58	0.662286	-0.749251
-402.841	-3495.18	0.661542	-0.749909
-406.698	-3491.8	0.657184	-0.75373
-410.577	-3488.43	0.652693	-0.757622
-414.874	-3484.75	0.647552	-0.762021
-418.411	-3481.76	0.643174	-0.76572
-422.366	-3478.45	0.637505	-0.770447
-426.352	-3475.18	0.631026	-0.775762
-430.37	-3471.93	0.624339	-0.781154
-434.42	-3468.72	0.617471	-0.786593
-438.502	-3465.54	0.610579	-0.791955
-442.616	-3462.39	0.603688	-0.797221
-447.177	-3458.96	0.595975	-0.803003
-450.938	-3456.19	0.589564	-0.807721
-455.569	-3452.84	0.581634	-0.813451
-459.386	-3450.13	0.575182	-0.818025
-464.085	-3446.85	0.567385	-0.823452
-467.956	-3444.2	0.560956	-0.827846
-472.287	-3441.29	0.553768	-0.832671
-476.646	-3438.41	0.546536	-0.837435
-481.035	-3435.57	0.539712	-0.84185
-485.45	-3432.75	0.533286	-0.845935
-489.891	-3429.97	0.526774	-0.850005
-494.358	-3427.22	0.520185	-0.854054
-499.301	-3424.24	0.513357	-0.858175
-503.818	-3421.55	0.507643	-0.861568
-507.904	-3419.16	0.502477	-0.864591
-512.464	-3416.52	0.496713	-0.867915
-517.047	-3413.91	0.490924	-0.871202
-521.651	-3411.34	0.485438	-0.874271
-526.275	-3408.78	0.480261	-0.877126
-530.919	-3406.25	0.475073	-0.879946
-535.582	-3403.75	0.469882	-0.882729
-540.264	-3401.27	0.465101	-0.885258
-545.434	-3398.57	0.46053	-0.887644
-549.678	-3396.38	0.456796	-0.889572
-554.883	-3393.72	0.452225	-0.891904
-559.156	-3391.56	0.448474	-0.893796
-564.396	-3388.94	0.444223	-0.895916
-568.697	-3386.82	0.441076	-0.89747
-573.488	-3384.47	0.43757	-0.899184
-578.293	-3382.15	0.434055	-0.900886
-583.594	-3379.6	0.430177	-0.902744
-587.944	-3377.54	0.427351	-0.904086
-592.789	-3375.25	0.424519	-0.905419
-597.645	-3372.98	0.421685	-0.906742
-603	-3370.5	0.418611	-0.908165
-607.881	-3368.26	0.415932	-0.909396
-612.773	-3366.03	0.413781	-0.910376
-617.183	-3364.03	0.41234	-0.91103
-622.583	-3361.59	0.410822	-0.911715
-627.5	-3359.38	0.40968	-0.91223
-631.931	-3357.39	0.409231	-0.912431
-636.86	-3355.18	0.409246	-0.912424
-642.286	-3352.74	0.409507	-0.912307
-646.727	-3350.75	0.409884	-0.912138
-652.155	-3348.31	0.410488	-0.911866
-656.594	-3346.31	0.411179	-0.911555
-662.016	-3343.86	0.412255	-0.911069
-666.45	-3341.85	0.413135	-0.91067
-671.865	-3339.39	0.41421	-0.910181
-676.293	-3337.37	0.415089	-0.909781
-681.702	-3334.9	0.416345	-0.909207
-686.614	-3332.65	0.417684	-0.908593
-691.523	-3330.39	0.419036	-0.90797
-695.937	-3328.35	0.420302	-0.907384
-701.328	-3325.85	0.421968	-0.906611
-705.734	-3323.79	0.42343	-0.905929
-711.114	-3321.27	0.425306	-0.90505
-715.511	-3319.2	0.42689	-0.904304
-720.88	-3316.66	0.428895	-0.903354
-725.269	-3314.58	0.430602	-0.902542
-730.627	-3312.01	0.432749	-0.901515
-735.008	-3309.91	0.434535	-0.900655
-740.357	-3307.32	0.436737	-0.899589
-745.215	-3304.96	0.438738	-0.898615
-750.07	-3302.58	0.440742	-0.897634
-754.92	-3300.19	0.442762	-0.896639
-759.766	-3297.79	0.444794	-0.895633
-764.124	-3295.63	0.446619	-0.894724
-769.445	-3292.96	0.448818	-0.893623
-774.278	-3290.53	0.45305	-0.891485
-779.096	-3288.06	0.459473	-0.888192
-783.419	-3285.81	0.46519	-0.885211
-788.683	-3283.02	0.472187	-0.881499
-792.975	-3280.71	0.477967	-0.878378
-798.201	-3277.84	0.485302	-0.874347
-802.459	-3275.46	0.491556	-0.870846
-807.642	-3272.51	0.499299	-0.86643
-811.864	-3270.07	0.505686	-0.862718
-817.001	-3267.03	0.513493	-0.858094
-821.648	-3264.23	0.520362	-0.853945
-826.274	-3261.39	0.526955	-0.849893
-830.419	-3258.8	0.532753	-0.846271
-835.464	-3255.6	0.539636	-0.841898
-840.028	-3252.66	0.545701	-0.83798
-844.573	-3249.68	0.551119	-0.834427
-848.649	-3246.98	0.555468	-0.831538
-853.613	-3243.64	0.560737	-0.827994
-857.66	-3240.89	0.565031	-0.82507
-862.588	-3237.5	0.569771	-0.821803
-866.607	-3234.7	0.573157	-0.819446
-871.506	-3231.26	0.57728	-0.816546
-875.501	-3228.43	0.580643	-0.814158
-880.37	-3224.94	0.58474	-0.811221
-884.342	-3222.07	0.587953	-0.808895
-889.183	-3218.53	0.591674	-0.806177
-893.132	-3215.63	0.59471	-0.803941
-897.946	-3212.05	0.598408	-0.801191
-902.309	-3208.78	0.601601	-0.798797
-906.66	-3205.49	0.604626	-0.796509
-911	-3202.19	0.607643	-0.794211
-915.328	-3198.87	0.610651	-0.7919
-919.645	-3195.53	0.61365	-0.789578
-923.951	-3192.17	0.616166	-0.787616
-927.819	-3189.14	0.617998	-0.78618
-932.538	-3185.42	0.620233	-0.784418
-936.392	-3182.37	0.622057	-0.782972
-941.095	-3178.62	0.623649	-0.781704
-944.939	-3175.55	0.624328	-0.781162
-949.636	-3171.8	0.625158	-0.780498
-953.476	-3168.72	0.625836	-0.779955
-958.168	-3164.95	0.626664	-0.779289
-962.431	-3161.52	0.627258	-0.778811
-966.692	-3158.09	0.627694	-0.77846
-970.527	-3154.99	0.628086	-0.778144
-975.213	-3151.21	0.628567	-0.777756
-979.047	-3148.11	0.628977	-0.777424
-983.731	-3144.32	0.629248	-0.777204
-987.99	-3140.87	0.629308	-0.777156
-992.25	-3137.42	0.629554	-0.776957
-996.509	-3133.97	0.629989	-0.776604
-1000.77	-3130.51	0.630607	-0.776103
-1004.6	-3127.4	0.631284	-0.775552
-1009.28	-3123.58	0.632204	-0.774802
-1013.1	-3120.46	0.632991	-0.77416
-1017.77	-3116.64	0.633975	-0.773354
-1021.58	-3113.51	0.634841	-0.772643
-1026.24	-3109.68	0.636043	-0.771653
-1030.05	-3106.54	0.637164	-0.770728
-1034.69	-3102.69	0.63869	-0.769464
-1038.48	-3099.54	0.640031	-0.768349
-1043.11	-3095.67	0.648256	-0.761423
-1046.84	-3092.45	0.661302	-0.75012
-1051.32	-3088.43	0.677118	-0.735874
-1054.93	-3085.07	0.689923	-0.723883
-1059.25	-3080.87	0.705376	-0.708834
-1063.11	-3076.98	0.719541	-0.69445
-1066.88	-3073	0.73377	-0.679398
-1070.2	-3069.36	0.746303	-0.665606
-1074.17	-3064.83	0.76125	-0.648459
-1077.68	-3060.63	0.77415	-0.633002
-1081.12	-3056.37	0.786404	-0.617713
-1084.13	-3052.47	0.797153	-0.603778
-1087.73	-3047.64	0.809909	-0.586555
-1090.59	-3043.63	0.820014	-0.572343
-1093.99	-3038.66	0.830948	-0.55635
-1097.01	-3034.09	0.839459	-0.543423
-1099.96	-3029.48	0.847649	-0.530558
-1102.83	-3024.83	0.855514	-0.517779
-1105.64	-3020.13	0.863059	-0.505102
-1108.37	-3015.39	0.869737	-0.493515
-1111.05	-3010.62	0.875594	-0.483049
-1113.41	-3006.3	0.880653	-0.473762
-1116.23	-3000.99	0.886574	-0.462586
-1118.49	-2996.61	0.890872	-0.454254
-1121.2	-2991.24	0.895404	-0.445255
-1123.38	-2986.83	0.898995	-0.437958
-1125.99	-2981.41	0.903284	-0.429044
-1128.09	-2976.96	0.906726	-0.42172
-1130.6	-2971.5	0.910366	-0.413804
-1132.85	-2966.52	0.913092	-0.407754
-1135.07	-2961.53	0.915778	-0.401685
-1137.03	-2957.02	0.91816	-0.396209
-1139.4	-2951.5	0.921028	-0.389496
-1141.3	-2946.96	0.923092	-0.384579
-1143.6	-2941.41	0.92521	-0.379456
-1145.66	-2936.36	0.92711	-0.37479
-1147.69	-2931.29	0.928987	-0.370113
-1149.7	-2926.22	0.930692	-0.365803
-1151.69	-2921.14	0.932233	-0.361859
-1153.66	-2916.05	0.933756	-0.35791
-1155.6	-2910.95	0.935264	-0.353952
-1157.33	-2906.35	0.936609	-0.350376
-1159.43	-2900.73	0.937759	-0.347288
-1161.13	-2896.13	0.938234	-0.346002
-1163.2	-2890.5	0.938849	-0.344328
-1164.89	-2885.89	0.939378	-0.342883
-1166.94	-2880.26	0.939912	-0.341417
-1168.61	-2875.64	0.940236	-0.340523
-1170.65	-2870.01	0.940665	-0.339336
-1172.31	-2865.39	0.94105	-0.338268
-1174.34	-2859.75	0.94157	-0.336816
-1175.98	-2855.14	0.941982	-0.335664
-1177.99	-2849.49	0.942433	-0.334394
-1179.63	-2844.87	0.942809	-0.333333
-1181.62	-2839.23	0.943258	-0.33206
-1183.43	-2834.09	0.943647	-0.330954
-1185.23	-2828.95	0.943812	-0.330483
-1187.03	-2823.82	0.943773	-0.330594
-1188.82	-2818.68	0.943766	-0.330614
-1190.44	-2814.06	0.943807	-0.330497
-1192.42	-2808.41	0.943862	-0.330341
-1194.22	-2803.28	0.943903	-0.330223
-1196.01	-2798.14	0.943997	-0.329954
-1197.63	-2793.53	0.944124	-0.329591
-1199.6	-2787.88	0.944338	-0.328977
-1201.38	-2782.74	0.944525	-0.328439
-1203.17	-2777.61	0.944693	-0.327956
-1204.95	-2772.48	0.944887	-0.327397
-1206.73	-2767.34	0.945087	-0.326819
-1208.49	-2762.21	0.94768	-0.319221
-1210.2	-2757.05	0.952496	-0.304551
-1211.82	-2751.86	0.957083	-0.289814
-1213.36	-2746.66	0.961442	-0.275009
-1214.68	-2741.95	0.965169	-0.261628
-1216.2	-2736.17	0.969645	-0.244518
-1217.49	-2730.9	0.973627	-0.228144
-1218.7	-2725.61	0.977333	-0.211706
-1219.7	-2720.83	0.980431	-0.196861
-1220.83	-2714.96	0.983912	-0.178656
-1221.68	-2710.15	0.98639	-0.164423
-1222.62	-2704.26	0.988978	-0.148065
-1223.39	-2698.89	0.991095	-0.13316
-1224.08	-2693.5	0.992987	-0.118225
-1224.69	-2688.11	0.994558	-0.104182
-1225.23	-2682.71	0.995847	-0.0910388
-1225.69	-2677.31	0.996963	-0.0778805
-1226.09	-2671.9	0.997904	-0.0647093
-1226.41	-2666.49	0.998671	-0.0515294
-1226.66	-2661.07	0.999212	-0.0396838
-1226.85	-2655.65	0.999574	-0.0291778
-1226.99	-2650.23	0.999826	-0.0186727
-1227.06	-2645.36	0.999958	-0.0092168
-1227.09	-2639.4	0.999997	0.00233576
-1227.05	-2633.98	0.999928	0.0120328
-1226.97	-2628.56	0.999782	0.0208985
-1226.85	-2623.68	0.999585	0.0288153
-1226.66	-2617.73	0.999263	0.0383751
-1226.43	-2612.32	0.998936	0.0461162
-1226.17	-2606.91	0.998601	0.0528685
-1225.87	-2601.5	0.998235	0.0593896
-1225.53	-2596.1	0.997842	0.0656597
-1225.16	-2590.7	0.997429	0.0716668
-1224.76	-2585.3	0.997091	0.076221
-1224.34	-2579.91	0.996848	0.0793306
-1223.91	-2574.51	0.996615	0.0822052
-1223.46	-2569.12	0.996391	0.0848805
-1222.99	-2563.73	0.996224	0.0868234
-1222.57	-2558.89	0.996121	0.0879885
-1222.04	-2552.96	0.995995	0.0894056
-1221.6	-2548.11	0.995891	0.0905648
-1221.06	-2542.19	0.995761	0.0919815
-1220.61	-2537.35	0.995623	0.0934592
-1220.05	-2531.43	0.995405	0.0957517
-1219.53	-2526.05	0.995204	0.0978202
-1219	-2520.68	0.995004	0.0998326
-1218.45	-2515.3	0.994911	0.100753
-1217.91	-2509.93	0.994929	0.100579
-1217.42	-2505.09	0.994951	0.100364
-1216.83	-2499.18	0.994982	0.100059
-1216.34	-2494.35	0.99501	0.0997722
-1215.75	-2488.44	0.995091	0.0989618
-1215.22	-2483.07	0.995214	0.0977233
-1214.69	-2477.7	0.995342	0.0964054
-1214.18	-2472.33	0.995478	0.0949911
-1213.67	-2466.95	0.995621	0.0934784
-1213.17	-2461.58	0.995789	0.0916757
-1212.68	-2456.21	0.995979	0.0895864
-1212.2	-2450.84	0.996173	0.0874019
-1211.73	-2445.47	0.996372	0.0851057
-1211.28	-2440.1	0.996576	0.0826829
-1210.84	-2434.73	0.996784	0.0801333
-1210.41	-2429.35	0.996995	0.0774688
-1210	-2423.98	0.997206	0.0746994
-1209.6	-2418.61	0.997416	0.071845
-1209.22	-2413.23	0.997621	0.0689316
-1208.86	-2407.86	0.997822	0.0659626
-1208.51	-2402.48	0.998018	0.0629312
-1208.18	-2397.11	0.998208	0.059832
-1207.86	-2391.73	0.998393	0.0566634
-1207.56	-2386.36	0.998571	0.0534324
-1207.28	-2380.98	0.998742	0.0501439
-1207.02	-2375.61	0.998904	0.046798
-1206.78	-2370.23	0.999058	0.043401
-1206.55	-2364.86	0.999193	0.0401699
-1206.34	-2359.48	0.999311	0.0371185
-1206.15	-2354.11	0.99942	0.0340465
-1205.97	-2348.73	0.999521	0.0309561
-1205.81	-2343.36	0.999612	0.0278594
-1205.67	-2337.98	0.999688	0.0249708
-1205.54	-2332.61	0.999751	0.0223103
-1205.42	-2327.24	0.999806	0.0196887
-1205.32	-2321.86	0.999854	0.0171045
-1205.24	-2316.49	0.999891	0.0147625
-1205.16	-2311.12	0.99992	0.0126655
-1205.1	-2305.75	0.999944	0.0106193
-1205.05	-2300.37	0.999963	0.00864413
-1205	-2295	0.999977	0.00677049
-1204.97	-2289.64	0.999986	0.00522957
-1204.95	-2284.27	0.999992	0.00404676
-1204.93	-2278.9	0.999995	0.00303625
-1204.91	-2273.53	0.999998	0.00220972
-1204.9	-2268.17	0.999999	0.00157725
-1204.89	-2262.8	0.999999	0.00134085
-1204.89	-2257.43	0.999999	0.00149706
-1204.88	-2252.07	0.999998	0.00183344
-1204.87	-2246.71	0.999997	0.00232016
-1204.85	-2241.34	0.999995	0.00309652
-1204.83	-2235.98	0.999992	0.0040981
-1204.81	-2230.62	0.999987	0.00509968
-1204.78	-2225.26	0.999981	0.00610125
-1204.75	-2219.9	0.999975	0.00710282
-1204.71	-2214.54	0.999969	0.00790552
-1204.66	-2209.18	0.999964	0.00850937
-1204.62	-2203.83	0.999958	0.00911321
-1204.55	-2197.4	0.999952	0.00983782
-1204.5	-2192.04	0.999948	0.0102431
-1204.45	-2186.69	0.999945	0.0104497
-1204.39	-2181.34	0.999943	0.0106564
-1204.33	-2175.98	0.999941	0.0108631
-1204.27	-2170.63	0.999939	0.0110699
-1204.21	-2165.28	0.999936	0.0112765
-1204.15	-2159.93	0.999934	0.011483
-1204.09	-2154.58	0.999932	0.0116691
-1204.03	-2149.23	0.999931	0.0117744
-1203.97	-2143.88	0.999931	0.0117539
-1203.9	-2138.53	0.999933	0.0116141
-1203.84	-2133.18	0.999935	0.011379
-1203.78	-2127.84	0.999939	0.0110701
-1203.72	-2122.49	0.999943	0.0107025
-1203.67	-2117.15	0.999947	0.0102795
-1203.61	-2111.8	0.999952	0.00979612
-1203.56	-2106.45	0.999957	0.00924561
-1203.51	-2101.11	0.999963	0.00862254
-1203.47	-2095.76	0.999969	0.00792059
-1203.43	-2090.41	0.999975	0.00713295
-1203.39	-2085.06	0.99998	0.00624922
-1203.36	-2079.71	0.999986	0.00525417
-1203.33	-2074.36	0.999991	0.00414449
-1203.31	-2069.01	0.999996	0.00292902
-1203.3	-2063.66	0.999999	0.00161452
-1203.3	-2058.3	1	0.000202279
-1203.3	-2052.95	0.999999	-0.00130968
-1203.31	-2047.59	0.999996	-0.00291654
-1203.31	-2042.23	0.999897	0.0143551
-1203.16	-2036.87	0.998725	0.0504847
-1202.81	-2031.52	0.996255	0.0864612
-1202.27	-2026.17	0.9925	0.122245
-1201.53	-2020.84	0.98747	0.157804
-1200.62	-2015.54	0.984701	0.174255
-1199.69	-2010.24	0.985137	0.171768
-1198.77	-2004.93	0.985567	0.169283
-1197.86	-1999.63	0.985982	0.166851
-1196.97	-1994.32	0.986853	0.161619
-1196.12	-1989	0.988125	0.153649
-1195.31	-1983.67	0.989298	0.14591
-1194.54	-1978.34	0.990373	0.138421
-1193.81	-1973.01	0.991357	0.131193
-1193.12	-1967.67	0.992278	0.124031
-1192.47	-1962.32	0.99314	0.116934
-1191.85	-1956.98	0.993922	0.110084
-1191.28	-1951.63	0.994637	0.103429
-1190.73	-1946.27	0.995279	0.0970529
-1190.22	-1940.92	0.995862	0.0908731
-1189.75	-1935.56	0.996411	0.0846496
-1189.31	-1930.2	0.996929	0.0783136
-1188.9	-1924.83	0.997418	0.0718214
-1188.53	-1919.47	0.997836	0.0657486
-1188.18	-1914.1	0.998193	0.0600961
-1187.87	-1908.74	0.998525	0.0542866
-1187.6	-1903.37	0.998831	0.0483368
-1187.35	-1898	0.999098	0.0424618
-1187.13	-1892.63	0.999327	0.036689
-1186.95	-1887.26	0.999524	0.0308471
-1186.79	-1881.89	0.999689	0.0249534
-1186.67	-1876.52	0.999819	0.019018
-1186.58	-1871.14	0.99991	0.0134335
-1186.52	-1865.77	0.999966	0.00819039
-1186.49	-1860.39	0.999996	0.00288237
-1186.49	-1855.01	0.999997	-0.00249574
-1186.51	-1849.64	0.999972	-0.00753168
-1186.56	-1844.26	0.999926	-0.0121999
-1186.64	-1838.88	0.999858	-0.0168753
-1186.74	-1833.5	0.999768	-0.0215205
-1186.86	-1828.12	0.99966	-0.0260858
-1187.01	-1822.74	0.999551	-0.0299471
-1187.18	-1817.36	0.999453	-0.0330742
-1187.37	-1811.97	0.999351	-0.0360239
-1187.57	-1806.59	0.999248	-0.0387691
-1187.78	-1801.21	0.999147	-0.0412874
-1188.01	-1795.83	0.999068	-0.0431755
-1188.24	-1790.44	0.999012	-0.0444437
-1188.48	-1785.06	0.998964	-0.0455173
-1188.73	-1779.68	0.99892	-0.046462
-1188.98	-1774.29	0.998887	-0.047163
-1189.24	-1768.9	0.998863	-0.0476631
-1189.5	-1763.52	0.998839	-0.0481631
-1189.76	-1758.13	0.998815	-0.0486632
-1190.02	-1752.74	0.998791	-0.0491633
-1190.29	-1747.35	0.998786	-0.0492636
-1190.55	-1741.96	0.998801	-0.0489638
-1190.82	-1736.57	0.998815	-0.0486641
-1191.08	-1731.18	0.99883	-0.0483645
-1191.34	-1725.79	0.998844	-0.0480647
-1191.6	-1720.39	0.998859	-0.0477647
-1191.86	-1715	0.998873	-0.0474648
-1192.11	-1709.6	0.998887	-0.0471648
-1192.37	-1704.2	0.998901	-0.0468649
-1192.62	-1698.8	0.998925	-0.0463643
-1192.87	-1693.41	0.998957	-0.0456633
-1193.11	-1688.01	0.998989	-0.0449622
-1193.35	-1682.6	0.99902	-0.044261
-1193.59	-1677.2	0.999051	-0.0435595
-1193.83	-1671.8	0.999081	-0.0428577
-1194.06	-1666.39	0.999111	-0.0421559
-1194.28	-1660.99	0.99914	-0.0414541
-1194.51	-1655.58	0.999169	-0.0407522
-1194.73	-1650.17	0.999198	-0.04005
-1194.94	-1644.76	0.999226	-0.0393489
-1195.15	-1639.35	0.999252	-0.0386631
-1195.36	-1633.94	0.999277	-0.0380181
-1195.56	-1628.53	0.999299	-0.0374257
-1195.77	-1623.12	0.99932	-0.036876
-1195.96	-1617.7	0.999339	-0.0363484
-1196.16	-1612.29	0.999358	-0.0358273
-1196.35	-1606.87	0.999376	-0.0353077
-1196.54	-1601.45	0.999395	-0.0347745
-1196.73	-1596.04	0.999415	-0.0342053
-1196.92	-1590.62	0.999435	-0.0335966
-1197.1	-1585.2	0.999456	-0.0329706
-1197.27	-1579.77	0.999477	-0.0323446
-1197.45	-1574.35	0.999503	-0.0315169
-1197.62	-1568.93	0.999535	-0.0304875
-1197.78	-1563.5	0.999566	-0.029458
-1197.94	-1558.08	0.999596	-0.0284284
-1198.09	-1552.65	0.999625	-0.0273984
-1198.24	-1547.22	0.999652	-0.02637
-1198.38	-1541.8	0.999679	-0.025347
-1198.51	-1536.37	0.999704	-0.0243372
-1198.64	-1530.94	0.999727	-0.0233463
-1198.77	-1525.5	0.99975	-0.0223772
-1198.89	-1520.07	0.99977	-0.0214432
-1199	-1514.64	0.999789	-0.0205588
-1199.11	-1509.2	0.999805	-0.0197226
-1199.22	-1503.77	0.999817	-0.0191206
-1199.32	-1498.33	0.999824	-0.0187461
-1199.42	-1492.89	0.999831	-0.018399
-1199.52	-1487.45	0.999836	-0.0180931
-1199.62	-1482.01	0.999841	-0.0178354
-1199.71	-1476.57	0.999845	-0.0176117
-1199.81	-1471.13	0.999848	-0.0174082
-1199.9	-1465.69	0.999852	-0.0172131
-1200	-1460.25	0.999855	-0.0170202
-1200.09	-1454.8	0.999862	-0.0166247
-1200.18	-1449.36	0.999872	-0.0160282
-1200.27	-1443.91	0.999881	-0.0154332
-1200.35	-1438.46	0.99989	-0.0148383
-1200.43	-1433.01	0.999899	-0.0142435
-1200.5	-1427.56	0.999907	-0.0136482
-1200.58	-1422.11	0.999915	-0.0130524
-1200.65	-1416.66	0.999922	-0.0124567
-1200.71	-1411.21	0.99993	-0.0118611
-1200.78	-1405.75	0.999934	-0.0114679
-1200.84	-1400.29	0.999936	-0.0112771
-1200.9	-1394.83	0.999939	-0.0110866
-1200.96	-1389.37	0.999941	-0.0108963
-1201.02	-1383.9	0.999943	-0.0107064
-1201.08	-1378.43	0.999945	-0.0105157
-1201.14	-1372.96	0.999947	-0.0103244
-1201.19	-1367.48	0.999949	-0.0101334
-1201.25	-1362	0.999951	-0.00994263
-1201.3	-1356.52	0.999952	-0.00975137
-1201.35	-1351.04	0.999954	-0.00955958
-1201.41	-1345.56	0.999956	-0.00936809
-1201.46	-1340.07	0.999958	-0.0091769
-1201.51	-1334.58	0.99996	-0.00898598
-1201.56	-1329.08	0.999961	-0.00879434
-1201.6	-1323.58	0.999963	-0.00860197
-1201.65	-1318.09	0.999965	-0.00840987
-1201.7	-1312.58	0.999966	-0.00821808
-1201.74	-1307.08	0.999968	-0.00802659
-1201.78	-1301.57	0.999966	-0.00824516
-1201.83	-1296.06	0.999961	-0.00887384
-1201.88	-1290.55	0.999955	-0.00950289
-1201.94	-1285.03	0.999949	-0.0101323
-1201.99	-1279.51	0.999946	-0.0103504
-1202.05	-1273.99	0.999948	-0.010157
-1202.11	-1268.47	0.99995	-0.00996384
-1202.16	-1262.94	0.999952	-0.00977098
-1202.21	-1257.41	0.999954	-0.00957842
-1202.27	-1251.88	0.999956	-0.00938518
-1202.32	-1246.35	0.999958	-0.00919121
-1202.37	-1240.81	0.99996	-0.0089975
-1202.42	-1235.27	0.999961	-0.00880762
-1202.47	-1229.73	0.999963	-0.00862711
-1202.51	-1224.19	0.999964	-0.00846728
-1202.56	-1218.64	0.999965	-0.00834342
-1202.61	-1213.09	0.999966	-0.00826721
-1202.65	-1207.54	0.999966	-0.0082407
-1202.7	-1201.99	0.999966	-0.00823822
-1202.74	-1196.43	0.999966	-0.00823688
-1202.79	-1190.87	0.999966	-0.00823593
-1202.83	-1185.31	0.999966	-0.00823536
-1202.88	-1179.75	0.999966	-0.00823517
-1202.93	-1174.18	0.999966	-0.0082344
-1202.97	-1168.61	0.999966	-0.00823307
-1203.02	-1163.04	0.999966	-0.00823059
-1203.06	-1157.47	0.999966	-0.00821979
-1203.11	-1151.89	0.999966	-0.00819786
-1203.16	-1146.31	0.999967	-0.00817192
-1203.2	-1140.73	0.999967	-0.00814629
-1203.25	-1135.15	0.999967	-0.00812096
-1203.29	-1129.56	0.999967	-0.0080959
-1203.34	-1123.98	0.999969	-0.00786157
-1203.38	-1118.39	0.999972	-0.00741793
-1203.42	-1112.81	0.999976	-0.00697437
-1203.46	-1107.23	0.999979	-0.00653081
-1203.49	-1101.64	0.999981	-0.00608732
-1203.53	-1096.06	0.999984	-0.00564383
-1203.56	-1090.48	0.999986	-0.00520022
-1203.59	-1084.9	0.999989	-0.0047565
-1203.61	-1079.32	0.999991	-0.00429318
-1203.63	-1073.74	0.999993	-0.00378621
-1203.65	-1068.16	0.999995	-0.0032264
-1203.67	-1062.58	0.999997	-0.00259587
-1203.68	-1057.01	0.999998	-0.00187726
-1203.69	-1051.43	0.999999	-0.00130178
-1203.7	-1045.86	1	-0.000913443
-1203.7	-1040.28	1	-0.000523009
-1203.7	-1034.71	1	-0.000132499
-1203.7	-1029.14	1	0.00025805
-1203.7	-1023.57	1	0.000648294
-1203.7	-1018	0.999999	0.00103621
-1203.69	-1012.43	0.999999	0.00141856
-1203.68	-1006.86	0.999998	0.00179026
-1203.67	-1001.29	0.999998	0.00215464
-1203.66	-995.726	0.999997	0.00251574
-1203.64	-990.16	0.999996	0.00286669
-1203.63	-984.595	0.999995	0.00319628
-1203.61	-979.031	0.999994	0.00349222
-1203.59	-973.468	0.999993	0.00376134
-1203.57	-967.906	0.999992	0.00402154
-1203.54	-962.345	0.999991	0.00428029
-1203.52	-956.784	0.99999	0.00453915
-1203.49	-951.225	0.999978	0.00665738
-1203.45	-945.667	0.999943	0.0106348
-1203.38	-940.109	0.999893	0.014612
-1203.29	-934.553	0.999827	0.018589
-1203.18	-928.998	0.999745	0.0225727
-1203.04	-923.444	0.999699	0.0245176
-1202.91	-917.891	0.999701	0.02447
-1202.77	-912.34	0.999699	0.024542
-1202.64	-906.789	0.999694	0.0247317
-1202.5	-901.239	0.999688	0.0249931
-1202.34	-895.135	0.999686	0.0250547
-1202.22	-890.141	0.999689	0.0249355
-1202.08	-884.594	0.999692	0.024803
-1201.94	-879.047	0.999696	0.0246706
-1201.81	-873.501	0.999704	0.0243311
-1201.67	-867.957	0.999717	0.023781
-1201.54	-862.412	0.999731	0.0232136
-1201.42	-856.869	0.999744	0.0226062
-1201.29	-851.327	0.999759	0.0219515
-1201.17	-845.785	0.999774	0.021262
-1201.06	-840.244	0.999789	0.0205479
-1200.94	-834.704	0.999804	0.0198109
-1200.84	-829.165	0.999819	0.0190481
-1200.73	-823.626	0.999833	0.0182697
-1200.63	-818.088	0.999847	0.0174894
-1200.54	-812.551	0.99986	0.0167094
-1200.45	-807.015	0.999873	0.0159294
-1200.36	-801.48	0.999885	0.0151496
-1200.28	-795.945	0.999897	0.0143699
-1200.2	-790.411	0.999908	0.0135903
-1200.13	-784.878	0.999918	0.012811
-1200.06	-779.346	0.999928	0.0120353
-1199.99	-773.815	0.999936	0.011284
-1199.93	-768.284	0.999944	0.0105871
-1199.87	-762.754	0.99995	0.00995363
-1199.82	-757.225	0.999956	0.00936039
-1199.77	-751.697	0.999961	0.00877734
-1199.72	-746.17	0.999966	0.00819432
-1199.68	-740.644	0.999971	0.00760779
-1199.64	-735.118	0.999975	0.00700074
-1199.6	-729.593	0.99998	0.00635241
-1199.57	-724.07	0.999984	0.00565151
-1199.54	-718.547	0.999988	0.00489453
-1199.51	-713.024	0.999991	0.00429673
-1199.49	-707.503	0.999993	0.00386877
-1199.47	-701.982	0.999994	0.00341158
-1199.45	-696.463	0.999996	0.00294233
-1199.44	-690.944	0.999997	0.00247317
-1199.42	-685.426	0.999998	0.00200407
-1199.41	-679.357	0.999999	0.00150029
-1199.41	-674.393	0.999999	0.0011505
-1199.4	-668.877	1	0.000871034
-1199.4	-663.363	1	0.00068953
-1199.39	-657.849	1	0.000551477
-1199.39	-652.336	1	0.000420022
-1199.39	-646.273	1	0.000260911
-1199.39	-641.313	1	9.31026e-05
-1199.39	-635.803	1	-0.000156302
-1199.39	-630.293	1	-0.000274863
-1199.39	-624.784	1	-0.000243392
-1199.39	-619.277	1	-0.00024713
-1199.39	-613.77	1	-0.00027349
-1199.39	-608.264	1	-0.000306487
-1199.4	-602.759	1	-0.00032392
-1199.4	-597.254	1	-0.000277305
-1199.4	-591.751	1	-0.000128417
-1199.4	-586.248	1	0.000106073
-1199.4	-580.746	1	0.000375161
-1199.39	-575.245	1	0.000647149
-1199.39	-569.745	1	0.000919137
-1199.39	-564.246	0.999999	0.00119112
-1199.38	-558.747	0.999999	0.00144755
-1199.37	-553.25	0.999999	0.00165556
-1199.36	-547.753	0.999998	0.00179404
-1199.35	-542.257	0.999998	0.00186469
-1199.34	-536.762	0.999998	0.00189066
-1199.33	-531.268	0.999998	0.00189608
-1199.32	-525.774	0.999998	0.00189234
-1199.31	-520.282	0.999998	0.00188651
-1199.3	-514.79	0.999998	0.00188776
-1199.29	-509.299	0.999998	0.0019393
-1199.28	-503.809	0.999998	0.00187811
-1199.27	-498.32	0.999999	0.00169211
-1199.26	-492.832	0.999999	0.00154078
-1199.25	-487.344	0.999999	0.001393
-1199.24	-481.857	0.999999	0.0012332
-1199.22	-476.37	0.999863	0.0165457
-1199.06	-470.885	0.998881	0.0472905
-1198.74	-465.406	0.99696	0.0779155
-1198.24	-459.938	0.994108	0.108396
-1197.59	-454.485	0.99239	0.123132
-1196.92	-449.036	0.992504	0.122215
-1196.25	-443.587	0.992618	0.121287
-1195.59	-438.138	0.992724	0.12041
-1194.93	-432.689	0.992816	0.119651
-1194.28	-427.24	0.993156	0.116798
-1193.65	-421.789	0.99373	0.111802
-1193.04	-416.335	0.994278	0.106824
-1192.47	-410.88	0.994802	0.101832
-1191.92	-405.422	0.995327	0.0965606
-1191.4	-399.962	0.995857	0.0909323
-1190.92	-394.499	0.996371	0.085122
-1190.46	-389.035	0.996864	0.0791381
-1190.04	-383.568	0.997331	0.0730171
-1189.66	-378.1	0.997751	0.0670315
-1189.3	-372.63	0.998123	0.0612477
-1188.98	-367.158	0.998457	0.0555261
-1188.66	-361.139	0.998779	0.0494014
-1188.42	-356.213	0.999006	0.0445759
-1188.19	-350.739	0.999207	0.0398072
-1187.98	-345.265	0.999367	0.0355833
-1187.8	-339.79	0.999508	0.0313745
-1187.63	-334.316	0.999634	0.0270546
-1187.5	-328.841	0.999741	0.0227716
-1187.38	-323.367	0.999829	0.0185182
-1187.29	-317.893	0.9999	0.0141286
-1187.22	-312.419	0.999954	0.00963331
-1187.18	-306.946	0.999987	0.00511046
-1187.16	-301.473	0.999999	0.00104005
-1187.16	-296.001	0.999997	-0.00248835
-1187.18	-290.529	0.999983	-0.00581955
-1187.22	-285.059	0.99996	-0.00895354
-1187.28	-279.589	0.999929	-0.0119444
-1187.35	-274.12	0.999895	-0.0144701
-1187.43	-268.651	0.999862	-0.0165927
-1187.53	-263.184	0.999823	-0.0187926
-1187.64	-257.717	0.999776	-0.0211591
-1187.76	-252.252	0.999727	-0.0233528
-1187.89	-246.787	0.999683	-0.0251593
-1188.03	-241.323	0.999636	-0.0269875
-1188.18	-235.861	0.999585	-0.0288001
-1188.34	-230.399	0.999532	-0.030592
-1188.51	-224.938	0.999482	-0.0321752
-1188.69	-219.478	0.999437	-0.0335548
-1188.88	-214.019	0.999389	-0.0349393
-1189.07	-208.561	0.999339	-0.0363536
-1189.27	-203.104	0.99929	-0.0376755
-1189.48	-197.648	0.999246	-0.0388372
-1189.7	-192.192	0.999196	-0.0400822
-1189.92	-186.738	0.999143	-0.0414034
-1190.15	-181.284	0.999084	-0.0428022
-1190.38	-175.832	0.999027	-0.0441004
-1190.63	-170.381	0.998974	-0.0452893
-1190.88	-164.93	0.998914	-0.0465833
-1191.13	-159.481	0.998848	-0.0479791
-1191.4	-154.032	0.998776	-0.0494686
-1191.67	-148.585	0.998705	-0.0508749
-1191.95	-143.139	0.998642	-0.0520902
-1192.24	-137.693	0.998577	-0.0533241
-1192.53	-132.249	0.99851	-0.0545675
-1192.83	-126.806	0.99845	-0.055661
-1193.14	-121.364	0.998402	-0.0565174
-1193.45	-115.922	0.998353	-0.0573668
-1193.76	-110.482	0.998306	-0.0581878
-1194.08	-105.042	0.99826	-0.0589707
-1194.4	-99.6037	0.998224	-0.0595728
-1194.73	-94.1659	0.998203	-0.0599288
-1195.06	-88.7289	0.998181	-0.0602846
-1195.39	-83.2926	0.99816	-0.0606346
-1195.75	-77.3137	0.998151	-0.0607828
-1196.05	-72.4224	0.99816	-0.0606271
-1196.38	-66.9882	0.99818	-0.0602973
-1196.7	-61.5545	0.998213	-0.0597484
-1197.03	-56.1212	0.998261	-0.0589559
-1197.35	-50.6883	0.998321	-0.0579178
-1197.66	-45.2558	0.998394	-0.0566541
-1197.96	-39.8234	0.998474	-0.0552151
-1198.26	-34.3913	0.998558	-0.0536871
-1198.55	-28.9594	0.998648	-0.0519813
-1198.83	-23.5276	0.998748	-0.050034
-1199.1	-18.0959	0.998843	-0.0480866
-1199.35	-12.6644	0.998935	-0.0461307
-1199.6	-7.23297	0.999026	-0.0441245
-1199.83	-1.80175	0.999117	-0.0420028
-1200.06	3.62933	0.99921	-0.0397385
-1200.27	9.0603	0.999302	-0.0373685
-1200.47	14.4911	0.999389	-0.0349582
-1200.65	19.9217	0.99947	-0.0325417
-1200.82	25.3521	0.999545	-0.0301493
-1200.98	30.7823	0.999613	-0.0278196
-1201.13	36.2121	0.999673	-0.0255557
-1201.26	41.6416	0.999728	-0.0233253
-1201.38	47.0707	0.999774	-0.0212607
-1201.5	52.4994	0.999811	-0.0194383
-1201.6	57.9277	0.999845	-0.0176161
-1201.69	63.3553	0.999875	-0.0157938
-1201.77	68.7824	0.9999	-0.014133
-1201.84	74.209	0.999919	-0.0127144
-1201.91	79.6351	0.999936	-0.0112958
-1201.97	85.0606	0.999951	-0.00987732
-1202.02	90.4855	0.999964	-0.00845887
-1202.06	95.9096	0.999975	-0.0070408
-1202.1	101.333	0.999984	-0.00562324
-1202.12	106.756	0.999991	-0.00420571
-1202.14	112.179	0.999996	-0.00278821
-1202.16	117.6	0.999999	-0.00137078
-1202.16	123.021	1	-0.000114707
-1202.16	128.442	1	0.000899362
-1202.15	133.862	0.999998	0.00191335
-1202.14	139.281	0.999996	0.0029273
-1202.12	144.699	0.999992	0.00394105
-1202.1	150.117	0.999988	0.0049545
-1202.07	155.534	0.999982	0.0059679
-1202.03	161.492	0.999975	0.00708259
-1201.99	166.367	0.999968	0.00799454
-1201.94	172.323	0.99996	0.00890775
-1201.89	177.738	0.999955	0.00952521
-1201.85	182.61	0.999949	0.0100954
-1201.79	188.023	0.999942	0.0107471
-1201.72	193.977	0.999934	0.0114853
-1201.66	199.389	0.999926	0.0121725
-1201.59	204.8	0.999917	0.0128645
-1201.52	210.211	0.999908	0.0135649
-1201.45	215.621	0.999898	0.014279
-1201.37	221.03	0.99989	0.014799
-1201.29	226.439	0.999886	0.0151194
-1201.21	231.847	0.999881	0.0154398
-1201.12	237.254	0.999876	0.0157587
-1201.04	242.661	0.999871	0.0160657
-1200.95	248.067	0.999866	0.0163505
-1200.86	253.473	0.999862	0.0166081
-1200.77	258.878	0.999858	0.0168283
-1200.68	264.282	0.999855	0.0170076
-1200.59	269.686	0.999853	0.0171441
-1200.49	275.089	0.999852	0.0172327
-1200.4	280.492	0.999851	0.017281
-1200.31	285.894	0.99985	0.0173036
-1200.21	291.295	0.99985	0.0173174
-1200.12	296.696	0.999853	0.0171307
-1200.03	302.096	0.99986	0.016742
-1199.94	307.497	0.999866	0.0163469
-1199.85	312.897	0.999873	0.0159418
-1199.77	318.298	0.999883	0.0153244
-1199.68	323.699	0.999895	0.0144912
-1199.61	329.1	0.999907	0.0136427
-1199.54	334.502	0.999918	0.012781
-1199.47	339.904	0.999929	0.0119025
-1199.41	345.307	0.999937	0.0111987
-1199.35	350.71	0.999943	0.010656
-1199.29	356.113	0.999949	0.0100655
-1199.24	361.517	0.999956	0.0094292
-1199.19	366.921	0.999962	0.00874708
-1199.14	372.325	0.999968	0.00801907
-1199.1	377.73	0.999974	0.00725696
-1199.06	383.135	0.999979	0.00647756
-1199.03	388.54	0.999984	0.00568091
-1199	393.946	0.999988	0.00485908
-1198.98	399.352	0.999992	0.00401005
-1198.96	404.758	0.999995	0.00313039
-1198.94	410.165	0.999998	0.00221323
-1198.93	415.572	0.999999	0.00125856
-1198.93	420.979	1	0.000271775
-1198.93	426.387	1	-0.000740721
-1198.93	431.795	0.999998	-0.00177202
-1198.95	437.203	0.999996	-0.00282209
-1198.96	442.612	0.999992	-0.00389093
-1198.99	448.02	0.999989	-0.00477776
-1199.01	453.43	0.999985	-0.00547614
-1199.04	458.839	0.999981	-0.00617655
-1199.08	464.249	0.999976	-0.00687504
-1199.12	469.659	0.999971	-0.00756472
-1199.16	475.069	0.999966	-0.0082441
-1199.21	480.48	0.99996	-0.00892004
-1199.26	485.891	0.999954	-0.00959601
-1199.31	491.302	0.999947	-0.010272
-1199.37	496.713	0.999942	-0.0107471
-1199.43	502.125	0.999939	-0.0110212
-1199.49	507.537	0.999936	-0.0112954
-1199.55	512.949	0.999933	-0.0115696
-1199.61	518.361	0.99993	-0.0118439
-1199.68	523.774	0.999927	-0.0121181
-1199.74	529.187	0.999923	-0.0123923
-1199.81	534.601	0.99992	-0.0126666
-1199.88	540.014	0.999916	-0.0129409
-1199.95	545.428	0.999915	-0.0130142
-1200.02	550.843	0.999917	-0.0128864
-1200.09	556.257	0.999919	-0.0127586
-1200.16	561.672	0.99992	-0.0126308
-1200.23	567.088	0.999922	-0.0125031
-1200.29	572.503	0.999923	-0.0123753
-1200.36	577.919	0.999925	-0.0122495
-1200.43	583.335	0.999926	-0.0121291
-1200.49	588.752	0.999928	-0.0120136
-1200.56	594.169	0.999929	-0.0119031
-1200.62	599.586	0.99993	-0.0117995
-1200.68	605.003	0.999932	-0.0116993
-1200.75	610.421	0.999933	-0.0115991
-1200.81	615.839	0.999934	-0.0114989
-1200.87	621.258	0.999935	-0.0113987
-1200.93	626.676	0.999936	-0.0112985
-1200.99	632.095	0.999937	-0.0111982
-1201.06	637.515	0.999938	-0.011098
-1201.12	642.934	0.99994	-0.0109979
-1201.17	648.354	0.999941	-0.0108977
-1201.23	653.774	0.999942	-0.0107974
-1201.29	659.195	0.999943	-0.0106971
-1201.35	664.616	0.999944	-0.0105969
-1201.41	670.037	0.999945	-0.0104966
-1201.46	675.458	0.999946	-0.0103963
-1201.52	680.88	0.999947	-0.010296
-1201.58	686.302	0.999948	-0.0101958
-1201.63	691.724	0.999949	-0.0100956
-1201.68	697.147	0.99995	-0.00999528
-1201.74	702.57	0.999951	-0.00989492
-1201.79	707.994	0.999952	-0.0097946
-1201.85	713.417	0.999953	-0.00969431
-1201.9	718.841	0.999954	-0.00959407
-1201.95	724.266	0.999955	-0.00949375
-1202	729.69	0.999956	-0.00939335
-1202.05	735.115	0.999957	-0.00929299
-1202.1	740.54	0.999958	-0.00919266
-1202.15	745.966	0.999959	-0.00909238
-1202.2	751.392	0.99996	-0.00899202
-1202.25	756.818	0.99996	-0.00889158
-1202.3	762.244	0.999961	-0.00879118
-1202.34	767.671	0.999962	-0.00869082
-1202.39	773.098	0.999963	-0.0085905
-1202.44	778.525	0.999964	-0.0084901
-1202.48	783.953	0.999965	-0.00838963
-1202.53	789.381	0.999966	-0.00828423
-1202.57	794.809	0.999967	-0.00816701
-1202.62	800.237	0.999968	-0.00802747
-1202.66	805.666	0.999969	-0.00784677
-1202.7	811.095	0.999971	-0.00759772
-1202.74	816.525	0.999974	-0.00722732
-1202.78	821.955	0.999978	-0.00667218
-1202.82	827.385	0.999983	-0.00588649
-1202.85	832.815	0.999988	-0.00489941
-1202.87	838.246	0.999993	-0.00383352
-1202.89	843.677	0.999996	-0.00276907
-1202.9	849.109	0.999999	-0.00171648
-1202.91	854.54	1	-0.000679114
-1202.91	859.972	1	0.000349481
-1202.91	865.405	0.999999	0.00138155
-1202.9	870.837	0.999997	0.0024513
-1202.88	876.27	0.999994	0.00359643
-1202.86	881.704	0.999988	0.00482895
-1202.83	887.137	0.999981	0.00615926
-1202.79	892.571	0.999971	0.00761309
-1202.75	898.005	0.999958	0.00921917
-1202.69	903.439	0.999942	0.0107811
-1202.63	908.874	0.999925	0.0122815
-1202.56	914.309	0.999903	0.0138946
-1202.48	919.744	0.999879	0.0155796
-1202.4	925.179	0.999851	0.017289
-1202.3	930.614	0.999823	0.0188034
-1202.19	936.05	0.999797	0.0201669
-1202.08	941.485	0.999766	0.0216158
-1201.96	946.921	0.999733	0.0231128
-1201.83	952.357	0.999697	0.0246169
-1201.69	957.793	0.999659	0.0261294
-1201.55	963.229	0.999617	0.0276658
-1201.39	968.665	0.999572	0.0292468
-1201.23	974.101	0.999522	0.0308999
-1201.06	979.538	0.999454	0.033041
-1200.87	984.974	0.999364	0.0356603
-1200.67	990.41	0.999265	0.0383379
-1200.46	995.846	0.999157	0.0410581
-1200.23	1001.28	0.99904	0.0437985
-1199.99	1006.72	0.998916	0.0465424
-1199.73	1012.15	0.998785	0.0492862
-1199.45	1017.59	0.998646	0.0520298
-1199.16	1023.02	0.998499	0.0547731
-1198.86	1028.45	0.998345	0.0575162
-1198.54	1033.89	0.998195	0.0600557
-1198.21	1039.32	0.998054	0.0623604
-1197.86	1044.75	0.997915	0.0645464
-1197.51	1050.18	0.997784	0.0665324
-1197.14	1055.62	0.997666	0.0682789
-1196.77	1061.05	0.997577	0.06957
-1196.39	1066.48	0.997518	0.0704059
-1196	1071.91	0.997477	0.0709969
-1195.61	1077.34	0.99745	0.0713687
-1195.22	1082.77	0.99745	0.0713725
-1194.84	1088.2	0.99747	0.0710904
-1194.45	1093.64	0.997491	0.0707895
-1194.07	1099.07	0.997513	0.0704886
-1193.68	1104.5	0.997532	0.0702065
-1193.3	1109.94	0.997562	0.0697824
-1192.92	1115.37	0.9976	0.0692365
-1192.55	1120.81	0.997634	0.0687555
-1192.17	1126.24	0.997663	0.0683242
-1191.8	1131.68	0.99769	0.0679256
-1191.43	1137.11	0.997716	0.0675443
-1191.06	1142.55	0.997741	0.0671852
-1190.7	1147.99	0.997762	0.0668638
-1190.33	1153.43	0.99778	0.0665921
-1189.97	1158.87	0.997797	0.0663478
-1189.61	1164.3	0.997417	0.0718342
-1189.19	1169.74	0.996546	0.0830431
-1188.71	1175.17	0.995549	0.0942418
-1188.17	1180.6	0.994427	0.105429
-1187.58	1186.02	0.993832	0.110897
-1186.98	1191.44	0.993859	0.110654
-1186.37	1196.86	0.993886	0.110412
-1185.77	1202.28	0.993913	0.11017
-1185.17	1207.7	0.99394	0.109926
-1184.57	1213.12	0.994059	0.108842
-1183.98	1218.54	0.994276	0.106838
-1183.4	1223.97	0.994508	0.104657
-1182.84	1229.4	0.994751	0.102324
-1182.29	1234.82	0.994994	0.0999324
-1181.75	1240.25	0.995252	0.097335
-1181.22	1245.69	0.995522	0.0945353
-1180.71	1251.12	0.995783	0.0917348
-1180.22	1256.55	0.99604	0.0889081
-1179.74	1261.99	0.996297	0.0859808
-1179.27	1267.43	0.996557	0.0829133
-1178.83	1272.87	0.996816	0.0797385
-1178.4	1278.31	0.997069	0.0765117
-1177.99	1283.76	0.997312	0.0732775
-1177.6	1289.2	0.997527	0.0702796
-1177.22	1294.65	0.997715	0.0675579
-1176.86	1300.1	0.997891	0.0649064
-1176.51	1305.55	0.998058	0.0622937
-1176.17	1311	0.998217	0.0596905
-1175.85	1316.45	0.998359	0.0572628
-1175.54	1321.9	0.998488	0.0549748
-1175.25	1327.36	0.998615	0.0526093
-1174.97	1332.81	0.998741	0.0501677
-1174.7	1338.27	0.998854	0.0478539
-1174.44	1343.73	0.998957	0.0456564
-1174.2	1349.18	0.99906	0.0433574
-1173.97	1354.64	0.99916	0.0409767
-1173.75	1360.1	0.999256	0.0385768
-1173.54	1365.56	0.999336	0.0364417
-1173.35	1371.03	0.999399	0.0346538
-1173.16	1376.49	0.999454	0.0330534
-1172.98	1381.95	0.9995	0.0316216
-1172.81	1387.41	0.999535	0.0304926
-1172.65	1392.88	0.999562	0.0295941
-1172.49	1398.34	0.999588	0.0286955
-1172.33	1403.81	0.999614	0.0277969
-1172.18	1409.27	0.999639	0.0268778
-1172.04	1414.74	0.99966	0.0260895
-1171.9	1420.2	0.999678	0.0253941
-1171.76	1425.67	0.999698	0.0245883
-1171.63	1431.14	0.999719	0.023686
-1171.5	1436.61	0.999742	0.0227252
-1171.38	1442.07	0.999759	0.0219588
-1171.26	1447.54	0.99977	0.0214409
-1171.14	1453.01	0.999779	0.0210389
-1171.03	1458.48	0.999784	0.0207818
-1170.91	1463.95	0.999787	0.0206351
-1170.8	1469.42	0.999789	0.0205329
-1170.69	1474.89	0.999791	0.0204336
-1170.58	1480.36	0.999793	0.0203344
-1170.47	1485.83	0.999795	0.0202351
-1170.36	1491.3	0.999797	0.0201359
-1170.25	1496.78	0.999815	0.0192222
-1170.15	1502.25	0.999847	0.0174939
-1170.05	1507.72	0.999876	0.0157655
-1169.97	1513.19	0.999902	0.0140321
-1169.9	1518.67	0.999925	0.0122658
-1169.84	1524.14	0.999946	0.0104268
-1169.78	1529.62	0.999964	0.00850657
-1169.74	1535.09	0.999979	0.00652425
-1169.71	1540.57	0.99999	0.00449478
-1169.69	1546.04	0.999997	0.0026201
-1169.68	1551.52	1	0.000885179
-1169.68	1556.99	1	-0.000927413
-1169.69	1562.47	0.999996	-0.00280264
-1169.71	1567.95	0.999989	-0.00469544
-1169.74	1573.43	0.99998	-0.00634657
-1169.77	1578.9	0.99997	-0.0076869
-1169.82	1584.38	0.999961	-0.00886454
-1169.87	1589.86	0.999951	-0.00988496
-1169.93	1595.34	0.999942	-0.0108158
-1169.99	1600.82	0.999931	-0.0117242
-1170.05	1606.3	0.99992	-0.0126307
-1170.12	1611.78	0.999909	-0.0134937
-1170.2	1617.26	0.999899	-0.0142223
-1170.28	1622.74	0.999891	-0.0147769
-1170.36	1628.22	0.999888	-0.0149977
-1170.44	1633.7	0.999889	-0.0149265
-1170.52	1639.18	0.999891	-0.0147841
-1170.6	1644.66	0.999893	-0.0146035
-1170.68	1650.14	0.999896	-0.0144164
-1170.76	1655.62	0.999902	-0.0140146
-1170.84	1661.1	0.999911	-0.0133395
-1170.91	1666.59	0.999921	-0.012545
-1170.98	1672.07	0.999932	-0.0116652
-1171.04	1677.55	0.999942	-0.0107542
-1171.09	1683.04	0.99996	-0.00896631
-1171.14	1688.52	0.999981	-0.00623865
-1171.17	1694.01	0.999994	-0.0033634
-1171.18	1699.49	1	-0.000342582
-1171.17	1704.98	0.999996	0.0027894
-1171.15	1710.46	0.999982	0.00597387
-1171.11	1715.95	0.999958	0.00916699
-1171.05	1721.44	0.999924	0.0123586
-1170.98	1726.92	0.999879	0.0155327
-1170.89	1732.41	0.999826	0.0186689
-1170.78	1737.9	0.999763	0.0217763
-1170.65	1743.38	0.999691	0.0248765
-1170.51	1748.87	0.999609	0.0279782
-1170.35	1754.36	0.999516	0.0310952
-1170.17	1759.84	0.99942	0.0340449
-1169.98	1765.33	0.999321	0.0368321
-1169.77	1770.81	0.999214	0.0396398
-1169.55	1776.3	0.999099	0.0424417
-1169.31	1781.78	0.998978	0.0451883
-1169.05	1787.27	0.998877	0.0473879
-1168.79	1792.75	0.9988	0.0489764
-1168.52	1798.24	0.998732	0.0503346
-1168.24	1803.72	0.998675	0.0514556
-1167.95	1809.21	0.998629	0.0523442
-1167.66	1814.69	0.998604	0.0528295
-1167.37	1820.18	0.998595	0.052984
-1167.08	1825.66	0.998589	0.0530953
-1166.79	1831.15	0.998585	0.0531876
-1166.5	1836.63	0.998595	0.0529976
-1166.21	1842.12	0.998623	0.052455
-1165.92	1847.61	0.998659	0.0517703
-1165.64	1853.1	0.998699	0.0509867
-1165.36	1858.58	0.998744	0.0500976
-1165.07	1864.07	0.997988	0.0633954
-1164.67	1869.55	0.995866	0.0908353
-1164.04	1875.57	0.992678	0.120791
-1163.4	1880.48	0.989421	0.14507
-1162.55	1885.92	0.987494	0.157654
-1161.69	1891.35	0.987761	0.155974
-1160.83	1896.79	0.988026	0.154286
-1159.99	1902.23	0.988288	0.1526
-1159.15	1907.67	0.988549	0.150903
-1158.33	1913.11	0.989115	0.147143
-1157.53	1918.56	0.98997	0.141278
-1156.76	1924.01	0.990804	0.135307
-1156.03	1929.47	0.991619	0.129197
-1155.34	1934.93	0.992418	0.122909
-1154.67	1940.39	0.993196	0.116458
-1154.05	1945.86	0.993945	0.109877
-1153.46	1951.34	0.994663	0.103174
-1152.9	1956.82	0.995349	0.0963393
-1152.39	1962.3	0.99598	0.0895712
-1151.91	1967.79	0.996559	0.0828837
-1151.47	1973.28	0.997099	0.0761108
-1151.06	1978.77	0.997596	0.0692944
-1150.69	1984.27	0.997997	0.0632565
-1150.36	1989.77	0.998318	0.0579812
-1150.05	1995.27	0.998613	0.0526437
-1149.77	2000.77	0.998884	0.0472349
-1149.52	2006.28	0.999128	0.0417458
-1149.31	2011.78	0.99933	0.0365863
-1149.11	2017.29	0.999495	0.031781
-1148.95	2022.8	0.999637	0.0269536
-1148.81	2028.31	0.999755	0.0221238
-1148.7	2033.82	0.99985	0.0173002
-1148.62	2039.33	0.999917	0.0128951
-1148.55	2044.84	0.99996	0.00890355
-1148.51	2050.36	0.999988	0.00490657
-1148.49	2055.87	1	0.000888566
-1148.5	2061.38	0.999997	-0.00254779
-1148.52	2066.9	0.999985	-0.00541504
-1148.55	2072.41	0.999965	-0.00833497
-1148.61	2077.92	0.999936	-0.0113035
-1148.68	2083.44	0.999898	-0.0143121
-1148.76	2088.95	0.999857	-0.0169272
-1148.86	2094.47	0.999817	-0.0191261
-1148.97	2099.98	0.999773	-0.021304
-1149.09	2105.5	0.999725	-0.0234593
-1149.23	2111.01	0.999672	-0.0255976
-1149.37	2116.53	0.999622	-0.0275006
-1149.53	2122.04	0.999576	-0.0291319
-1149.69	2127.56	0.99953	-0.0306538
-1149.88	2133.62	0.999482	-0.0321767
-1150.04	2138.58	0.999433	-0.0336573
-1150.25	2144.65	0.999364	-0.0356616
-1150.45	2150.17	0.999306	-0.0372419
-1150.66	2155.68	0.999256	-0.0385748
-1150.86	2160.64	0.999218	-0.0395327
-1151.1	2166.71	0.99919	-0.0402442
-1151.3	2171.67	0.999185	-0.040363
-1151.52	2177.19	0.99919	-0.0402448
-1151.76	2183.26	0.999206	-0.0398422
-1151.98	2188.77	0.999239	-0.0390063
-1152.2	2194.29	0.999288	-0.0377379
-1152.38	2199.26	0.999336	-0.0364337
-1152.58	2204.77	0.999391	-0.0349069
-1152.79	2210.84	0.999448	-0.0332101
-1152.97	2216.36	0.999498	-0.0316673
-1153.14	2221.88	0.999546	-0.0301241
-1153.29	2226.85	0.999587	-0.0287352
-1153.46	2232.93	0.999634	-0.0270375
-1153.6	2238.45	0.999675	-0.0254938
-1153.74	2243.97	0.999713	-0.02395
-1153.87	2249.49	0.999749	-0.0224237
-1153.98	2254.46	0.999777	-0.0211373
-1154.1	2260.54	0.999806	-0.0197116
-1154.2	2265.51	0.999821	-0.0188961
-1154.31	2271.59	0.999834	-0.0182404
-1154.41	2277.11	0.999842	-0.0177962
-1154.51	2282.64	0.999847	-0.0175037
-1154.6	2288.16	0.999849	-0.0173667
-1154.69	2293.13	0.999849	-0.0173895
-1154.8	2299.21	0.999846	-0.0175659
-1154.89	2304.74	0.99984	-0.0178693
-1154.98	2309.71	0.999834	-0.0182354
-1155.1	2315.79	0.999829	-0.0185181
-1155.2	2321.32	0.999828	-0.0185285
-1155.3	2326.85	0.99983	-0.0184463
-1155.4	2332.38	0.999834	-0.0182016
-1155.5	2337.9	0.999842	-0.0177507
-1155.6	2343.43	0.999851	-0.0172728
-1155.68	2348.41	0.999859	-0.0167937
-1155.78	2354.49	0.999872	-0.015977
-1155.87	2360.02	0.999886	-0.0150754
-1155.95	2365.55	0.9999	-0.0141631
-1156.03	2371.08	0.999911	-0.0133453
-1156.1	2376.61	0.99992	-0.0126816
-1156.17	2382.14	0.999926	-0.0121784
-1156.24	2387.67	0.99993	-0.0118187
-1156.3	2393.21	0.999935	-0.0113911
-1156.36	2398.74	0.999941	-0.0108899
-1156.42	2404.27	0.999945	-0.0105023
-1156.48	2409.8	0.999948	-0.0102112
-1156.54	2415.34	0.999948	-0.0102161
-1156.59	2420.87	0.999945	-0.0105128
-1156.65	2426.4	0.999941	-0.0108932
-1156.71	2431.94	0.999936	-0.0113544
-1156.78	2437.47	0.999929	-0.0118913
-1156.84	2443.01	0.999922	-0.0125122
-1156.92	2448.54	0.999913	-0.0132132
-1156.99	2454.08	0.999903	-0.0139529
-1157.07	2459.61	0.999892	-0.0146982
-1157.15	2465.15	0.999884	-0.0152335
-1157.24	2470.68	0.999879	-0.0155504
-1157.32	2476.22	0.999875	-0.0158323
-1157.41	2481.75	0.999872	-0.0160281
-1157.5	2487.29	0.999871	-0.0160819
-1157.59	2492.83	0.999873	-0.0159535
-1157.68	2498.37	0.999878	-0.0156076
-1157.76	2503.9	0.999887	-0.0150222
-1157.84	2509.44	0.999899	-0.0141881
-1157.92	2514.98	0.999914	-0.0131082
-1157.99	2520.52	0.99993	-0.0118145
-1158.05	2526.06	0.999946	-0.0103755
-1158.11	2531.6	0.999961	-0.00888025
-1158.15	2537.14	0.999973	-0.00737937
-1158.19	2542.68	0.999983	-0.00588736
-1158.22	2548.22	0.99999	-0.00448292
-1158.24	2553.76	0.999995	-0.00324655
-1158.26	2559.3	0.999998	-0.00219404
-1158.27	2564.84	0.999999	-0.00133234
-1158.27	2570.38	1	-0.000659926
-1158.28	2575.93	1	-0.000157721
-1158.28	2581.47	1	0.000197122
-1158.27	2587.01	1	0.000427339
-1158.27	2592.55	1	0.000378701
-1158.27	2598.1	1	0.000105683
-1158.27	2603.64	1	-0.000163863
-1158.27	2609.19	1	-0.000424865
-1158.27	2614.73	1	-0.000670188
-1158.28	2620.28	1	-0.00089762
-1158.28	2625.82	0.999999	-0.00110361
-1158.29	2631.37	0.999999	-0.00127463
-1158.3	2636.91	0.999999	-0.00140543
-1158.31	2642.46	0.999999	-0.0014974
-1158.31	2648	0.999999	-0.00155222
-1158.32	2653.55	0.999999	-0.0015827
-1158.33	2659.1	0.999999	-0.0016046
-1158.34	2664.64	0.999999	-0.00162455
-1158.35	2670.19	0.999999	-0.00164084
-1158.36	2675.74	0.999999	-0.00164992
-1158.37	2681.29	0.999999	-0.00165549
-1158.38	2686.83	0.999999	-0.00166109
-1158.39	2692.38	0.999999	-0.00166666
-1158.4	2697.93	0.999999	-0.00167219
-1158.4	2703.48	0.999999	-0.00167776
-1158.41	2709.03	0.999999	-0.00168337
-1158.42	2714.58	0.999999	-0.00168905
-1158.43	2720.13	0.999999	-0.00169466
-1158.44	2725.68	0.999999	-0.00169508
-1158.45	2731.23	0.999999	-0.00168692
-1158.46	2736.78	0.999999	-0.00167372
-1158.47	2742.33	0.999999	-0.00165331
-1158.48	2747.88	0.999999	-0.00160994
-1158.49	2753.44	0.999999	-0.00150351
-1158.5	2758.99	0.999999	-0.00127753
-1158.5	2764.54	1	-0.000886672
-1158.51	2770.09	1	-0.000304244
-1158.51	2775.65	1	0.000477426
-1158.5	2781.2	0.999999	0.00142606
-1158.49	2786.75	0.999997	0.00246736
-1158.48	2792.31	0.999994	0.00353322
-1158.45	2797.86	0.999989	0.00459923
-1158.43	2803.42	0.999984	0.00566527
-1158.39	2808.97	0.999977	0.0067313
-1158.35	2814.53	0.99997	0.00779733
-1158.31	2820.08	0.999961	0.0088635
-1158.25	2825.64	0.999951	0.00992982
-1158.2	2831.19	0.99994	0.0109961
-1158.13	2836.75	0.999927	0.0120624
-1158.06	2842.3	0.999914	0.0131287
-1157.99	2847.86	0.999902	0.0139877
-1157.91	2853.42	0.999893	0.0146271
-1157.83	2858.97	0.999884	0.015235
-1157.74	2864.53	0.999875	0.0158025
-1157.65	2870.09	0.999867	0.0163247
-1157.56	2875.64	0.999859	0.0167889
-1157.47	2881.19	0.999852	0.0171949
-1157.37	2886.75	0.999846	0.0175643
-1157.27	2892.3	0.999839	0.017916
-1157.17	2897.85	0.999837	0.018053
-1157.07	2903.4	0.999838	0.017981
-1156.97	2908.95	0.99984	0.017909
-1156.87	2914.5	0.999841	0.0178406
-1156.77	2920.05	0.999842	0.0177809
-1156.68	2925.6	0.999843	0.0177261
-1156.58	2931.14	0.999844	0.0176715
-1156.48	2936.69	0.999845	0.0176027
-1156.38	2942.23	0.999847	0.0174866
-1156.29	2947.78	0.99985	0.017311
-1156.19	2953.32	0.999854	0.0170897
-1156.1	2958.86	0.999858	0.016835
-1156	2964.4	0.999863	0.0165576
-1155.91	2969.95	0.999868	0.0162578
-1155.82	2975.49	0.999873	0.0159123
-1155.74	2981.02	0.99988	0.0154984
-1155.65	2986.56	0.999887	0.015006
-1155.57	2992.1	0.999896	0.0144243
-1155.49	2997.64	0.999905	0.0137483
-1155.42	3003.17	0.999916	0.0129833
-1155.35	3008.71	0.999926	0.0121606
-1155.28	3014.24	0.999936	0.0113224
-1155.22	3019.77	0.999945	0.0104843
-1155.16	3025.3	0.999953	0.00964621
-1155.11	3030.84	0.999961	0.0088048
-1155.06	3036.37	0.999968	0.00794435
-1155.02	3041.9	0.999975	0.00705627
-1154.99	3047.43	0.999981	0.00615614
-1154.95	3052.95	0.999986	0.00525607
-1154.93	3058.48	0.999991	0.00435623
-1154.9	3064.01	0.999994	0.00345662
-1154.89	3069.53	0.999997	0.00255712
-1154.88	3075.06	0.999999	0.00165773
-1154.87	3080.58	1	0.000763604
-1154.87	3086.1	1	-0.000100959
-1154.87	3091.63	1	-0.00089701
-1154.87	3097.15	0.999999	-0.00137335
-1154.88	3102.67	0.999999	-0.00147494
-1154.89	3108.19	0.999999	-0.00136561
-1154.9	3113.71	0.999999	-0.00103636
-1154.9	3119.23	1	-0.000515082
-1154.9	3124.74	1	0.000135209
-1154.9	3130.26	1	0.000834176
-1154.9	3135.77	0.999999	0.00153669
-1154.89	3141.29	0.999997	0.0022392
-1154.87	3146.8	0.999996	0.00294145
-1154.85	3152.31	0.999993	0.00364343
-1154.83	3157.83	0.999991	0.00432068
-1154.81	3163.34	0.999988	0.00491066
-1154.78	3168.85	0.999986	0.00536849
-1154.75	3174.36	0.999984	0.00570101
-1154.72	3179.87	0.999982	0.00592691
-1154.68	3185.37	0.999982	0.00606924
-1154.65	3190.88	0.999981	0.0061527
-1154.62	3196.39	0.999982	0.00596983
-1154.58	3201.89	0.999985	0.00550708
-1154.55	3207.4	0.999988	0.00496791
-1154.53	3212.9	0.99999	0.00436596
-1154.51	3218.4	0.999993	0.00373147
-1154.49	3223.9	0.999995	0.00309045
-1154.47	3229.4	0.999997	0.00244947
-1154.46	3234.9	0.999998	0.00181017
-1154.45	3240.4	0.999999	0.00119669
-1154.45	3245.9	1	0.000687387
-1154.44	3251.4	1	0.000364205
-1154.44	3256.9	1	0.000258386
-1154.44	3262.39	1	0.000355737
-1154.44	3267.89	1	0.000602395
-1154.43	3273.38	0.999999	0.00111742
-1154.42	3278.87	0.999998	0.00184351
-1154.41	3284.37	0.999997	0.00256956
-1154.4	3289.86	0.999995	0.00329557
-1154.38	3295.35	0.999992	0.00402134
-1154.35	3300.84	0.999989	0.00474689
-1154.33	3306.33	0.999985	0.0054724
-1154.29	3311.82	0.999981	0.006229
-1154.26	3317.3	0.999975	0.00710163
-1154.22	3322.79	0.999969	0.00793576
-1154.17	3328.28	0.999962	0.00867403
-1154.12	3333.76	0.999955	0.00943629
-1154.07	3339.24	0.999948	0.0101779
-1154.01	3344.73	0.999941	0.0108832
-1153.95	3350.21	0.999933	0.0115362
-1153.89	3355.69	0.999927	0.0121144
-1153.82	3361.17	0.999921	0.0125808
-1153.75	3366.65	0.999917	0.0128833
-1153.68	3372.13	0.999918	0.0128448
-1153.61	3377.61	0.999921	0.0125556
-1153.54	3383.09	0.999925	0.012263
-1153.47	3388.56	0.999928	0.0119704
-1153.41	3394.04	0.999932	0.0116778
-1153.35	3399.51	0.999935	0.0113853
-1153.28	3404.99	0.999938	0.0110927
-1153.22	3410.47	0.999942	0.0108022
-1153.17	3415.94	0.999945	0.0105306
-1153.11	3421.42	0.999947	0.0102972
-1153.05	3426.9	0.999949	0.0100932
-1153	3432.37	0.999951	0.00989774
-1152.94	3437.85	0.999953	0.00970228
-1152.89	3443.33	0.999955	0.0094963
-1152.84	3448.8	0.999957	0.00925724
-1152.79	3454.28	0.99996	0.00896112
-1152.74	3459.76	0.999963	0.00858039
-1152.7	3465.23	0.999967	0.00810303
-1152.65	3470.71	0.999972	0.00754107
-1152.61	3476.19	0.999976	0.006903
-1152.58	3481.67	0.999981	0.0061783
-1152.54	3487.14	0.999986	0.00535144
-1152.52	3492.62	0.99999	0.00443646
-1152.49	3498.1	0.999994	0.00348542
-1152.48	3503.58	0.999997	0.0025414
-1152.47	3509.05	0.999999	0.00165594
-1152.46	3514.53	1	0.00089811
-1152.45	3520.01	1	0.000309503
-1152.45	3525.49	1	-9.03157e-05
-1152.46	3530.96	1	-0.000316871
-1152.46	3536.44	1	-0.000438292
-1152.46	3541.92	1	-0.000530684
-1152.46	3547.4	1	-0.000419066
-1152.46	3552.88	1	-0.000103438
-1152.46	3558.35	1	0.00021219
-1152.46	3563.83	1	0.000514276
-1152.46	3569.31	1	0.000762765
-1152.45	3574.79	1	0.000924661
-1152.45	3580.27	1	0.000998437
-1152.44	3585.75	1	0.000999581
-1152.44	3591.22	1	0.000938622
-1152.43	3596.7	1	0.00080156
-1152.43	3602.18	1	0.000572869
-1152.43	3607.66	1	0.00025953
-1152.43	3613.14	1	-0.000124915
-1152.43	3618.62	1	-0.000569938
-1152.43	3624.1	0.999999	-0.00106306
-1152.44	3629.57	0.999999	-0.00159777
-1152.45	3635.05	0.999998	-0.00216002
-1152.46	3640.53	0.999996	-0.00272879
-1152.48	3646.01	0.999995	-0.00328752
-1152.5	3651.49	0.999993	-0.00381723
-1152.52	3656.97	0.999991	-0.00429486
-1152.54	3662.45	0.999989	-0.00468785
-1152.57	3667.93	0.999988	-0.00494263
-1152.6	3673.4	0.999987	-0.00501061
-1152.62	3678.88	0.999988	-0.00488827
-1152.65	3684.36	0.999989	-0.00462571
-1152.68	3689.84	0.999991	-0.00430802
-1152.7	3695.32	0.999992	-0.0039853
-1152.72	3700.8	0.999993	-0.00366258
-1152.74	3706.28	0.999994	-0.00333986
-1152.76	3711.76	0.999995	-0.00301714
-1152.77	3717.24	0.999996	-0.00269442
-1152.79	3722.72	0.999997	-0.00237169
-1152.8	3728.2	0.999998	-0.00204897
-1152.81	3733.68	0.999999	-0.00172625
-1152.82	3739.16	0.999999	-0.00140352
-1152.83	3744.64	0.999999	-0.0010808
-1152.83	3750.12	1	-0.000758078
-1152.83	3755.6	1	-0.000435355
-1152.84	3761.08	1	-0.000112632
-1152.84	3766.56	1	0.000210092
-1152.83	3772.04	1	0.000531327
-1152.83	3777.52	1	0.00083204
-1152.82	3783	0.999999	0.00107916
-1152.82	3788.47	0.999999	0.00125364
-1152.81	3793.95	0.999999	0.00134996
-1152.8	3799.43	0.999999	0.00137014
-1152.8	3804.91	0.999999	0.00131971
-1152.79	3810.39	0.999999	0.00119665
-1152.78	3815.87	1	0.000995919
-1152.78	3821.35	1	0.00071203
-1152.78	3826.83	1	0.000339486
-1152.77	3832.32	1	-0.000119231
-1152.78	3837.8	1	-0.000662635
-1152.78	3843.28	0.999999	-0.0012752
-1152.79	3848.76	0.999998	-0.00191332
-1152.8	3854.24	0.999997	-0.00255144
-1152.82	3859.72	0.999995	-0.00317953
-1152.84	3865.2	0.999993	-0.00373849
-1152.86	3870.68	0.999991	-0.00414014
-1152.88	3876.16	0.999991	-0.00433434
-1152.9	3881.64	0.999991	-0.00431413
-1152.93	3887.12	0.999992	-0.00411256
-1152.95	3892.6	0.999993	-0.0038088
-1152.97	3898.08	0.999994	-0.00347898
-1152.99	3903.56	0.999995	-0.00314714
-1153	3909.04	0.999996	-0.00281328
-1153.02	3914.52	0.999997	-0.00248144
-1153.03	3920	0.999998	-0.00199061
-1153.04	3925.48	0.999999	-0.0014134
-1153.05	3930.97	1	-0.000997031
-1153.05	3936.45	1	-0.00074652
-1153.06	3941.93	1	-0.000862944
-1153.06	3947.41	0.999999	-0.00133578
-1153.07	3952.89	0.999998	-0.00189482
-1153.08	3958.37	0.999997	-0.00243986
-1153.1	3963.85	0.999996	-0.00286764
-1153.11	3969.33	0.999995	-0.00330614
-1153.13	3974.81	0.999993	-0.00373582
-1153.15	3980.3	0.999992	-0.0039766
-1153.18	3985.78	0.999992	-0.00409612
-1153.2	3991.26	0.999993	-0.00376775
-1153.22	3996.74	0.999995	-0.00302961
-1153.23	4002.22	0.999997	-0.00229147
-1153.24	4007.7	0.999999	-0.00155333
-1153.25	4013.18	1	-0.000825713
-1153.25	4018.67	1	-0.000148223
-1153.25	4024.15	1	0.000436074
-1153.25	4029.63	1	0.000901124
-1153.24	4035.11	0.999999	0.00122785
-1153.24	4040.59	0.999999	0.0011981
-1153.23	4046.07	1	0.00081186
-1153.23	4051.56	1	0.000307862
-1153.23	4057.04	1	-0.000246261
-1153.23	4062.52	1	-0.000775855
-1153.23	4068	0.999999	-0.00118967
-1153.24	4073.48	0.999999	-0.00140803
-1153.25	4078.97	0.999999	-0.00141337
-1153.26	4084.45	0.999999	-0.00123526
-1153.26	4089.93	1	-0.000941375
-1153.27	4095.41	1	-0.000407279
-1153.27	4100.89	1	0.000330941
-1153.26	4106.38	0.999999	0.00103811
-1153.26	4111.86	0.999999	0.00164655
-1153.25	4117.34	0.999998	0.00211114
-1153.24	4122.82	0.999998	0.00221773
-1153.22	4128.31	0.999998	0.00197679
-1153.21	4133.79	0.999999	0.00161153
-1153.21	4139.27	0.999999	0.0011355
-1153.2	4144.75	1	0.000553681
-1153.2	4150.24	1	-0.000131896
-1153.2	4155.72	1	-0.000909178
-1153.21	4161.2	0.999998	-0.00176264
-1153.22	4166.69	0.999996	-0.00268179
-1153.24	4172.17	0.999993	-0.0036617
-1153.26	4177.65	0.999989	-0.00469887
-1153.29	4183.13	0.999983	-0.0057862
-1153.32	4188.62	0.999976	-0.00691163
-1153.36	4194.1	0.999967	-0.0080716
-1153.41	4199.58	0.999959	-0.00906549
-1153.46	4205.06	0.999951	-0.00989328
-1153.52	4210.55	0.999942	-0.0107571
-1153.58	4216.03	0.999932	-0.0116451
-1153.64	4221.51	0.999921	-0.0125435
-1153.71	4226.99	0.99991	-0.0134455
-1153.79	4232.47	0.999897	-0.0143439
-1153.87	4237.96	0.999885	-0.0151887
-1153.95	4243.44	0.999874	-0.0158847
-1154.04	4248.92	0.999866	-0.016366
-1154.13	4254.4	0.999862	-0.0166121
-1154.22	4259.89	0.999862	-0.0166162
-1154.32	4265.37	0.999866	-0.0163781
-1154.4	4270.85	0.999873	-0.0159186
-1154.49	4276.33	0.999886	-0.015085
-1154.57	4281.81	0.999902	-0.0139677
-1154.64	4287.3	0.999918	-0.0128382
-1154.71	4292.78	0.999931	-0.0117088
-1154.77	4298.26	0.999944	-0.0105793
-1154.83	4303.75	0.999955	-0.00944984
-1154.88	4309.23	0.999965	-0.00832035
-1154.92	4314.71	0.999974	-0.00719085
-1154.96	4320.2	0.999982	-0.00606131
-1154.99	4325.68	0.999988	-0.00493172
-1155.01	4331.16	0.999993	-0.00380212
-1155.03	4336.65	0.999996	-0.00267252
-1155.04	4342.13	0.999999	-0.00157599
-1155.05	4347.61	1	-0.000593741
-1155.05	4353.1	1	1.14223e-05
-1155.05	4359.13	1	0.000254907
-1155.05	4364.06	1	0.000263848
-1155.05	4369.55	1	9.73369e-05
-1155.05	4375.03	1	-0.000244117
-1155.05	4380.51	1	-0.000748648
-1155.06	4386	0.999999	-0.00140375
-1155.07	4391.48	0.999998	-0.00219022
-1155.08	4396.97	0.999995	-0.00308751
-1155.1	4402.45	0.999992	-0.00407803
-1155.12	4407.93	0.999987	-0.00514629
-1155.15	4413.42	0.99998	-0.00626672
-1155.19	4418.9	0.999973	-0.00740622
-1155.23	4424.39	0.999964	-0.00851611
-1155.28	4429.87	0.999955	-0.00951014
-1155.34	4435.35	0.999947	-0.0103086
-1155.4	4440.84	0.999941	-0.0108749
-1155.46	4446.32	0.999937	-0.0111933
-1155.52	4451.81	0.999939	-0.0110549
-1155.58	4457.29	0.999945	-0.0104651
-1155.63	4462.77	0.999953	-0.00964861
-1155.68	4468.26	0.999963	-0.00865214
-1155.73	4473.74	0.999971	-0.00755686
-1155.77	4479.23	0.999979	-0.00643697
-1155.8	4484.71	0.999986	-0.00531707
-1155.83	4490.2	0.999991	-0.00419716
-1155.85	4495.68	0.999995	-0.00307725
-1155.86	4501.17	0.999998	-0.0019573
-1155.87	4506.65	1	-0.000837302
-1155.87	4512.14	1	0.000282693
-1155.87	4517.62	0.999999	0.00140269
-1155.86	4523.11	0.999997	0.00252268
-1155.84	4528.59	0.999993	0.00362863
-1155.82	4534.08	0.999989	0.00468594
-1155.79	4539.56	0.999984	0.00564445
-1155.76	4545.05	0.999979	0.00646955
-1155.72	4550.53	0.999976	0.00694855
-1155.68	4556.02	0.999975	0.00708145
-1155.65	4561.5	0.999975	0.00707093
-1155.61	4566.99	0.999976	0.00690289
-1155.57	4572.47	0.999978	0.00657033
-1155.53	4577.96	0.999983	0.00587939
-1155.5	4583.44	0.999988	0.0048486
-1155.48	4588.93	0.999993	0.00370142
-1155.46	4594.41	0.999997	0.0024489
-1155.45	4599.9	0.999999	0.00109606
-1155.45	4605.38	1	-0.000347075
-1155.45	4610.87	0.999998	-0.00184892
-1155.47	4616.36	0.999994	-0.00335431
-1155.49	4621.84	0.999989	-0.00476638
-1155.52	4627.33	0.999983	-0.00578505
-1155.55	4633.36	0.999979	-0.00643755
-1155.59	4638.3	0.999977	-0.00672775
-1155.62	4643.78	0.999977	-0.00681457
-1155.66	4649.27	0.999978	-0.00665711
-1155.7	4654.76	0.999982	-0.0060703
-1155.73	4660.24	0.999987	-0.00509429
-1155.75	4665.72	0.999992	-0.00400948
-1155.77	4671.21	0.999996	-0.00289361
-1155.79	4676.69	0.999998	-0.00177774
-1155.79	4682.17	1	-0.00066236
-1155.8	4687.65	1	0.000452523
-1155.79	4693.13	0.999999	0.00156741
-1155.78	4698.61	0.999996	0.00265183
-1155.76	4704.09	0.999994	0.00341377
-1155.74	4709.56	0.999993	0.00381432
-1155.72	4715.04	0.999992	0.00405422
-1155.7	4720.51	0.999991	0.0041476
-1155.68	4725.99	0.999992	0.00409801
-1155.65	4731.46	0.999992	0.00389767
-1155.63	4736.94	0.999994	0.0035466
-1155.62	4742.41	0.999995	0.00306122
-1155.6	4747.88	0.999997	0.00246045
-1155.59	4753.35	0.999998	0.00175778
-1155.58	4758.82	1	0.000965089
-1155.58	4764.29	1	0.000101899
-1155.58	4769.76	1	-0.000820952
-1155.58	4775.22	0.999998	-0.00180594
-1155.6	4780.69	0.999996	-0.0028498
-1155.61	4786.15	0.999992	-0.00393999
-1155.64	4791.62	0.999987	-0.0050713
-1155.67	4797.08	0.99998	-0.00624522
-1155.71	4802.55	0.999972	-0.00744125
-1155.75	4808.01	0.999963	-0.00861828
-1155.8	4813.47	0.999953	-0.00971744
-1155.85	4818.93	0.999943	-0.0106736
-1155.91	4824.39	0.999935	-0.0114335
-1155.98	4829.85	0.999928	-0.0119587
-1156.04	4835.3	0.999928	-0.0120313
-1156.11	4840.76	0.999932	-0.0116498
-1156.17	4846.22	0.999939	-0.0110478
-1156.24	4852.22	0.999949	-0.0101239
-1156.28	4857.13	0.999958	-0.00919638
-1156.33	4862.58	0.999967	-0.00808871
-1156.37	4868.03	0.999976	-0.00695654
-1156.41	4873.49	0.999983	-0.00582436
-1156.44	4878.94	0.999989	-0.00471109
-1156.46	4884.39	0.999993	-0.00369086
-1156.48	4889.84	0.999996	-0.00281341
-1156.49	4895.29	0.999998	-0.00206978
-1156.5	4901.28	0.999999	-0.00139055
-1156.51	4906.73	1	-0.00092565
-1156.51	4911.63	1	-0.00067459
-1156.52	4917.08	1	-0.000567519
-1156.52	4922.52	1	-0.000682265
-1156.52	4927.97	0.999999	-0.00105294
-1156.53	4933.41	0.999999	-0.00144627
-1156.54	4938.85	0.999998	-0.00183064
-1156.55	4944.29	0.999997	-0.00243243
-1156.57	4949.74	0.999995	-0.00326483
-1156.59	4955.18	0.999992	-0.00406332
-1156.61	4960.62	0.999989	-0.00474221
-1156.64	4966.05	0.999985	-0.00544998
-1156.67	4971.49	0.999981	-0.00621151
-1156.7	4976.93	0.999975	-0.00711386
-1156.74	4982.36	0.999968	-0.00799178
-1156.79	4988.34	0.999961	-0.00884424
-1156.84	4993.23	0.999954	-0.00962538
-1156.89	4998.67	0.999944	-0.0106095
-1156.95	5004.1	0.99993	-0.0117911
-1157.02	5009.53	0.999912	-0.0132532
-1157.1	5014.96	0.999888	-0.0149403
-1157.18	5020.39	0.999858	-0.0168492
-1157.28	5025.82	0.999821	-0.0189345
-1157.39	5031.25	0.999556	-0.0298108
-1157.6	5036.68	0.99878	-0.0493882
-1157.91	5042.1	0.997618	-0.0689786
-1158.32	5047.51	0.996064	-0.0886322
-1158.85	5052.91	0.994108	-0.108395
-1159.48	5058.3	0.991707	-0.128517
-1160.22	5063.67	0.988822	-0.1491
-1161.07	5069.03	0.985504	-0.169654
-1162.04	5074.37	0.981761	-0.19012
-1163.12	5079.69	0.9776	-0.21047
-1164.3	5084.98	0.97319	-0.230003
-1165.59	5090.25	0.968577	-0.248712
-1166.98	5095.5	0.963634	-0.267227
-1168.47	5100.71	0.958375	-0.285513
-1170.05	5105.9	0.953312	-0.301987
-1171.72	5111.06	0.948528	-0.316694
-1173.47	5116.19	0.943568	-0.331178
-1175.49	5121.8	0.937921	-0.346848
-1177.2	5126.37	0.933159	-0.359463
-1179.18	5131.42	0.928065	-0.372418
-1181.22	5136.44	0.923376	-0.383897
-1183.33	5141.43	0.918606	-0.395174
-1185.49	5146.4	0.91376	-0.406254
-1187.72	5151.33	0.908845	-0.417133
-1190	5156.25	0.904337	-0.426819
-1192.33	5161.14	0.900515	-0.434825
-1194.7	5166.01	0.896709	-0.44262
-1197.11	5170.85	0.89293	-0.450195
-1199.57	5175.68	0.889474	-0.456987
-1202.05	5180.49	0.8865	-0.462728
-1204.57	5185.28	0.88358	-0.46828
-1207.37	5190.53	0.880417	-0.4742
-1209.69	5194.81	0.877857	-0.478923
-1212.29	5199.56	0.875424	-0.483356
-1215.18	5204.76	0.873399	-0.487005
-1217.82	5209.48	0.871538	-0.490328
-1220.48	5214.19	0.869632	-0.4937
-1223.15	5218.89	0.867948	-0.496656
-1225.84	5223.58	0.866452	-0.49926
-1228.28	5227.79	0.86499	-0.501789
-1231.27	5232.93	0.863039	-0.505138
-1234	5237.59	0.86112	-0.508401
-1236.76	5242.23	0.857645	-0.514243
-1239.56	5246.86	0.852559	-0.522631
-1242.4	5251.45	0.847292	-0.531128
-1245	5255.56	0.842405	-0.538844
-1247.92	5260.1	0.837822	-0.545944
-1250.88	5264.62	0.834612	-0.550838
-1254.17	5269.56	0.830913	-0.556402
-1257.18	5274.04	0.827451	-0.561537
-1260.22	5278.5	0.823901	-0.566733
-1262.98	5282.49	0.820872	-0.571112
-1266.38	5287.36	0.817424	-0.576036
-1269.5	5291.76	0.81413	-0.580683
-1272.64	5296.14	0.810694	-0.58547
-1275.81	5300.51	0.807137	-0.590364
-1278.69	5304.42	0.804223	-0.594328
-1282.22	5309.18	0.80115	-0.598463
-1285.13	5313.06	0.798588	-0.601878
-1288.38	5317.36	0.795705	-0.605685
-1291.66	5321.64	0.786702	-0.617334
-1295.38	5326.26	0.766159	-0.642651
-1298.89	5330.34	0.746749	-0.665106
-1302.53	5334.33	0.726678	-0.686978
-1306.28	5338.2	0.705967	-0.708245
-1310.14	5341.96	0.684462	-0.729049
-1314.11	5345.6	0.662215	-0.749314
-1318.2	5349.12	0.639478	-0.768809
-1322.38	5352.52	0.616295	-0.787515
-1326.67	5355.8	0.593227	-0.805035
-1331.05	5358.95	0.570336	-0.821412
-1335.51	5361.97	0.547127	-0.837049
-1340.06	5364.87	0.523628	-0.851947
-1344.68	5367.64	0.499863	-0.866104
-1349.38	5370.29	0.473115	-0.881001
-1354.17	5372.77	0.443282	-0.896382
-1358.55	5374.88	0.416137	-0.909302
-1363.98	5377.27	0.382631	-0.923901
-1368.49	5379.08	0.362723	-0.931897
-1374.03	5381.2	0.350252	-0.936655
-1379.1	5383.07	0.339054	-0.940767
-1384.18	5384.87	0.328001	-0.944677
-1389.29	5386.62	0.317109	-0.948389
-1394.41	5388.31	0.314626	-0.949216
-1399.52	5390.02	0.32058	-0.947221
-1404.63	5391.76	0.326755	-0.945109
-1405.65	5392.12	0.327384	-0.944891
-1405.65	5392.12	0.327384	-0.944891
-1405.65	5392.12	0.327384	-0.944891
-1405.65	5392.12	0.327384	-0.944891
-1405.65	5392.12	0.327384	-0.944891
-1405.65	5392.12	0.327384	-0.944891
-1405.65	5392.12	0.327384	-0.944891
-1405.65	5392.12	0.327384	-0.944891
-1405.65	5392.12	0.327384	-0.944891
-1405.65	5392.12	0.327384	-0.944891
-1405.65	5392.12	0.327384	-0.944891
-1405.65	5392.12	0.327384	-0.944891
-1405.65	5392.12	0.327384	-0.944891
-1405.65	5392.12	0.327384	-0.944891
-1405.65	5392.12	0.327384	-0.944891
-1405.65	5392.12	0.327384	-0.944891
-1405.65	5392.12	0.327384	-0.944891
-1405.65	5392.12	0.327384	-0.944891
-1405.65	5392.12	0.327384	-0.944891
-1405.65	5392.12	0.327384	-0.944891
-1405.65	5392.12	0.327384	-0.944891
-1405.65	5392.12	0.327384	-0.944891
-1405.65	5392.12	0.327384	-0.944891
-1405.65	5392.12	0.327384	-0.944891
-1405.65	5392.12	0.327384	-0.944891
-1405.65	5392.12	0.327384	-0.944891
-1405.65	5392.12	0.327384	-0.944891
-1405.65	5392.12	0.327384	-0.944891
-1405.65	5392.12	0.327384	-0.944891
-1405.65	5392.12	0.327384	-0.944891
-1405.65	5392.12	0.327384	-0.944891
-1405.65	5392.12	0.327384	-0.944891
-1405.65	5392.12	0.327384	-0.944891
-1405.65	5392.12	0.327384	-0.944891
-1405.65	5392.12	0.327384	-0.944891
-1405.65	5392.12	0.327384	-0.944891
-1405.65	5392.12	0.327384	-0.944891
-1405.65	5392.12	0.327384	-0.944891
-1405.65	5392.12	0.327384	-0.944891
-1405.65	5392.12	0.327384	-0.944891
-1405.65	5392.12	0.327384	-0.944891
-1405.65	5392.12	0.327384	-0.944891
-1405.65	5392.12	0.327384	-0.944891
-1405.65	5392.12	0.327384	-0.944891
-1405.65	5392.12	0.327384	-0.944891
-1405.65	5392.12	0.327384	-0.944891
-1405.65	5392.12	0.327384	-0.944891
-1405.65	5392.12	0.327384	-0.944891
-1405.65	5392.12	0.327384	-0.944891
-1405.65	5392.12	0.327384	-0.944891
-1405.65	5392.12	0.327384	-0.944891
-1405.65	5392.12	0.327384	-0.944891
-1405.65	5392.12	0.327384	-0.944891
-1405.65	5392.12	0.327384	-0.944891
-1405.65	5392.12	0.327384	-0.944891
-1405.65	5392.12	0.327384	-0.944891
-1405.65	5392.12	0.327384	-0.944891
-1405.65	5392.12	0.327384	-0.944891
-1405.65	5392.12	0.327384	-0.944891
-1405.65	5392.12	0.327384	-0.944891
-1405.65	5392.12	0.327384	-0.944891
-1405.65	5392.12	0.327384	-0.944891
-1405.65	5392.12	0.327384	-0.944891
-1405.65	5392.12	0.327384	-0.944891
-1405.65	5392.12	0.327384	-0.944891
-1405.65	5392.12	0.327384	-0.944891
-1405.65	5392.12	0.327384	-0.944891
-1405.65	5392.12	0.327384	-0.944891
-1405.65	5392.12	0.327384	-0.944891
-1405.65	5392.12	0.327384	-0.944891
-1405.65	5392.12	0.327384	-0.944891
-1405.65	5392.12	0.327384	-0.944891
-1405.65	5392.12	0.327384	-0.944891
-1405.65	5392.12	0.327384	-0.944891
-1405.65	5392.12	0.327384	-0.944891
-1405.65	5392.12	0.327384	-0.944891
-1405.65	5392.12	0.327384	-0.944891
-1405.65	5392.12	0.327384	-0.944891
-1405.65	5392.12	0.327384	-0.944891
-1405.65	5392.12	0.327384	-0.944891
-1405.65	5392.12	0.327384	-0.944891
-1405.65	5392.12	0.327384	-0.944891
-1405.65	5392.12	0.327384	-0.944891
-1405.65	5392.12	0.327384	-0.944891
-1405.65	5392.12	0.327384	-0.944891
-1405.65	5392.12	0.327384	-0.944891
-1405.65	5392.12	0.327384	-0.944891
-1405.65	5392.12	0.327384	-0.944891
-1405.65	5392.12	0.327384	-0.944891
-1405.65	5392.12	0.327384	-0.944891
-1405.65	5392.12	0.327384	-0.944891
-1405.65	5392.12	0.327384	-0.944891
-1405.65	5392.12	0.327384	-0.944891
-1405.65	5392.12	0.327384	-0.944891
-1405.65	5392.12	0.327384	-0.944891
-1405.65	5392.12	0.327384	-0.944891
-1405.65	5392.12	0.327384	-0.944891
-1405.65	5392.12	0.327384	-0.944891
-1405.65	5392.12	0.327384	-0.944891
-1405.65	5392.12	0.327384	-0.944891
-1405.65	5392.12	0.327384	-0.944891
-1405.65	5392.12	0.327384	-0.944891
-1405.65	5392.12	0.327384	-0.944891
-1405.65	5392.12	0.327384	-0.944891
-1405.65	5392.12	0.327384	-0.944891
-1405.65	5392.12	0.327384	-0.944891
-1405.65	5392.12	0.327384	-0.944891
-1405.65	5392.12	0.327384	-0.944891
-1405.65	5392.12	0.327384	-0.944891
-1405.65	5392.12	0.327384	-0.944891
-1405.65	5392.12	0.327384	-0.944891
-1405.65	5392.12	0.327384	-0.944891
